Datetime,DAWF,CWF,AWO,DADF,CDF,ADO,DANDF,CNDF,ANDO
1/10/2018 0:00,801,884,895,3068,3048,3150,2267,2164,2255
1/10/2018 0:30,801,884,752,3068,3048,3085,2267,2164,2333
1/10/2018 1:00,722,733,614,2902,2885,3001,2180,2152,2387
1/10/2018 1:30,722,733,608,2902,2885,2947,2180,2152,2339
1/10/2018 2:00,638,687,627,2813,2792,2887,2175,2105,2260
1/10/2018 2:30,638,687,577,2813,2792,2854,2175,2105,2277
1/10/2018 3:00,571,587,586,2756,2737,2807,2185,2150,2221
1/10/2018 3:30,571,587,611,2756,2737,2809,2185,2150,2198
1/10/2018 4:00,545,546,617,2776,2760,2813,2231,2214,2196
1/10/2018 4:30,545,546,587,2776,2760,2838,2231,2214,2251
1/10/2018 5:00,534,518,569,2926,2919,2929,2392,2401,2360
1/10/2018 5:30,534,518,551,2926,2919,3017,2392,2401,2466
1/10/2018 6:00,493,522,553,3404,3416,3268,2911,2894,2715
1/10/2018 6:30,493,522,548,3404,3416,3581,2911,2894,3033
1/10/2018 7:00,391,441,559,4200,4212,4043,3809,3771,3484
1/10/2018 7:30,391,441,566,4200,4212,4409,3809,3771,3843
1/10/2018 8:00,257,251,460,4629,4639,4669,4372,4388,4209
1/10/2018 8:30,257,251,398,4629,4639,4796,4372,4388,4398
1/10/2018 9:00,175,163,346,4779,4785,4849,4604,4622,4503
1/10/2018 9:30,175,163,343,4779,4785,4896,4604,4622,4553
1/10/2018 10:00,186,296,346,4784,4782,4875,4598,4486,4529
1/10/2018 10:30,186,296,377,4784,4782,4856,4598,4486,4479
1/10/2018 11:00,282,475,490,4779,4781,4857,4497,4306,4367
1/10/2018 11:30,282,475,571,4779,4781,4854,4497,4306,4283
1/10/2018 12:00,466,694,794,4793,4783,4850,4327,4089,4056
1/10/2018 12:30,466,694,1026,4793,4783,4857,4327,4089,3831
1/10/2018 13:00,723,1007,1227,4680,4667,4807,3957,3660,3580
1/10/2018 13:30,723,1007,1442,4680,4667,4721,3957,3660,3279
1/10/2018 14:00,982,1289,1422,4621,4626,4720,3639,3337,3298
1/10/2018 14:30,982,1289,1427,4621,4626,4687,3639,3337,3260
1/10/2018 15:00,1221,1569,1607,4662,4682,4704,3441,3113,3097
1/10/2018 15:30,1221,1569,1901,4662,4682,4729,3441,3113,2828
1/10/2018 16:00,1405,2049,2061,4794,4840,4770,3389,2791,2709
1/10/2018 16:30,1405,2049,2256,4794,4840,4906,3389,2791,2650
1/10/2018 17:00,1540,2208,2388,4943,4992,4996,3403,2784,2608
1/10/2018 17:30,1540,2208,2539,4943,4992,5098,3403,2784,2559
1/10/2018 18:00,1684,2278,2609,4880,4927,5076,3196,2649,2467
1/10/2018 18:30,1684,2278,2537,4880,4927,5036,3196,2649,2499
1/10/2018 19:00,1855,2451,2514,5000,5020,5103,3145,2569,2589
1/10/2018 19:30,1855,2451,2462,5000,5020,5198,3145,2569,2736
1/10/2018 20:00,2046,2646,2460,4946,4944,5096,2900,2298,2636
1/10/2018 20:30,2046,2646,2500,4946,4944,4902,2900,2298,2402
1/10/2018 21:00,2197,2731,2577,4551,4543,4756,2354,1812,2179
1/10/2018 21:30,2197,2731,2556,4551,4543,4488,2354,1812,1932
1/10/2018 22:00,2253,2552,2488,4006,4002,4260,1753,1450,1772
1/10/2018 22:30,2253,2552,2165,4006,4002,3954,1753,1450,1789
1/10/2018 23:00,2274,2529,1635,3500,3500,3647,1226,971,2012
1/10/2018 23:30,2274,2529,1541,3500,3500,3425,1226,971,1884
2/10/2018 0:00,2263,2483,1574,3231,3240,3293,968,757,1719
2/10/2018 0:30,2263,2483,1553,3231,3240,3208,968,757,1655
2/10/2018 1:00,2241,2280,1500,3041,3074,3135,800,794,1635
2/10/2018 1:30,2241,2280,1384,3041,3074,3046,800,794,1662
2/10/2018 2:00,2172,1577,1411,2939,2970,3023,767,1393,1612
2/10/2018 2:30,2172,1577,1607,2939,2970,2997,767,1393,1390
2/10/2018 3:00,2089,1377,1555,2894,2921,2951,805,1544,1396
2/10/2018 3:30,2089,1377,1519,2894,2921,2932,805,1544,1413
2/10/2018 4:00,2029,1395,1540,2914,2943,2947,885,1548,1407
2/10/2018 4:30,2029,1395,1574,2914,2943,2971,885,1548,1397
2/10/2018 5:00,1931,1273,1582,3061,3087,3013,1130,1814,1431
2/10/2018 5:30,1931,1273,1689,3061,3087,3111,1130,1814,1422
2/10/2018 6:00,1832,1491,2082,3566,3585,3387,1734,2094,1305
2/10/2018 6:30,1832,1491,2208,3566,3585,3699,1734,2094,1491
2/10/2018 7:00,1765,1552,2211,4373,4381,4168,2608,2829,1957
2/10/2018 7:30,1765,1552,2210,4373,4381,4535,2608,2829,2325
2/10/2018 8:00,1718,1645,2188,4768,4779,4766,3050,3134,2578
2/10/2018 8:30,1718,1645,2091,4768,4779,4799,3050,3134,2708
2/10/2018 9:00,1710,2076,1984,4865,4873,4813,3155,2797,2829
2/10/2018 9:30,1710,2076,1905,4865,4873,4822,3155,2797,2917
2/10/2018 10:00,1724,2140,1990,4851,4862,4779,3127,2722,2789
2/10/2018 10:30,1724,2140,2013,4851,4862,4767,3127,2722,2754
2/10/2018 11:00,1758,2151,2123,4830,4843,4775,3072,2692,2652
2/10/2018 11:30,1758,2151,2138,4830,4843,4791,3072,2692,2653
2/10/2018 12:00,1797,2151,2108,4831,4848,4797,3034,2697,2689
2/10/2018 12:30,1797,2151,2118,4831,4848,4832,3034,2697,2714
2/10/2018 13:00,1827,2059,2121,4729,4768,4794,2902,2709,2673
2/10/2018 13:30,1827,2059,2115,4729,4768,4723,2902,2709,2608
2/10/2018 14:00,1819,2055,2044,4706,4730,4699,2887,2675,2655
2/10/2018 14:30,1819,2055,2042,4706,4730,4717,2887,2675,2675
2/10/2018 15:00,1739,1852,2027,4775,4770,4722,3036,2918,2695
2/10/2018 15:30,1739,1852,1918,4775,4770,4763,3036,2918,2845
2/10/2018 16:00,1591,1670,1875,4943,4927,4836,3352,3257,2961
2/10/2018 16:30,1591,1670,1781,4943,4927,4951,3352,3257,3170
2/10/2018 17:00,1396,1429,1573,5103,5089,5030,3707,3660,3457
2/10/2018 17:30,1396,1429,1472,5103,5089,5069,3707,3660,3597
2/10/2018 18:00,1189,1297,1377,5068,5094,5004,3879,3797,3627
2/10/2018 18:30,1189,1297,1274,5068,5094,4985,3879,3797,3711
2/10/2018 19:00,1013,1087,1171,5172,5220,5076,4159,4133,3905
2/10/2018 19:30,1013,1087,1101,5172,5220,5231,4159,4133,4130
2/10/2018 20:00,898,961,1102,5087,5099,5167,4189,4138,4065
2/10/2018 20:30,898,961,1048,5087,5099,5021,4189,4138,3973
2/10/2018 21:00,842,957,1036,4675,4685,4841,3833,3728,3805
2/10/2018 21:30,842,957,1055,4675,4685,4572,3833,3728,3517
2/10/2018 22:00,807,1045,1128,4112,4129,4305,3305,3084,3177
2/10/2018 22:30,807,1045,1075,4112,4129,4030,3305,3084,2955
2/10/2018 23:00,1071,1089,1037,3591,3591,3806,2520,2502,2769
2/10/2018 23:30,1071,1089,1127,3591,3591,3578,2520,2502,2451
3/10/2018 0:00,1173,1287,1227,3289,3293,3427,2116,2006,2200
3/10/2018 0:30,1173,1287,1227,3289,3293,3328,2116,2006,2101
3/10/2018 1:00,1238,1473,1236,3104,3111,3240,1866,1638,2004
3/10/2018 1:30,1238,1473,1247,3104,3111,3159,1866,1638,1912
3/10/2018 2:00,1231,1366,1263,3011,3019,3123,1780,1653,1860
3/10/2018 2:30,1231,1366,1274,3011,3019,3073,1780,1653,1799
3/10/2018 3:00,1196,1346,1244,2957,2960,3029,1761,1614,1785
3/10/2018 3:30,1196,1346,1226,2957,2960,3004,1761,1614,1778
3/10/2018 4:00,1143,1283,1224,2971,2965,2989,1828,1682,1765
3/10/2018 4:30,1143,1283,1280,2971,2965,3011,1828,1682,1731
3/10/2018 5:00,1093,1157,1375,3112,3097,3091,2019,1940,1716
3/10/2018 5:30,1093,1157,1441,3112,3097,3174,2019,1940,1733
3/10/2018 6:00,1075,1148,1370,3605,3592,3416,2530,2444,2046
3/10/2018 6:30,1075,1148,1350,3605,3592,3740,2530,2444,2390
3/10/2018 7:00,1081,1132,1267,4422,4408,4233,3341,3276,2966
3/10/2018 7:30,1081,1132,1125,4422,4408,4606,3341,3276,3481
3/10/2018 8:00,1115,1291,1094,4808,4782,4798,3693,3491,3704
3/10/2018 8:30,1115,1291,1003,4808,4782,4825,3693,3491,3822
3/10/2018 9:00,1196,1323,975,4881,4836,4849,3685,3513,3874
3/10/2018 9:30,1196,1323,979,4881,4836,4874,3685,3513,3895
3/10/2018 10:00,1298,1309,996,4877,4823,4824,3579,3514,3828
3/10/2018 10:30,1298,1309,1011,4877,4823,4827,3579,3514,3816
3/10/2018 11:00,1374,1242,1035,4876,4837,4819,3502,3595,3784
3/10/2018 11:30,1374,1242,1140,4876,4837,4830,3502,3595,3690
3/10/2018 12:00,1412,1240,1148,4892,4872,4832,3480,3632,3684
3/10/2018 12:30,1412,1240,1161,4892,4872,4855,3480,3632,3694
3/10/2018 13:00,1402,1208,1147,4832,4813,4814,3430,3605,3667
3/10/2018 13:30,1402,1208,1118,4832,4813,4740,3430,3605,3622
3/10/2018 14:00,1355,1180,1090,4794,4772,4752,3439,3592,3662
3/10/2018 14:30,1355,1180,1059,4794,4772,4742,3439,3592,3683
3/10/2018 15:00,1293,1065,968,4840,4817,4761,3547,3752,3793
3/10/2018 15:30,1293,1065,965,4840,4817,4815,3547,3752,3850
3/10/2018 16:00,1213,895,1000,5005,4980,4874,3792,4085,3874
3/10/2018 16:30,1213,895,956,5005,4980,4991,3792,4085,4035
3/10/2018 17:00,1096,780,974,5159,5128,5092,4063,4348,4118
3/10/2018 17:30,1096,780,933,5159,5128,5163,4063,4348,4230
3/10/2018 18:00,999,691,900,5147,5085,5135,4148,4394,4235
3/10/2018 18:30,999,691,861,5147,5085,5103,4148,4394,4242
3/10/2018 19:00,955,723,800,5264,5207,5181,4309,4484,4381
3/10/2018 19:30,955,723,749,5264,5207,5304,4309,4484,4555
3/10/2018 20:00,946,829,728,5116,5072,5217,4170,4243,4489
3/10/2018 20:30,946,829,726,5116,5072,5053,4170,4243,4327
3/10/2018 21:00,982,825,750,4696,4656,4879,3714,3831,4129
3/10/2018 21:30,982,825,758,4696,4656,4603,3714,3831,3845
3/10/2018 22:00,1036,821,803,4138,4111,4349,3102,3290,3546
3/10/2018 22:30,1036,821,843,4138,4111,4066,3102,3290,3223
3/10/2018 23:00,964,858,772,3614,3614,3803,2650,2756,3031
3/10/2018 23:30,964,858,915,3614,3614,3599,2650,2756,2684
4/10/2018 0:00,1010,935,948,3313,3314,3467,2303,2379,2519
4/10/2018 0:30,1010,935,968,3313,3314,3362,2303,2379,2394
4/10/2018 1:00,1048,972,1022,3123,3135,3262,2075,2163,2240
4/10/2018 1:30,1048,972,1074,3123,3135,3174,2075,2163,2100
4/10/2018 2:00,1086,881,1104,3018,3027,3123,1932,2146,2019
4/10/2018 2:30,1086,881,1030,3018,3027,3073,1932,2146,2043
4/10/2018 3:00,1099,1011,1117,2951,2954,3049,1852,1943,1932
4/10/2018 3:30,1099,1011,1168,2951,2954,3043,1852,1943,1875
4/10/2018 4:00,1113,1006,1162,2959,2962,3037,1846,1956,1875
4/10/2018 4:30,1113,1006,1186,2959,2962,3062,1846,1956,1876
4/10/2018 5:00,1153,1186,1217,3085,3091,3139,1932,1905,1922
4/10/2018 5:30,1153,1186,1302,3085,3091,3225,1932,1905,1923
4/10/2018 6:00,1223,1279,1366,3573,3573,3452,2350,2294,2086
4/10/2018 6:30,1223,1279,1477,3573,3573,3763,2350,2294,2286
4/10/2018 7:00,1356,1442,1559,4385,4387,4240,3029,2945,2681
4/10/2018 7:30,1356,1442,1557,4385,4387,4585,3029,2945,3028
4/10/2018 8:00,1514,1647,1575,4755,4753,4777,3241,3106,3202
4/10/2018 8:30,1514,1647,1594,4755,4753,4784,3241,3106,3190
4/10/2018 9:00,1689,1823,1571,4822,4827,4805,3133,3004,3234
4/10/2018 9:30,1689,1823,1544,4822,4827,4817,3133,3004,3273
4/10/2018 10:00,1861,1862,1638,4795,4802,4775,2934,2940,3137
4/10/2018 10:30,1861,1862,1798,4795,4802,4802,2934,2940,3004
4/10/2018 11:00,1986,1924,1817,4806,4802,4828,2820,2878,3011
4/10/2018 11:30,1986,1924,1747,4806,4802,4803,2820,2878,3056
4/10/2018 12:00,2044,1967,1734,4839,4825,4774,2795,2858,3040
4/10/2018 12:30,2044,1967,1711,4839,4825,4812,2795,2858,3101
4/10/2018 13:00,1936,1806,1703,4762,4753,4788,2826,2947,3085
4/10/2018 13:30,1936,1806,1695,4762,4753,4743,2826,2947,3048
4/10/2018 14:00,1647,1627,1510,4727,4722,4734,3080,3095,3224
4/10/2018 14:30,1647,1627,1234,4727,4722,4681,3080,3095,3447
4/10/2018 15:00,1268,1270,1044,4767,4765,4717,3499,3495,3673
4/10/2018 15:30,1268,1270,873,4767,4765,4774,3499,3495,3901
4/10/2018 16:00,874,656,726,4920,4906,4852,4046,4250,4126
4/10/2018 16:30,874,656,658,4920,4906,4999,4046,4250,4341
4/10/2018 17:00,556,310,525,5063,5066,5082,4507,4756,4557
4/10/2018 17:30,556,310,425,5063,5066,5147,4507,4756,4722
4/10/2018 18:00,389,193,346,5061,5083,5147,4672,4890,4801
4/10/2018 18:30,389,193,327,5061,5083,5167,4672,4890,4840
4/10/2018 19:00,335,196,314,5221,5240,5268,4886,5044,4954
4/10/2018 19:30,335,196,279,5221,5240,5296,4886,5044,5017
4/10/2018 20:00,301,225,265,5112,5128,5182,4811,4903,4917
4/10/2018 20:30,301,225,263,5112,5128,5044,4811,4903,4781
4/10/2018 21:00,263,206,248,4687,4703,4833,4424,4497,4585
4/10/2018 21:30,263,206,250,4687,4703,4599,4424,4497,4349
4/10/2018 22:00,259,235,259,4146,4159,4319,3887,3924,4060
4/10/2018 22:30,259,235,226,4146,4159,4085,3887,3924,3859
4/10/2018 23:00,288,252,238,3659,3659,3828,3371,3407,3590
4/10/2018 23:30,288,252,242,3659,3659,3613,3371,3407,3371
5/10/2018 0:00,354,362,284,3366,3366,3482,3012,3004,3198
5/10/2018 0:30,354,362,320,3366,3366,3393,3012,3004,3073
5/10/2018 1:00,419,441,366,3160,3165,3300,2741,2724,2934
5/10/2018 1:30,419,441,383,3160,3165,3201,2741,2724,2818
5/10/2018 2:00,436,401,431,3034,3037,3141,2598,2636,2710
5/10/2018 2:30,436,401,475,3034,3037,3107,2598,2636,2632
5/10/2018 3:00,433,399,495,2963,2978,3060,2530,2579,2565
5/10/2018 3:30,433,399,501,2963,2978,3040,2530,2579,2539
5/10/2018 4:00,447,395,503,2969,2993,3030,2522,2598,2527
5/10/2018 4:30,447,395,527,2969,2993,3052,2522,2598,2525
5/10/2018 5:00,491,465,523,3103,3132,3108,2612,2667,2585
5/10/2018 5:30,491,465,546,3103,3132,3192,2612,2667,2646
5/10/2018 6:00,538,533,575,3580,3609,3424,3042,3076,2849
5/10/2018 6:30,538,533,606,3580,3609,3730,3042,3076,3124
5/10/2018 7:00,546,577,629,4385,4404,4200,3839,3827,3571
5/10/2018 7:30,546,577,637,4385,4404,4581,3839,3827,3944
5/10/2018 8:00,511,599,649,4773,4778,4795,4262,4179,4146
5/10/2018 8:30,511,599,634,4773,4778,4856,4262,4179,4222
5/10/2018 9:00,474,567,646,4847,4842,4894,4373,4275,4248
5/10/2018 9:30,474,567,607,4847,4842,4914,4373,4275,4307
5/10/2018 10:00,448,489,589,4831,4837,4882,4383,4348,4293
5/10/2018 10:30,448,489,533,4831,4837,4830,4383,4348,4297
5/10/2018 11:00,438,434,497,4822,4836,4818,4384,4402,4321
5/10/2018 11:30,438,434,479,4822,4836,4784,4384,4402,4305
5/10/2018 12:00,455,435,489,4835,4831,4776,4380,4396,4287
5/10/2018 12:30,455,435,444,4835,4831,4786,4380,4396,4342
5/10/2018 13:00,465,413,418,4742,4762,4741,4277,4349,4323
5/10/2018 13:30,465,413,420,4742,4762,4671,4277,4349,4251
5/10/2018 14:00,447,380,383,4681,4677,4641,4234,4297,4258
5/10/2018 14:30,447,380,359,4681,4677,4629,4234,4297,4270
5/10/2018 15:00,407,386,374,4677,4681,4634,4270,4295,4260
5/10/2018 15:30,407,386,370,4677,4681,4651,4270,4295,4281
5/10/2018 16:00,360,354,343,4784,4791,4677,4424,4437,4334
5/10/2018 16:30,360,354,325,4784,4791,4757,4424,4437,4432
5/10/2018 17:00,327,308,280,4925,4936,4842,4598,4628,4562
5/10/2018 17:30,327,308,274,4925,4936,4897,4598,4628,4623
5/10/2018 18:00,331,300,252,4988,5014,4904,4657,4714,4652
5/10/2018 18:30,331,300,260,4988,5014,4930,4657,4714,4670
5/10/2018 19:00,362,315,303,5084,5081,5064,4722,4766,4761
5/10/2018 19:30,362,315,313,5084,5081,5109,4722,4766,4796
5/10/2018 20:00,399,306,305,4889,4868,4989,4490,4562,4684
5/10/2018 20:30,399,306,297,4889,4868,4832,4490,4562,4535
5/10/2018 21:00,440,339,324,4528,4503,4656,4088,4164,4332
5/10/2018 21:30,440,339,330,4528,4503,4452,4088,4164,4122
5/10/2018 22:00,476,371,338,4073,4061,4220,3597,3690,3882
5/10/2018 22:30,476,371,315,4073,4061,4007,3597,3690,3692
5/10/2018 23:00,369,382,277,3702,3702,3829,3333,3320,3552
5/10/2018 23:30,369,382,260,3702,3702,3643,3333,3320,3383
6/10/2018 0:00,371,372,259,3422,3421,3511,3051,3049,3252
6/10/2018 0:30,371,372,279,3422,3421,3397,3051,3049,3118
6/10/2018 1:00,377,346,316,3188,3191,3278,2811,2845,2962
6/10/2018 1:30,377,346,335,3188,3191,3167,2811,2845,2832
6/10/2018 2:00,365,353,369,3023,3030,3100,2658,2677,2731
6/10/2018 2:30,365,353,395,3023,3030,3037,2658,2677,2642
6/10/2018 3:00,376,367,422,2935,2937,2977,2559,2570,2555
6/10/2018 3:30,376,367,452,2935,2937,2944,2559,2570,2492
6/10/2018 4:00,420,405,487,2920,2912,2924,2500,2507,2437
6/10/2018 4:30,420,405,506,2920,2912,2934,2500,2507,2428
6/10/2018 5:00,474,537,571,2978,2962,2962,2504,2425,2391
6/10/2018 5:30,474,537,629,2978,2962,3002,2504,2425,2373
6/10/2018 6:00,509,545,638,3175,3159,3096,2666,2614,2458
6/10/2018 6:30,509,545,661,3175,3159,3215,2666,2614,2554
6/10/2018 7:00,515,562,747,3513,3504,3418,2998,2942,2671
6/10/2018 7:30,515,562,776,3513,3504,3574,2998,2942,2798
6/10/2018 8:00,487,521,791,3945,3950,3816,3458,3429,3025
6/10/2018 8:30,487,521,761,3945,3950,4112,3458,3429,3351
6/10/2018 9:00,459,556,750,4305,4324,4260,3846,3768,3510
6/10/2018 9:30,459,556,710,4305,4324,4385,3846,3768,3675
6/10/2018 10:00,494,705,644,4448,4450,4418,3954,3745,3774
6/10/2018 10:30,494,705,662,4448,4450,4436,3954,3745,3774
6/10/2018 11:00,591,851,704,4485,4471,4432,3894,3620,3728
6/10/2018 11:30,591,851,753,4485,4471,4401,3894,3620,3648
6/10/2018 12:00,699,978,859,4479,4469,4379,3780,3491,3520
6/10/2018 12:30,699,978,883,4479,4469,4366,3780,3491,3483
6/10/2018 13:00,739,1042,875,4391,4362,4303,3652,3320,3428
6/10/2018 13:30,739,1042,832,4391,4362,4221,3652,3320,3389
6/10/2018 14:00,694,889,780,4244,4228,4129,3550,3339,3349
6/10/2018 14:30,694,889,714,4244,4228,4063,3550,3339,3349
6/10/2018 15:00,621,721,657,4180,4167,4028,3559,3446,3371
6/10/2018 15:30,621,721,672,4180,4167,4029,3559,3446,3357
6/10/2018 16:00,557,595,608,4268,4241,4070,3711,3646,3462
6/10/2018 16:30,557,595,561,4268,4241,4141,3711,3646,3580
6/10/2018 17:00,498,505,656,4474,4453,4271,3976,3948,3615
6/10/2018 17:30,498,505,586,4474,4453,4388,3976,3948,3802
6/10/2018 18:00,432,430,465,4628,4600,4424,4196,4170,3959
6/10/2018 18:30,432,430,450,4628,4600,4442,4196,4170,3992
6/10/2018 19:00,365,391,454,4759,4760,4566,4394,4369,4112
6/10/2018 19:30,365,391,383,4759,4760,4666,4394,4369,4283
6/10/2018 20:00,324,444,342,4530,4550,4572,4206,4106,4230
6/10/2018 20:30,324,444,325,4530,4550,4452,4206,4106,4127
6/10/2018 21:00,306,230,272,4205,4218,4296,3899,3988,4024
6/10/2018 21:30,306,230,207,4205,4218,4138,3899,3988,3931
6/10/2018 22:00,317,241,166,3849,3864,3963,3532,3623,3797
6/10/2018 22:30,317,241,191,3849,3864,3782,3532,3623,3591
6/10/2018 23:00,361,314,267,3525,3525,3609,3164,3211,3342
6/10/2018 23:30,361,314,367,3525,3525,3453,3164,3211,3086
7/10/2018 0:00,460,448,511,3301,3305,3358,2841,2857,2847
7/10/2018 0:30,460,448,654,3301,3305,3267,2841,2857,2613
7/10/2018 1:00,565,527,723,3088,3091,3155,2523,2564,2432
7/10/2018 1:30,565,527,794,3088,3091,3064,2523,2564,2270
7/10/2018 2:00,708,693,914,2937,2939,2994,2229,2246,2080
7/10/2018 2:30,708,693,1042,2937,2939,2930,2229,2246,1888
7/10/2018 3:00,886,987,1166,2830,2821,2887,1944,1834,1721
7/10/2018 3:30,886,987,1224,2830,2821,2862,1944,1834,1638
7/10/2018 4:00,1093,1194,1280,2803,2788,2846,1710,1594,1566
7/10/2018 4:30,1093,1194,1208,2803,2788,2857,1710,1594,1649
7/10/2018 5:00,1323,1596,1383,2816,2806,2871,1493,1210,1488
7/10/2018 5:30,1323,1596,1544,2816,2806,2888,1493,1210,1344
7/10/2018 6:00,1555,1864,1745,2924,2913,2949,1369,1049,1204
7/10/2018 6:30,1555,1864,1887,2924,2913,2997,1369,1049,1110
7/10/2018 7:00,1793,2101,2019,3083,3075,3128,1290,974,1109
7/10/2018 7:30,1793,2101,2197,3083,3075,3212,1290,974,1015
7/10/2018 8:00,2009,2171,2355,3402,3406,3356,1393,1235,1001
7/10/2018 8:30,2009,2171,2506,3402,3406,3541,1393,1235,1035
7/10/2018 9:00,2199,2470,2548,3810,3812,3711,1611,1342,1163
7/10/2018 9:30,2199,2470,2625,3810,3812,3879,1611,1342,1254
7/10/2018 10:00,2394,2675,2799,4079,4079,4053,1685,1404,1254
7/10/2018 10:30,2394,2675,2875,4079,4079,4161,1685,1404,1286
7/10/2018 11:00,2612,3003,3011,4225,4223,4236,1613,1220,1225
7/10/2018 11:30,2612,3003,3038,4225,4223,4279,1613,1220,1241
7/10/2018 12:00,2799,3079,3009,4353,4342,4360,1554,1263,1351
7/10/2018 12:30,2799,3079,3120,4353,4342,4429,1554,1263,1309
7/10/2018 13:00,2941,3221,3149,4306,4296,4444,1365,1075,1295
7/10/2018 13:30,2941,3221,3185,4306,4296,4372,1365,1075,1187
7/10/2018 14:00,3026,3293,3215,4139,4109,4321,1113,816,1106
7/10/2018 14:30,3026,3293,3163,4139,4109,4236,1113,816,1073
7/10/2018 15:00,3031,3090,3139,4051,4024,4195,1020,934,1056
7/10/2018 15:30,3031,3090,3172,4051,4024,4188,1020,934,1016
7/10/2018 16:00,2990,3041,3151,4103,4096,4233,1113,1055,1082
7/10/2018 16:30,2990,3041,3123,4103,4096,4293,1113,1055,1170
7/10/2018 17:00,2907,3043,3061,4262,4237,4370,1355,1194,1309
7/10/2018 17:30,2907,3043,3021,4262,4237,4457,1355,1194,1436
7/10/2018 18:00,2803,2907,2971,4441,4392,4457,1638,1485,1486
7/10/2018 18:30,2803,2907,3018,4441,4392,4549,1638,1485,1531
7/10/2018 19:00,2724,2965,2949,4680,4627,4726,1956,1662,1777
7/10/2018 19:30,2724,2965,2919,4680,4627,4734,1956,1662,1815
7/10/2018 20:00,2692,2892,2910,4531,4517,4621,1839,1625,1711
7/10/2018 20:30,2692,2892,2944,4531,4517,4484,1839,1625,1540
7/10/2018 21:00,2684,2887,2952,4185,4175,4323,1501,1288,1371
7/10/2018 21:30,2684,2887,2906,4185,4175,4117,1501,1288,1211
7/10/2018 22:00,2669,2874,2753,3769,3757,3897,1100,883,1144
7/10/2018 22:30,2669,2874,2698,3769,3757,3659,1100,883,961
7/10/2018 23:00,2846,2822,2526,3347,3347,3444,501,525,918
7/10/2018 23:30,2846,2822,2484,3347,3347,3278,501,525,794
8/10/2018 0:00,2783,2786,2614,3098,3099,3214,315,313,600
8/10/2018 0:30,2783,2786,2568,3098,3099,3126,315,313,558
8/10/2018 1:00,2697,2481,2530,2923,2934,3049,226,453,519
8/10/2018 1:30,2697,2481,2404,2923,2934,2964,226,453,560
8/10/2018 2:00,2592,2238,2349,2819,2826,2914,227,588,565
8/10/2018 2:30,2592,2238,2302,2819,2826,2866,227,588,564
8/10/2018 3:00,2481,2119,2271,2772,2785,2839,291,666,568
8/10/2018 3:30,2481,2119,2259,2772,2785,2830,291,666,571
8/10/2018 4:00,2400,2087,2225,2797,2818,2846,397,731,621
8/10/2018 4:30,2400,2087,2243,2797,2818,2882,397,731,639
8/10/2018 5:00,2376,2131,2312,2935,2960,2947,559,829,635
8/10/2018 5:30,2376,2131,2379,2935,2960,3028,559,829,649
8/10/2018 6:00,2416,2294,2456,3407,3433,3270,991,1139,814
8/10/2018 6:30,2416,2294,2640,3407,3433,3582,991,1139,942
8/10/2018 7:00,2487,2385,2720,4246,4276,4046,1759,1891,1326
8/10/2018 7:30,2487,2385,2798,4246,4276,4502,1759,1891,1704
8/10/2018 8:00,2563,2511,2663,4695,4713,4682,2132,2202,2019
8/10/2018 8:30,2563,2511,2573,4695,4713,4721,2132,2202,2148
8/10/2018 9:00,2694,2669,2624,4818,4832,4785,2124,2163,2161
8/10/2018 9:30,2694,2669,2628,4818,4832,4822,2124,2163,2194
8/10/2018 10:00,2844,3016,2730,4820,4851,4779,1976,1835,2049
8/10/2018 10:30,2844,3016,2767,4820,4851,4771,1976,1835,2004
8/10/2018 11:00,2967,3091,2868,4816,4850,4775,1849,1759,1907
8/10/2018 11:30,2967,3091,2885,4816,4850,4802,1849,1759,1917
8/10/2018 12:00,3055,3166,2916,4818,4854,4820,1763,1688,1904
8/10/2018 12:30,3055,3166,2952,4818,4854,4853,1763,1688,1901
8/10/2018 13:00,3113,3212,3003,4726,4776,4820,1613,1564,1817
8/10/2018 13:30,3113,3212,2968,4726,4776,4746,1613,1564,1778
8/10/2018 14:00,3120,3203,2966,4665,4728,4736,1545,1525,1770
8/10/2018 14:30,3120,3203,2963,4665,4728,4735,1545,1525,1772
8/10/2018 15:00,3082,2941,2977,4698,4770,4769,1616,1829,1792
8/10/2018 15:30,3082,2941,2918,4698,4770,4819,1616,1829,1901
8/10/2018 16:00,3043,2902,2895,4845,4923,4870,1802,2021,1975
8/10/2018 16:30,3043,2902,2957,4845,4923,5012,1802,2021,2055
8/10/2018 17:00,3014,2942,2887,4970,5059,5128,1956,2117,2241
8/10/2018 17:30,3014,2942,2929,4970,5059,5194,1956,2117,2265
8/10/2018 18:00,3011,3002,2923,4968,5065,5202,1957,2063,2279
8/10/2018 18:30,3011,3002,2997,4968,5065,5211,1957,2063,2214
8/10/2018 19:00,3047,2977,3011,5099,5160,5295,2052,2183,2284
8/10/2018 19:30,3047,2977,2987,5099,5160,5236,2052,2183,2249
8/10/2018 20:00,3093,3074,3076,4971,4992,5100,1878,1918,2024
8/10/2018 20:30,3093,3074,3155,4971,4992,4923,1878,1918,1768
8/10/2018 21:00,3134,3128,3168,4588,4615,4725,1454,1487,1557
8/10/2018 21:30,3134,3128,3143,4588,4615,4530,1454,1487,1387
8/10/2018 22:00,3161,3154,3028,4064,4075,4251,903,921,1223
8/10/2018 22:30,3161,3154,2968,4064,4075,3974,903,921,1006
8/10/2018 23:00,3194,3173,2830,3574,3574,3747,380,401,917
8/10/2018 23:30,3194,3173,2621,3574,3574,3518,380,401,897
9/10/2018 0:00,3161,3165,2633,3300,3300,3391,139,135,758
9/10/2018 0:30,3161,3165,2616,3300,3300,3300,139,135,684
9/10/2018 1:00,3088,2976,2620,3113,3130,3214,25,154,594
9/10/2018 1:30,3088,2976,2567,3113,3130,3131,25,154,564
9/10/2018 2:00,2992,2757,2484,2998,3015,3085,6,258,601
9/10/2018 2:30,2992,2757,2478,2998,3015,3063,6,258,585
9/10/2018 3:00,2918,2495,2410,2944,2955,3014,26,460,604
9/10/2018 3:30,2918,2495,2404,2944,2955,2997,26,460,593
9/10/2018 4:00,2878,2518,2366,2972,2981,2978,94,463,612
9/10/2018 4:30,2878,2518,2377,2972,2981,3003,94,463,626
9/10/2018 5:00,2875,2432,2426,3110,3115,3059,235,683,633
9/10/2018 5:30,2875,2432,2516,3110,3115,3161,235,683,645
9/10/2018 6:00,2912,2479,2757,3601,3607,3406,689,1128,649
9/10/2018 6:30,2912,2479,2954,3601,3607,3733,689,1128,779
9/10/2018 7:00,2995,2574,3084,4430,4422,4224,1435,1848,1140
9/10/2018 7:30,2995,2574,3146,4430,4422,4617,1435,1848,1471
9/10/2018 8:00,3059,2700,3115,4812,4782,4791,1753,2082,1676
9/10/2018 8:30,3059,2700,3047,4812,4782,4799,1753,2082,1752
9/10/2018 9:00,3082,3194,3066,4892,4866,4845,1810,1672,1779
9/10/2018 9:30,3082,3194,3155,4892,4866,4878,1810,1672,1723
9/10/2018 10:00,3098,3241,3180,4875,4839,4855,1777,1598,1675
9/10/2018 10:30,3098,3241,3233,4875,4839,4853,1777,1598,1620
9/10/2018 11:00,3101,3294,3215,4859,4841,4874,1758,1547,1659
9/10/2018 11:30,3101,3294,3213,4859,4841,4846,1758,1547,1633
9/10/2018 12:00,3094,3252,3183,4892,4921,4848,1798,1669,1665
9/10/2018 12:30,3094,3252,3110,4892,4921,4854,1798,1669,1744
9/10/2018 13:00,3079,3200,3102,4814,4848,4818,1735,1648,1716
9/10/2018 13:30,3079,3200,3093,4814,4848,4738,1735,1648,1645
9/10/2018 14:00,3047,3171,3051,4782,4826,4738,1735,1655,1687
9/10/2018 14:30,3047,3171,2985,4782,4826,4680,1735,1655,1695
9/10/2018 15:00,2995,2897,2957,4837,4870,4733,1842,1973,1776
9/10/2018 15:30,2995,2897,2902,4837,4870,4785,1842,1973,1883
9/10/2018 16:00,2914,2671,2863,5012,5026,4844,2098,2355,1981
9/10/2018 16:30,2914,2671,2794,5012,5026,4975,2098,2355,2181
9/10/2018 17:00,2812,2495,2678,5152,5176,5066,2340,2681,2388
9/10/2018 17:30,2812,2495,2618,5152,5176,5119,2340,2681,2501
9/10/2018 18:00,2716,2387,2492,5192,5234,5111,2476,2847,2619
9/10/2018 18:30,2716,2387,2466,5192,5234,5147,2476,2847,2681
9/10/2018 19:00,2664,2396,2379,5312,5365,5281,2648,2969,2902
9/10/2018 19:30,2664,2396,2340,5312,5365,5254,2648,2969,2914
9/10/2018 20:00,2662,2385,2352,5129,5153,5131,2467,2768,2779
9/10/2018 20:30,2662,2385,2442,5129,5153,4985,2467,2768,2543
9/10/2018 21:00,2654,2306,2416,4735,4731,4760,2081,2425,2344
9/10/2018 21:30,2654,2306,2412,4735,4731,4561,2081,2425,2149
9/10/2018 22:00,2615,2343,2343,4179,4174,4296,1564,1831,1953
9/10/2018 22:30,2615,2343,2293,4179,4174,4029,1564,1831,1736
9/10/2018 23:00,2369,2343,2321,3649,3649,3789,1280,1306,1468
9/10/2018 23:30,2369,2343,2349,3649,3649,3563,1280,1306,1214
10/10/2018 0:00,2362,2327,2457,3368,3368,3453,1006,1041,996
10/10/2018 0:30,2362,2327,2404,3368,3368,3342,1006,1041,938
10/10/2018 1:00,2339,2232,2374,3170,3184,3266,831,952,892
10/10/2018 1:30,2339,2232,2398,3170,3184,3206,831,952,808
10/10/2018 2:00,2261,2225,2356,3061,3077,3162,800,852,806
10/10/2018 2:30,2261,2225,2264,3061,3077,3110,800,852,846
10/10/2018 3:00,2192,2214,2214,2997,3013,3044,805,799,830
10/10/2018 3:30,2192,2214,2226,2997,3013,3036,805,799,810
10/10/2018 4:00,2179,2200,2225,3028,3037,3038,849,837,813
10/10/2018 4:30,2179,2200,2215,3028,3037,3073,849,837,858
10/10/2018 5:00,2209,2298,2268,3165,3181,3156,956,883,888
10/10/2018 5:30,2209,2298,2314,3165,3181,3252,956,883,938
10/10/2018 6:00,2281,2277,2247,3646,3662,3467,1365,1385,1220
10/10/2018 6:30,2281,2277,2330,3646,3662,3800,1365,1385,1470
10/10/2018 7:00,2376,2339,2359,4495,4506,4277,2119,2167,1918
10/10/2018 7:30,2376,2339,2350,4495,4506,4660,2119,2167,2310
10/10/2018 8:00,2446,2410,2289,4877,4883,4828,2431,2473,2539
10/10/2018 8:30,2446,2410,2220,4877,4883,4850,2431,2473,2630
10/10/2018 9:00,2480,2419,2215,4942,4944,4863,2462,2525,2648
10/10/2018 9:30,2480,2419,2215,4942,4944,4818,2462,2525,2603
10/10/2018 10:00,2554,2578,2329,4935,4942,4765,2381,2364,2436
10/10/2018 10:30,2554,2578,2321,4935,4942,4744,2381,2364,2423
10/10/2018 11:00,2656,2592,2403,4942,4936,4731,2286,2344,2328
10/10/2018 11:30,2656,2592,2453,4942,4936,4731,2286,2344,2278
10/10/2018 12:00,2736,2600,2559,4966,4940,4714,2230,2340,2155
10/10/2018 12:30,2736,2600,2686,4966,4940,4715,2230,2340,2029
10/10/2018 13:00,2821,2717,2771,4897,4871,4690,2076,2154,1919
10/10/2018 13:30,2821,2717,2799,4897,4871,4605,2076,2154,1806
10/10/2018 14:00,2876,2690,2823,4868,4831,4618,1992,2141,1795
10/10/2018 14:30,2876,2690,2863,4868,4831,4637,1992,2141,1774
10/10/2018 15:00,2898,2749,2937,4920,4886,4678,2022,2137,1741
10/10/2018 15:30,2898,2749,3030,4920,4886,4713,2022,2137,1683
10/10/2018 16:00,2927,2814,3040,5046,5009,4768,2119,2195,1728
10/10/2018 16:30,2927,2814,3039,5046,5009,4876,2119,2195,1837
10/10/2018 17:00,2989,2958,2946,5206,5176,4974,2217,2218,2028
10/10/2018 17:30,2989,2958,2891,5206,5176,5034,2217,2218,2143
10/10/2018 18:00,3049,3101,2934,5283,5240,5064,2234,2139,2130
10/10/2018 18:30,3049,3101,3053,5283,5240,5114,2234,2139,2061
10/10/2018 19:00,3089,3368,3112,5396,5354,5323,2307,1986,2211
10/10/2018 19:30,3089,3368,3133,5396,5354,5387,2307,1986,2254
10/10/2018 20:00,3124,3191,3188,5180,5142,5258,2056,1951,2070
10/10/2018 20:30,3124,3191,3158,5180,5142,5048,2056,1951,1890
10/10/2018 21:00,3128,3055,3111,4784,4746,4826,1656,1691,1715
10/10/2018 21:30,3128,3055,3242,4784,4746,4584,1656,1691,1342
10/10/2018 22:00,3076,3084,3237,4228,4202,4338,1152,1118,1101
10/10/2018 22:30,3076,3084,3034,4228,4202,4066,1152,1118,1032
10/10/2018 23:00,2981,3080,2888,3710,3707,3800,729,627,912
10/10/2018 23:30,2981,3080,2763,3710,3707,3574,729,627,811
11/10/2018 0:00,2894,2918,2757,3421,3422,3459,527,504,702
11/10/2018 0:30,2894,2918,2692,3421,3422,3348,527,504,656
11/10/2018 1:00,2790,2906,2582,3231,3236,3228,441,330,646
11/10/2018 1:30,2790,2906,2510,3231,3236,3161,441,330,651
11/10/2018 2:00,2683,2559,2482,3119,3124,3108,436,565,626
11/10/2018 2:30,2683,2559,2440,3119,3124,3069,436,565,629
11/10/2018 3:00,2591,2312,2378,3046,3047,3021,455,735,643
11/10/2018 3:30,2591,2312,2374,3046,3047,3008,455,735,634
11/10/2018 4:00,2512,2202,2331,3054,3062,2998,542,860,667
11/10/2018 4:30,2512,2202,2318,3054,3062,3005,542,860,687
11/10/2018 5:00,2435,2000,2280,3183,3192,3066,748,1192,786
11/10/2018 5:30,2435,2000,2254,3183,3192,3174,748,1192,920
11/10/2018 6:00,2386,1934,2235,3665,3669,3411,1279,1735,1176
11/10/2018 6:30,2386,1934,2219,3665,3669,3713,1279,1735,1494
11/10/2018 7:00,2312,2020,2008,4490,4476,4188,2178,2456,2180
11/10/2018 7:30,2312,2020,1862,4490,4476,4562,2178,2456,2700
11/10/2018 8:00,2172,2065,1742,4844,4812,4708,2672,2747,2966
11/10/2018 8:30,2172,2065,1731,4844,4812,4733,2672,2747,3002
11/10/2018 9:00,2039,1820,1497,4865,4817,4784,2826,2997,3287
11/10/2018 9:30,2039,1820,1366,4865,4817,4806,2826,2997,3440
11/10/2018 10:00,1885,1507,1334,4840,4789,4790,2955,3282,3456
11/10/2018 10:30,1885,1507,1260,4840,4789,4805,2955,3282,3545
11/10/2018 11:00,1742,1123,1225,4849,4787,4797,3107,3664,3572
11/10/2018 11:30,1742,1123,1234,4849,4787,4817,3107,3664,3583
11/10/2018 12:00,1705,1088,1152,4858,4808,4842,3153,3720,3690
11/10/2018 12:30,1705,1088,1153,4858,4808,4874,3153,3720,3721
11/10/2018 13:00,1666,1067,1203,4774,4721,4827,3108,3654,3624
11/10/2018 13:30,1666,1067,1221,4774,4721,4728,3108,3654,3507
11/10/2018 14:00,1589,1005,1146,4765,4702,4711,3176,3697,3565
11/10/2018 14:30,1589,1005,1106,4765,4702,4723,3176,3697,3617
11/10/2018 15:00,1520,990,1120,4809,4745,4736,3289,3755,3616
11/10/2018 15:30,1520,990,1053,4809,4745,4730,3289,3755,3677
11/10/2018 16:00,1371,992,1059,4962,4888,4790,3591,3896,3731
11/10/2018 16:30,1371,992,1105,4962,4888,4866,3591,3896,3761
11/10/2018 17:00,1241,1168,1068,5122,5059,4955,3881,3891,3887
11/10/2018 17:30,1241,1168,1100,5122,5059,5017,3881,3891,3917
11/10/2018 18:00,1290,1392,1130,5255,5195,4977,3965,3803,3847
11/10/2018 18:30,1290,1392,1345,5255,5195,5019,3965,3803,3674
11/10/2018 19:00,1496,1622,1548,5366,5338,5246,3870,3716,3698
11/10/2018 19:30,1496,1622,1815,5366,5338,5269,3870,3716,3454
11/10/2018 20:00,1812,1923,2003,5164,5134,5113,3352,3211,3110
11/10/2018 20:30,1812,1923,2191,5164,5134,4983,3352,3211,2792
11/10/2018 21:00,2194,2119,2475,4764,4725,4806,2570,2606,2331
11/10/2018 21:30,2194,2119,2601,4764,4725,4556,2570,2606,1955
11/10/2018 22:00,2546,2637,2654,4223,4192,4267,1677,1555,1613
11/10/2018 22:30,2546,2637,2663,4223,4192,4019,1677,1555,1356
11/10/2018 23:00,2917,3072,2545,3687,3687,3775,770,615,1230
11/10/2018 23:30,2917,3072,2517,3687,3687,3553,770,615,1036
12/10/2018 0:00,3068,3359,2472,3394,3395,3431,326,36,959
12/10/2018 0:30,3068,3359,2394,3394,3395,3327,326,36,933
12/10/2018 1:00,3142,3335,2351,3212,3208,3235,70,-127,884
12/10/2018 1:30,3142,3335,2294,3212,3208,3149,70,-127,855
12/10/2018 2:00,3097,2975,2268,3095,3081,3097,-2,106,829
12/10/2018 2:30,3097,2975,2228,3095,3081,3048,-2,106,820
12/10/2018 3:00,2994,2708,2207,3031,3014,3018,37,306,811
12/10/2018 3:30,2994,2708,2179,3031,3014,3017,37,306,838
12/10/2018 4:00,2941,2705,2169,3064,3039,3016,123,334,847
12/10/2018 4:30,2941,2705,2178,3064,3039,3025,123,334,847
12/10/2018 5:00,2914,2269,2207,3202,3177,3094,288,908,887
12/10/2018 5:30,2914,2269,2245,3202,3177,3169,288,908,924
12/10/2018 6:00,2946,2362,2324,3655,3634,3379,709,1272,1055
12/10/2018 6:30,2946,2362,2488,3655,3634,3643,709,1272,1155
12/10/2018 7:00,3037,2453,2734,4472,4444,4108,1435,1991,1374
12/10/2018 7:30,3037,2453,3062,4472,4444,4525,1435,1991,1463
12/10/2018 8:00,3120,2582,2992,4829,4813,4696,1709,2231,1704
12/10/2018 8:30,3120,2582,2885,4829,4813,4741,1709,2231,1856
12/10/2018 9:00,3173,2750,2930,4870,4886,4799,1697,2136,1869
12/10/2018 9:30,3173,2750,3103,4870,4886,4851,1697,2136,1748
12/10/2018 10:00,3180,2847,3156,4850,4879,4845,1670,2032,1689
12/10/2018 10:30,3180,2847,3171,4850,4879,4837,1670,2032,1666
12/10/2018 11:00,3115,3159,3395,4826,4857,4883,1711,1698,1488
12/10/2018 11:30,3115,3159,3419,4826,4857,4900,1711,1698,1481
12/10/2018 12:00,2997,2831,3310,4824,4830,4957,1827,1999,1647
12/10/2018 12:30,2997,2831,2984,4824,4830,5012,1827,1999,2028
12/10/2018 13:00,2866,2753,2839,4734,4720,4959,1868,1967,2120
12/10/2018 13:30,2866,2753,2717,4734,4720,4873,1868,1967,2156
12/10/2018 14:00,2782,2529,2628,4677,4652,4813,1895,2123,2185
12/10/2018 14:30,2782,2529,2697,4677,4652,4768,1895,2123,2071
12/10/2018 15:00,2697,2501,2727,4679,4662,4726,1982,2161,1999
12/10/2018 15:30,2697,2501,2767,4679,4662,4732,1982,2161,1965
12/10/2018 16:00,2564,2259,2782,4768,4747,4722,2204,2488,1940
12/10/2018 16:30,2564,2259,2945,4768,4747,4804,2204,2488,1859
12/10/2018 17:00,2371,2227,2856,4936,4909,4871,2565,2682,2015
12/10/2018 17:30,2371,2227,2859,4936,4909,4917,2565,2682,2058
12/10/2018 18:00,2107,2193,2634,5079,5043,4885,2972,2850,2251
12/10/2018 18:30,2107,2193,2399,5079,5043,4892,2972,2850,2493
12/10/2018 19:00,1809,2441,2347,5159,5120,5084,3350,2679,2737
12/10/2018 19:30,1809,2441,2152,5159,5120,5025,3350,2679,2873
12/10/2018 20:00,1518,2418,1937,4900,4869,4899,3382,2451,2962
12/10/2018 20:30,1518,2418,1743,4900,4869,4757,3382,2451,3014
12/10/2018 21:00,1292,2030,1623,4507,4485,4604,3215,2455,2981
12/10/2018 21:30,1292,2030,1449,4507,4485,4396,3215,2455,2947
12/10/2018 22:00,1125,1577,1284,4077,4061,4191,2952,2484,2907
12/10/2018 22:30,1125,1577,1118,4077,4061,3988,2952,2484,2870
12/10/2018 23:00,1155,1023,1076,3711,3711,3820,2556,2688,2744
12/10/2018 23:30,1155,1023,897,3711,3711,3637,2556,2688,2740
13/10/2018 0:00,958,722,767,3396,3396,3511,2438,2674,2744
13/10/2018 0:30,958,722,709,3396,3396,3395,2438,2674,2686
13/10/2018 1:00,773,472,613,3124,3137,3277,2351,2665,2664
13/10/2018 1:30,773,472,556,3124,3137,3182,2351,2665,2626
13/10/2018 2:00,598,283,578,2967,2987,3118,2369,2704,2540
13/10/2018 2:30,598,283,586,2967,2987,3054,2369,2704,2468
13/10/2018 3:00,470,193,589,2877,2909,3004,2407,2716,2415
13/10/2018 3:30,470,193,722,2877,2909,2955,2407,2716,2233
13/10/2018 4:00,403,180,788,2849,2873,2938,2446,2693,2150
13/10/2018 4:30,403,180,821,2849,2873,2941,2446,2693,2120
13/10/2018 5:00,371,261,683,2901,2907,2980,2530,2646,2297
13/10/2018 5:30,371,261,606,2901,2907,2999,2530,2646,2393
13/10/2018 6:00,358,370,532,3098,3087,3124,2740,2717,2592
13/10/2018 6:30,358,370,503,3098,3087,3231,2740,2717,2728
13/10/2018 7:00,320,500,454,3425,3421,3429,3105,2921,2975
13/10/2018 7:30,320,500,411,3425,3421,3641,3105,2921,3230
13/10/2018 8:00,303,453,363,3832,3831,3847,3529,3378,3484
13/10/2018 8:30,303,453,272,3832,3831,4082,3529,3378,3810
13/10/2018 9:00,329,296,199,4198,4202,4288,3869,3906,4089
13/10/2018 9:30,329,296,152,4198,4202,4423,3869,3906,4271
13/10/2018 10:00,353,256,115,4362,4370,4510,4009,4114,4395
13/10/2018 10:30,353,256,99,4362,4370,4571,4009,4114,4472
13/10/2018 11:00,390,157,103,4409,4429,4615,4019,4272,4512
13/10/2018 11:30,390,157,135,4409,4429,4652,4019,4272,4517
13/10/2018 12:00,480,167,254,4448,4488,4688,3968,4321,4434
13/10/2018 12:30,480,167,344,4448,4488,4695,3968,4321,4351
13/10/2018 13:00,570,327,398,4352,4391,4664,3782,4064,4266
13/10/2018 13:30,570,327,467,4352,4391,4581,3782,4064,4114
13/10/2018 14:00,676,573,574,4226,4267,4517,3550,3694,3943
13/10/2018 14:30,676,573,783,4226,4267,4454,3550,3694,3671
13/10/2018 15:00,789,861,851,4171,4192,4403,3382,3331,3552
13/10/2018 15:30,789,861,971,4171,4192,4369,3382,3331,3398
13/10/2018 16:00,829,1052,1207,4236,4270,4398,3407,3218,3191
13/10/2018 16:30,829,1052,1467,4236,4270,4488,3407,3218,3021
13/10/2018 17:00,938,1152,1519,4459,4477,4582,3521,3325,3063
13/10/2018 17:30,938,1152,1329,4459,4477,4678,3521,3325,3349
13/10/2018 18:00,1079,1181,1210,4675,4665,4692,3596,3484,3482
13/10/2018 18:30,1079,1181,1312,4675,4665,4736,3596,3484,3424
13/10/2018 19:00,1104,1305,1243,4771,4740,4804,3667,3435,3561
13/10/2018 19:30,1104,1305,1207,4771,4740,4684,3667,3435,3477
13/10/2018 20:00,1150,1287,1144,4471,4467,4516,3321,3180,3372
13/10/2018 20:30,1150,1287,1127,4471,4467,4380,3321,3180,3253
13/10/2018 21:00,1190,744,1173,4145,4154,4237,2955,3410,3064
13/10/2018 21:30,1190,744,1088,4145,4154,4087,2955,3410,2999
13/10/2018 22:00,1173,880,1058,3790,3808,3924,2617,2928,2866
13/10/2018 22:30,1173,880,988,3790,3808,3749,2617,2928,2761
13/10/2018 23:00,722,820,990,3494,3494,3592,2772,2674,2602
13/10/2018 23:30,722,820,868,3494,3494,3426,2772,2674,2558
14/10/2018 0:00,681,865,752,3285,3294,3343,2604,2429,2591
14/10/2018 0:30,681,865,760,3285,3294,3253,2604,2429,2493
14/10/2018 1:00,661,765,712,3010,3036,3154,2349,2271,2442
14/10/2018 1:30,661,765,672,3010,3036,3068,2349,2271,2396
14/10/2018 2:00,613,643,637,2843,2871,3002,2230,2228,2365
14/10/2018 2:30,613,643,582,2843,2871,2937,2230,2228,2355
14/10/2018 3:00,541,431,552,2776,2788,2895,2235,2357,2343
14/10/2018 3:30,541,431,467,2776,2788,2855,2235,2357,2388
14/10/2018 4:00,478,337,424,2728,2746,2834,2250,2409,2410
14/10/2018 4:30,478,337,378,2728,2746,2837,2250,2409,2459
14/10/2018 5:00,431,341,336,2752,2781,2864,2321,2440,2528
14/10/2018 5:30,431,341,266,2752,2781,2883,2321,2440,2617
14/10/2018 6:00,377,325,226,2847,2892,2940,2470,2567,2714
14/10/2018 6:30,377,325,204,2847,2892,3010,2470,2567,2806
14/10/2018 7:00,312,271,190,3015,3074,3117,2703,2803,2927
14/10/2018 7:30,312,271,175,3015,3074,3224,2703,2803,3049
14/10/2018 8:00,258,190,165,3314,3378,3346,3056,3188,3181
14/10/2018 8:30,258,190,158,3314,3378,3545,3056,3188,3387
14/10/2018 9:00,221,140,146,3720,3764,3740,3499,3624,3594
14/10/2018 9:30,221,140,146,3720,3764,3923,3499,3624,3777
14/10/2018 10:00,203,119,111,3960,3992,4063,3757,3873,3952
14/10/2018 10:30,203,119,70,3960,3992,4145,3757,3873,4075
14/10/2018 11:00,223,128,51,4167,4193,4192,3944,4065,4141
14/10/2018 11:30,223,128,62,4167,4193,4214,3944,4065,4152
14/10/2018 12:00,275,135,85,4377,4400,4249,4102,4265,4164
14/10/2018 12:30,275,135,110,4377,4400,4303,4102,4265,4193
14/10/2018 13:00,334,114,144,4334,4356,4279,4000,4242,4135
14/10/2018 13:30,334,114,172,4334,4356,4183,4000,4242,4011
14/10/2018 14:00,373,55,188,4169,4191,4079,3796,4136,3891
14/10/2018 14:30,373,55,211,4169,4191,4017,3796,4136,3806
14/10/2018 15:00,378,102,196,4101,4129,3973,3723,4027,3777
14/10/2018 15:30,378,102,178,4101,4129,3963,3723,4027,3785
14/10/2018 16:00,348,123,167,4183,4217,4002,3835,4094,3835
14/10/2018 16:30,348,123,149,4183,4217,4087,3835,4094,3938
14/10/2018 17:00,300,149,122,4416,4465,4207,4116,4316,4085
14/10/2018 17:30,300,149,81,4416,4465,4333,4116,4316,4252
14/10/2018 18:00,273,157,81,4595,4621,4420,4322,4464,4339
14/10/2018 18:30,273,157,86,4595,4621,4585,4322,4464,4499
14/10/2018 19:00,282,138,89,4715,4716,4839,4433,4578,4750
14/10/2018 19:30,282,138,98,4715,4716,4815,4433,4578,4717
14/10/2018 20:00,320,129,112,4494,4489,4684,4174,4360,4572
14/10/2018 20:30,320,129,114,4494,4489,4538,4174,4360,4424
14/10/2018 21:00,362,43,107,4176,4178,4362,3814,4135,4255
14/10/2018 21:30,362,43,95,4176,4178,4157,3814,4135,4062
14/10/2018 22:00,384,71,105,3774,3780,3943,3390,3709,3838
14/10/2018 22:30,384,71,111,3774,3780,3707,3390,3709,3596
14/10/2018 23:00,135,84,130,3406,3406,3494,3271,3322,3364
14/10/2018 23:30,135,84,128,3406,3406,3311,3271,3322,3183
15/10/2018 0:00,129,111,155,3143,3143,3230,3014,3032,3075
15/10/2018 0:30,129,111,186,3143,3143,3150,3014,3032,2964
15/10/2018 1:00,115,102,188,2920,2944,3065,2805,2842,2877
15/10/2018 1:30,115,102,164,2920,2944,2989,2805,2842,2825
15/10/2018 2:00,100,109,135,2841,2870,2947,2741,2761,2812
15/10/2018 2:30,100,109,102,2841,2870,2901,2741,2761,2799
15/10/2018 3:00,94,97,85,2796,2815,2873,2702,2718,2788
15/10/2018 3:30,94,97,73,2796,2815,2860,2702,2718,2787
15/10/2018 4:00,91,84,65,2830,2852,2873,2739,2768,2808
15/10/2018 4:30,91,84,72,2830,2852,2895,2739,2768,2823
15/10/2018 5:00,86,137,76,2910,2931,2968,2824,2794,2892
15/10/2018 5:30,86,137,75,2910,2931,3067,2824,2794,2992
15/10/2018 6:00,79,112,72,3335,3353,3299,3256,3241,3227
15/10/2018 6:30,79,112,84,3335,3353,3606,3256,3241,3522
15/10/2018 7:00,72,81,87,4146,4163,4109,4074,4082,4022
15/10/2018 7:30,72,81,95,4146,4163,4589,4074,4082,4494
15/10/2018 8:00,67,58,90,4579,4594,4795,4512,4536,4705
15/10/2018 8:30,67,58,68,4579,4594,4882,4512,4536,4814
15/10/2018 9:00,63,24,59,4824,4833,4923,4761,4809,4864
15/10/2018 9:30,63,24,49,4824,4833,4934,4761,4809,4885
15/10/2018 10:00,62,38,24,4864,4884,4891,4802,4846,4867
15/10/2018 10:30,62,38,0,4864,4884,4886,4802,4846,4886
15/10/2018 11:00,60,56,0,4902,4889,4870,4842,4833,4870
15/10/2018 11:30,60,56,0,4902,4889,4835,4842,4833,4835
15/10/2018 12:00,62,72,23,4900,4832,4814,4838,4760,4791
15/10/2018 12:30,62,72,55,4900,4832,4820,4838,4760,4765
15/10/2018 13:00,72,75,89,4797,4725,4770,4725,4650,4681
15/10/2018 13:30,72,75,50,4797,4725,4659,4725,4650,4609
15/10/2018 14:00,86,78,113,4747,4677,4634,4661,4599,4521
15/10/2018 14:30,86,78,154,4747,4677,4612,4661,4599,4458
15/10/2018 15:00,114,116,186,4788,4720,4632,4674,4604,4446
15/10/2018 15:30,114,116,205,4788,4720,4602,4674,4604,4397
15/10/2018 16:00,175,199,261,4957,4892,4677,4782,4693,4416
15/10/2018 16:30,175,199,333,4957,4892,4806,4782,4693,4473
15/10/2018 17:00,282,356,398,5169,5099,4912,4887,4743,4514
15/10/2018 17:30,282,356,443,5169,5099,5057,4887,4743,4614
15/10/2018 18:00,454,534,571,5226,5201,5056,4772,4667,4485
15/10/2018 18:30,454,534,786,5226,5201,5126,4772,4667,4340
15/10/2018 19:00,665,819,1046,5281,5313,5332,4616,4494,4286
15/10/2018 19:30,665,819,1227,5281,5313,5284,4616,4494,4057
15/10/2018 20:00,905,1082,1325,5035,5068,5135,4130,3986,3810
15/10/2018 20:30,905,1082,1366,5035,5068,4978,4130,3986,3612
15/10/2018 21:00,1146,1271,1431,4637,4653,4781,3491,3382,3350
15/10/2018 21:30,1146,1271,1602,4637,4653,4530,3491,3382,2928
15/10/2018 22:00,1346,1407,1786,4108,4112,4239,2762,2705,2453
15/10/2018 22:30,1346,1407,1779,4108,4112,3981,2762,2705,2202
15/10/2018 23:00,1424,1495,1761,3600,3600,3710,2176,2105,1949
15/10/2018 23:30,1424,1495,1774,3600,3600,3485,2176,2105,1711
16/10/2018 0:00,1489,1568,1758,3320,3320,3377,1831,1752,1619
16/10/2018 0:30,1489,1568,1754,3320,3320,3312,1831,1752,1558
16/10/2018 1:00,1555,1645,1799,3128,3128,3210,1573,1483,1411
16/10/2018 1:30,1555,1645,1823,3128,3128,3129,1573,1483,1306
16/10/2018 2:00,1627,1731,1942,3011,3011,3092,1384,1280,1150
16/10/2018 2:30,1627,1731,2087,3011,3011,3075,1384,1280,988
16/10/2018 3:00,1716,1809,2195,2948,2948,3034,1232,1139,839
16/10/2018 3:30,1716,1809,2206,2948,2948,3005,1232,1139,799
16/10/2018 4:00,1795,1875,2192,2962,2962,3018,1167,1087,826
16/10/2018 4:30,1795,1875,2199,2962,2962,3027,1167,1087,828
16/10/2018 5:00,1894,1961,2192,3089,3089,3082,1195,1128,890
16/10/2018 5:30,1894,1961,2360,3089,3089,3195,1195,1128,835
16/10/2018 6:00,2051,2095,2419,3578,3578,3458,1527,1483,1039
16/10/2018 6:30,2051,2095,2520,3578,3578,3763,1527,1483,1243
16/10/2018 7:00,2215,2252,2611,4400,4400,4241,2185,2148,1630
16/10/2018 7:30,2215,2252,2656,4400,4400,4655,2185,2148,1999
16/10/2018 8:00,2328,2519,2757,4838,4847,4846,2510,2328,2089
16/10/2018 8:30,2328,2519,2686,4838,4847,4873,2510,2328,2187
16/10/2018 9:00,2355,2601,2637,4953,4963,4929,2598,2362,2292
16/10/2018 9:30,2355,2601,2538,4953,4963,4910,2598,2362,2372
16/10/2018 10:00,2264,2472,2488,4956,4943,4916,2692,2471,2428
16/10/2018 10:30,2264,2472,2486,4956,4943,4950,2692,2471,2464
16/10/2018 11:00,2095,2328,2443,4949,4936,4981,2854,2608,2538
16/10/2018 11:30,2095,2328,2231,4949,4936,4949,2854,2608,2718
16/10/2018 12:00,1938,2112,2162,4967,4946,4953,3029,2834,2791
16/10/2018 12:30,1938,2112,2067,4967,4946,4937,3029,2834,2870
16/10/2018 13:00,1820,1893,2120,4874,4856,4877,3054,2963,2757
16/10/2018 13:30,1820,1893,2065,4874,4856,4775,3054,2963,2710
16/10/2018 14:00,1722,1916,2055,4842,4816,4754,3120,2900,2699
16/10/2018 14:30,1722,1916,2137,4842,4816,4780,3120,2900,2643
16/10/2018 15:00,1631,1788,2184,4893,4854,4817,3262,3066,2633
16/10/2018 15:30,1631,1788,2148,4893,4854,4844,3262,3066,2696
16/10/2018 16:00,1541,1835,2031,5057,5029,4900,3516,3194,2869
16/10/2018 16:30,1541,1835,1810,5057,5029,4993,3516,3194,3183
16/10/2018 17:00,1446,1734,1623,5285,5275,5065,3839,3541,3442
16/10/2018 17:30,1446,1734,1456,5285,5275,5119,3839,3541,3663
16/10/2018 18:00,1384,1762,1552,5400,5411,5128,4016,3649,3576
16/10/2018 18:30,1384,1762,1583,5400,5411,5213,4016,3649,3630
16/10/2018 19:00,1351,1633,1645,5464,5457,5402,4113,3824,3757
16/10/2018 19:30,1351,1633,1543,5464,5457,5356,4113,3824,3813
16/10/2018 20:00,1305,1508,1542,5201,5197,5186,3896,3689,3644
16/10/2018 20:30,1305,1508,1432,5201,5197,5030,3896,3689,3598
16/10/2018 21:00,1233,1167,1352,4778,4768,4824,3545,3601,3472
16/10/2018 21:30,1233,1167,1288,4778,4768,4585,3545,3601,3297
16/10/2018 22:00,1107,1274,1290,4230,4216,4325,3123,2942,3035
16/10/2018 22:30,1107,1274,1243,4230,4216,4031,3123,2942,2788
16/10/2018 23:00,844,1142,1129,3718,3718,3776,2874,2576,2647
16/10/2018 23:30,844,1142,968,3718,3718,3539,2874,2576,2571
17/10/2018 0:00,726,1005,955,3426,3426,3398,2700,2421,2443
17/10/2018 0:30,726,1005,942,3426,3426,3318,2700,2421,2376
17/10/2018 1:00,631,902,926,3213,3211,3231,2582,2309,2305
17/10/2018 1:30,631,902,844,3213,3211,3162,2582,2309,2318
17/10/2018 2:00,551,827,806,3097,3105,3109,2546,2278,2303
17/10/2018 2:30,551,827,816,3097,3105,3068,2546,2278,2252
17/10/2018 3:00,461,655,819,3027,3038,3029,2566,2383,2210
17/10/2018 3:30,461,655,802,3027,3038,3000,2566,2383,2198
17/10/2018 4:00,364,516,764,3041,3049,3015,2677,2533,2251
17/10/2018 4:30,364,516,716,3041,3049,3034,2677,2533,2318
17/10/2018 5:00,311,485,607,3179,3187,3107,2868,2702,2500
17/10/2018 5:30,311,485,580,3179,3187,3192,2868,2702,2612
17/10/2018 6:00,303,509,518,3667,3674,3448,3364,3165,2930
17/10/2018 6:30,303,509,524,3667,3674,3761,3364,3165,3237
17/10/2018 7:00,317,606,495,4495,4501,4277,4178,3895,3782
17/10/2018 7:30,317,606,517,4495,4501,4726,4178,3895,4209
17/10/2018 8:00,342,606,582,4891,4885,4920,4549,4279,4338
17/10/2018 8:30,342,606,561,4891,4885,4937,4549,4279,4376
17/10/2018 9:00,375,621,534,4988,4971,4939,4613,4350,4405
17/10/2018 9:30,375,621,501,4988,4971,4959,4613,4350,4458
17/10/2018 10:00,410,629,494,4964,4955,4903,4554,4326,4409
17/10/2018 10:30,410,629,459,4964,4955,4875,4554,4326,4416
17/10/2018 11:00,458,658,535,4945,4945,4852,4487,4287,4317
17/10/2018 11:30,458,658,612,4945,4945,4820,4487,4287,4208
17/10/2018 12:00,522,807,692,4948,4939,4826,4426,4132,4134
17/10/2018 12:30,522,807,731,4948,4939,4828,4426,4132,4097
17/10/2018 13:00,567,796,762,4868,4842,4787,4301,4046,4025
17/10/2018 13:30,567,796,761,4868,4842,4703,4301,4046,3942
17/10/2018 14:00,573,754,740,4826,4809,4697,4253,4055,3957
17/10/2018 14:30,573,754,712,4826,4809,4703,4253,4055,3991
17/10/2018 15:00,548,677,692,4863,4868,4713,4315,4191,4021
17/10/2018 15:30,548,677,639,4863,4868,4764,4315,4191,4125
17/10/2018 16:00,504,551,638,5051,5030,4828,4547,4479,4190
17/10/2018 16:30,504,551,588,5051,5030,4948,4547,4479,4360
17/10/2018 17:00,449,445,537,5295,5263,5061,4846,4818,4524
17/10/2018 17:30,449,445,423,5295,5263,5143,4846,4818,4720
17/10/2018 18:00,410,342,333,5437,5393,5129,5027,5051,4796
17/10/2018 18:30,410,342,332,5437,5393,5260,5027,5051,4928
17/10/2018 19:00,394,351,345,5488,5455,5456,5094,5104,5111
17/10/2018 19:30,394,351,347,5488,5455,5424,5094,5104,5077
17/10/2018 20:00,388,350,331,5235,5203,5298,4847,4853,4967
17/10/2018 20:30,388,350,323,5235,5203,5140,4847,4853,4817
17/10/2018 21:00,367,269,325,4815,4794,4946,4448,4525,4621
17/10/2018 21:30,367,269,326,4815,4794,4693,4448,4525,4367
17/10/2018 22:00,321,294,305,4277,4264,4414,3956,3970,4109
17/10/2018 22:30,321,294,281,4277,4264,4143,3956,3970,3862
17/10/2018 23:00,234,245,255,3800,3779,3895,3566,3534,3640
17/10/2018 23:30,234,245,226,3800,3779,3691,3566,3534,3465
18/10/2018 0:00,174,174,198,3510,3476,3565,3336,3302,3367
18/10/2018 0:30,174,174,167,3510,3476,3474,3336,3302,3307
18/10/2018 1:00,134,101,153,3297,3272,3376,3163,3171,3223
18/10/2018 1:30,134,101,145,3297,3272,3302,3163,3171,3157
18/10/2018 2:00,104,54,123,3184,3159,3256,3080,3105,3133
18/10/2018 2:30,104,54,101,3184,3159,3209,3080,3105,3108
18/10/2018 3:00,81,61,79,3119,3093,3172,3038,3032,3093
18/10/2018 3:30,81,61,66,3119,3093,3162,3038,3032,3096
18/10/2018 4:00,66,36,49,3140,3118,3163,3074,3082,3114
18/10/2018 4:30,66,36,20,3140,3118,3195,3074,3082,3175
18/10/2018 5:00,60,73,0,3285,3265,3249,3225,3192,3249
18/10/2018 5:30,60,73,0,3285,3265,3322,3225,3192,3322
18/10/2018 6:00,61,62,0,3786,3773,3565,3725,3711,3565
18/10/2018 6:30,61,62,0,3786,3773,3871,3725,3711,3871
18/10/2018 7:00,65,63,0,4629,4629,4400,4564,4566,4400
18/10/2018 7:30,65,63,39,4629,4629,4862,4564,4566,4823
18/10/2018 8:00,69,58,40,5018,5006,5031,4949,4948,4991
18/10/2018 8:30,69,58,19,5018,5006,5058,4949,4948,5039
18/10/2018 9:00,75,65,0,5084,5056,5095,5009,4991,5095
18/10/2018 9:30,75,65,0,5084,5056,5111,5009,4991,5111
18/10/2018 10:00,88,86,49,5043,5015,5048,4955,4929,4999
18/10/2018 10:30,88,86,49,5043,5015,5017,4955,4929,4968
18/10/2018 11:00,113,80,62,5005,4972,4992,4892,4892,4930
18/10/2018 11:30,113,80,94,5005,4972,4953,4892,4892,4859
18/10/2018 12:00,157,115,141,4990,4939,4922,4833,4824,4781
18/10/2018 12:30,157,115,207,4990,4939,4903,4833,4824,4696
18/10/2018 13:00,219,173,248,4890,4835,4846,4671,4662,4598
18/10/2018 13:30,219,173,320,4890,4835,4744,4671,4662,4424
18/10/2018 14:00,276,261,184,4834,4787,4744,4558,4526,4560
18/10/2018 14:30,276,261,362,4834,4787,4724,4558,4526,4362
18/10/2018 15:00,309,325,384,4863,4819,4734,4554,4494,4350
18/10/2018 15:30,309,325,344,4863,4819,4786,4554,4494,4442
18/10/2018 16:00,335,365,327,5035,4990,4862,4700,4625,4535
18/10/2018 16:30,335,365,288,5035,4990,4987,4700,4625,4699
18/10/2018 17:00,374,518,262,5315,5260,5102,4941,4742,4840
18/10/2018 17:30,374,518,297,5315,5260,5192,4941,4742,4895
18/10/2018 18:00,431,493,360,5484,5417,5260,5053,4924,4900
18/10/2018 18:30,431,493,395,5484,5417,5413,5053,4924,5018
18/10/2018 19:00,516,478,447,5550,5530,5523,5034,5052,5076
18/10/2018 19:30,516,478,544,5550,5530,5467,5034,5052,4923
18/10/2018 20:00,642,484,612,5312,5282,5302,4670,4798,4690
18/10/2018 20:30,642,484,716,5312,5282,5151,4670,4798,4435
18/10/2018 21:00,790,659,779,4885,4860,4930,4095,4201,4151
18/10/2018 21:30,790,659,901,4885,4860,4679,4095,4201,3778
18/10/2018 22:00,917,795,1033,4336,4313,4394,3419,3518,3361
18/10/2018 22:30,917,795,1237,4336,4313,4113,3419,3518,2876
18/10/2018 23:00,1026,994,1344,3835,3835,3851,2809,2841,2507
18/10/2018 23:30,1026,994,1421,3835,3835,3648,2809,2841,2227
19/10/2018 0:00,1107,1183,1451,3544,3544,3535,2437,2361,2084
19/10/2018 0:30,1107,1183,1433,3544,3544,3443,2437,2361,2010
19/10/2018 1:00,1154,1317,1352,3301,3319,3329,2147,2002,1977
19/10/2018 1:30,1154,1317,1342,3301,3319,3245,2147,2002,1903
19/10/2018 2:00,1183,1502,1407,3165,3187,3192,1982,1685,1785
19/10/2018 2:30,1183,1502,1502,3165,3187,3151,1982,1685,1649
19/10/2018 3:00,1192,1501,1598,3085,3109,3124,1893,1608,1526
19/10/2018 3:30,1192,1501,1623,3085,3109,3079,1893,1608,1456
19/10/2018 4:00,1222,1484,1679,3097,3120,3080,1875,1636,1401
19/10/2018 4:30,1222,1484,1709,3097,3120,3105,1875,1636,1396
19/10/2018 5:00,1275,1448,1780,3244,3255,3175,1969,1807,1395
19/10/2018 5:30,1275,1448,1739,3244,3255,3265,1969,1807,1526
19/10/2018 6:00,1302,1598,1692,3703,3701,3485,2401,2103,1793
19/10/2018 6:30,1302,1598,1603,3703,3701,3794,2401,2103,2191
19/10/2018 7:00,1316,1635,1526,4474,4471,4259,3158,2836,2733
19/10/2018 7:30,1316,1635,1469,4474,4471,4710,3158,2836,3241
19/10/2018 8:00,1293,1644,1427,4900,4894,4871,3607,3250,3444
19/10/2018 8:30,1293,1644,1302,4900,4894,4897,3607,3250,3595
19/10/2018 9:00,1172,1462,1221,5062,5069,4936,3890,3607,3715
19/10/2018 9:30,1172,1462,1154,5062,5069,4972,3890,3607,3818
19/10/2018 10:00,979,1219,1111,5039,5050,4927,4060,3831,3816
19/10/2018 10:30,979,1219,1077,5039,5050,4912,4060,3831,3835
19/10/2018 11:00,783,973,1010,4994,5006,4931,4211,4033,3921
19/10/2018 11:30,783,973,882,4994,5006,4897,4211,4033,4015
19/10/2018 12:00,634,733,818,4975,4964,4891,4341,4231,4073
19/10/2018 12:30,634,733,721,4975,4964,4882,4341,4231,4161
19/10/2018 13:00,529,528,635,4856,4832,4833,4327,4304,4198
19/10/2018 13:30,529,528,541,4856,4832,4770,4327,4304,4229
19/10/2018 14:00,452,381,469,4770,4748,4761,4318,4367,4292
19/10/2018 14:30,452,381,362,4770,4748,4743,4318,4367,4381
19/10/2018 15:00,405,263,293,4766,4739,4738,4361,4476,4445
19/10/2018 15:30,405,263,267,4766,4739,4765,4361,4476,4498
19/10/2018 16:00,391,223,223,4895,4876,4804,4504,4653,4581
19/10/2018 16:30,391,223,208,4895,4876,4906,4504,4653,4698
19/10/2018 17:00,413,235,236,5139,5112,4992,4726,4877,4756
19/10/2018 17:30,413,235,316,5139,5112,5051,4726,4877,4735
19/10/2018 18:00,487,347,398,5298,5295,5057,4811,4948,4659
19/10/2018 18:30,487,347,512,5298,5295,5195,4811,4948,4683
19/10/2018 19:00,625,521,637,5342,5327,5278,4717,4806,4641
19/10/2018 19:30,625,521,784,5342,5327,5161,4717,4806,4377
19/10/2018 20:00,798,716,952,5035,5010,5010,4237,4294,4058
19/10/2018 20:30,798,716,1005,5035,5010,4830,4237,4294,3825
19/10/2018 21:00,972,1019,1018,4629,4601,4660,3657,3582,3642
19/10/2018 21:30,972,1019,1036,4629,4601,4447,3657,3582,3411
19/10/2018 22:00,1112,1116,1144,4184,4165,4245,3072,3049,3101
19/10/2018 22:30,1112,1116,1203,4184,4165,4008,3072,3049,2805
19/10/2018 23:00,1186,1266,1259,3799,3799,3808,2613,2533,2549
19/10/2018 23:30,1186,1266,1338,3799,3799,3660,2613,2533,2322
20/10/2018 0:00,1262,1271,1429,3521,3521,3536,2259,2250,2107
20/10/2018 0:30,1262,1271,1433,3521,3521,3421,2259,2250,1988
20/10/2018 1:00,1309,1281,1471,3248,3254,3303,1939,1973,1832
20/10/2018 1:30,1309,1281,1577,3248,3254,3205,1939,1973,1628
20/10/2018 2:00,1326,1328,1503,3081,3082,3127,1755,1754,1624
20/10/2018 2:30,1326,1328,1577,3081,3082,3085,1755,1754,1508
20/10/2018 3:00,1318,1358,1646,2988,2979,3035,1670,1621,1389
20/10/2018 3:30,1318,1358,1572,2988,2979,2992,1670,1621,1420
20/10/2018 4:00,1291,1340,1472,2973,2954,2966,1682,1614,1494
20/10/2018 4:30,1291,1340,1466,2973,2954,2959,1682,1614,1493
20/10/2018 5:00,1275,1463,1512,3012,3000,3002,1737,1537,1490
20/10/2018 5:30,1275,1463,1462,3012,3000,3016,1737,1537,1554
20/10/2018 6:00,1285,1612,1440,3210,3205,3128,1925,1593,1688
20/10/2018 6:30,1285,1612,1454,3210,3205,3244,1925,1593,1790
20/10/2018 7:00,1296,1559,1416,3570,3582,3428,2274,2023,2012
20/10/2018 7:30,1296,1559,1425,3570,3582,3634,2274,2023,2209
20/10/2018 8:00,1298,1602,1445,3977,3960,3842,2679,2358,2397
20/10/2018 8:30,1298,1602,1548,3977,3960,4099,2679,2358,2551
20/10/2018 9:00,1281,1428,1512,4328,4301,4276,3047,2873,2764
20/10/2018 9:30,1281,1428,1402,4328,4301,4366,3047,2873,2964
20/10/2018 10:00,1226,1353,1433,4474,4448,4421,3248,3095,2988
20/10/2018 10:30,1226,1353,1419,4474,4448,4466,3248,3095,3047
20/10/2018 11:00,1168,1267,1274,4511,4487,4454,3343,3220,3180
20/10/2018 11:30,1168,1267,1240,4511,4487,4460,3343,3220,3220
20/10/2018 12:00,1129,1318,1189,4492,4448,4471,3363,3130,3282
20/10/2018 12:30,1129,1318,1155,4492,4448,4454,3363,3130,3299
20/10/2018 13:00,1099,1241,1123,4387,4366,4394,3288,3125,3271
20/10/2018 13:30,1099,1241,1111,4387,4366,4325,3288,3125,3214
20/10/2018 14:00,1081,1169,1105,4260,4253,4254,3179,3084,3149
20/10/2018 14:30,1081,1169,1152,4260,4253,4209,3179,3084,3057
20/10/2018 15:00,1064,1159,1166,4216,4215,4215,3152,3056,3049
20/10/2018 15:30,1064,1159,1105,4216,4215,4199,3152,3056,3094
20/10/2018 16:00,1045,1059,1041,4308,4309,4254,3263,3250,3213
20/10/2018 16:30,1045,1059,949,4308,4309,4355,3263,3250,3406
20/10/2018 17:00,1024,985,952,4593,4583,4487,3569,3598,3535
20/10/2018 17:30,1024,985,959,4593,4583,4613,3569,3598,3654
20/10/2018 18:00,987,1019,989,4840,4794,4697,3853,3775,3708
20/10/2018 18:30,987,1019,1021,4840,4794,4852,3853,3775,3831
20/10/2018 19:00,949,944,1024,4809,4780,4863,3860,3836,3839
20/10/2018 19:30,949,944,1063,4809,4780,4756,3860,3836,3693
20/10/2018 20:00,912,896,1021,4505,4485,4573,3593,3589,3552
20/10/2018 20:30,912,896,981,4505,4485,4412,3593,3589,3431
20/10/2018 21:00,884,930,927,4199,4184,4255,3315,3254,3328
20/10/2018 21:30,884,930,878,4199,4184,4104,3315,3254,3226
20/10/2018 22:00,866,893,857,3864,3852,3954,2998,2959,3097
20/10/2018 22:30,866,893,883,3864,3852,3781,2998,2959,2898
20/10/2018 23:00,931,870,863,3556,3556,3619,2625,2686,2756
20/10/2018 23:30,931,870,923,3556,3556,3473,2625,2686,2550
21/10/2018 0:00,966,842,964,3345,3341,3392,2379,2499,2428
21/10/2018 0:30,966,842,994,3345,3341,3280,2379,2499,2286
21/10/2018 1:00,1031,880,1013,3104,3121,3176,2073,2241,2163
21/10/2018 1:30,1031,880,1018,3104,3121,3067,2073,2241,2049
21/10/2018 2:00,1114,974,1167,2930,2945,3031,1816,1971,1864
21/10/2018 2:30,1114,974,1212,2930,2945,2991,1816,1971,1779
21/10/2018 3:00,1210,1122,1196,2839,2848,2941,1629,1726,1745
21/10/2018 3:30,1210,1122,1241,2839,2848,2879,1629,1726,1638
21/10/2018 4:00,1339,1240,1362,2819,2822,2852,1480,1582,1490
21/10/2018 4:30,1339,1240,1370,2819,2822,2832,1480,1582,1462
21/10/2018 5:00,1456,1483,1428,2845,2848,2823,1389,1365,1395
21/10/2018 5:30,1456,1483,1509,2845,2848,2830,1389,1365,1321
21/10/2018 6:00,1480,1467,1666,2959,2963,2873,1479,1496,1207
21/10/2018 6:30,1480,1467,1523,2959,2963,2921,1479,1496,1398
21/10/2018 7:00,1349,1376,1494,3169,3139,3061,1820,1763,1567
21/10/2018 7:30,1349,1376,1457,3169,3139,3214,1820,1763,1757
21/10/2018 8:00,1256,1211,1379,3434,3450,3321,2178,2239,1942
21/10/2018 8:30,1256,1211,1453,3434,3450,3538,2178,2239,2085
21/10/2018 9:00,1343,1443,1487,3811,3830,3728,2468,2387,2241
21/10/2018 9:30,1343,1443,1483,3811,3830,3894,2468,2387,2411
21/10/2018 10:00,1417,1522,1676,4088,4090,4079,2671,2568,2403
21/10/2018 10:30,1417,1522,1719,4088,4090,4219,2671,2568,2500
21/10/2018 11:00,1415,1520,1720,4224,4218,4310,2809,2698,2590
21/10/2018 11:30,1415,1520,1640,4224,4218,4325,2809,2698,2685
21/10/2018 12:00,1432,1530,1524,4329,4324,4392,2897,2794,2868
21/10/2018 12:30,1432,1530,1576,4329,4324,4452,2897,2794,2876
21/10/2018 13:00,1518,1603,1752,4294,4275,4408,2776,2672,2656
21/10/2018 13:30,1518,1603,1901,4294,4275,4308,2776,2672,2407
21/10/2018 14:00,1661,1861,1977,4144,4126,4181,2483,2265,2204
21/10/2018 14:30,1661,1861,2037,4144,4126,4094,2483,2265,2057
21/10/2018 15:00,1799,1966,2114,4084,4073,4049,2285,2107,1935
21/10/2018 15:30,1799,1966,2167,4084,4073,4055,2285,2107,1888
21/10/2018 16:00,1831,2162,2115,4188,4186,4085,2357,2024,1970
21/10/2018 16:30,1831,2162,2004,4188,4186,4157,2357,2024,2153
21/10/2018 17:00,1723,2093,1974,4499,4487,4293,2776,2394,2319
21/10/2018 17:30,1723,2093,1888,4499,4487,4424,2776,2394,2536
21/10/2018 18:00,1552,1868,1761,4691,4690,4524,3139,2822,2763
21/10/2018 18:30,1552,1868,1738,4691,4690,4739,3139,2822,3001
21/10/2018 19:00,1382,1673,1731,4711,4712,4876,3329,3039,3145
21/10/2018 19:30,1382,1673,1677,4711,4712,4780,3329,3039,3103
21/10/2018 20:00,1217,1444,1653,4476,4460,4650,3259,3016,2997
21/10/2018 20:30,1217,1444,1624,4476,4460,4506,3259,3016,2882
21/10/2018 21:00,1074,1294,1595,4165,4153,4368,3091,2859,2773
21/10/2018 21:30,1074,1294,1574,4165,4153,4156,3091,2859,2582
21/10/2018 22:00,952,1197,1454,3778,3771,3958,2826,2574,2504
21/10/2018 22:30,952,1197,1281,3778,3771,3719,2826,2574,2438
21/10/2018 23:00,922,1047,1213,3429,3429,3510,2507,2382,2297
21/10/2018 23:30,922,1047,1184,3429,3429,3318,2507,2382,2134
22/10/2018 0:00,791,1085,919,3193,3188,3223,2402,2103,2304
22/10/2018 0:30,791,1085,822,3193,3188,3155,2402,2103,2333
22/10/2018 1:00,700,1027,775,3005,3017,3086,2305,1990,2311
22/10/2018 1:30,700,1027,798,3005,3017,3010,2305,1990,2212
22/10/2018 2:00,660,897,820,2894,2920,2963,2234,2023,2143
22/10/2018 2:30,660,897,822,2894,2920,2941,2234,2023,2119
22/10/2018 3:00,648,937,867,2839,2854,2911,2191,1917,2044
22/10/2018 3:30,648,937,862,2839,2854,2889,2191,1917,2027
22/10/2018 4:00,649,935,823,2866,2860,2903,2217,1925,2080
22/10/2018 4:30,649,935,819,2866,2860,2940,2217,1925,2121
22/10/2018 5:00,657,853,847,2997,2992,3012,2340,2139,2165
22/10/2018 5:30,657,853,829,2997,2992,3097,2340,2139,2268
22/10/2018 6:00,632,822,743,3474,3467,3350,2842,2645,2607
22/10/2018 6:30,632,822,717,3474,3467,3656,2842,2645,2939
22/10/2018 7:00,576,662,691,4309,4309,4166,3733,3647,3475
22/10/2018 7:30,576,662,708,4309,4309,4665,3733,3647,3957
22/10/2018 8:00,523,567,653,4739,4736,4887,4216,4169,4234
22/10/2018 8:30,523,567,606,4739,4736,4920,4216,4169,4314
22/10/2018 9:00,515,415,599,4858,4861,4967,4343,4446,4368
22/10/2018 9:30,515,415,585,4858,4861,5010,4343,4446,4425
22/10/2018 10:00,590,471,499,4852,4890,4961,4262,4419,4462
22/10/2018 10:30,590,471,470,4852,4890,4950,4262,4419,4480
22/10/2018 11:00,768,669,514,4853,4901,4947,4085,4232,4433
22/10/2018 11:30,768,669,608,4853,4901,4922,4085,4232,4314
22/10/2018 12:00,975,912,745,4881,4927,4905,3906,4015,4160
22/10/2018 12:30,975,912,885,4881,4927,4935,3906,4015,4050
22/10/2018 13:00,1146,1053,929,4793,4846,4860,3647,3793,3931
22/10/2018 13:30,1146,1053,981,4793,4846,4760,3647,3793,3779
22/10/2018 14:00,1261,1096,1209,4741,4764,4750,3480,3668,3541
22/10/2018 14:30,1261,1096,1324,4741,4764,4766,3480,3668,3442
22/10/2018 15:00,1340,1216,1423,4768,4783,4786,3428,3567,3363
22/10/2018 15:30,1340,1216,1551,4768,4783,4811,3428,3567,3260
22/10/2018 16:00,1389,1360,1706,4973,4975,4862,3584,3615,3156
22/10/2018 16:30,1389,1360,1818,4973,4975,5014,3584,3615,3196
22/10/2018 17:00,1408,1471,1856,5284,5262,5120,3876,3791,3264
22/10/2018 17:30,1408,1471,1796,5284,5262,5215,3876,3791,3419
22/10/2018 18:00,1402,1567,1832,5366,5372,5252,3964,3805,3420
22/10/2018 18:30,1402,1567,1953,5366,5372,5464,3964,3805,3511
22/10/2018 19:00,1396,1729,1977,5331,5378,5506,3935,3649,3529
22/10/2018 19:30,1396,1729,1887,5331,5378,5372,3935,3649,3485
22/10/2018 20:00,1430,1905,1857,5022,5065,5183,3592,3160,3326
22/10/2018 20:30,1430,1905,2089,5022,5065,5027,3592,3160,2938
22/10/2018 21:00,1496,1890,2201,4613,4648,4852,3117,2758,2651
22/10/2018 21:30,1496,1890,2291,4613,4648,4585,3117,2758,2294
22/10/2018 22:00,1568,2066,2189,4104,4126,4331,2536,2060,2142
22/10/2018 22:30,1568,2066,2030,4104,4126,4052,2536,2060,2022
22/10/2018 23:00,1801,1883,1788,3632,3624,3781,1831,1741,1993
22/10/2018 23:30,1801,1883,1764,3632,3624,3565,1831,1741,1801
23/10/2018 0:00,1854,2218,1889,3332,3334,3472,1478,1116,1583
23/10/2018 0:30,1854,2218,2092,3332,3334,3376,1478,1116,1284
23/10/2018 1:00,1909,2270,2170,3143,3165,3284,1234,895,1114
23/10/2018 1:30,1909,2270,2214,3143,3165,3222,1234,895,1008
23/10/2018 2:00,1946,1951,2110,3034,3053,3162,1088,1102,1052
23/10/2018 2:30,1946,1951,2017,3034,3053,3085,1088,1102,1068
23/10/2018 3:00,1977,2018,1968,2971,2999,3032,994,981,1064
23/10/2018 3:30,1977,2018,1992,2971,2999,3017,994,981,1025
23/10/2018 4:00,2005,2055,2040,2984,3025,3004,979,970,964
23/10/2018 4:30,2005,2055,2148,2984,3025,3025,979,970,877
23/10/2018 5:00,2039,2249,2351,3106,3156,3133,1067,907,782
23/10/2018 5:30,2039,2249,2440,3106,3156,3227,1067,907,787
23/10/2018 6:00,2070,2029,2494,3587,3651,3476,1517,1622,982
23/10/2018 6:30,2070,2029,2489,3587,3651,3805,1517,1622,1316
23/10/2018 7:00,2083,2049,2467,4387,4464,4285,2304,2415,1818
23/10/2018 7:30,2083,2049,2426,4387,4464,4753,2304,2415,2327
23/10/2018 8:00,2052,2204,2475,4815,4876,4985,2763,2672,2510
23/10/2018 8:30,2052,2204,2418,4815,4876,4975,2763,2672,2557
23/10/2018 9:00,1980,2238,2332,4956,5011,4976,2976,2773,2644
23/10/2018 9:30,1980,2238,2337,4956,5011,5016,2976,2773,2679
23/10/2018 10:00,1935,2237,2352,4978,5003,4972,3043,2766,2620
23/10/2018 10:30,1935,2237,2358,4978,5003,4974,3043,2766,2616
23/10/2018 11:00,1906,2221,2374,4985,4994,4973,3079,2773,2599
23/10/2018 11:30,1906,2221,2353,4985,4994,4939,3079,2773,2586
23/10/2018 12:00,1879,2241,2333,5010,5005,4922,3131,2764,2589
23/10/2018 12:30,1879,2241,2294,5010,5005,4929,3131,2764,2635
23/10/2018 13:00,1851,2146,2308,4908,4902,4893,3057,2756,2585
23/10/2018 13:30,1851,2146,2274,4908,4902,4800,3057,2756,2526
23/10/2018 14:00,1804,2110,2173,4849,4874,4783,3045,2764,2610
23/10/2018 14:30,1804,2110,2075,4849,4874,4775,3045,2764,2700
23/10/2018 15:00,1752,1902,2031,4890,4929,4790,3138,3027,2759
23/10/2018 15:30,1752,1902,1977,4890,4929,4836,3138,3027,2859
23/10/2018 16:00,1717,1845,1968,5112,5137,4897,3395,3292,2929
23/10/2018 16:30,1717,1845,2000,5112,5137,5055,3395,3292,3055
23/10/2018 17:00,1695,1771,1937,5452,5448,5167,3757,3677,3230
23/10/2018 17:30,1695,1771,1969,5452,5448,5248,3757,3677,3279
23/10/2018 18:00,1676,1841,1943,5559,5601,5318,3883,3760,3375
23/10/2018 18:30,1676,1841,2005,5559,5601,5499,3883,3760,3494
23/10/2018 19:00,1639,1833,2094,5468,5519,5568,3829,3686,3474
23/10/2018 19:30,1639,1833,2153,5468,5519,5466,3829,3686,3313
23/10/2018 20:00,1562,1858,2185,5152,5198,5318,3590,3340,3133
23/10/2018 20:30,1562,1858,2130,5152,5198,5115,3590,3340,2985
23/10/2018 21:00,1461,1735,2087,4747,4787,4941,3286,3052,2854
23/10/2018 21:30,1461,1735,2016,4747,4787,4640,3286,3052,2624
23/10/2018 22:00,1364,1721,1836,4225,4253,4402,2861,2532,2566
23/10/2018 22:30,1364,1721,1688,4225,4253,4154,2861,2532,2466
23/10/2018 23:00,1349,1675,1630,3749,3776,3910,2400,2101,2280
23/10/2018 23:30,1349,1675,1593,3749,3776,3721,2400,2101,2128
24/10/2018 0:00,1246,1548,1342,3452,3500,3578,2206,1952,2236
24/10/2018 0:30,1246,1548,1227,3452,3500,3483,2206,1952,2256
24/10/2018 1:00,1161,1278,1093,3251,3293,3372,2090,2015,2279
24/10/2018 1:30,1161,1278,1095,3251,3293,3294,2090,2015,2199
24/10/2018 2:00,1087,1178,1024,3129,3163,3243,2042,1985,2219
24/10/2018 2:30,1087,1178,995,3129,3163,3196,2042,1985,2201
24/10/2018 3:00,1011,1048,938,3061,3081,3139,2050,2033,2201
24/10/2018 3:30,1011,1048,962,3061,3081,3102,2050,2033,2140
24/10/2018 4:00,948,971,973,3075,3092,3088,2127,2121,2115
24/10/2018 4:30,948,971,1076,3075,3092,3131,2127,2121,2055
24/10/2018 5:00,906,838,1192,3212,3236,3199,2306,2398,2007
24/10/2018 5:30,906,838,1271,3212,3236,3299,2306,2398,2028
24/10/2018 6:00,886,879,1276,3688,3714,3536,2802,2835,2260
24/10/2018 6:30,886,879,1235,3688,3714,3875,2802,2835,2640
24/10/2018 7:00,912,978,1218,4502,4526,4372,3590,3548,3154
24/10/2018 7:30,912,978,1136,4502,4526,4820,3590,3548,3684
24/10/2018 8:00,971,1123,1158,4896,4913,5049,3925,3790,3891
24/10/2018 8:30,971,1123,1141,4896,4913,5065,3925,3790,3924
24/10/2018 9:00,1004,1227,1140,5023,5008,5075,4019,3781,3935
24/10/2018 9:30,1004,1227,1136,5023,5008,5097,4019,3781,3961
24/10/2018 10:00,975,1128,1077,5015,4992,5026,4040,3864,3949
24/10/2018 10:30,975,1128,1053,5015,4992,5020,4040,3864,3967
24/10/2018 11:00,884,1050,1038,5004,4970,5029,4120,3920,3991
24/10/2018 11:30,884,1050,1031,5004,4970,5021,4120,3920,3990
24/10/2018 12:00,774,1012,979,4999,4935,5001,4225,3923,4022
24/10/2018 12:30,774,1012,956,4999,4935,5022,4225,3923,4066
24/10/2018 13:00,709,1025,933,4917,4857,4967,4208,3832,4034
24/10/2018 13:30,709,1025,915,4917,4857,4867,4208,3832,3952
24/10/2018 14:00,700,1042,916,4868,4815,4860,4168,3773,3944
24/10/2018 14:30,700,1042,946,4868,4815,4865,4168,3773,3919
24/10/2018 15:00,710,1073,969,4924,4877,4867,4214,3804,3898
24/10/2018 15:30,710,1073,1001,4924,4877,4918,4214,3804,3917
24/10/2018 16:00,708,1025,1035,5133,5088,5009,4425,4063,3974
24/10/2018 16:30,708,1025,1085,5133,5088,5148,4425,4063,4063
24/10/2018 17:00,691,950,1052,5470,5407,5255,4779,4457,4203
24/10/2018 17:30,691,950,1065,5470,5407,5380,4779,4457,4315
24/10/2018 18:00,673,879,1003,5580,5527,5468,4907,4648,4465
24/10/2018 18:30,673,879,938,5580,5527,5624,4907,4648,4686
24/10/2018 19:00,666,789,1014,5537,5518,5628,4871,4729,4614
24/10/2018 19:30,666,789,936,5537,5518,5505,4871,4729,4569
24/10/2018 20:00,663,841,882,5208,5209,5358,4545,4368,4476
24/10/2018 20:30,663,841,882,5208,5209,5183,4545,4368,4301
24/10/2018 21:00,647,835,904,4792,4769,4994,4145,3934,4090
24/10/2018 21:30,647,835,915,4792,4769,4720,4145,3934,3805
24/10/2018 22:00,621,839,899,4263,4247,4463,3642,3408,3564
24/10/2018 22:30,621,839,843,4263,4247,4166,3642,3408,3323
24/10/2018 23:00,676,736,856,3802,3802,3908,3126,3066,3052
24/10/2018 23:30,676,736,891,3802,3802,3704,3126,3066,2813
25/10/2018 0:00,689,800,883,3508,3514,3578,2819,2714,2695
25/10/2018 0:30,689,800,854,3508,3514,3500,2819,2714,2646
25/10/2018 1:00,700,815,857,3289,3311,3406,2589,2496,2549
25/10/2018 1:30,700,815,853,3289,3311,3308,2589,2496,2455
25/10/2018 2:00,700,793,828,3162,3184,3234,2462,2391,2406
25/10/2018 2:30,700,793,827,3162,3184,3195,2462,2391,2368
25/10/2018 3:00,709,845,829,3078,3092,3163,2369,2247,2334
25/10/2018 3:30,709,845,865,3078,3092,3127,2369,2247,2262
25/10/2018 4:00,713,811,864,3082,3095,3122,2369,2284,2258
25/10/2018 4:30,713,811,847,3082,3095,3114,2369,2284,2267
25/10/2018 5:00,703,835,829,3206,3222,3185,2503,2387,2356
25/10/2018 5:30,703,835,818,3206,3222,3276,2503,2387,2458
25/10/2018 6:00,677,795,882,3671,3693,3516,2994,2898,2634
25/10/2018 6:30,677,795,872,3671,3693,3830,2994,2898,2958
25/10/2018 7:00,642,795,868,4489,4510,4333,3847,3715,3465
25/10/2018 7:30,642,795,860,4489,4510,4818,3847,3715,3958
25/10/2018 8:00,603,703,847,4884,4898,5038,4281,4195,4191
25/10/2018 8:30,603,703,734,4884,4898,5031,4281,4195,4297
25/10/2018 9:00,592,720,673,4994,5008,5027,4402,4288,4354
25/10/2018 9:30,592,720,635,4994,5008,5063,4402,4288,4428
25/10/2018 10:00,655,815,605,4991,4994,5006,4336,4179,4401
25/10/2018 10:30,655,815,662,4991,4994,5004,4336,4179,4342
25/10/2018 11:00,815,865,680,4984,5000,4999,4169,4135,4319
25/10/2018 11:30,815,865,748,4984,5000,4980,4169,4135,4232
25/10/2018 12:00,1030,911,779,4992,5017,4970,3962,4106,4191
25/10/2018 12:30,1030,911,890,4992,5017,4994,3962,4106,4104
25/10/2018 13:00,1233,1005,1090,4916,4929,4951,3683,3924,3861
25/10/2018 13:30,1233,1005,1238,4916,4929,4852,3683,3924,3614
25/10/2018 14:00,1425,1196,1305,4872,4886,4857,3447,3690,3552
25/10/2018 14:30,1425,1196,1379,4872,4886,4849,3447,3690,3470
25/10/2018 15:00,1563,1280,1475,4918,4916,4864,3355,3636,3389
25/10/2018 15:30,1563,1280,1548,4918,4916,4894,3355,3636,3346
25/10/2018 16:00,1638,1438,1491,5123,5124,4955,3485,3686,3464
25/10/2018 16:30,1638,1438,1505,5123,5124,5093,3485,3686,3588
25/10/2018 17:00,1666,1551,1502,5454,5424,5202,3788,3873,3700
25/10/2018 17:30,1666,1551,1528,5454,5424,5290,3788,3873,3762
25/10/2018 18:00,1636,1505,1523,5577,5590,5386,3941,4085,3863
25/10/2018 18:30,1636,1505,1573,5577,5590,5586,3941,4085,4013
25/10/2018 19:00,1563,1542,1662,5526,5525,5559,3963,3983,3897
25/10/2018 19:30,1563,1542,1772,5526,5525,5464,3963,3983,3692
25/10/2018 20:00,1519,1422,1843,5232,5234,5318,3713,3812,3475
25/10/2018 20:30,1519,1422,1872,5232,5234,5141,3713,3812,3269
25/10/2018 21:00,1603,1453,1942,4810,4816,4930,3207,3363,2988
25/10/2018 21:30,1603,1453,1873,4810,4816,4679,3207,3363,2806
25/10/2018 22:00,1714,1616,1938,4290,4285,4407,2576,2669,2469
25/10/2018 22:30,1714,1616,1834,4290,4285,4127,2576,2669,2293
25/10/2018 23:00,1640,1859,1783,3822,3822,3872,2182,1963,2089
25/10/2018 23:30,1640,1859,1779,3822,3822,3649,2182,1963,1870
26/10/2018 0:00,1861,2212,1826,3539,3543,3565,1678,1331,1739
26/10/2018 0:30,1861,2212,2008,3539,3543,3481,1678,1331,1473
26/10/2018 1:00,2027,2283,1978,3324,3337,3372,1297,1054,1394
26/10/2018 1:30,2027,2283,2139,3324,3337,3289,1297,1054,1150
26/10/2018 2:00,2085,2201,2033,3190,3195,3224,1105,994,1191
26/10/2018 2:30,2085,2201,2100,3190,3195,3187,1105,994,1087
26/10/2018 3:00,2040,2028,2176,3110,3123,3152,1070,1095,976
26/10/2018 3:30,2040,2028,2181,3110,3123,3128,1070,1095,947
26/10/2018 4:00,1966,2046,2159,3127,3127,3138,1161,1081,979
26/10/2018 4:30,1966,2046,2191,3127,3127,3135,1161,1081,944
26/10/2018 5:00,1987,2020,2253,3257,3260,3227,1270,1240,974
26/10/2018 5:30,1987,2020,2311,3257,3260,3308,1270,1240,997
26/10/2018 6:00,2051,2160,2362,3713,3718,3542,1662,1558,1180
26/10/2018 6:30,2051,2160,2278,3713,3718,3814,1662,1558,1536
26/10/2018 7:00,2041,2210,2286,4539,4560,4226,2498,2350,1940
26/10/2018 7:30,2041,2210,2203,4539,4560,4657,2498,2350,2454
26/10/2018 8:00,1895,2172,2096,4958,4970,4876,3063,2798,2780
26/10/2018 8:30,1895,2172,1958,4958,4970,4953,3063,2798,2995
26/10/2018 9:00,1816,2130,1855,5078,5064,5012,3262,2934,3157
26/10/2018 9:30,1816,2130,1721,5078,5064,5053,3262,2934,3332
26/10/2018 10:00,1905,2216,1756,5062,5048,5044,3157,2832,3288
26/10/2018 10:30,1905,2216,1998,5062,5048,5020,3157,2832,3022
26/10/2018 11:00,2102,2248,2141,5056,5033,4992,2954,2785,2851
26/10/2018 11:30,2102,2248,2216,5056,5033,4946,2954,2785,2730
26/10/2018 12:00,2395,2281,2408,5058,5027,4912,2663,2746,2504
26/10/2018 12:30,2395,2281,2441,5058,5027,4902,2663,2746,2461
26/10/2018 13:00,2611,2403,2479,4951,4933,4780,2340,2530,2301
26/10/2018 13:30,2611,2403,2609,4951,4933,4734,2340,2530,2125
26/10/2018 14:00,2719,2714,2718,4888,4869,4734,2169,2155,2016
26/10/2018 14:30,2719,2714,2826,4888,4869,4760,2169,2155,1934
26/10/2018 15:00,2753,2728,2900,4903,4877,4720,2150,2149,1820
26/10/2018 15:30,2753,2728,2794,4903,4877,4712,2150,2149,1918
26/10/2018 16:00,2619,2547,2611,5078,5035,4706,2459,2488,2095
26/10/2018 16:30,2619,2547,2638,5078,5035,4806,2459,2488,2168
26/10/2018 17:00,2429,2675,2577,5375,5305,4925,2946,2630,2348
26/10/2018 17:30,2429,2675,2558,5375,5305,5009,2946,2630,2451
26/10/2018 18:00,2295,2642,2399,5507,5455,5088,3212,2813,2689
26/10/2018 18:30,2295,2642,2469,5507,5455,5318,3212,2813,2849
26/10/2018 19:00,2194,2321,2426,5387,5354,5322,3193,3033,2896
26/10/2018 19:30,2194,2321,2415,5387,5354,5197,3193,3033,2782
26/10/2018 20:00,2097,2198,2489,5057,5030,5035,2960,2832,2546
26/10/2018 20:30,2097,2198,2443,5057,5030,4881,2960,2832,2438
26/10/2018 21:00,1996,2082,2488,4680,4648,4731,2684,2566,2243
26/10/2018 21:30,1996,2082,2370,4680,4648,4499,2684,2566,2129
26/10/2018 22:00,1924,2224,2329,4256,4219,4289,2332,1995,1960
26/10/2018 22:30,1924,2224,2240,4256,4219,4056,2332,1995,1816
26/10/2018 23:00,1874,2189,2182,3877,3877,3904,2003,1688,1722
26/10/2018 23:30,1874,2189,1977,3877,3877,3702,2003,1688,1725
27/10/2018 0:00,1823,2137,1899,3623,3618,3595,1800,1481,1696
27/10/2018 0:30,1823,2137,1922,3623,3618,3532,1800,1481,1610
27/10/2018 1:00,1708,1993,1861,3381,3390,3420,1673,1397,1559
27/10/2018 1:30,1708,1993,1826,3381,3390,3285,1673,1397,1459
27/10/2018 2:00,1535,1767,1793,3205,3220,3247,1670,1453,1454
27/10/2018 2:30,1535,1767,1682,3205,3220,3169,1670,1453,1487
27/10/2018 3:00,1436,1522,1560,3107,3122,3105,1671,1600,1545
27/10/2018 3:30,1436,1522,1455,3107,3122,3083,1671,1600,1628
27/10/2018 4:00,1416,1488,1496,3085,3092,3048,1669,1604,1552
27/10/2018 4:30,1416,1488,1384,3085,3092,3062,1669,1604,1678
27/10/2018 5:00,1469,1522,1333,3133,3148,3083,1664,1626,1750
27/10/2018 5:30,1469,1522,1362,3133,3148,3089,1664,1626,1727
27/10/2018 6:00,1540,1535,1468,3351,3360,3216,1811,1825,1748
27/10/2018 6:30,1540,1535,1531,3351,3360,3373,1811,1825,1842
27/10/2018 7:00,1592,1584,1485,3728,3686,3572,2136,2102,2087
27/10/2018 7:30,1592,1584,1524,3728,3686,3748,2136,2102,2224
27/10/2018 8:00,1649,1485,1587,4158,4115,3955,2509,2630,2368
27/10/2018 8:30,1649,1485,1675,4158,4115,4185,2509,2630,2510
27/10/2018 9:00,1728,1642,1634,4520,4499,4401,2792,2857,2767
27/10/2018 9:30,1728,1642,1623,4520,4499,4516,2792,2857,2893
27/10/2018 10:00,1826,1677,1734,4685,4671,4600,2859,2994,2866
27/10/2018 10:30,1826,1677,1778,4685,4671,4637,2859,2994,2859
27/10/2018 11:00,1998,1993,1905,4729,4705,4643,2731,2712,2738
27/10/2018 11:30,1998,1993,2029,4729,4705,4640,2731,2712,2611
27/10/2018 12:00,2201,2292,2192,4727,4654,4607,2526,2362,2415
27/10/2018 12:30,2201,2292,2229,4727,4654,4610,2526,2362,2381
27/10/2018 13:00,2350,2305,2295,4618,4567,4600,2268,2262,2305
27/10/2018 13:30,2350,2305,2397,4618,4567,4498,2268,2262,2101
27/10/2018 14:00,2456,2316,2488,4495,4441,4430,2039,2125,1942
27/10/2018 14:30,2456,2316,2563,4495,4441,4366,2039,2125,1803
27/10/2018 15:00,2427,2237,2699,4462,4405,4360,2035,2168,1661
27/10/2018 15:30,2427,2237,2626,4462,4405,4359,2035,2168,1733
27/10/2018 16:00,2256,2050,2427,4625,4574,4406,2369,2524,1979
27/10/2018 16:30,2256,2050,2256,4625,4574,4473,2369,2524,2217
27/10/2018 17:00,2059,2032,2104,5015,4959,4592,2956,2927,2488
27/10/2018 17:30,2059,2032,2080,5015,4959,4703,2956,2927,2623
27/10/2018 18:00,1882,2202,2062,5199,5129,4801,3317,2927,2739
27/10/2018 18:30,1882,2202,2012,5199,5129,5019,3317,2927,3007
27/10/2018 19:00,1705,2100,2019,5051,5004,5006,3346,2904,2987
27/10/2018 19:30,1705,2100,1919,5051,5004,4847,3346,2904,2928
27/10/2018 20:00,1576,1860,1898,4716,4674,4704,3140,2814,2806
27/10/2018 20:30,1576,1860,1865,4716,4674,4558,3140,2814,2693
27/10/2018 21:00,1485,1827,1863,4375,4359,4428,2890,2532,2565
27/10/2018 21:30,1485,1827,1815,4375,4359,4299,2890,2532,2484
27/10/2018 22:00,1385,1755,1794,4035,4018,4115,2650,2263,2321
27/10/2018 22:30,1385,1755,1746,4035,4018,3969,2650,2263,2223
27/10/2018 23:00,1599,1511,1659,3762,3735,3805,2163,2224,2146
27/10/2018 23:30,1599,1511,1556,3762,3735,3658,2163,2224,2102
28/10/2018 0:00,1489,1369,1461,3553,3520,3595,2064,2151,2134
28/10/2018 0:30,1489,1369,1334,3553,3520,3492,2064,2151,2158
28/10/2018 1:00,1377,1296,1256,3314,3276,3404,1937,1980,2148
28/10/2018 1:30,1281,1254,1208,3317,3306,3313,2036,2052,2105
28/10/2018 2:00,1198,1270,1179,3112,3099,3151,1914,1829,1972
28/10/2018 2:30,1198,1270,1159,3112,3099,3081,1914,1829,1922
28/10/2018 3:00,1110,1157,1127,3002,2986,3037,1892,1829,1910
28/10/2018 3:30,1110,1157,1097,3002,2986,3030,1892,1829,1933
28/10/2018 4:00,1012,1025,1065,2973,2950,3030,1961,1925,1965
28/10/2018 4:30,1012,1025,1055,2973,2950,3027,1961,1925,1972
28/10/2018 5:00,918,879,1006,2982,2971,3032,2064,2092,2026
28/10/2018 5:30,918,879,941,2982,2971,3075,2064,2092,2134
28/10/2018 6:00,801,768,830,3071,3080,3133,2270,2312,2303
28/10/2018 6:30,801,768,785,3071,3080,3229,2270,2312,2444
28/10/2018 7:00,661,682,706,3252,3258,3326,2591,2576,2620
28/10/2018 7:30,661,682,639,3252,3258,3484,2591,2576,2845
28/10/2018 8:00,510,508,576,3568,3554,3688,3058,3046,3112
28/10/2018 8:30,510,508,490,3568,3554,3896,3058,3046,3406
28/10/2018 9:00,363,326,415,3998,3980,4093,3635,3654,3678
28/10/2018 9:30,363,326,375,3998,3980,4244,3635,3654,3869
28/10/2018 10:00,269,240,155,4291,4274,4346,4022,4034,4191
28/10/2018 10:30,269,240,104,4291,4274,4386,4022,4034,4282
28/10/2018 11:00,225,245,100,4403,4391,4417,4178,4146,4317
28/10/2018 11:30,225,245,0,4403,4376,4435,4178,4131,4435
28/10/2018 12:00,187,189,0,4527,4523,4469,4340,4334,4469
28/10/2018 12:30,187,189,0,4527,4523,4481,4340,4334,4481
28/10/2018 13:00,141,147,0,4478,4476,4454,4337,4329,4454
28/10/2018 13:30,141,147,0,4478,4476,4359,4337,4329,4359
28/10/2018 14:00,105,107,0,4326,4298,4280,4221,4191,4280
28/10/2018 14:30,105,107,0,4326,4298,4235,4221,4191,4235
28/10/2018 15:00,83,87,0,4291,4241,4200,4208,4154,4200
28/10/2018 15:30,83,87,0,4291,4241,4227,4208,4154,4227
28/10/2018 16:00,82,84,0,4508,4396,4304,4426,4312,4304
28/10/2018 16:30,82,84,35,4508,4396,4444,4426,4312,4409
28/10/2018 17:00,90,105,73,4995,4932,4746,4905,4827,4673
28/10/2018 17:30,90,105,81,4995,4932,5079,4905,4827,4998
28/10/2018 18:00,103,151,107,5196,5156,5108,5093,5005,5001
28/10/2018 18:30,103,151,126,5196,5156,4992,5093,5005,4866
28/10/2018 19:00,139,211,159,5068,5009,4842,4929,4798,4683
28/10/2018 19:30,139,211,183,5068,5009,4700,4929,4798,4517
28/10/2018 20:00,225,303,238,4770,4753,4589,4545,4450,4351
28/10/2018 20:30,225,303,312,4770,4753,4458,4545,4450,4146
28/10/2018 21:00,341,440,421,4459,4443,4327,4118,4003,3906
28/10/2018 21:30,341,440,543,4459,4443,4171,4118,4003,3628
28/10/2018 22:00,464,583,619,4049,4021,3990,3585,3438,3371
28/10/2018 22:30,464,583,765,4049,4021,3845,3585,3438,3080
28/10/2018 23:00,729,752,851,3673,3673,3761,2944,2921,2910
28/10/2018 23:30,729,767,919,3673,3673,3648,2944,2906,2729
29/10/2018 0:00,838,924,1022,3412,3412,3509,2574,2488,2487
29/10/2018 0:30,838,967,1137,3412,3432,3406,2574,2465,2269
29/10/2018 1:00,903,1038,1166,3254,3276,3319,2351,2238,2153
29/10/2018 1:30,903,1044,1110,3254,3276,3227,2351,2232,2117
29/10/2018 2:00,948,1077,1156,3114,3117,3164,2166,2040,2008
29/10/2018 2:30,948,1138,1229,3114,3117,3121,2166,1979,1892
29/10/2018 3:00,994,1168,1310,3021,3035,3081,2027,1867,1771
29/10/2018 3:30,994,1163,1293,3021,3035,3039,2027,1872,1746
29/10/2018 4:00,1073,1236,1279,2983,3009,3035,1910,1773,1756
29/10/2018 4:30,1073,1327,1266,2983,3009,3026,1910,1682,1760
29/10/2018 5:00,1171,1419,1325,3034,3060,3064,1863,1641,1739
29/10/2018 5:30,1171,1368,1437,3034,3060,3101,1863,1692,1664
29/10/2018 6:00,1265,1471,1440,3288,3326,3253,2023,1855,1813
29/10/2018 6:30,1265,1583,1448,3288,3326,3413,2023,1743,1965
29/10/2018 7:00,1365,1654,1506,3626,3675,3575,2261,2021,2069
29/10/2018 7:30,1365,1617,1568,3626,3675,3716,2261,2058,2148
29/10/2018 8:00,1453,1704,1618,3940,3978,3923,2487,2274,2305
29/10/2018 8:30,1453,1718,1670,3940,3978,4128,2487,2260,2458
29/10/2018 9:00,1552,1794,1639,4244,4294,4287,2692,2500,2648
29/10/2018 9:30,1552,1761,1655,4244,4294,4431,2692,2533,2776
29/10/2018 10:00,1643,1844,1587,4554,4602,4526,2911,2758,2939
29/10/2018 10:30,1643,1840,1538,4554,4602,4620,2911,2762,3082
29/10/2018 11:00,1688,1945,1565,4625,4658,4644,2937,2713,3079
29/10/2018 11:30,1688,1937,1639,4625,4658,4640,2937,2721,3001
29/10/2018 12:00,1708,1987,1657,4683,4721,4653,2975,2734,2996
29/10/2018 12:30,1708,1933,1707,4683,4663,4667,2975,2730,2960
29/10/2018 13:00,1711,1905,1839,4600,4561,4652,2889,2656,2813
29/10/2018 13:30,1711,1850,1813,4600,4561,4562,2889,2711,2749
29/10/2018 14:00,1705,1779,1913,4527,4502,4530,2822,2723,2617
29/10/2018 14:30,1705,1677,1863,4527,4502,4527,2822,2825,2664
29/10/2018 15:00,1712,1685,1823,4579,4577,4559,2867,2892,2736
29/10/2018 15:30,1712,1654,1755,4579,4577,4595,2867,2923,2840
29/10/2018 16:00,1750,1710,1710,4885,4906,4697,3135,3196,2987
29/10/2018 16:30,1750,1786,1817,4885,4906,4910,3135,3120,3093
29/10/2018 17:00,1786,1838,2102,5380,5393,5251,3594,3555,3149
29/10/2018 17:30,1786,1919,2173,5380,5393,5524,3594,3474,3351
29/10/2018 18:00,1757,1927,2266,5360,5319,5479,3603,3392,3213
29/10/2018 18:30,1757,1940,2244,5360,5319,5320,3603,3379,3076
29/10/2018 19:00,1635,1860,2077,5035,5008,5146,3400,3148,3069
29/10/2018 19:30,1635,1777,2022,5035,5008,5011,3400,3231,2989
29/10/2018 20:00,1460,1628,1923,4788,4716,4896,3328,3088,2973
29/10/2018 20:30,1460,1792,1706,4788,4716,4725,3328,2924,3019
29/10/2018 21:00,1308,1610,1602,4476,4391,4590,3168,2781,2988
29/10/2018 21:30,1308,1697,1470,4476,4391,4347,3168,2694,2877
29/10/2018 22:00,1202,1571,1431,4035,3957,4117,2833,2386,2686
29/10/2018 22:30,1202,1533,1374,4035,3957,3907,2833,2424,2533
29/10/2018 23:00,1223,1420,1356,3696,3709,3808,2473,2289,2452
29/10/2018 23:30,1223,1459,1306,3696,3709,3664,2473,2250,2358
30/10/2018 0:00,1133,1324,1275,3556,3523,3492,2423,2199,2217
30/10/2018 0:30,1133,1256,1247,3556,3556,3381,2423,2300,2134
30/10/2018 1:00,1030,1125,1143,3369,3337,3299,2339,2212,2156
30/10/2018 1:30,1030,1059,1012,3369,3337,3215,2339,2278,2203
30/10/2018 2:00,921,898,837,3222,3246,3160,2301,2348,2323
30/10/2018 2:30,921,901,760,3222,3246,3137,2301,2345,2377
30/10/2018 3:00,820,764,701,3164,3202,3126,2344,2438,2425
30/10/2018 3:30,820,774,654,3164,3202,3111,2344,2428,2457
30/10/2018 4:00,745,673,645,3172,3202,3116,2427,2529,2471
30/10/2018 4:30,745,692,643,3172,3202,3132,2427,2510,2489
30/10/2018 5:00,691,616,640,3297,3328,3176,2606,2712,2536
30/10/2018 5:30,691,515,649,3297,3328,3266,2606,2813,2617
30/10/2018 6:00,655,469,649,3804,3837,3495,3149,3368,2846
30/10/2018 6:30,655,453,648,3804,3837,3787,3149,3384,3139
30/10/2018 7:00,651,435,650,4652,4674,4150,4001,4239,3500
30/10/2018 7:30,651,461,663,4652,4674,4435,4001,4213,3772
30/10/2018 8:00,644,435,712,5083,5098,4705,4439,4663,3993
30/10/2018 8:30,644,640,690,5083,5098,4925,4439,4458,4235
30/10/2018 9:00,575,563,647,5242,5256,5114,4667,4693,4467
30/10/2018 9:30,575,565,592,5242,5256,5204,4667,4691,4612
30/10/2018 10:00,494,504,544,5251,5239,5190,4757,4735,4646
30/10/2018 10:30,494,477,474,5251,5239,5183,4757,4762,4709
30/10/2018 11:00,458,436,461,5241,5244,5188,4783,4808,4727
30/10/2018 11:30,458,515,445,5241,5250,5181,4783,4735,4736
30/10/2018 12:00,431,468,474,5271,5260,5205,4840,4792,4731
30/10/2018 12:30,431,498,486,5271,5260,5239,4840,4762,4753
30/10/2018 13:00,418,460,470,5151,5151,5191,4733,4691,4721
30/10/2018 13:30,418,457,446,5151,5151,5119,4733,4694,4673
30/10/2018 14:00,437,416,421,5117,5124,5105,4680,4708,4684
30/10/2018 14:30,437,388,426,5117,5124,5117,4680,4736,4691
30/10/2018 15:00,459,351,362,5184,5203,5136,4725,4852,4774
30/10/2018 15:30,459,392,288,5184,5203,5205,4725,4811,4917
30/10/2018 16:00,494,345,236,5437,5466,5310,4943,5121,5074
30/10/2018 16:30,494,362,215,5437,5466,5547,4943,5104,5332
30/10/2018 17:00,550,336,194,5903,5930,5863,5353,5594,5669
30/10/2018 17:30,550,329,197,5903,5930,6085,5353,5601,5888
30/10/2018 18:00,586,322,207,5956,5951,6018,5370,5629,5811
30/10/2018 18:30,586,285,192,5956,5951,5887,5370,5666,5695
30/10/2018 19:00,605,292,183,5758,5750,5706,5153,5458,5523
30/10/2018 19:30,605,219,183,5758,5750,5528,5153,5531,5345
30/10/2018 20:00,625,229,213,5439,5413,5349,4814,5184,5136
30/10/2018 20:30,625,164,226,5439,5413,5190,4814,5249,4964
30/10/2018 21:00,677,208,229,5020,4985,4987,4343,4777,4758
30/10/2018 21:30,677,216,254,5020,4985,4781,4343,4769,4527
30/10/2018 22:00,755,268,290,4458,4430,4529,3703,4162,4239
30/10/2018 22:30,755,229,344,4458,4430,4274,3703,4201,3930
30/10/2018 23:00,403,298,381,3985,3985,4120,3582,3687,3739
30/10/2018 23:30,403,337,409,3985,3980,3938,3582,3643,3529
31/10/2018 0:00,469,398,445,3651,3649,3753,3182,3251,3308
31/10/2018 0:30,469,398,491,3651,3649,3625,3182,3251,3134
31/10/2018 1:00,539,450,492,3434,3446,3508,2895,2996,3016
31/10/2018 1:30,539,440,522,3434,3446,3421,2895,3006,2899
31/10/2018 2:00,612,507,572,3315,3318,3351,2703,2811,2779
31/10/2018 2:30,612,571,547,3315,3318,3278,2703,2747,2731
31/10/2018 3:00,670,628,606,3244,3236,3235,2574,2608,2629
31/10/2018 3:30,670,633,600,3244,3236,3219,2574,2603,2619
31/10/2018 4:00,720,705,649,3252,3234,3226,2532,2529,2577
31/10/2018 4:30,720,714,697,3252,3234,3221,2532,2520,2524
31/10/2018 5:00,774,807,719,3389,3356,3287,2615,2549,2568
31/10/2018 5:30,774,814,714,3389,3356,3368,2615,2542,2654
31/10/2018 6:00,830,883,752,3898,3845,3594,3068,2962,2842
31/10/2018 6:30,830,893,774,3898,3845,3869,3068,2952,3095
31/10/2018 7:00,887,903,813,4715,4636,4218,3828,3733,3405
31/10/2018 7:30,887,849,859,4715,4636,4478,3828,3787,3619
31/10/2018 8:00,898,811,860,5111,5025,4710,4213,4214,3850
31/10/2018 8:30,898,710,799,5111,5025,4923,4213,4315,4124
31/10/2018 9:00,862,649,711,5257,5214,5118,4395,4565,4407
31/10/2018 9:30,862,637,648,5257,5214,5181,4395,4577,4533
31/10/2018 10:00,797,584,603,5254,5240,5188,4457,4656,4585
31/10/2018 10:30,797,602,537,5254,5240,5217,4457,4638,4680
31/10/2018 11:00,716,534,489,5229,5218,5263,4513,4684,4774
31/10/2018 11:30,716,625,449,5229,5321,5277,4513,4696,4828
31/10/2018 12:00,606,536,381,5225,5331,5296,4619,4795,4915
31/10/2018 12:30,606,485,334,5225,5331,5324,4619,4846,4990
31/10/2018 13:00,492,410,340,5132,5241,5286,4640,4831,4946
31/10/2018 13:30,492,362,328,5132,5241,5198,4640,4879,4870
31/10/2018 14:00,426,315,332,5100,5206,5193,4674,4891,4861
31/10/2018 14:30,426,268,329,5100,5206,5194,4674,4938,4865
31/10/2018 15:00,373,252,324,5184,5299,5223,4811,5047,4899
31/10/2018 15:30,373,210,316,5184,5299,5251,4811,5089,4935
31/10/2018 16:00,316,212,264,5474,5616,5314,5158,5404,5050
31/10/2018 16:30,316,233,226,5474,5616,5457,5158,5383,5231
31/10/2018 17:00,275,238,228,5942,6061,5682,5667,5823,5454
31/10/2018 17:30,275,275,268,5942,6061,5856,5667,5786,5588
31/10/2018 18:00,258,274,230,5975,6079,5748,5717,5805,5518
31/10/2018 18:30,258,241,209,5975,6079,5573,5717,5838,5364
31/10/2018 19:00,257,248,194,5787,5843,5419,5530,5595,5225
31/10/2018 19:30,257,262,215,5787,5843,5270,5530,5581,5055
31/10/2018 20:00,265,273,236,5472,5528,5145,5207,5255,4909
31/10/2018 20:30,265,219,269,5472,5528,5044,5207,5309,4775
31/10/2018 21:00,279,242,277,5052,5100,4921,4773,4858,4644
31/10/2018 21:30,279,254,265,5052,5100,4724,4773,4846,4459
31/10/2018 22:00,295,268,277,4487,4586,4539,4192,4318,4262
31/10/2018 22:30,295,217,290,4487,4586,4335,4192,4369,4045
31/10/2018 23:00,367,235,276,4156,4156,4208,3789,3921,3932
31/10/2018 23:30,367,265,274,4156,4156,4059,3789,3891,3785
1/11/2018 0:00,394,299,252,3793,3793,3856,3399,3494,3604
1/11/2018 0:30,394,300,279,3793,3772,3708,3399,3472,3429
1/11/2018 1:00,449,369,314,3561,3544,3600,3112,3175,3286
1/11/2018 1:30,449,366,336,3561,3544,3507,3112,3178,3171
1/11/2018 2:00,498,420,354,3414,3396,3433,2916,2976,3079
1/11/2018 2:30,498,428,397,3414,3396,3380,2916,2968,2983
1/11/2018 3:00,499,482,418,3342,3324,3340,2843,2842,2922
1/11/2018 3:30,499,459,438,3342,3324,3310,2843,2865,2872
1/11/2018 4:00,501,469,494,3345,3331,3296,2844,2862,2802
1/11/2018 4:30,501,470,533,3345,3331,3308,2844,2861,2775
1/11/2018 5:00,507,474,552,3467,3456,3367,2960,2982,2815
1/11/2018 5:30,507,459,537,3467,3456,3429,2960,2997,2892
1/11/2018 6:00,507,481,534,3958,3949,3641,3451,3468,3107
1/11/2018 6:30,507,480,571,3958,3949,3918,3451,3469,3347
1/11/2018 7:00,531,477,551,4806,4794,4251,4275,4317,3700
1/11/2018 7:30,531,503,499,4806,4794,4496,4275,4291,3997
1/11/2018 8:00,535,496,507,5234,5220,4725,4699,4724,4218
1/11/2018 8:30,535,523,475,5234,5220,4949,4699,4697,4474
1/11/2018 9:00,491,495,404,5407,5354,5114,4916,4859,4710
1/11/2018 9:30,491,452,386,5407,5354,5200,4916,4902,4814
1/11/2018 10:00,487,452,343,5369,5324,5192,4882,4872,4849
1/11/2018 10:30,487,476,341,5369,5324,5185,4882,4848,4844
1/11/2018 11:00,521,531,359,5336,5310,5193,4815,4779,4834
1/11/2018 11:30,521,552,391,5336,5302,5178,4815,4750,4787
1/11/2018 12:00,559,605,483,5355,5327,5162,4796,4722,4679
1/11/2018 12:30,559,523,466,5355,5327,5168,4796,4804,4702
1/11/2018 13:00,590,569,550,5242,5213,5099,4652,4644,4549
1/11/2018 13:30,590,520,577,5242,5213,5012,4652,4693,4435
1/11/2018 14:00,579,544,632,5207,5179,5019,4628,4635,4387
1/11/2018 14:30,579,508,562,5207,5179,4999,4628,4671,4437
1/11/2018 15:00,541,512,503,5292,5244,5019,4751,4732,4516
1/11/2018 15:30,541,556,464,5292,5244,5069,4751,4688,4605
1/11/2018 16:00,493,537,494,5577,5489,5155,5084,4952,4661
1/11/2018 16:30,493,564,524,5577,5489,5351,5084,4925,4827
1/11/2018 17:00,471,552,534,6028,5945,5685,5557,5393,5151
1/11/2018 17:30,471,599,535,6028,5945,6009,5557,5346,5474
1/11/2018 18:00,459,566,531,6074,6027,6006,5615,5461,5475
1/11/2018 18:30,459,492,515,6074,6027,5891,5615,5535,5376
1/11/2018 19:00,428,454,517,5872,5848,5767,5444,5394,5250
1/11/2018 19:30,428,437,511,5872,5848,5633,5444,5411,5122
1/11/2018 20:00,392,416,527,5571,5555,5470,5179,5139,4943
1/11/2018 20:30,392,454,508,5571,5555,5301,5179,5101,4793
1/11/2018 21:00,369,447,502,5175,5148,5117,4806,4701,4615
1/11/2018 21:30,369,438,483,5175,5148,4886,4806,4710,4403
1/11/2018 22:00,350,422,465,4671,4623,4642,4321,4201,4177
1/11/2018 22:30,350,416,444,4671,4623,4393,4321,4207,3949
1/11/2018 23:00,379,400,418,4195,4195,4260,3816,3795,3842
1/11/2018 23:30,379,459,416,4195,4195,4095,3816,3736,3679
2/11/2018 0:00,347,419,394,3821,3821,3903,3474,3402,3509
2/11/2018 0:30,347,409,344,3821,3824,3756,3474,3415,3412
2/11/2018 1:00,313,341,293,3582,3585,3648,3269,3244,3355
2/11/2018 1:30,313,331,257,3582,3585,3556,3269,3254,3299
2/11/2018 2:00,269,254,215,3455,3461,3485,3186,3207,3270
2/11/2018 2:30,269,223,185,3455,3461,3427,3186,3238,3242
2/11/2018 3:00,227,166,156,3389,3395,3390,3162,3229,3234
2/11/2018 3:30,227,158,150,3389,3395,3372,3162,3237,3222
2/11/2018 4:00,201,120,123,3362,3360,3367,3161,3240,3244
2/11/2018 4:30,201,89,109,3362,3360,3368,3161,3271,3259
2/11/2018 5:00,199,76,99,3420,3420,3408,3221,3344,3309
2/11/2018 5:30,199,78,116,3420,3420,3489,3221,3342,3373
2/11/2018 6:00,250,107,152,3906,3899,3700,3656,3792,3548
2/11/2018 6:30,250,105,204,3906,3899,3967,3656,3794,3763
2/11/2018 7:00,353,209,307,4712,4692,4319,4359,4483,4012
2/11/2018 7:30,353,236,438,4712,4692,4559,4359,4456,4121
2/11/2018 8:00,498,415,537,5110,5094,4805,4612,4679,4268
2/11/2018 8:30,498,449,687,5110,5094,5019,4612,4645,4332
2/11/2018 9:00,685,669,814,5350,5353,5182,4665,4684,4368
2/11/2018 9:30,685,661,943,5350,5353,5260,4665,4692,4317
2/11/2018 10:00,884,880,1003,5332,5331,5252,4448,4451,4249
2/11/2018 10:30,884,943,1111,5332,5331,5245,4448,4388,4134
2/11/2018 11:00,1061,1139,1245,5288,5274,5257,4227,4135,4012
2/11/2018 11:30,1061,1223,1346,5288,5258,5256,4227,4035,3910
2/11/2018 12:00,1267,1435,1557,5263,5213,5272,3996,3778,3715
2/11/2018 12:30,1267,1502,1763,5263,5213,5299,3996,3711,3536
2/11/2018 13:00,1554,1789,1971,5133,5089,5275,3579,3300,3304
2/11/2018 13:30,1554,1768,2236,5133,5089,5212,3579,3321,2976
2/11/2018 14:00,1858,2112,2524,5094,5051,5195,3236,2939,2671
2/11/2018 14:30,1858,2148,2753,5094,5051,5199,3236,2903,2446
2/11/2018 15:00,2182,2477,2846,5144,5105,5224,2962,2628,2378
2/11/2018 15:30,2182,2533,2975,5144,5105,5241,2962,2572,2266
2/11/2018 16:00,2528,2837,3085,5358,5311,5318,2830,2474,2233
2/11/2018 16:30,2528,3000,3186,5358,5311,5478,2830,2311,2292
2/11/2018 17:00,2824,3212,3396,5747,5739,5811,2923,2527,2415
2/11/2018 17:30,2824,3427,3428,5747,5739,5950,2923,2312,2522
2/11/2018 18:00,3034,3539,3458,5804,5781,5876,2770,2242,2418
2/11/2018 18:30,3034,3539,3532,5804,5781,5743,2770,2242,2211
2/11/2018 19:00,3170,3598,3531,5580,5541,5580,2410,1943,2049
2/11/2018 19:30,3170,3636,3599,5580,5541,5428,2410,1905,1829
2/11/2018 20:00,3248,3620,3659,5232,5202,5262,1984,1582,1603
2/11/2018 20:30,3248,3652,3640,5232,5202,5090,1984,1550,1450
2/11/2018 21:00,3273,3595,3615,4847,4828,4919,1574,1233,1304
2/11/2018 21:30,3273,3586,3502,4847,4828,4682,1574,1242,1180
2/11/2018 22:00,3262,3514,3364,4448,4401,4472,1186,887,1108
2/11/2018 22:30,3262,3489,3239,4448,4401,4280,1186,912,1041
2/11/2018 23:00,3235,3418,3093,4141,4141,4175,906,723,1082
2/11/2018 23:30,3235,3502,3052,4141,4140,4057,906,638,1005
3/11/2018 0:00,3188,3409,3047,3801,3813,3889,613,404,842
3/11/2018 0:30,3188,3415,2925,3801,3813,3702,613,398,777
3/11/2018 1:00,3121,3313,2854,3515,3524,3577,394,211,723
3/11/2018 1:30,3121,3196,2851,3515,3524,3471,394,328,620
3/11/2018 2:00,3061,3126,2768,3289,3287,3365,228,161,597
3/11/2018 2:30,3061,2940,2685,3289,3287,3278,228,347,593
3/11/2018 3:00,3035,2932,2641,3178,3175,3227,143,243,586
3/11/2018 3:30,3035,2928,2618,3178,3175,3187,143,247,569
3/11/2018 4:00,3041,2947,2582,3144,3154,3164,103,207,582
3/11/2018 4:30,3041,2812,2566,3144,3154,3145,103,342,579
3/11/2018 5:00,3078,2885,2560,3131,3157,3147,53,272,587
3/11/2018 5:30,3078,2854,2568,3131,3157,3162,53,303,594
3/11/2018 6:00,3145,2954,2612,3310,3324,3273,165,370,661
3/11/2018 6:30,3145,2856,2707,3310,3324,3392,165,468,685
3/11/2018 7:00,3183,2943,2800,3598,3567,3591,415,624,791
3/11/2018 7:30,3183,2890,2893,3598,3567,3732,415,677,839
3/11/2018 8:00,3175,2929,2995,3989,3963,3918,814,1034,923
3/11/2018 8:30,3175,2822,3103,3989,3963,4119,814,1141,1016
3/11/2018 9:00,3163,2860,3266,4509,4490,4375,1346,1630,1109
3/11/2018 9:30,3163,2798,3393,4509,4490,4530,1346,1692,1137
3/11/2018 10:00,3155,2868,3430,4703,4697,4623,1548,1829,1193
3/11/2018 10:30,3155,2858,3429,4703,4697,4712,1548,1839,1283
3/11/2018 11:00,3141,2928,3406,4739,4746,4730,1598,1818,1324
3/11/2018 11:30,3141,3031,3369,4739,4745,4747,1598,1714,1378
3/11/2018 12:00,3111,3053,3348,4741,4780,4756,1630,1727,1408
3/11/2018 12:30,3111,3297,3387,4741,4780,4744,1630,1483,1357
3/11/2018 13:00,3076,3207,3314,4652,4721,4702,1576,1514,1388
3/11/2018 13:30,3076,3322,3203,4652,4721,4623,1576,1399,1420
3/11/2018 14:00,2997,3202,3176,4535,4601,4561,1538,1399,1385
3/11/2018 14:30,2997,3205,3155,4535,4601,4557,1538,1396,1402
3/11/2018 15:00,2945,3099,3129,4544,4591,4541,1599,1492,1412
3/11/2018 15:30,2945,3080,3087,4544,4591,4548,1599,1511,1461
3/11/2018 16:00,2951,3011,2991,4773,4830,4635,1822,1819,1644
3/11/2018 16:30,2951,3039,2954,4773,4830,4800,1822,1791,1846
3/11/2018 17:00,2948,3005,3009,5263,5318,5114,2315,2313,2105
3/11/2018 17:30,2948,3018,2910,5263,5318,5307,2315,2300,2397
3/11/2018 18:00,2942,3017,2892,5308,5315,5265,2366,2298,2373
3/11/2018 18:30,2942,3017,2865,5308,5315,5143,2366,2298,2278
3/11/2018 19:00,2930,2993,2924,5046,5028,4951,2116,2035,2027
3/11/2018 19:30,2930,2975,2963,5046,5028,4785,2116,2053,1822
3/11/2018 20:00,2919,2955,2931,4705,4688,4607,1786,1733,1676
3/11/2018 20:30,2919,3021,2813,4705,4688,4450,1786,1667,1637
3/11/2018 21:00,2885,2995,2747,4382,4366,4310,1497,1371,1563
3/11/2018 21:30,2885,2929,2612,4382,4366,4161,1497,1437,1549
3/11/2018 22:00,2822,2883,2546,4066,4060,4000,1244,1177,1454
3/11/2018 22:30,2822,2926,2390,4066,4060,3867,1244,1134,1477
3/11/2018 23:00,2719,2830,2342,3844,3844,3792,1125,1014,1450
3/11/2018 23:30,2719,2800,2411,3844,3845,3704,1125,1045,1293
4/11/2018 0:00,2652,2686,2412,3574,3571,3580,922,885,1168
4/11/2018 0:30,2652,2564,2338,3574,3571,3446,922,1007,1108
4/11/2018 1:00,2562,2473,2292,3328,3328,3341,766,855,1049
4/11/2018 1:30,2562,2315,2186,3328,3328,3227,766,1013,1041
4/11/2018 2:00,2472,2264,2101,3124,3137,3126,652,873,1025
4/11/2018 2:30,2472,2093,2033,3124,3137,3044,652,1044,1011
4/11/2018 3:00,2369,2063,1957,3030,3044,2996,661,981,1039
4/11/2018 3:30,2369,2138,1944,3030,3044,2983,661,906,1039
4/11/2018 4:00,2289,2102,1937,2994,2995,2966,705,893,1029
4/11/2018 4:30,2289,2086,1924,2994,2995,2950,705,909,1026
4/11/2018 5:00,2235,2037,1887,3022,3025,2964,787,988,1077
4/11/2018 5:30,2235,1934,1847,3022,3025,2947,787,1091,1100
4/11/2018 6:00,2170,1888,1871,3108,3129,3021,938,1241,1150
4/11/2018 6:30,2170,1830,1928,3108,3129,3100,938,1299,1172
4/11/2018 7:00,2076,1762,2024,3242,3314,3204,1166,1552,1180
4/11/2018 7:30,2076,1711,2038,3242,3314,3267,1166,1603,1229
4/11/2018 8:00,1943,1609,2011,3529,3591,3400,1586,1982,1389
4/11/2018 8:30,1943,1554,1910,3529,3591,3582,1586,2037,1672
4/11/2018 9:00,1807,1439,1766,3948,3963,3797,2141,2524,2031
4/11/2018 9:30,1807,1452,1583,3948,3963,3934,2141,2511,2351
4/11/2018 10:00,1698,1379,1541,4252,4260,4084,2554,2881,2543
4/11/2018 10:30,1698,1612,1433,4252,4260,4169,2554,2648,2736
4/11/2018 11:00,1557,1491,1401,4413,4421,4241,2856,2930,2840
4/11/2018 11:30,1557,1586,1355,4413,4419,4317,2856,2833,2962
4/11/2018 12:00,1345,1384,1308,4564,4550,4378,3219,3166,3070
4/11/2018 12:30,1345,1362,1184,4564,4550,4418,3219,3188,3234
4/11/2018 13:00,1081,1102,1075,4542,4508,4429,3461,3406,3354
4/11/2018 13:30,1081,975,968,4542,4508,4398,3461,3533,3430
4/11/2018 14:00,800,688,708,4406,4383,4348,3606,3695,3640
4/11/2018 14:30,800,646,538,4406,4383,4303,3606,3737,3765
4/11/2018 15:00,590,449,449,4390,4373,4308,3800,3924,3859
4/11/2018 15:30,590,493,359,4390,4373,4354,3800,3880,3995
4/11/2018 16:00,500,421,335,4623,4596,4456,4123,4175,4121
4/11/2018 16:30,500,420,309,4623,4596,4649,4123,4176,4340
4/11/2018 17:00,486,398,302,5142,5091,5033,4656,4693,4731
4/11/2018 17:30,486,311,275,5142,5091,5266,4656,4780,4991
4/11/2018 18:00,475,298,251,5192,5146,5267,4717,4848,5016
4/11/2018 18:30,475,302,248,5192,5146,5144,4717,4844,4896
4/11/2018 19:00,456,286,261,4974,4923,5019,4518,4637,4758
4/11/2018 19:30,456,229,251,4974,4923,4910,4518,4694,4659
4/11/2018 20:00,450,256,240,4688,4637,4769,4238,4381,4529
4/11/2018 20:30,450,208,278,4688,4637,4633,4238,4429,4355
4/11/2018 21:00,455,260,306,4375,4331,4478,3920,4071,4172
4/11/2018 21:30,455,243,318,4375,4331,4287,3920,4088,3969
4/11/2018 22:00,489,309,323,3995,3951,4083,3506,3642,3760
4/11/2018 22:30,489,299,374,3995,3951,3898,3506,3652,3524
4/11/2018 23:00,734,392,425,3692,3692,3781,2958,3300,3356
4/11/2018 23:30,734,417,510,3692,3686,3657,2958,3269,3147
5/11/2018 0:00,842,539,553,3410,3402,3519,2568,2863,2966
5/11/2018 0:30,842,557,624,3410,3402,3410,2568,2845,2786
5/11/2018 1:00,887,660,709,3210,3203,3333,2323,2543,2624
5/11/2018 1:30,887,638,727,3210,3203,3255,2323,2565,2528
5/11/2018 2:00,885,717,776,3082,3067,3189,2197,2350,2413
5/11/2018 2:30,885,788,785,3082,3067,3132,2197,2279,2347
5/11/2018 3:00,857,825,705,3040,3019,3101,2183,2194,2396
5/11/2018 3:30,857,837,691,3040,3019,3096,2183,2182,2405
5/11/2018 4:00,837,797,708,3041,3028,3101,2204,2231,2393
5/11/2018 4:30,837,818,774,3041,3028,3097,2204,2210,2323
5/11/2018 5:00,818,740,797,3170,3144,3157,2352,2404,2360
5/11/2018 5:30,818,723,774,3170,3144,3252,2352,2421,2478
5/11/2018 6:00,751,663,724,3668,3644,3509,2917,2981,2785
5/11/2018 6:30,751,568,630,3668,3644,3821,2917,3076,3191
5/11/2018 7:00,662,537,615,4532,4499,4321,3870,3962,3706
5/11/2018 7:30,662,474,605,4532,4499,4705,3870,4025,4100
5/11/2018 8:00,591,480,571,4932,4903,4865,4341,4423,4294
5/11/2018 8:30,591,598,529,4932,4903,4902,4341,4305,4373
5/11/2018 9:00,550,548,463,5093,5076,5036,4543,4528,4573
5/11/2018 9:30,550,560,422,5093,5076,5122,4543,4516,4700
5/11/2018 10:00,512,496,368,5137,5104,5117,4625,4608,4749
5/11/2018 10:30,512,462,292,5137,5104,5139,4625,4642,4847
5/11/2018 11:00,449,394,216,5161,5121,5147,4712,4727,4931
5/11/2018 11:30,449,400,182,5161,5116,5166,4712,4716,4984
5/11/2018 12:00,392,362,166,5198,5150,5179,4806,4788,5013
5/11/2018 12:30,392,311,167,5198,5150,5203,4806,4839,5036
5/11/2018 13:00,372,320,178,5117,5086,5176,4745,4766,4998
5/11/2018 13:30,372,248,216,5117,5086,5092,4745,4838,4876
5/11/2018 14:00,403,312,244,5108,5087,5102,4705,4775,4858
5/11/2018 14:30,403,312,250,5108,5087,5100,4705,4775,4850
5/11/2018 15:00,463,384,257,5223,5211,5138,4760,4827,4881
5/11/2018 15:30,463,359,308,5223,5211,5204,4760,4852,4896
5/11/2018 16:00,544,437,361,5584,5596,5305,5040,5159,4944
5/11/2018 16:30,544,412,426,5584,5596,5547,5040,5184,5121
5/11/2018 17:00,638,514,553,6049,6080,5877,5411,5566,5324
5/11/2018 17:30,638,498,687,6049,6080,6034,5411,5582,5347
5/11/2018 18:00,730,624,765,5952,5968,5922,5222,5344,5157
5/11/2018 18:30,730,647,834,5952,5968,5760,5222,5321,4926
5/11/2018 19:00,815,784,903,5647,5667,5600,4832,4883,4697
5/11/2018 19:30,815,670,986,5647,5667,5448,4832,4997,4462
5/11/2018 20:00,897,835,1035,5295,5318,5237,4398,4483,4202
5/11/2018 20:30,897,938,1017,5295,5318,5077,4398,4380,4060
5/11/2018 21:00,995,1045,1107,4883,4891,4898,3888,3846,3791
5/11/2018 21:30,995,1121,1261,4883,4891,4651,3888,3770,3390
5/11/2018 22:00,1089,1221,1431,4363,4370,4403,3274,3149,2972
5/11/2018 22:30,1089,1228,1573,4363,4370,4180,3274,3142,2607
5/11/2018 23:00,1385,1371,1627,3959,3959,4047,2574,2588,2420
5/11/2018 23:30,1385,1405,1800,3959,3961,3888,2574,2556,2088
6/11/2018 0:00,1548,1577,1802,3515,3538,3682,1967,1961,1880
6/11/2018 0:30,1548,1534,1891,3515,3538,3518,1967,2004,1627
6/11/2018 1:00,1699,1715,1964,3290,3327,3434,1591,1612,1470
6/11/2018 1:30,1699,1935,2005,3290,3327,3316,1591,1392,1311
6/11/2018 2:00,1817,2060,2054,3150,3187,3256,1333,1127,1202
6/11/2018 2:30,1817,2125,2001,3150,3187,3195,1333,1062,1194
6/11/2018 3:00,1942,2223,1952,3100,3135,3135,1158,912,1183
6/11/2018 3:30,1942,2334,1939,3100,3135,3135,1158,801,1196
6/11/2018 4:00,2117,2443,1932,3112,3145,3116,995,702,1184
6/11/2018 4:30,2117,2398,1927,3112,3145,3096,995,747,1169
6/11/2018 5:00,2320,2555,1956,3224,3266,3144,904,711,1188
6/11/2018 5:30,2320,2546,1983,3224,3266,3223,904,720,1240
6/11/2018 6:00,2484,2704,2214,3714,3758,3484,1230,1054,1270
6/11/2018 6:30,2484,2573,2513,3714,3758,3819,1230,1185,1306
6/11/2018 7:00,2622,2769,2773,4516,4547,4330,1894,1778,1557
6/11/2018 7:30,2622,2676,3008,4516,4547,4703,1894,1871,1695
6/11/2018 8:00,2760,2864,3096,4921,4931,4852,2161,2067,1756
6/11/2018 8:30,2760,2693,3090,4921,4931,4900,2161,2238,1810
6/11/2018 9:00,2823,2808,3034,5070,5088,4980,2247,2280,1946
6/11/2018 9:30,2823,2911,3063,5070,5088,5060,2247,2177,1997
6/11/2018 10:00,2760,2835,2987,5095,5122,5018,2335,2287,2031
6/11/2018 10:30,2760,2862,2805,5095,5122,4987,2335,2260,2182
6/11/2018 11:00,2658,2748,2793,5119,5146,5015,2461,2398,2222
6/11/2018 11:30,2658,2964,2623,5119,5139,5002,2461,2175,2379
6/11/2018 12:00,2555,2864,2608,5146,5176,5017,2591,2312,2409
6/11/2018 12:30,2555,2883,2569,5146,5135,5054,2591,2252,2485
6/11/2018 13:00,2398,2746,2603,5070,5072,5047,2672,2326,2444
6/11/2018 13:30,2398,2606,2603,5070,5072,4970,2672,2466,2367
6/11/2018 14:00,2196,2401,2446,5055,5060,4972,2859,2659,2526
6/11/2018 14:30,2196,2326,2338,5055,5060,4995,2859,2734,2657
6/11/2018 15:00,1991,2073,2178,5169,5145,5077,3178,3072,2899
6/11/2018 15:30,1991,2034,2015,5169,5145,5153,3178,3111,3138
6/11/2018 16:00,1818,1834,1980,5517,5466,5274,3699,3632,3294
6/11/2018 16:30,1818,1853,1798,5517,5466,5513,3699,3613,3715
6/11/2018 17:00,1639,1667,1689,6012,5934,5795,4373,4267,4106
6/11/2018 17:30,1639,1701,1506,6012,5934,5951,4373,4233,4445
6/11/2018 18:00,1436,1518,1419,5933,5820,5853,4497,4302,4434
6/11/2018 18:30,1436,1466,1316,5933,5820,5709,4497,4354,4393
6/11/2018 19:00,1229,1274,1212,5619,5505,5555,4390,4231,4343
6/11/2018 19:30,1229,1268,1114,5619,5505,5404,4390,4237,4290
6/11/2018 20:00,1048,1096,1025,5281,5169,5245,4233,4073,4220
6/11/2018 20:30,1048,999,1029,5281,5169,5100,4233,4170,4071
6/11/2018 21:00,884,860,963,4876,4782,4944,3992,3922,3981
6/11/2018 21:30,884,791,873,4876,4782,4691,3992,3991,3818
6/11/2018 22:00,714,675,804,4364,4282,4475,3650,3607,3671
6/11/2018 22:30,714,691,727,4364,4282,4216,3650,3591,3489
6/11/2018 23:00,630,565,680,3952,3920,4087,3322,3355,3407
6/11/2018 23:30,630,621,559,3952,3923,3915,3322,3302,3356
7/11/2018 0:00,498,483,399,3600,3610,3735,3102,3127,3336
7/11/2018 0:30,498,521,290,3600,3610,3586,3102,3089,3296
7/11/2018 1:00,395,407,187,3384,3395,3491,2989,2988,3304
7/11/2018 1:30,395,319,235,3384,3395,3410,2989,3076,3175
7/11/2018 2:00,312,232,241,3244,3247,3343,2932,3015,3102
7/11/2018 2:30,312,237,269,3244,3247,3287,2932,3010,3018
7/11/2018 3:00,287,204,256,3191,3181,3251,2904,2977,2995
7/11/2018 3:30,287,157,306,3191,3181,3227,2904,3024,2921
7/11/2018 4:00,334,197,379,3192,3171,3233,2858,2974,2854
7/11/2018 4:30,334,145,402,3192,3171,3243,2858,3026,2841
7/11/2018 5:00,428,240,390,3321,3288,3288,2893,3048,2898
7/11/2018 5:30,428,315,399,3321,3288,3364,2893,2973,2965
7/11/2018 6:00,582,421,434,3807,3787,3599,3225,3366,3165
7/11/2018 6:30,582,504,685,3807,3787,3898,3225,3283,3213
7/11/2018 7:00,726,738,857,4587,4580,4373,3861,3842,3516
7/11/2018 7:30,726,786,1148,4587,4580,4815,3861,3794,3667
7/11/2018 8:00,816,1035,1330,4959,4915,4942,4143,3880,3612
7/11/2018 8:30,816,983,1352,4959,4915,4972,4143,3932,3620
7/11/2018 9:00,933,1189,1313,5109,5055,5034,4176,3866,3721
7/11/2018 9:30,933,1197,1260,5109,5055,5089,4176,3858,3829
7/11/2018 10:00,1094,1326,1260,5120,5049,5069,4026,3723,3809
7/11/2018 10:30,1094,1545,1314,5120,5049,5049,4026,3504,3735
7/11/2018 11:00,1230,1629,1440,5141,5061,5067,3911,3432,3627
7/11/2018 11:30,1230,1629,1615,5141,5056,5078,3911,3427,3463
7/11/2018 12:00,1339,1740,1613,5171,5086,5052,3832,3346,3439
7/11/2018 12:30,1339,1715,1773,5171,5086,5064,3832,3371,3291
7/11/2018 13:00,1453,1822,1814,5101,5038,5021,3648,3216,3207
7/11/2018 13:30,1453,1761,1885,5101,5038,4961,3648,3277,3076
7/11/2018 14:00,1463,1756,1928,5088,5030,4991,3625,3274,3063
7/11/2018 14:30,1463,1692,1943,5088,5030,5016,3625,3338,3073
7/11/2018 15:00,1364,1605,1789,5196,5145,5046,3832,3540,3257
7/11/2018 15:30,1364,1674,1581,5196,5145,5126,3832,3471,3545
7/11/2018 16:00,1259,1438,1296,5546,5470,5225,4287,4032,3929
7/11/2018 16:30,1259,1459,1108,5546,5470,5452,4287,4011,4344
7/11/2018 17:00,1211,1235,1078,6046,5930,5832,4835,4695,4754
7/11/2018 17:30,1211,1341,941,6046,5930,6064,4835,4589,5123
7/11/2018 18:00,1275,1255,934,5976,5854,6020,4701,4599,5086
7/11/2018 18:30,1275,1189,987,5976,5854,5880,4701,4665,4893
7/11/2018 19:00,1393,1301,1152,5685,5574,5708,4292,4273,4556
7/11/2018 19:30,1393,1102,1257,5685,5574,5573,4292,4472,4316
7/11/2018 20:00,1501,1357,1327,5352,5273,5413,3851,3916,4086
7/11/2018 20:30,1501,1200,1345,5352,5273,5236,3851,4073,3891
7/11/2018 21:00,1616,1400,1419,4940,4878,5039,3324,3478,3620
7/11/2018 21:30,1616,1321,1511,4940,4878,4790,3324,3557,3279
7/11/2018 22:00,1718,1526,1656,4431,4397,4538,2713,2871,2882
7/11/2018 22:30,1718,1677,1639,4431,4397,4300,2713,2720,2661
7/11/2018 23:00,1977,1856,1661,4018,4018,4132,2041,2162,2471
7/11/2018 23:30,1977,1947,1671,4018,4019,3970,2041,2072,2299
8/11/2018 0:00,1993,2049,1726,3651,3663,3803,1658,1614,2077
8/11/2018 0:30,1993,1941,1720,3651,3663,3663,1658,1722,1943
8/11/2018 1:00,1951,1944,1755,3410,3424,3543,1459,1480,1788
8/11/2018 1:30,1951,1978,1905,3410,3424,3481,1459,1446,1576
8/11/2018 2:00,1892,1969,1973,3262,3282,3393,1370,1313,1420
8/11/2018 2:30,1892,1868,2079,3262,3282,3358,1370,1414,1279
8/11/2018 3:00,1867,1844,2196,3189,3203,3340,1322,1359,1144
8/11/2018 3:30,1867,1781,2169,3189,3203,3285,1322,1422,1116
8/11/2018 4:00,1863,1772,2129,3173,3196,3257,1310,1424,1128
8/11/2018 4:30,1863,1760,2085,3173,3196,3281,1310,1436,1196
8/11/2018 5:00,1872,1829,2030,3280,3306,3346,1408,1477,1316
8/11/2018 5:30,1872,1954,2069,3280,3306,3403,1408,1352,1334
8/11/2018 6:00,1937,2040,2020,3764,3777,3652,1827,1737,1632
8/11/2018 6:30,1937,2213,1965,3764,3777,3979,1827,1564,2014
8/11/2018 7:00,2023,2315,2064,4563,4576,4464,2540,2261,2400
8/11/2018 7:30,2023,2367,2088,4563,4576,4804,2540,2209,2716
8/11/2018 8:00,2078,2422,2152,4926,4951,4926,2848,2529,2774
8/11/2018 8:30,2078,2181,2151,4926,4951,4910,2848,2770,2759
8/11/2018 9:00,2054,2177,2171,5073,5077,5002,3019,2900,2831
8/11/2018 9:30,2054,2162,2022,5073,5077,5044,3019,2915,3022
8/11/2018 10:00,1985,2108,2049,5074,5086,5034,3089,2978,2985
8/11/2018 10:30,1985,2100,2077,5074,5086,5019,3089,2986,2942
8/11/2018 11:00,1959,2012,1963,5081,5086,5008,3122,3074,3045
8/11/2018 11:30,1959,2017,1896,5081,5083,5019,3122,3066,3123
8/11/2018 12:00,1875,1937,1939,5107,5085,5052,3232,3148,3113
8/11/2018 12:30,1875,1967,1939,5107,5085,5069,3232,3118,3130
8/11/2018 13:00,1769,1901,1963,5037,5009,5068,3268,3108,3105
8/11/2018 13:30,1769,1849,1914,5037,5009,4968,3268,3160,3054
8/11/2018 14:00,1664,1738,1813,5033,5017,4985,3369,3279,3172
8/11/2018 14:30,1664,1721,1662,5033,5017,5001,3369,3296,3339
8/11/2018 15:00,1559,1621,1426,5139,5109,5046,3580,3488,3620
8/11/2018 15:30,1559,1620,1346,5139,5109,5137,3580,3489,3791
8/11/2018 16:00,1537,1500,1306,5466,5433,5248,3929,3933,3942
8/11/2018 16:30,1537,1645,1285,5466,5433,5500,3929,3788,4215
8/11/2018 17:00,1574,1526,1222,5936,5956,5845,4362,4430,4623
8/11/2018 17:30,1574,1483,1204,5936,5956,6015,4362,4473,4811
8/11/2018 18:00,1623,1438,1248,5885,5932,5964,4262,4494,4716
8/11/2018 18:30,1623,1197,1314,5885,5932,5828,4262,4735,4514
8/11/2018 19:00,1696,1268,1373,5625,5655,5701,3929,4387,4328
8/11/2018 19:30,1696,1255,1421,5625,5655,5571,3929,4400,4150
8/11/2018 20:00,1778,1373,1386,5323,5343,5407,3545,3970,4021
8/11/2018 20:30,1778,1438,1420,5323,5343,5253,3545,3905,3833
8/11/2018 21:00,1851,1536,1448,4913,4919,5048,3062,3383,3600
8/11/2018 21:30,1851,1554,1457,4913,4919,4809,3062,3365,3352
8/11/2018 22:00,1920,1635,1504,4428,4423,4545,2508,2788,3041
8/11/2018 22:30,1920,1628,1541,4428,4423,4309,2508,2795,2768
8/11/2018 23:00,1757,1715,1601,4046,4046,4144,2289,2331,2543
8/11/2018 23:30,1757,1693,1666,4046,4043,3986,2289,2350,2320
9/11/2018 0:00,1826,1752,1726,3688,3720,3801,1862,1968,2075
9/11/2018 0:30,1826,1702,1844,3688,3720,3682,1862,2018,1838
9/11/2018 1:00,1891,1783,1846,3453,3489,3571,1562,1706,1725
9/11/2018 1:30,1891,1746,1970,3453,3489,3478,1562,1743,1508
9/11/2018 2:00,1993,1843,2063,3308,3326,3380,1315,1483,1317
9/11/2018 2:30,1993,1851,2114,3308,3326,3324,1315,1475,1210
9/11/2018 3:00,2122,2022,2112,3245,3252,3323,1123,1230,1211
9/11/2018 3:30,2122,2053,2117,3245,3252,3282,1123,1199,1165
9/11/2018 4:00,2317,2270,2318,3234,3248,3285,917,978,967
9/11/2018 4:30,2317,2304,2523,3234,3248,3312,917,944,789
9/11/2018 5:00,2564,2551,2520,3340,3366,3364,776,815,844
9/11/2018 5:30,2564,2666,2530,3340,3366,3443,776,700,913
9/11/2018 6:00,2834,2916,2608,3800,3842,3660,966,926,1052
9/11/2018 6:30,2834,2893,2853,3800,3842,3960,966,949,1107
9/11/2018 7:00,3097,3145,3275,4582,4608,4492,1485,1463,1217
9/11/2018 7:30,3097,3088,3456,4582,4608,4884,1485,1520,1428
9/11/2018 8:00,3299,3293,3551,4950,4922,5058,1651,1629,1507
9/11/2018 8:30,3299,3307,3618,4950,4922,5086,1651,1615,1468
9/11/2018 9:00,3434,3470,3659,5081,5053,5177,1647,1583,1518
9/11/2018 9:30,3434,3379,3660,5081,5053,5242,1647,1674,1582
9/11/2018 10:00,3507,3501,3711,5101,5073,5249,1594,1572,1538
9/11/2018 10:30,3507,3723,3737,5101,5073,5256,1594,1350,1519
9/11/2018 11:00,3545,3735,3763,5090,5063,5281,1545,1328,1518
9/11/2018 11:30,3545,3859,3713,5090,5054,5282,1545,1195,1569
9/11/2018 12:00,3545,3794,3779,5075,5068,5330,1530,1274,1551
9/11/2018 12:30,3545,3761,3728,5075,5068,5371,1530,1307,1643
9/11/2018 13:00,3459,3609,3611,4977,4980,5329,1518,1371,1718
9/11/2018 13:30,3459,3583,3568,4977,4980,5283,1518,1397,1715
9/11/2018 14:00,3286,3437,3579,4967,4952,5320,1681,1515,1741
9/11/2018 14:30,3286,3483,3543,4967,4952,5340,1681,1469,1797
9/11/2018 15:00,3071,3336,3256,5033,5025,5386,1962,1689,2130
9/11/2018 15:30,3071,3387,3207,5033,5025,5454,1962,1638,2247
9/11/2018 16:00,2863,3202,3274,5297,5303,5505,2434,2101,2231
9/11/2018 16:30,2863,3138,3227,5297,5303,5705,2434,2165,2478
9/11/2018 17:00,2653,2982,3095,5757,5740,5863,3104,2758,2768
9/11/2018 17:30,2653,3101,2928,5757,5740,5923,3104,2639,2995
9/11/2018 18:00,2460,2998,2830,5721,5676,5814,3261,2678,2984
9/11/2018 18:30,2460,2898,2726,5721,5676,5671,3261,2778,2945
9/11/2018 19:00,2356,2841,2743,5433,5400,5506,3077,2559,2763
9/11/2018 19:30,2356,2859,2699,5433,5400,5321,3077,2541,2622
9/11/2018 20:00,2341,2828,2786,5079,5047,5173,2738,2219,2387
9/11/2018 20:30,2341,2775,2795,5079,5047,5024,2738,2272,2229
9/11/2018 21:00,2370,2778,2820,4690,4666,4870,2320,1888,2050
9/11/2018 21:30,2370,2777,2859,4690,4666,4626,2320,1889,1767
9/11/2018 22:00,2410,2691,2830,4296,4278,4443,1886,1587,1613
9/11/2018 22:30,2410,2682,2752,4296,4278,4240,1886,1596,1488
9/11/2018 23:00,2621,2497,2607,4027,4027,4143,1406,1530,1536
9/11/2018 23:30,2621,2496,2436,4027,4028,4003,1406,1532,1567
10/11/2018 0:00,2475,2287,2482,3704,3731,3851,1229,1444,1369
10/11/2018 0:30,2475,2243,2401,3704,3731,3656,1229,1488,1255
10/11/2018 1:00,2259,2077,2304,3436,3458,3532,1177,1381,1228
10/11/2018 1:30,2259,2241,2286,3436,3458,3418,1177,1217,1132
10/11/2018 2:00,2037,2017,2215,3252,3261,3363,1215,1244,1148
10/11/2018 2:30,2037,1973,2104,3252,3261,3303,1215,1288,1199
10/11/2018 3:00,1864,1736,1940,3157,3168,3238,1293,1432,1298
10/11/2018 3:30,1864,1602,1864,3157,3168,3204,1293,1566,1340
10/11/2018 4:00,1765,1443,1761,3119,3135,3201,1354,1692,1440
10/11/2018 4:30,1765,1542,1697,3119,3135,3175,1354,1593,1478
10/11/2018 5:00,1694,1423,1585,3155,3169,3188,1461,1746,1603
10/11/2018 5:30,1694,1601,1434,3155,3169,3196,1461,1568,1762
10/11/2018 6:00,1610,1442,1315,3368,3378,3312,1758,1936,1997
10/11/2018 6:30,1610,1416,1288,3368,3378,3424,1758,1962,2136
10/11/2018 7:00,1487,1268,1248,3710,3740,3630,2223,2472,2382
10/11/2018 7:30,1487,1266,1180,3710,3740,3797,2223,2474,2617
10/11/2018 8:00,1343,1153,1078,4015,4085,3951,2672,2932,2873
10/11/2018 8:30,1343,1141,967,4015,4085,4178,2672,2944,3211
10/11/2018 9:00,1199,1043,802,4395,4470,4396,3196,3427,3594
10/11/2018 9:30,1199,1015,747,4395,4470,4540,3196,3455,3793
10/11/2018 10:00,1123,941,683,4582,4657,4636,3459,3716,3953
10/11/2018 10:30,1123,930,596,4582,4657,4710,3459,3727,4114
10/11/2018 11:00,1104,861,519,4634,4719,4737,3530,3858,4218
10/11/2018 11:30,1104,852,505,4634,4724,4742,3530,3872,4237
10/11/2018 12:00,975,763,510,4655,4730,4760,3680,3967,4250
10/11/2018 12:30,975,596,508,4655,4730,4760,3680,4134,4252
10/11/2018 13:00,811,508,529,4576,4644,4709,3765,4136,4180
10/11/2018 13:30,811,425,513,4576,4644,4629,3765,4219,4116
10/11/2018 14:00,697,366,497,4466,4540,4552,3769,4174,4055
10/11/2018 14:30,697,300,440,4466,4540,4509,3769,4240,4069
10/11/2018 15:00,644,348,415,4487,4555,4499,3843,4207,4084
10/11/2018 15:30,644,390,398,4487,4555,4510,3843,4165,4112
10/11/2018 16:00,641,469,433,4799,4861,4610,4158,4392,4177
10/11/2018 16:30,641,544,511,4799,4861,4828,4158,4317,4317
10/11/2018 17:00,701,674,576,5312,5372,5265,4611,4698,4689
10/11/2018 17:30,701,707,582,5312,5372,5492,4611,4665,4910
10/11/2018 18:00,767,830,638,5261,5300,5457,4494,4470,4819
10/11/2018 18:30,767,769,723,5261,5300,5264,4494,4531,4541
10/11/2018 19:00,814,812,733,4975,4971,5083,4161,4159,4350
10/11/2018 19:30,814,773,750,4975,4971,4920,4161,4198,4170
10/11/2018 20:00,878,799,788,4670,4681,4732,3792,3882,3944
10/11/2018 20:30,878,732,780,4670,4681,4628,3792,3949,3848
10/11/2018 21:00,898,811,777,4355,4373,4468,3457,3562,3691
10/11/2018 21:30,898,796,809,4355,4373,4305,3457,3577,3496
10/11/2018 22:00,919,844,795,4064,4084,4145,3145,3240,3350
10/11/2018 22:30,919,877,806,4064,4084,4006,3145,3207,3200
10/11/2018 23:00,1002,910,761,3888,3888,3947,2886,2978,3186
10/11/2018 23:30,1002,946,780,3888,3888,3845,2886,2942,3065
11/11/2018 0:00,1041,940,809,3622,3626,3707,2581,2686,2898
11/11/2018 0:30,1041,869,804,3622,3626,3554,2581,2757,2750
11/11/2018 1:00,1034,832,739,3372,3383,3439,2338,2551,2700
11/11/2018 1:30,1034,775,672,3372,3383,3328,2338,2608,2656
11/11/2018 2:00,997,759,662,3166,3191,3248,2169,2432,2586
11/11/2018 2:30,997,732,648,3166,3191,3182,2169,2459,2534
11/11/2018 3:00,959,750,674,3079,3092,3136,2120,2342,2462
11/11/2018 3:30,959,759,544,3079,3092,3103,2120,2333,2559
11/11/2018 4:00,976,814,522,3039,3048,3082,2063,2234,2560
11/11/2018 4:30,976,729,552,3039,3048,3054,2063,2319,2502
11/11/2018 5:00,1024,810,533,3042,3044,3046,2018,2234,2513
11/11/2018 5:30,1024,809,619,3042,3044,3041,2018,2235,2422
11/11/2018 6:00,1072,867,729,3155,3145,3094,2083,2278,2365
11/11/2018 6:30,1072,886,818,3155,3145,3172,2083,2259,2354
11/11/2018 7:00,1157,997,887,3339,3314,3272,2182,2317,2385
11/11/2018 7:30,1157,817,972,3339,3314,3322,2182,2497,2350
11/11/2018 8:00,1309,983,1061,3559,3556,3428,2250,2573,2367
11/11/2018 8:30,1309,911,1176,3559,3556,3635,2250,2645,2459
11/11/2018 9:00,1563,1091,1172,3973,3973,3870,2410,2882,2698
11/11/2018 9:30,1563,1062,1172,3973,3973,4093,2410,2911,2921
11/11/2018 10:00,1838,1286,1243,4274,4272,4241,2436,2986,2998
11/11/2018 10:30,1838,1348,1436,4274,4272,4308,2436,2924,2872
11/11/2018 11:00,2094,1609,1619,4431,4427,4369,2337,2818,2750
11/11/2018 11:30,2094,1683,1681,4431,4434,4424,2337,2751,2743
11/11/2018 12:00,2340,1965,1705,4565,4570,4500,2225,2605,2795
11/11/2018 12:30,2340,1949,1770,4565,4570,4551,2225,2621,2781
11/11/2018 13:00,2469,2183,1830,4534,4525,4590,2065,2342,2760
11/11/2018 13:30,2469,2148,2037,4534,4525,4518,2065,2377,2481
11/11/2018 14:00,2558,2307,2123,4410,4392,4497,1852,2085,2374
11/11/2018 14:30,2558,2314,2129,4410,4392,4493,1852,2078,2364
11/11/2018 15:00,2623,2413,2244,4408,4376,4473,1785,1963,2229
11/11/2018 15:30,2623,2315,2222,4408,4376,4479,1785,2061,2257
11/11/2018 16:00,2670,2354,2334,4714,4675,4590,2044,2321,2256
11/11/2018 16:30,2670,2213,2398,4714,4675,4806,2044,2462,2408
11/11/2018 17:00,2694,2208,2383,5269,5271,5127,2575,3063,2744
11/11/2018 17:30,2694,2294,2390,5269,5271,5303,2575,2977,2913
11/11/2018 18:00,2674,2269,2479,5220,5234,5254,2546,2965,2775
11/11/2018 18:30,2674,2257,2414,5220,5234,5184,2546,2977,2770
11/11/2018 19:00,2702,2267,2446,4942,4950,5057,2240,2683,2611
11/11/2018 19:30,2702,2286,2539,4942,4950,4954,2240,2664,2415
11/11/2018 20:00,2768,2357,2591,4681,4674,4820,1913,2317,2229
11/11/2018 20:30,2768,2380,2515,4681,4674,4664,1913,2294,2149
11/11/2018 21:00,2796,2454,2565,4367,4360,4530,1571,1906,1965
11/11/2018 21:30,2796,2667,2587,4367,4360,4355,1571,1693,1768
11/11/2018 22:00,2791,2713,2618,4000,3991,4135,1209,1278,1517
11/11/2018 22:30,2791,2669,2488,4000,3991,3929,1209,1322,1441
11/11/2018 23:00,2472,2668,2429,3731,3731,3807,1259,1063,1378
11/11/2018 23:30,2472,2786,2409,3731,3731,3647,1259,945,1238
12/11/2018 0:00,2459,2709,2499,3435,3437,3541,976,728,1042
12/11/2018 0:30,2459,2621,2531,3435,3437,3414,976,816,883
12/11/2018 1:00,2411,2546,2492,3230,3229,3316,819,683,824
12/11/2018 1:30,2411,2549,2537,3230,3229,3263,819,680,726
12/11/2018 2:00,2364,2462,2532,3100,3100,3179,736,638,647
12/11/2018 2:30,2364,2304,2463,3100,3100,3128,736,796,665
12/11/2018 3:00,2344,2207,2494,3067,3053,3083,723,846,589
12/11/2018 3:30,2344,2242,2480,3067,3053,3085,723,811,605
12/11/2018 4:00,2317,2175,2403,3076,3056,3084,759,881,681
12/11/2018 4:30,2317,2242,2377,3076,3056,3083,759,814,706
12/11/2018 5:00,2318,2259,2295,3191,3168,3149,873,909,854
12/11/2018 5:30,2318,2301,2290,3191,3168,3230,873,867,940
12/11/2018 6:00,2343,2300,2349,3685,3662,3500,1342,1362,1151
12/11/2018 6:30,2343,2370,2293,3685,3662,3824,1342,1292,1531
12/11/2018 7:00,2364,2363,2235,4522,4493,4313,2158,2130,2078
12/11/2018 7:30,2364,2415,2270,4522,4493,4685,2158,2078,2415
12/11/2018 8:00,2350,2437,2247,4927,4915,4839,2577,2478,2592
12/11/2018 8:30,2350,2319,2336,4927,4915,4887,2577,2596,2551
12/11/2018 9:00,2398,2395,2355,5128,5131,4974,2730,2736,2619
12/11/2018 9:30,2398,2307,2223,5128,5131,5040,2730,2824,2817
12/11/2018 10:00,2490,2383,2217,5189,5181,5028,2699,2798,2811
12/11/2018 10:30,2490,2396,2309,5189,5181,5045,2699,2785,2736
12/11/2018 11:00,2530,2394,2295,5220,5198,5042,2690,2804,2747
12/11/2018 11:30,2530,2419,2323,5220,5198,5051,2690,2779,2728
12/11/2018 12:00,2546,2406,2269,5250,5230,5073,2704,2824,2804
12/11/2018 12:30,2546,2455,2261,5250,5230,5093,2704,2775,2832
12/11/2018 13:00,2469,2487,2188,5169,5180,5049,2700,2693,2861
12/11/2018 13:30,2469,2269,2167,5169,5180,4982,2700,2911,2815
12/11/2018 14:00,2311,2203,2069,5167,5212,4971,2856,3009,2902
12/11/2018 14:30,2311,2202,1967,5167,5212,4984,2856,3010,3017
12/11/2018 15:00,2181,2102,2067,5296,5346,5048,3115,3244,2981
12/11/2018 15:30,2181,2102,2064,5296,5346,5134,3115,3244,3070
12/11/2018 16:00,2123,2069,2082,5729,5776,5276,3606,3707,3194
12/11/2018 16:30,2123,2029,2121,5729,5776,5582,3606,3747,3461
12/11/2018 17:00,2088,2015,2141,6261,6233,5963,4173,4218,3822
12/11/2018 17:30,2088,1922,2125,6261,6233,6118,4173,4311,3993
12/11/2018 18:00,2088,1882,2131,6054,6035,5991,3966,4153,3860
12/11/2018 18:30,2088,1881,2124,6054,6035,5831,3966,4154,3707
12/11/2018 19:00,2110,1891,2028,5664,5690,5662,3554,3799,3634
12/11/2018 19:30,2110,1994,1973,5664,5690,5491,3554,3696,3518
12/11/2018 20:00,2136,2015,2037,5319,5345,5346,3183,3330,3309
12/11/2018 20:30,2136,2137,2033,5319,5345,5189,3183,3208,3156
12/11/2018 21:00,2174,2208,2088,4914,4926,4993,2740,2718,2905
12/11/2018 21:30,2174,2095,2114,4914,4926,4754,2740,2831,2640
12/11/2018 22:00,2204,2219,2143,4399,4402,4465,2195,2183,2322
12/11/2018 22:30,2204,2225,2170,4399,4402,4236,2195,2177,2066
12/11/2018 23:00,2253,2279,2329,4005,4005,4105,1752,1726,1776
12/11/2018 23:30,2253,2316,2368,4005,4004,3943,1752,1688,1575
13/11/2018 0:00,2235,2286,2376,3576,3602,3749,1341,1316,1373
13/11/2018 0:30,2235,2286,2360,3576,3602,3607,1341,1316,1247
13/11/2018 1:00,2146,2183,2378,3351,3388,3516,1205,1205,1138
13/11/2018 1:30,2146,2158,2328,3351,3388,3454,1205,1230,1126
13/11/2018 2:00,1995,2005,2213,3224,3245,3379,1229,1240,1166
13/11/2018 2:30,1995,2030,2184,3224,3245,3309,1229,1215,1125
13/11/2018 3:00,1833,1867,2126,3174,3177,3265,1341,1310,1139
13/11/2018 3:30,1833,1942,2086,3174,3177,3245,1341,1235,1159
13/11/2018 4:00,1662,1759,1909,3174,3180,3253,1512,1421,1344
13/11/2018 4:30,1662,1803,1761,3174,3180,3244,1512,1377,1483
13/11/2018 5:00,1472,1577,1615,3281,3302,3281,1809,1725,1666
13/11/2018 5:30,1472,1580,1617,3281,3302,3358,1809,1722,1741
13/11/2018 6:00,1285,1364,1539,3766,3802,3595,2481,2438,2056
13/11/2018 6:30,1285,1436,1507,3766,3802,3926,2481,2366,2419
13/11/2018 7:00,1229,1311,1515,4577,4601,4452,3348,3290,2937
13/11/2018 7:30,1229,1345,1491,4577,4601,4803,3348,3256,3312
13/11/2018 8:00,1349,1369,1443,4988,4959,4935,3639,3590,3492
13/11/2018 8:30,1349,1403,1411,4988,4959,4968,3639,3556,3557
13/11/2018 9:00,1538,1487,1489,5164,5101,5068,3626,3614,3579
13/11/2018 9:30,1538,1586,1484,5164,5101,5114,3626,3515,3630
13/11/2018 10:00,1764,1722,1482,5177,5122,5067,3413,3400,3585
13/11/2018 10:30,1764,1707,1647,5177,5122,5053,3413,3415,3406
13/11/2018 11:00,2035,1914,1823,5168,5117,5039,3133,3203,3216
13/11/2018 11:30,2035,1964,1965,5168,5111,5008,3133,3147,3043
13/11/2018 12:00,2300,2213,2089,5184,5120,5011,2884,2907,2922
13/11/2018 12:30,2300,2154,2301,5184,5120,5082,2884,2966,2781
13/11/2018 13:00,2490,2422,2390,5117,5041,5059,2627,2619,2669
13/11/2018 13:30,2490,2335,2532,5117,5041,5012,2627,2706,2480
13/11/2018 14:00,2653,2560,2675,5141,5038,5036,2488,2478,2361
13/11/2018 14:30,2653,2658,2731,5141,5038,5067,2488,2380,2336
13/11/2018 15:00,2807,2821,2811,5258,5151,5128,2451,2330,2317
13/11/2018 15:30,2807,2854,2882,5258,5151,5213,2451,2297,2331
13/11/2018 16:00,2943,2966,3094,5660,5530,5396,2717,2564,2302
13/11/2018 16:30,2943,3020,3197,5660,5530,5785,2717,2510,2588
13/11/2018 17:00,3077,3116,3216,6149,6070,6073,3072,2954,2857
13/11/2018 17:30,3077,3116,3375,6149,6070,6183,3072,2954,2808
13/11/2018 18:00,3192,3224,3503,5980,5937,6096,2788,2713,2593
13/11/2018 18:30,3192,3224,3666,5980,5937,5941,2788,2713,2275
13/11/2018 19:00,3277,3305,3675,5651,5583,5806,2374,2278,2131
13/11/2018 19:30,3277,3305,3629,5651,5583,5659,2374,2278,2030
13/11/2018 20:00,3299,3313,3581,5315,5266,5516,2016,1953,1935
13/11/2018 20:30,3299,3313,3525,5315,5266,5331,2016,1953,1806
13/11/2018 21:00,3268,3267,3416,4911,4861,5146,1643,1594,1730
13/11/2018 21:30,3268,3267,3355,4911,4861,4886,1643,1594,1531
13/11/2018 22:00,3210,3206,3259,4398,4358,4607,1188,1152,1348
13/11/2018 22:30,3210,3206,3199,4398,4358,4348,1188,1152,1149
13/11/2018 23:00,3094,3138,3120,4002,4002,4174,908,864,1054
13/11/2018 23:30,3094,3138,3007,4002,4002,3996,908,864,989
14/11/2018 0:00,3035,3064,2980,3632,3632,3810,597,568,830
14/11/2018 0:30,3035,3064,2954,3632,3632,3686,597,568,732
14/11/2018 1:00,2957,2995,2860,3414,3414,3584,457,419,724
14/11/2018 1:30,2957,2995,2787,3414,3414,3495,457,419,708
14/11/2018 2:00,2914,2954,2698,3288,3288,3403,374,334,705
14/11/2018 2:30,2914,2954,2678,3288,3288,3348,374,334,670
14/11/2018 3:00,2945,2967,2649,3233,3233,3290,288,266,641
14/11/2018 3:30,2945,2967,2604,3233,3233,3268,288,266,664
14/11/2018 4:00,3021,3035,2620,3230,3230,3278,209,195,658
14/11/2018 4:30,3021,3035,2597,3230,3230,3253,209,195,656
14/11/2018 5:00,3116,3140,2608,3355,3355,3297,239,215,689
14/11/2018 5:30,3116,3140,2664,3355,3355,3385,239,215,721
14/11/2018 6:00,3226,3258,2895,3858,3858,3650,632,600,755
14/11/2018 6:30,3226,3258,3001,3858,3858,3980,632,600,979
14/11/2018 7:00,3315,3359,3263,4660,4660,4497,1345,1301,1234
14/11/2018 7:30,3315,3359,3574,4660,4660,4944,1345,1301,1370
14/11/2018 8:00,3382,3428,3557,4986,4986,5065,1604,1558,1508
14/11/2018 8:30,3382,3428,3522,4986,4986,5069,1604,1558,1547
14/11/2018 9:00,3424,3459,3518,5109,5109,5129,1685,1650,1611
14/11/2018 9:30,3424,3459,3512,5109,5109,5193,1685,1650,1681
14/11/2018 10:00,3436,3460,3539,5127,5127,5195,1691,1667,1656
14/11/2018 10:30,3436,3460,3529,5127,5127,5191,1691,1667,1662
14/11/2018 11:00,3425,3342,3508,5124,5111,5192,1699,1769,1684
14/11/2018 11:30,3425,3536,3500,5124,5121,5199,1699,1585,1699
14/11/2018 12:00,3402,3502,3554,5129,5145,5215,1727,1643,1661
14/11/2018 12:30,3402,3449,3513,5129,5145,5235,1727,1696,1722
14/11/2018 13:00,3379,3429,3559,5048,5090,5201,1669,1661,1642
14/11/2018 13:30,3379,3459,3539,5048,5090,5118,1669,1631,1579
14/11/2018 14:00,3358,3428,3510,5047,5083,5142,1689,1655,1632
14/11/2018 14:30,3358,3445,3422,5047,5083,5141,1689,1638,1719
14/11/2018 15:00,3340,3422,3438,5161,5193,5187,1821,1771,1749
14/11/2018 15:30,3340,3448,3384,5161,5193,5263,1821,1745,1879
14/11/2018 16:00,3330,3428,3361,5534,5611,5402,2204,2183,2041
14/11/2018 16:30,3330,3498,3378,5534,5611,5678,2204,2113,2300
14/11/2018 17:00,3317,3467,3449,6070,6099,5974,2753,2632,2525
14/11/2018 17:30,3317,3459,3344,6070,6099,6040,2753,2640,2696
14/11/2018 18:00,3298,3430,3270,5920,5962,5919,2622,2532,2649
14/11/2018 18:30,3298,3393,3196,5920,5962,5769,2622,2569,2573
14/11/2018 19:00,3276,3357,3102,5592,5646,5626,2316,2289,2524
14/11/2018 19:30,3276,3290,3075,5592,5646,5497,2316,2356,2422
14/11/2018 20:00,3240,3239,2983,5287,5333,5347,2047,2094,2364
14/11/2018 20:30,3240,3107,2904,5287,5333,5224,2047,2226,2320
14/11/2018 21:00,3183,2945,2758,4868,4920,5039,1685,1975,2281
14/11/2018 21:30,3183,2868,2688,4868,4920,4810,1685,2052,2122
14/11/2018 22:00,3112,2659,2677,4374,4412,4595,1262,1753,1918
14/11/2018 22:30,3112,2579,2612,4374,4412,4339,1262,1833,1727
14/11/2018 23:00,3010,2401,2499,4056,4056,4166,1046,1655,1667
14/11/2018 23:30,3010,2343,2398,4056,4061,3994,1046,1718,1596
15/11/2018 0:00,2886,2206,2317,3676,3692,3802,790,1486,1485
15/11/2018 0:30,2886,2159,2289,3676,3692,3649,790,1533,1360
15/11/2018 1:00,2773,2083,2175,3433,3452,3525,660,1369,1350
15/11/2018 1:30,2773,2195,2133,3433,3452,3432,660,1257,1299
15/11/2018 2:00,2704,2173,2158,3285,3293,3374,581,1120,1216
15/11/2018 2:30,2704,2195,2180,3285,3293,3313,581,1098,1133
15/11/2018 3:00,2692,2259,2282,3225,3224,3263,533,965,981
15/11/2018 3:30,2692,2217,2382,3225,3224,3256,533,1007,874
15/11/2018 4:00,2748,2372,2405,3228,3220,3257,480,848,852
15/11/2018 4:30,2748,2392,2467,3228,3220,3256,480,828,789
15/11/2018 5:00,2861,2631,2541,3352,3341,3303,491,710,762
15/11/2018 5:30,2861,2638,2666,3352,3341,3396,491,703,730
15/11/2018 6:00,3010,2900,2841,3841,3839,3642,831,939,801
15/11/2018 6:30,3010,2953,3038,3841,3839,3952,831,886,914
15/11/2018 7:00,3127,3180,3363,4663,4681,4459,1536,1501,1096
15/11/2018 7:30,3127,3265,3558,4663,4681,4880,1536,1416,1322
15/11/2018 8:00,3192,3380,3565,4959,4987,5013,1767,1607,1448
15/11/2018 8:30,3192,3209,3509,4959,4987,5019,1767,1778,1510
15/11/2018 9:00,3198,3165,3417,5078,5104,5066,1880,1939,1649
15/11/2018 9:30,3198,3175,3329,5078,5104,5097,1880,1929,1768
15/11/2018 10:00,3115,2962,3162,5086,5132,5042,1971,2170,1880
15/11/2018 10:30,3115,3119,2919,5086,5132,5023,1971,2013,2104
15/11/2018 11:00,2965,2841,2845,5091,5150,5046,2126,2309,2201
15/11/2018 11:30,2965,2971,2907,5091,5152,5091,2126,2181,2184
15/11/2018 12:00,2840,2756,2828,5126,5185,5113,2286,2429,2285
15/11/2018 12:30,2840,2677,2508,5126,5185,5135,2286,2508,2627
15/11/2018 13:00,2758,2508,2383,5068,5106,5095,2310,2598,2712
15/11/2018 13:30,2758,2544,2148,5068,5106,5018,2310,2562,2870
15/11/2018 14:00,2616,2384,1947,5065,5093,5056,2449,2709,3109
15/11/2018 14:30,2616,2274,1993,5065,5093,5087,2449,2819,3094
15/11/2018 15:00,2366,2067,2140,5160,5180,5143,2794,3113,3003
15/11/2018 15:30,2366,2291,2143,5160,5180,5232,2794,2889,3089
15/11/2018 16:00,2047,1986,2096,5558,5549,5353,3511,3563,3257
15/11/2018 16:30,2047,1764,2018,5558,5549,5578,3511,3785,3560
15/11/2018 17:00,1715,1520,1882,6047,6011,5834,4332,4491,3952
15/11/2018 17:30,1715,1243,1697,6047,6011,5945,4332,4768,4248
15/11/2018 18:00,1465,1084,1632,5934,5877,5889,4469,4793,4257
15/11/2018 18:30,1465,1260,1443,5934,5877,5759,4469,4617,4316
15/11/2018 19:00,1313,1123,1340,5643,5592,5629,4330,4469,4289
15/11/2018 19:30,1313,1363,1312,5643,5592,5481,4330,4229,4169
15/11/2018 20:00,1216,1248,1304,5339,5302,5330,4123,4054,4026
15/11/2018 20:30,1216,1254,1222,5339,5302,5181,4123,4048,3959
15/11/2018 21:00,1184,1204,1171,4928,4913,4981,3744,3709,3810
15/11/2018 21:30,1184,1170,1260,4928,4913,4757,3744,3743,3497
15/11/2018 22:00,1203,1175,1193,4440,4445,4521,3237,3270,3328
15/11/2018 22:30,1203,1169,1132,4440,4445,4268,3237,3276,3136
15/11/2018 23:00,1123,1182,1060,4081,4081,4100,2958,2899,3040
15/11/2018 23:30,1123,1259,1012,4081,4078,3940,2958,2819,2928
16/11/2018 0:00,1158,1263,1149,3718,3723,3750,2560,2460,2601
16/11/2018 0:30,1158,1217,1249,3718,3723,3596,2560,2506,2347
16/11/2018 1:00,1222,1245,1360,3488,3491,3488,2266,2246,2128
16/11/2018 1:30,1222,1225,1433,3488,3491,3390,2266,2266,1957
16/11/2018 2:00,1323,1303,1561,3340,3345,3300,2017,2042,1739
16/11/2018 2:30,1323,1277,1626,3340,3345,3250,2017,2068,1624
16/11/2018 3:00,1428,1410,1734,3276,3279,3217,1848,1869,1483
16/11/2018 3:30,1428,1360,1691,3276,3279,3184,1848,1919,1493
16/11/2018 4:00,1529,1541,1695,3262,3269,3174,1733,1728,1479
16/11/2018 4:30,1529,1737,1902,3262,3269,3186,1733,1532,1284
16/11/2018 5:00,1665,1896,2144,3365,3380,3263,1700,1484,1119
16/11/2018 5:30,1665,2000,2227,3365,3380,3385,1700,1380,1158
16/11/2018 6:00,1839,2136,2315,3832,3839,3676,1993,1703,1361
16/11/2018 6:30,1839,2221,2368,3832,3839,3998,1993,1618,1630
16/11/2018 7:00,2023,2314,2466,4647,4644,4455,2624,2330,1989
16/11/2018 7:30,2023,2177,2648,4647,4644,4848,2624,2467,2200
16/11/2018 8:00,2185,2288,2751,4966,4965,4984,2781,2677,2233
16/11/2018 8:30,2185,2427,2788,4966,4965,5032,2781,2538,2244
16/11/2018 9:00,2333,2554,2864,5103,5095,5079,2770,2541,2215
16/11/2018 9:30,2333,2724,2850,5103,5095,5115,2770,2371,2265
16/11/2018 10:00,2494,2863,2811,5139,5108,5078,2645,2245,2267
16/11/2018 10:30,2494,2867,2894,5139,5108,5074,2645,2241,2180
16/11/2018 11:00,2606,2953,2888,5135,5100,5082,2529,2147,2194
16/11/2018 11:30,2606,3113,2848,5135,5113,5078,2529,2000,2230
16/11/2018 12:00,2647,3061,2786,5156,5139,5064,2509,2078,2278
16/11/2018 12:30,2647,3150,2773,5156,5139,5059,2509,1989,2286
16/11/2018 13:00,2617,3009,2672,5067,5054,5013,2450,2045,2341
16/11/2018 13:30,2617,2875,2674,5067,5054,4960,2450,2179,2286
16/11/2018 14:00,2536,2750,2651,5034,5030,4970,2498,2280,2319
16/11/2018 14:30,2536,2694,2633,5034,5030,4983,2498,2336,2350
16/11/2018 15:00,2509,2645,2665,5103,5115,5001,2594,2470,2336
16/11/2018 15:30,2509,2661,2749,5103,5115,5072,2594,2454,2323
16/11/2018 16:00,2543,2690,2683,5416,5403,5171,2873,2713,2488
16/11/2018 16:30,2543,2577,2741,5416,5403,5475,2873,2826,2734
16/11/2018 17:00,2603,2661,2829,5818,5783,5747,3215,3122,2918
16/11/2018 17:30,2603,2721,2974,5818,5783,5812,3215,3062,2838
16/11/2018 18:00,2664,2782,3071,5687,5668,5736,3023,2886,2665
16/11/2018 18:30,2664,2887,3226,5687,5668,5600,3023,2781,2374
16/11/2018 19:00,2690,2895,3251,5397,5380,5473,2707,2485,2222
16/11/2018 19:30,2690,2879,3223,5397,5380,5303,2707,2501,2080
16/11/2018 20:00,2693,2831,3249,5090,5060,5168,2397,2229,1919
16/11/2018 20:30,2693,2900,3158,5090,5060,4998,2397,2160,1840
16/11/2018 21:00,2694,2829,3137,4726,4691,4812,2032,1862,1675
16/11/2018 21:30,2694,3150,2979,4726,4691,4597,2032,1541,1618
16/11/2018 22:00,2699,3015,2907,4344,4311,4413,1645,1296,1506
16/11/2018 22:30,2699,3042,2885,4344,4311,4232,1645,1269,1347
16/11/2018 23:00,2594,2901,2877,4096,4096,4135,1502,1195,1258
16/11/2018 23:30,2594,2931,3000,4096,4091,4047,1502,1160,1047
17/11/2018 0:00,2530,2830,2970,3747,3743,3853,1217,913,883
17/11/2018 0:30,2530,2830,2862,3747,3743,3681,1217,913,819
17/11/2018 1:00,2490,2765,2789,3458,3449,3544,968,684,755
17/11/2018 1:30,2490,2659,2705,3458,3449,3437,968,790,732
17/11/2018 2:00,2460,2616,2667,3268,3253,3355,808,637,688
17/11/2018 2:30,2460,2691,2590,3268,3253,3267,808,562,677
17/11/2018 3:00,2451,2648,2542,3167,3146,3237,716,498,695
17/11/2018 3:30,2451,2784,2494,3167,3146,3198,716,362,704
17/11/2018 4:00,2460,2747,2438,3115,3097,3161,655,350,723
17/11/2018 4:30,2460,2716,2417,3115,3097,3165,655,381,748
17/11/2018 5:00,2488,2696,2426,3147,3133,3168,659,437,742
17/11/2018 5:30,2488,2625,2470,3147,3133,3204,659,508,734
17/11/2018 6:00,2511,2621,2523,3345,3366,3297,834,745,774
17/11/2018 6:30,2511,2573,2440,3345,3366,3423,834,793,983
17/11/2018 7:00,2493,2565,2471,3690,3701,3622,1197,1136,1151
17/11/2018 7:30,2493,2513,2675,3690,3701,3860,1197,1188,1185
17/11/2018 8:00,2473,2505,2667,4021,4031,4035,1548,1526,1368
17/11/2018 8:30,2473,2492,2668,4021,4031,4218,1548,1539,1550
17/11/2018 9:00,2483,2491,2655,4405,4404,4459,1922,1913,1804
17/11/2018 9:30,2483,2519,2704,4405,4404,4616,1922,1885,1912
17/11/2018 10:00,2498,2499,2647,4582,4578,4662,2084,2079,2015
17/11/2018 10:30,2498,2417,2685,4582,4578,4718,2084,2161,2033
17/11/2018 11:00,2497,2370,2755,4649,4642,4726,2152,2272,1971
17/11/2018 11:30,2497,2553,2802,4649,4638,4742,2152,2085,1940
17/11/2018 12:00,2462,2454,2686,4691,4649,4738,2229,2195,2052
17/11/2018 12:30,2462,2436,2654,4691,4649,4737,2229,2213,2083
17/11/2018 13:00,2408,2334,2575,4618,4588,4701,2210,2254,2126
17/11/2018 13:30,2408,2401,2605,4618,4588,4655,2210,2187,2050
17/11/2018 14:00,2363,2310,2674,4530,4508,4597,2167,2198,1923
17/11/2018 14:30,2363,2402,2668,4530,4508,4566,2167,2106,1898
17/11/2018 15:00,2364,2328,2723,4558,4515,4562,2194,2187,1839
17/11/2018 15:30,2364,2400,2836,4558,4515,4602,2194,2115,1766
17/11/2018 16:00,2418,2378,2884,4885,4872,4723,2467,2494,1839
17/11/2018 16:30,2418,2351,2885,4885,4872,5015,2467,2521,2130
17/11/2018 17:00,2471,2374,2951,5354,5366,5365,2883,2992,2414
17/11/2018 17:30,2471,2539,3022,5354,5366,5486,2883,2827,2464
17/11/2018 18:00,2499,2558,3066,5252,5258,5418,2753,2700,2352
17/11/2018 18:30,2499,2695,3003,5252,5258,5233,2753,2563,2230
17/11/2018 19:00,2503,2704,2879,4943,4952,4971,2440,2248,2092
17/11/2018 19:30,2503,2884,2805,4943,4952,4766,2440,2068,1961
17/11/2018 20:00,2495,2875,2875,4644,4652,4665,2149,1777,1790
17/11/2018 20:30,2495,2950,2784,4644,4652,4477,2149,1702,1693
17/11/2018 21:00,2486,2905,2669,4333,4336,4367,1847,1431,1698
17/11/2018 21:30,2486,3023,2715,4333,4336,4278,1847,1313,1563
17/11/2018 22:00,2489,2944,2756,4038,4041,4139,1549,1097,1383
17/11/2018 22:30,2489,2869,2743,4038,4041,4021,1549,1172,1278
17/11/2018 23:00,2548,2808,2570,3869,3869,3938,1321,1061,1368
17/11/2018 23:30,2548,2804,2535,3869,3868,3849,1321,1064,1314
18/11/2018 0:00,2560,2756,2646,3579,3585,3698,1019,829,1052
18/11/2018 0:30,2560,2601,2699,3579,3585,3565,1019,984,866
18/11/2018 1:00,2557,2576,2682,3334,3351,3470,777,775,788
18/11/2018 1:30,2557,2707,2619,3334,3351,3369,777,644,750
18/11/2018 2:00,2534,2668,2522,3144,3168,3267,610,500,745
18/11/2018 2:30,2534,2563,2505,3144,3168,3185,610,605,680
18/11/2018 3:00,2503,2559,2520,3044,3068,3164,541,509,644
18/11/2018 3:30,2503,2542,2442,3044,3068,3139,541,526,697
18/11/2018 4:00,2490,2556,2412,2988,3012,3107,498,456,695
18/11/2018 4:30,2490,2657,2419,2988,3012,3089,498,355,670
18/11/2018 5:00,2511,2651,2443,2988,3008,3112,477,357,669
18/11/2018 5:30,2511,2563,2344,2988,3008,3085,477,445,741
18/11/2018 6:00,2562,2577,2344,3109,3097,3127,547,520,783
18/11/2018 6:30,2562,2590,2365,3109,3097,3196,547,507,831
18/11/2018 7:00,2608,2596,2377,3277,3288,3296,669,692,919
18/11/2018 7:30,2608,2493,2472,3277,3288,3411,669,795,939
18/11/2018 8:00,2599,2451,2515,3483,3507,3483,884,1056,968
18/11/2018 8:30,2599,2423,2581,3483,3507,3651,884,1084,1070
18/11/2018 9:00,2504,2317,2758,3866,3900,3887,1362,1583,1129
18/11/2018 9:30,2504,2300,2649,3866,3900,4067,1362,1600,1418
18/11/2018 10:00,2376,2141,2665,4187,4231,4237,1811,2090,1572
18/11/2018 10:30,2376,2127,2649,4187,4231,4317,1811,2104,1668
18/11/2018 11:00,2257,1987,2660,4375,4414,4375,2118,2427,1715
18/11/2018 11:30,2257,2034,2565,4375,4412,4371,2118,2378,1806
18/11/2018 12:00,2129,1901,2551,4514,4545,4432,2385,2644,1881
18/11/2018 12:30,2129,2125,2477,4514,4545,4467,2385,2420,1990
18/11/2018 13:00,2011,1981,2471,4501,4531,4460,2490,2550,1989
18/11/2018 13:30,2011,2123,2303,4501,4531,4376,2490,2408,2073
18/11/2018 14:00,1910,2010,2332,4384,4413,4324,2474,2403,1992
18/11/2018 14:30,1910,2192,2347,4384,4413,4279,2474,2221,1932
18/11/2018 15:00,1874,2173,2328,4402,4430,4270,2528,2257,1942
18/11/2018 15:30,1874,2173,2215,4402,4430,4267,2528,2257,2052
18/11/2018 16:00,1929,2247,2211,4758,4779,4389,2829,2532,2178
18/11/2018 16:30,1929,2326,2298,4758,4779,4699,2829,2453,2401
18/11/2018 17:00,2011,2381,2241,5244,5267,5079,3233,2886,2838
18/11/2018 17:30,2011,2434,2326,5244,5267,5231,3233,2833,2905
18/11/2018 18:00,2066,2426,2422,5206,5203,5192,3140,2777,2770
18/11/2018 18:30,2066,2521,2460,5206,5203,5092,3140,2682,2632
18/11/2018 19:00,2091,2476,2458,4980,4944,5012,2889,2468,2554
18/11/2018 19:30,2091,2322,2450,4980,4944,4910,2889,2622,2460
18/11/2018 20:00,2099,2299,2566,4726,4686,4814,2627,2387,2248
18/11/2018 20:30,2099,2282,2643,4726,4686,4685,2627,2404,2042
18/11/2018 21:00,2113,2290,2648,4400,4395,4503,2287,2105,1855
18/11/2018 21:30,2113,2391,2617,4400,4395,4302,2287,2004,1685
18/11/2018 22:00,2144,2412,2572,4020,4030,4113,1876,1618,1541
18/11/2018 22:30,2144,2467,2554,4020,4030,3938,1876,1563,1384
18/11/2018 23:00,2140,2472,2453,3748,3748,3828,1608,1276,1375
18/11/2018 23:30,2140,2550,2418,3748,3746,3677,1608,1196,1259
19/11/2018 0:00,2139,2510,2382,3441,3452,3507,1302,942,1125
19/11/2018 0:30,2139,2638,2383,3441,3452,3376,1302,814,993
19/11/2018 1:00,2093,2529,2404,3227,3246,3313,1134,717,909
19/11/2018 1:30,2093,2512,2337,3227,3246,3228,1134,734,891
19/11/2018 2:00,2036,2386,2277,3101,3113,3145,1065,727,868
19/11/2018 2:30,2036,2338,2247,3101,3113,3115,1065,775,868
19/11/2018 3:00,2006,2268,2133,3058,3076,3095,1052,808,962
19/11/2018 3:30,2006,2223,2087,3058,3076,3079,1052,853,992
19/11/2018 4:00,1975,2163,2150,3057,3077,3087,1082,914,937
19/11/2018 4:30,1975,2178,2178,3057,3077,3133,1082,899,955
19/11/2018 5:00,1940,2112,2383,3183,3201,3217,1243,1089,834
19/11/2018 5:30,1940,2109,2491,3183,3201,3306,1243,1092,815
19/11/2018 6:00,1916,2051,2516,3677,3692,3562,1761,1641,1046
19/11/2018 6:30,1916,2007,2423,3677,3692,3827,1761,1685,1404
19/11/2018 7:00,1874,1954,2381,4564,4568,4337,2690,2614,1956
19/11/2018 7:30,1874,1940,2292,4564,4568,4743,2690,2628,2451
19/11/2018 8:00,1830,1891,2260,4950,4950,4906,3120,3059,2646
19/11/2018 8:30,1830,2204,2202,4950,4950,4968,3120,2746,2766
19/11/2018 9:00,1835,2184,2134,5125,5122,5079,3290,2938,2945
19/11/2018 9:30,1835,2292,1980,5125,5122,5104,3290,2830,3124
19/11/2018 10:00,1934,2307,1948,5180,5167,5114,3246,2860,3166
19/11/2018 10:30,1934,2310,2019,5180,5167,5129,3246,2857,3110
19/11/2018 11:00,2068,2356,2083,5204,5180,5164,3136,2824,3081
19/11/2018 11:30,2068,2349,2049,5204,5182,5198,3136,2833,3149
19/11/2018 12:00,2182,2388,2079,5236,5200,5230,3054,2812,3151
19/11/2018 12:30,2182,2355,2064,5236,5200,5234,3054,2845,3170
19/11/2018 13:00,2225,2338,1942,5167,5117,5213,2942,2779,3271
19/11/2018 13:30,2225,2178,1920,5167,5117,5136,2942,2939,3216
19/11/2018 14:00,2142,2102,1833,5173,5128,5129,3031,3026,3296
19/11/2018 14:30,2142,2153,1838,5173,5128,5148,3031,2975,3310
19/11/2018 15:00,2015,2020,1874,5324,5257,5222,3309,3237,3348
19/11/2018 15:30,2015,1949,1781,5324,5257,5300,3309,3308,3519
19/11/2018 16:00,1910,1788,1727,5790,5723,5448,3880,3935,3721
19/11/2018 16:30,1910,1614,1659,5790,5723,5810,3880,4109,4151
19/11/2018 17:00,1816,1494,1588,6211,6167,6075,4395,4673,4487
19/11/2018 17:30,1816,1417,1513,6211,6167,6135,4395,4750,4622
19/11/2018 18:00,1732,1385,1588,5986,5956,6031,4254,4571,4443
19/11/2018 18:30,1732,1514,1746,5986,5956,5875,4254,4442,4129
19/11/2018 19:00,1686,1536,1806,5628,5643,5707,3942,4107,3901
19/11/2018 19:30,1686,1495,1817,5628,5642,5571,3942,4147,3754
19/11/2018 20:00,1692,1551,1789,5288,5317,5379,3596,3766,3590
19/11/2018 20:30,1692,1618,1810,5288,5317,5236,3596,3699,3426
19/11/2018 21:00,1720,1656,1681,4898,4894,4999,3178,3238,3318
19/11/2018 21:30,1720,1711,1720,4898,4894,4745,3178,3183,3025
19/11/2018 22:00,1709,1679,1688,4400,4387,4477,2691,2708,2789
19/11/2018 22:30,1709,1786,1625,4400,4387,4247,2691,2601,2622
19/11/2018 23:00,1739,1729,1520,4020,4018,4100,2281,2289,2580
19/11/2018 23:30,1739,1700,1630,4020,4017,3947,2281,2317,2317
20/11/2018 0:00,1698,1660,1647,3641,3643,3756,1943,1983,2109
20/11/2018 0:30,1698,1560,1718,3641,3643,3626,1943,2083,1908
20/11/2018 1:00,1683,1560,1696,3413,3424,3519,1730,1864,1823
20/11/2018 1:30,1683,1582,1708,3413,3424,3443,1730,1842,1735
20/11/2018 2:00,1710,1636,1623,3290,3295,3372,1580,1659,1749
20/11/2018 2:30,1710,1523,1680,3290,3295,3313,1580,1772,1633
20/11/2018 3:00,1744,1569,1692,3241,3228,3293,1497,1659,1601
20/11/2018 3:30,1744,1686,1682,3241,3228,3249,1497,1542,1567
20/11/2018 4:00,1758,1716,1788,3231,3231,3263,1473,1515,1475
20/11/2018 4:30,1758,1799,1825,3231,3231,3221,1473,1432,1396
20/11/2018 5:00,1790,1803,1851,3345,3354,3295,1555,1551,1444
20/11/2018 5:30,1790,1713,1848,3345,3354,3414,1555,1641,1566
20/11/2018 6:00,1822,1745,1804,3836,3851,3693,2014,2106,1889
20/11/2018 6:30,1822,1755,1833,3836,3851,4021,2014,2096,2188
20/11/2018 7:00,1851,1778,1901,4701,4692,4487,2850,2914,2586
20/11/2018 7:30,1851,1802,1885,4701,4692,4904,2850,2890,3019
20/11/2018 8:00,1895,1875,1912,5078,5057,5036,3183,3182,3124
20/11/2018 8:30,1895,1911,1887,5078,5057,5045,3183,3146,3158
20/11/2018 9:00,2008,2053,1845,5204,5178,5132,3196,3125,3287
20/11/2018 9:30,2008,2050,1890,5204,5178,5188,3196,3128,3298
20/11/2018 10:00,2189,2255,1997,5220,5193,5164,3031,2938,3167
20/11/2018 10:30,2189,2318,2076,5220,5201,5187,3031,2883,3111
20/11/2018 11:00,2317,2472,2192,5209,5215,5203,2892,2743,3011
20/11/2018 11:30,2317,2465,2229,5209,5189,5198,2892,2724,2969
20/11/2018 12:00,2355,2514,2211,5228,5225,5191,2873,2711,2980
20/11/2018 12:30,2355,2400,2183,5228,5224,5208,2873,2824,3025
20/11/2018 13:00,2302,2313,2169,5143,5152,5193,2841,2839,3024
20/11/2018 13:30,2302,2321,2136,5143,5151,5102,2841,2830,2966
20/11/2018 14:00,2179,2216,2076,5146,5135,5117,2967,2919,3041
20/11/2018 14:30,2179,2215,2078,5146,5135,5158,2967,2920,3080
20/11/2018 15:00,2072,2142,2078,5272,5273,5220,3200,3131,3142
20/11/2018 15:30,2072,2049,2008,5272,5273,5334,3200,3224,3326
20/11/2018 16:00,2055,2069,1981,5738,5742,5469,3683,3673,3488
20/11/2018 16:30,2055,2049,1986,5738,5742,5800,3683,3693,3814
20/11/2018 17:00,2131,2139,2221,6240,6223,6127,4109,4084,3906
20/11/2018 17:30,2131,2057,2254,6240,6222,6181,4109,4165,3927
20/11/2018 18:00,2208,2152,2298,6058,6034,6071,3850,3882,3773
20/11/2018 18:30,2208,2264,2319,6058,6034,5931,3850,3770,3612
20/11/2018 19:00,2246,2333,2418,5736,5723,5800,3490,3390,3382
20/11/2018 19:30,2246,2266,2504,5736,5723,5648,3490,3457,3144
20/11/2018 20:00,2271,2295,2489,5411,5394,5484,3140,3099,2995
20/11/2018 20:30,2271,2391,2517,5411,5394,5329,3140,3003,2812
20/11/2018 21:00,2250,2353,2464,4997,4973,5125,2747,2620,2661
20/11/2018 21:30,2250,2389,2413,4997,4973,4828,2747,2584,2415
20/11/2018 22:00,2178,2325,2358,4490,4464,4596,2312,2139,2238
20/11/2018 22:30,2178,2328,2416,4490,4464,4342,2312,2136,1926
20/11/2018 23:00,2118,2199,2349,4094,4093,4178,1976,1894,1829
20/11/2018 23:30,2118,2204,2249,4094,4093,3990,1976,1889,1741
21/11/2018 0:00,1994,2069,2133,3750,3751,3837,1756,1682,1704
21/11/2018 0:30,1994,2127,1984,3750,3750,3695,1756,1623,1711
21/11/2018 1:00,1895,1992,1848,3535,3536,3582,1640,1544,1734
21/11/2018 1:30,1895,1898,1791,3535,3536,3470,1640,1638,1679
21/11/2018 2:00,1795,1779,1658,3388,3390,3383,1593,1611,1725
21/11/2018 2:30,1795,1904,1579,3388,3390,3326,1593,1486,1747
21/11/2018 3:00,1677,1767,1486,3321,3322,3294,1644,1555,1808
21/11/2018 3:30,1677,1742,1437,3321,3322,3302,1644,1580,1865
21/11/2018 4:00,1567,1635,1401,3310,3310,3286,1743,1675,1885
21/11/2018 4:30,1567,1497,1386,3310,3310,3298,1743,1813,1912
21/11/2018 5:00,1453,1414,1382,3435,3439,3354,1982,2025,1972
21/11/2018 5:30,1453,1363,1386,3435,3439,3451,1982,2076,2065
21/11/2018 6:00,1327,1249,1346,3946,3951,3716,2619,2702,2370
21/11/2018 6:30,1327,1163,1273,3946,3951,4030,2619,2788,2757
21/11/2018 7:00,1197,1038,1269,4819,4824,4546,3622,3786,3277
21/11/2018 7:30,1197,1061,1259,4819,4824,5014,3622,3763,3755
21/11/2018 8:00,1080,947,1186,5161,5145,5202,4081,4198,4016
21/11/2018 8:30,1080,1036,1050,5161,5145,5191,4081,4109,4141
21/11/2018 9:00,1006,941,943,5282,5267,5268,4276,4326,4325
21/11/2018 9:30,1006,1024,769,5282,5267,5331,4276,4243,4562
21/11/2018 10:00,979,973,815,5297,5294,5345,4318,4321,4530
21/11/2018 10:30,979,975,885,5297,5294,5370,4318,4319,4485
21/11/2018 11:00,978,1000,923,5310,5311,5378,4332,4311,4455
21/11/2018 11:30,978,967,861,5310,5313,5380,4332,4346,4519
21/11/2018 12:00,947,1056,922,5333,5332,5371,4386,4276,4449
21/11/2018 12:30,947,983,922,5333,5332,5404,4386,4349,4482
21/11/2018 13:00,902,1087,887,5265,5265,5376,4363,4178,4489
21/11/2018 13:30,902,982,860,5265,5265,5292,4363,4283,4432
21/11/2018 14:00,882,1097,882,5255,5263,5304,4373,4166,4422
21/11/2018 14:30,882,1171,945,5255,5263,5320,4373,4092,4375
21/11/2018 15:00,903,1240,936,5386,5397,5383,4483,4157,4447
21/11/2018 15:30,903,1246,1011,5386,5397,5466,4483,4151,4455
21/11/2018 16:00,999,1326,1090,5849,5847,5604,4850,4521,4514
21/11/2018 16:30,999,1233,1272,5849,5848,5954,4850,4615,4682
21/11/2018 17:00,1131,1388,1344,6333,6314,6209,5202,4926,4865
21/11/2018 17:30,1131,1389,1472,6333,6314,6309,5202,4925,4837
21/11/2018 18:00,1246,1551,1588,6164,6147,6220,4918,4596,4632
21/11/2018 18:30,1246,1409,1610,6164,6147,6054,4918,4738,4444
21/11/2018 19:00,1342,1530,1683,5855,5844,5897,4513,4314,4214
21/11/2018 19:30,1342,1555,1685,5855,5844,5741,4513,4289,4056
21/11/2018 20:00,1399,1598,1668,5516,5513,5580,4117,3915,3912
21/11/2018 20:30,1399,1755,1729,5516,5513,5474,4117,3758,3745
21/11/2018 21:00,1411,1736,1717,5061,5056,5248,3650,3320,3531
21/11/2018 21:30,1411,1781,1727,5061,5056,4943,3650,3275,3216
21/11/2018 22:00,1418,1660,1651,4546,4548,4687,3128,2888,3036
21/11/2018 22:30,1418,1653,1670,4546,4548,4450,3128,2895,2780
21/11/2018 23:00,1669,1560,1544,4159,4160,4254,2490,2600,2710
21/11/2018 23:30,1669,1504,1549,4159,4156,4079,2490,2652,2530
22/11/2018 0:00,1658,1480,1519,3797,3798,3891,2139,2318,2372
22/11/2018 0:30,1658,1488,1552,3797,3798,3742,2139,2310,2190
22/11/2018 1:00,1628,1475,1448,3535,3537,3632,1907,2062,2184
22/11/2018 1:30,1628,1461,1435,3535,3537,3514,1907,2076,2079
22/11/2018 2:00,1631,1517,1488,3371,3373,3468,1740,1856,1980
22/11/2018 2:30,1631,1480,1519,3371,3373,3409,1740,1893,1890
22/11/2018 3:00,1667,1562,1549,3299,3302,3367,1632,1740,1818
22/11/2018 3:30,1667,1600,1580,3299,3302,3350,1632,1702,1770
22/11/2018 4:00,1731,1687,1593,3294,3297,3366,1563,1610,1773
22/11/2018 4:30,1731,1637,1658,3294,3297,3377,1563,1660,1719
22/11/2018 5:00,1791,1766,1722,3419,3422,3441,1628,1656,1719
22/11/2018 5:30,1791,1831,1683,3419,3422,3518,1628,1591,1835
22/11/2018 6:00,1850,1915,1726,3935,3936,3770,2085,2021,2044
22/11/2018 6:30,1850,1866,1836,3935,3936,4097,2085,2070,2261
22/11/2018 7:00,1916,1933,2009,4824,4823,4610,2908,2890,2601
22/11/2018 7:30,1916,1912,2094,4824,4823,5072,2908,2911,2978
22/11/2018 8:00,1967,1981,2137,5167,5166,5185,3200,3185,3048
22/11/2018 8:30,1967,1919,2164,5167,5166,5220,3200,3247,3056
22/11/2018 9:00,1990,1950,2130,5283,5280,5284,3293,3330,3154
22/11/2018 9:30,1990,2045,2069,5283,5280,5336,3293,3235,3267
22/11/2018 10:00,2000,2041,2058,5293,5307,5280,3293,3266,3222
22/11/2018 10:30,2000,2045,2103,5293,5307,5273,3293,3262,3170
22/11/2018 11:00,2017,2025,2219,5303,5324,5276,3286,3299,3057
22/11/2018 11:30,2017,2113,2308,5303,5325,5279,3286,3212,2971
22/11/2018 12:00,1970,2046,2297,5322,5352,5265,3352,3306,2968
22/11/2018 12:30,1970,2044,2239,5322,5352,5269,3352,3308,3030
22/11/2018 13:00,1858,1954,2218,5249,5276,5250,3391,3322,3032
22/11/2018 13:30,1858,1948,2167,5249,5276,5160,3391,3328,2993
22/11/2018 14:00,1734,1909,2192,5254,5276,5200,3520,3367,3008
22/11/2018 14:30,1734,2047,2178,5254,5276,5238,3520,3229,3060
22/11/2018 15:00,1684,2016,2142,5397,5415,5277,3713,3399,3135
22/11/2018 15:30,1684,2016,2111,5397,5415,5407,3713,3399,3296
22/11/2018 16:00,1703,2016,2191,5846,5860,5565,4143,3844,3374
22/11/2018 16:30,1703,2104,2199,5846,5860,5915,4143,3756,3716
22/11/2018 17:00,1720,2095,2217,6306,6308,6201,4586,4213,3984
22/11/2018 17:30,1720,2092,2205,6306,6308,6248,4586,4216,4043
22/11/2018 18:00,1722,2051,2133,6164,6161,6155,4442,4110,4022
22/11/2018 18:30,1722,2115,2087,6164,6161,6024,4442,4046,3937
22/11/2018 19:00,1695,2040,2059,5882,5872,5883,4187,3832,3824
22/11/2018 19:30,1695,2078,2059,5882,5873,5756,4187,3795,3697
22/11/2018 20:00,1645,1996,2115,5551,5569,5621,3906,3573,3506
22/11/2018 20:30,1645,2040,2134,5551,5569,5507,3906,3529,3373
22/11/2018 21:00,1602,1956,2093,5112,5138,5298,3510,3182,3205
22/11/2018 21:30,1602,1896,2078,5112,5138,5051,3510,3242,2973
22/11/2018 22:00,1572,1866,2044,4617,4629,4776,3045,2763,2732
22/11/2018 22:30,1572,1857,2006,4617,4629,4500,3045,2772,2494
22/11/2018 23:00,1747,1844,1990,4251,4253,4356,2504,2409,2366
22/11/2018 23:30,1747,1947,2015,4251,4266,4187,2504,2319,2172
23/11/2018 0:00,1722,1918,1952,3873,3884,3987,2151,1966,2035
23/11/2018 0:30,1722,2023,1904,3873,3884,3825,2151,1861,1921
23/11/2018 1:00,1700,1972,1903,3617,3626,3711,1917,1654,1808
23/11/2018 1:30,1700,1989,1916,3617,3626,3616,1917,1637,1700
23/11/2018 2:00,1692,1909,1902,3450,3458,3509,1758,1549,1607
23/11/2018 2:30,1692,1882,1861,3450,3458,3450,1758,1576,1589
23/11/2018 3:00,1701,1833,1856,3375,3381,3406,1674,1548,1550
23/11/2018 3:30,1701,1861,1822,3375,3381,3382,1674,1520,1560
23/11/2018 4:00,1748,1853,1876,3374,3380,3392,1626,1527,1516
23/11/2018 4:30,1748,1800,1875,3374,3380,3386,1626,1580,1511
23/11/2018 5:00,1790,1778,1892,3488,3494,3443,1698,1716,1551
23/11/2018 5:30,1790,1812,1891,3488,3494,3550,1698,1682,1659
23/11/2018 6:00,1794,1781,1844,3978,3983,3785,2184,2202,1941
23/11/2018 6:30,1794,1826,1840,3978,3983,4099,2184,2157,2259
23/11/2018 7:00,1759,1815,1839,4849,4853,4592,3090,3038,2753
23/11/2018 7:30,1759,1851,1809,4849,4853,5037,3090,3002,3228
23/11/2018 8:00,1691,1798,1794,5206,5203,5207,3515,3405,3413
23/11/2018 8:30,1691,1836,1748,5206,5203,5204,3515,3367,3456
23/11/2018 9:00,1620,1777,1615,5333,5327,5281,3713,3550,3666
23/11/2018 9:30,1620,1778,1545,5333,5327,5348,3713,3549,3803
23/11/2018 10:00,1554,1698,1518,5361,5339,5328,3807,3641,3810
23/11/2018 10:30,1554,1741,1454,5361,5339,5295,3807,3598,3841
23/11/2018 11:00,1462,1654,1421,5361,5338,5283,3899,3684,3862
23/11/2018 11:30,1462,1609,1340,5361,5343,5256,3899,3734,3916
23/11/2018 12:00,1350,1478,1343,5370,5346,5266,4020,3868,3923
23/11/2018 12:30,1350,1355,1332,5370,5346,5286,4020,3991,3954
23/11/2018 13:00,1265,1208,1317,5267,5243,5258,4002,4035,3941
23/11/2018 13:30,1265,1194,1319,5267,5243,5188,4002,4049,3869
23/11/2018 14:00,1193,1106,1240,5237,5218,5196,4044,4112,3956
23/11/2018 14:30,1193,1119,1146,5237,5218,5199,4044,4099,4053
23/11/2018 15:00,1160,1093,1128,5346,5327,5240,4186,4234,4112
23/11/2018 15:30,1160,1040,1083,5346,5327,5317,4186,4287,4234
23/11/2018 16:00,1136,1107,1146,5737,5727,5468,4601,4620,4322
23/11/2018 16:30,1136,1159,1174,5737,5727,5752,4601,4568,4578
23/11/2018 17:00,1122,1225,1128,6113,6095,5914,4991,4870,4786
23/11/2018 17:30,1122,1259,1071,6113,6095,5954,4991,4836,4883
23/11/2018 18:00,1117,1256,1055,5964,5936,5897,4847,4680,4842
23/11/2018 18:30,1117,1261,992,5964,5936,5751,4847,4675,4759
23/11/2018 19:00,1086,1218,950,5665,5648,5584,4579,4430,4634
23/11/2018 19:30,1086,1179,912,5665,5648,5446,4579,4469,4534
23/11/2018 20:00,1063,1161,841,5336,5336,5277,4273,4175,4436
23/11/2018 20:30,1063,934,861,5336,5337,5128,4273,4403,4267
23/11/2018 21:00,1017,940,889,4938,4951,4941,3921,4011,4052
23/11/2018 21:30,1017,919,935,4938,4951,4734,3921,4032,3799
23/11/2018 22:00,966,923,900,4523,4532,4540,3557,3609,3640
23/11/2018 22:30,966,880,904,4523,4532,4349,3557,3652,3445
23/11/2018 23:00,1041,892,905,4294,4294,4271,3253,3402,3366
23/11/2018 23:30,1041,856,871,4294,4291,4160,3253,3435,3289
24/11/2018 0:00,1031,885,803,3948,3944,3963,2917,3059,3160
24/11/2018 0:30,1031,890,781,3948,3944,3774,2917,3054,2993
24/11/2018 1:00,1038,946,789,3645,3641,3640,2607,2695,2851
24/11/2018 1:30,1038,916,774,3645,3640,3517,2607,2724,2743
24/11/2018 2:00,1068,985,821,3431,3427,3404,2363,2442,2583
24/11/2018 2:30,1068,1058,877,3431,3427,3317,2363,2369,2440
24/11/2018 3:00,1118,1117,978,3319,3315,3272,2201,2198,2294
24/11/2018 3:30,1118,1012,1036,3319,3315,3229,2201,2303,2193
24/11/2018 4:00,1153,1075,1019,3261,3258,3223,2108,2183,2204
24/11/2018 4:30,1153,1028,1048,3261,3258,3222,2108,2230,2174
24/11/2018 5:00,1175,1106,1089,3294,3294,3224,2119,2188,2135
24/11/2018 5:30,1175,1070,1033,3294,3294,3246,2119,2224,2213
24/11/2018 6:00,1211,1114,1048,3493,3492,3363,2282,2378,2315
24/11/2018 6:30,1211,1137,1058,3493,3492,3496,2282,2355,2438
24/11/2018 7:00,1234,1145,1021,3842,3838,3695,2608,2693,2674
24/11/2018 7:30,1234,1121,1055,3842,3838,3913,2608,2717,2858
24/11/2018 8:00,1239,1125,1101,4220,4202,4074,2981,3077,2973
24/11/2018 8:30,1239,1072,1090,4220,4202,4267,2981,3130,3177
24/11/2018 9:00,1233,1064,1100,4662,4637,4508,3429,3573,3408
24/11/2018 9:30,1233,1038,1089,4662,4637,4667,3429,3599,3578
24/11/2018 10:00,1208,1048,1056,4858,4833,4761,3650,3785,3705
24/11/2018 10:30,1208,992,1023,4858,4833,4828,3650,3841,3805
24/11/2018 11:00,1162,985,927,4917,4892,4855,3755,3907,3928
24/11/2018 11:30,1162,1042,870,4917,4892,4893,3755,3850,4023
24/11/2018 12:00,1072,973,866,4949,4940,4900,3877,3967,4034
24/11/2018 12:30,1072,996,863,4949,4940,4891,3877,3944,4028
24/11/2018 13:00,954,894,827,4868,4870,4855,3914,3976,4028
24/11/2018 13:30,954,850,766,4868,4870,4778,3914,4020,4012
24/11/2018 14:00,878,794,792,4778,4776,4713,3900,3982,3921
24/11/2018 14:30,878,732,720,4778,4776,4688,3900,4044,3968
24/11/2018 15:00,894,764,716,4834,4822,4690,3940,4058,3974
24/11/2018 15:30,894,732,778,4834,4822,4709,3940,4090,3931
24/11/2018 16:00,986,845,839,5242,5222,4854,4256,4377,4015
24/11/2018 16:30,986,889,909,5242,5222,5152,4256,4333,4243
24/11/2018 17:00,1085,1018,1022,5689,5656,5456,4604,4638,4434
24/11/2018 17:30,1085,957,1075,5689,5657,5544,4604,4700,4469
24/11/2018 18:00,1148,1062,1126,5537,5504,5478,4389,4442,4352
24/11/2018 18:30,1148,1077,1150,5537,5504,5328,4389,4427,4178
24/11/2018 19:00,1156,1110,1155,5211,5170,5166,4055,4060,4011
24/11/2018 19:30,1156,1121,1136,5211,5170,4997,4055,4049,3861
24/11/2018 20:00,1114,1099,1130,4898,4853,4831,3784,3754,3701
24/11/2018 20:30,1114,1118,1117,4898,4852,4697,3784,3734,3580
24/11/2018 21:00,1051,1055,1071,4578,4539,4558,3527,3484,3487
24/11/2018 21:30,1051,1042,1118,4578,4538,4419,3527,3496,3301
24/11/2018 22:00,999,993,1065,4259,4239,4250,3260,3246,3185
24/11/2018 22:30,999,973,1027,4259,4238,4106,3260,3265,3079
24/11/2018 23:00,1029,943,979,4078,4075,4062,3049,3132,3083
24/11/2018 23:30,1029,969,922,4078,4075,3956,3049,3106,3034
25/11/2018 0:00,992,930,896,3793,3792,3800,2801,2862,2904
25/11/2018 0:30,992,938,902,3793,3792,3669,2801,2854,2767
25/11/2018 1:00,961,919,862,3533,3533,3555,2572,2614,2693
25/11/2018 1:30,961,969,789,3533,3533,3447,2572,2564,2658
25/11/2018 2:00,920,957,771,3333,3332,3336,2413,2375,2565
25/11/2018 2:30,920,897,783,3333,3332,3254,2413,2435,2471
25/11/2018 3:00,883,888,754,3229,3228,3205,2346,2340,2451
25/11/2018 3:30,883,840,735,3229,3228,3165,2346,2388,2430
25/11/2018 4:00,875,856,815,3164,3163,3152,2289,2307,2337
25/11/2018 4:30,875,869,811,3164,3163,3120,2289,2294,2309
25/11/2018 5:00,887,882,812,3155,3156,3110,2268,2274,2298
25/11/2018 5:30,887,803,778,3155,3156,3114,2268,2353,2336
25/11/2018 6:00,911,818,723,3249,3252,3174,2338,2434,2451
25/11/2018 6:30,911,805,708,3249,3252,3257,2338,2447,2549
25/11/2018 7:00,936,817,687,3434,3440,3357,2498,2623,2670
25/11/2018 7:30,936,800,742,3434,3440,3487,2498,2640,2745
25/11/2018 8:00,953,819,765,3649,3658,3535,2696,2839,2770
25/11/2018 8:30,953,760,801,3649,3658,3692,2696,2898,2891
25/11/2018 9:00,978,767,799,4076,4073,3928,3098,3306,3129
25/11/2018 9:30,978,731,868,4076,4072,4140,3098,3341,3272
25/11/2018 10:00,981,713,781,4412,4413,4315,3431,3700,3534
25/11/2018 10:30,981,647,684,4412,4413,4426,3431,3766,3742
25/11/2018 11:00,962,644,695,4580,4594,4512,3618,3950,3817
25/11/2018 11:30,962,706,644,4580,4592,4562,3618,3886,3918
25/11/2018 12:00,946,709,671,4744,4743,4630,3798,4034,3959
25/11/2018 12:30,946,717,663,4744,4743,4687,3798,4026,4024
25/11/2018 13:00,909,714,684,4741,4725,4699,3832,4011,4015
25/11/2018 13:30,909,732,626,4741,4725,4650,3832,3993,4024
25/11/2018 14:00,867,714,569,4621,4594,4584,3754,3880,4015
25/11/2018 14:30,867,697,638,4621,4593,4540,3754,3896,3902
25/11/2018 15:00,859,716,645,4650,4614,4520,3791,3898,3875
25/11/2018 15:30,859,663,601,4650,4614,4578,3791,3951,3977
25/11/2018 16:00,928,739,611,5047,5007,4722,4119,4268,4111
25/11/2018 16:30,928,745,692,5047,5007,5075,4119,4262,4383
25/11/2018 17:00,1050,853,761,5498,5463,5351,4448,4610,4590
25/11/2018 17:30,1050,777,774,5498,5463,5459,4448,4686,4685
25/11/2018 18:00,1144,882,711,5428,5395,5405,4284,4513,4694
25/11/2018 18:30,1144,930,687,5428,5395,5313,4284,4465,4626
25/11/2018 19:00,1198,982,666,5191,5157,5191,3993,4175,4525
25/11/2018 19:30,1198,869,689,5191,5156,5065,3993,4287,4376
25/11/2018 20:00,1236,910,728,4942,4914,4967,3706,4004,4239
25/11/2018 20:30,1236,941,748,4942,4914,4814,3706,3973,4066
25/11/2018 21:00,1252,972,787,4617,4602,4671,3365,3630,3884
25/11/2018 21:30,1252,889,772,4617,4602,4439,3365,3713,3667
25/11/2018 22:00,1263,921,793,4229,4213,4249,2966,3292,3456
25/11/2018 22:30,1263,806,792,4229,4212,4046,2966,3406,3254
25/11/2018 23:00,1072,809,823,3941,3939,3940,2869,3130,3117
25/11/2018 23:30,1072,809,843,3941,3949,3788,2869,3140,2945
26/11/2018 0:00,1046,781,745,3618,3624,3633,2572,2843,2888
26/11/2018 0:30,1046,794,756,3618,3623,3504,2572,2829,2748
26/11/2018 1:00,1034,783,780,3395,3399,3409,2361,2616,2629
26/11/2018 1:30,1034,747,768,3395,3399,3328,2361,2652,2560
26/11/2018 2:00,1020,735,784,3257,3263,3269,2237,2528,2485
26/11/2018 2:30,1020,733,912,3257,3263,3234,2237,2530,2322
26/11/2018 3:00,999,694,976,3210,3216,3194,2211,2522,2218
26/11/2018 3:30,999,721,996,3210,3216,3170,2211,2495,2174
26/11/2018 4:00,1000,686,983,3205,3211,3182,2205,2525,2199
26/11/2018 4:30,1000,652,930,3205,3211,3178,2205,2559,2248
26/11/2018 5:00,1024,667,934,3328,3334,3231,2304,2667,2297
26/11/2018 5:30,1024,681,932,3328,3334,3329,2304,2653,2397
26/11/2018 6:00,1040,714,983,3840,3846,3578,2800,3132,2595
26/11/2018 6:30,1040,884,1063,3840,3846,3917,2800,2962,2854
26/11/2018 7:00,1056,919,1076,4768,4777,4417,3712,3858,3341
26/11/2018 7:30,1056,1009,1087,4768,4777,4861,3712,3768,3774
26/11/2018 8:00,1070,1041,1147,5200,5210,5044,4130,4169,3897
26/11/2018 8:30,1070,976,1241,5200,5210,5076,4130,4234,3835
26/11/2018 9:00,1060,1000,1204,5373,5384,5175,4313,4384,3971
26/11/2018 9:30,1060,1046,1178,5373,5384,5258,4313,4338,4080
26/11/2018 10:00,1054,1040,1183,5422,5422,5244,4368,4382,4061
26/11/2018 10:30,1054,1119,1186,5422,5416,5258,4368,4297,4072
26/11/2018 11:00,1069,1112,1166,5421,5403,5259,4352,4291,4093
26/11/2018 11:30,1069,1137,1183,5421,5403,5271,4352,4266,4088
26/11/2018 12:00,1069,1130,1208,5440,5418,5281,4371,4288,4073
26/11/2018 12:30,1069,1179,1202,5440,5418,5304,4371,4239,4102
26/11/2018 13:00,1048,1167,1203,5355,5339,5260,4307,4172,4057
26/11/2018 13:30,1048,1159,1286,5355,5338,5192,4307,4179,3906
26/11/2018 14:00,1048,1191,1326,5341,5337,5208,4293,4146,3882
26/11/2018 14:30,1048,1235,1382,5341,5336,5225,4293,4101,3843
26/11/2018 15:00,1138,1332,1479,5506,5497,5275,4368,4165,3796
26/11/2018 15:30,1138,1364,1604,5506,5497,5377,4368,4133,3773
26/11/2018 16:00,1358,1543,1748,6008,6012,5575,4650,4469,3827
26/11/2018 16:30,1358,1541,1841,6008,6012,5966,4650,4471,4125
26/11/2018 17:00,1619,1720,1959,6426,6423,6207,4807,4703,4248
26/11/2018 17:30,1619,1801,1986,6426,6423,6251,4807,4622,4265
26/11/2018 18:00,1860,1940,2017,6193,6190,6115,4333,4250,4098
26/11/2018 18:30,1860,1980,2102,6193,6190,5966,4333,4210,3864
26/11/2018 19:00,2061,2128,2288,5865,5873,5837,3804,3745,3549
26/11/2018 19:30,2061,2253,2485,5865,5872,5716,3804,3619,3231
26/11/2018 20:00,2238,2453,2667,5534,5538,5548,3296,3085,2881
26/11/2018 20:30,2238,2505,2868,5534,5538,5394,3296,3033,2526
26/11/2018 21:00,2421,2738,3018,5103,5090,5245,2682,2352,2227
26/11/2018 21:30,2421,2730,3056,5103,5089,4968,2682,2359,1912
26/11/2018 22:00,2577,2923,3056,4576,4565,4690,1999,1642,1634
26/11/2018 22:30,2577,3070,3021,4576,4565,4407,1999,1495,1386
26/11/2018 23:00,2872,3194,2941,4186,4181,4228,1314,987,1287
26/11/2018 23:30,2872,3312,3053,4186,4179,4076,1314,867,1023
27/11/2018 0:00,3003,3372,2952,3792,3785,3855,789,413,903
27/11/2018 0:30,3003,3484,2914,3792,3785,3702,789,301,788
27/11/2018 1:00,3108,3497,2911,3558,3553,3607,450,56,696
27/11/2018 1:30,3108,3382,2863,3558,3553,3502,450,171,639
27/11/2018 2:00,3178,3396,2831,3416,3412,3429,238,16,598
27/11/2018 2:30,3178,3221,2826,3416,3412,3380,238,191,554
27/11/2018 3:00,3242,3269,2781,3336,3331,3327,94,62,546
27/11/2018 3:30,3242,3270,2769,3336,3331,3311,94,61,542
27/11/2018 4:00,3308,3331,2748,3324,3320,3300,16,-11,552
27/11/2018 4:30,3308,3162,2700,3324,3320,3308,16,158,608
27/11/2018 5:00,3373,3260,2636,3434,3431,3361,61,171,725
27/11/2018 5:30,3373,3118,2621,3434,3431,3449,61,313,828
27/11/2018 6:00,3430,3225,2709,3933,3932,3693,503,707,984
27/11/2018 6:30,3430,3123,2885,3933,3932,4008,503,809,1123
27/11/2018 7:00,3282,3059,3244,4800,4793,4540,1518,1734,1296
27/11/2018 7:30,3282,2962,3372,4800,4793,5002,1518,1831,1630
27/11/2018 8:00,3146,2942,3485,5194,5157,5232,2048,2215,1747
27/11/2018 8:30,3146,2840,3492,5194,5157,5278,2048,2317,1786
27/11/2018 9:00,3121,2766,3479,5330,5297,5366,2209,2531,1887
27/11/2018 9:30,3121,2587,3473,5330,5297,5458,2209,2710,1985
27/11/2018 10:00,2821,2435,3317,5348,5317,5509,2527,2882,2192
27/11/2018 10:30,2821,2765,3191,5348,5317,5495,2527,2552,2304
27/11/2018 11:00,2477,2502,3102,5338,5306,5506,2861,2804,2404
27/11/2018 11:30,2477,2681,2820,5338,5306,5522,2861,2625,2702
27/11/2018 12:00,2236,2312,2673,5339,5318,5489,3103,3006,2816
27/11/2018 12:30,2236,2398,2557,5339,5319,5506,3103,2921,2949
27/11/2018 13:00,1873,1941,2301,5252,5228,5425,3379,3287,3124
27/11/2018 13:30,1873,2113,1989,5252,5229,5272,3379,3116,3283
27/11/2018 14:00,1476,1617,1665,5242,5218,5254,3766,3601,3589
27/11/2018 14:30,1476,1613,1309,5242,5219,5256,3766,3606,3947
27/11/2018 15:00,1187,1282,1085,5381,5354,5299,4194,4072,4214
27/11/2018 15:30,1187,1211,990,5381,5355,5418,4194,4144,4428
27/11/2018 16:00,1057,1179,973,5891,5856,5597,4834,4677,4624
27/11/2018 16:30,1057,1278,1087,5891,5857,5993,4834,4579,4906
27/11/2018 17:00,1131,1463,1175,6337,6310,6239,5206,4847,5064
27/11/2018 17:30,1131,1463,1316,6337,6310,6269,5206,4847,4953
27/11/2018 18:00,1408,1800,1445,6134,6118,6140,4726,4318,4695
27/11/2018 18:30,1408,1692,1566,6134,6119,5985,4726,4427,4419
27/11/2018 19:00,1761,2038,1844,5828,5804,5858,4067,3766,4014
27/11/2018 19:30,1761,2009,2170,5828,5804,5722,4067,3795,3552
27/11/2018 20:00,2118,2321,2501,5508,5497,5600,3390,3176,3099
27/11/2018 20:30,2118,2243,2750,5508,5497,5461,3390,3254,2711
27/11/2018 21:00,2472,2552,2858,5077,5085,5262,2605,2533,2404
27/11/2018 21:30,2472,2564,2918,5077,5085,4965,2605,2521,2047
27/11/2018 22:00,2778,2825,3065,4567,4558,4735,1789,1733,1670
27/11/2018 22:30,2778,2820,3073,4567,4558,4457,1789,1738,1384
27/11/2018 23:00,3065,2983,3056,4155,4162,4280,1090,1179,1224
27/11/2018 23:30,3065,3232,2960,4155,4162,4108,1090,930,1148
28/11/2018 0:00,3138,3271,2938,3775,3779,3931,637,508,993
28/11/2018 0:30,3138,3409,2879,3775,3780,3768,637,371,889
28/11/2018 1:00,3168,3393,2800,3553,3554,3651,385,161,851
28/11/2018 1:30,3168,3359,2676,3553,3554,3548,385,195,872
28/11/2018 2:00,3161,3335,2606,3408,3408,3469,247,73,863
28/11/2018 2:30,3161,3220,2551,3408,3408,3409,247,188,858
28/11/2018 3:00,3141,3199,2509,3350,3349,3370,209,150,861
28/11/2018 3:30,3141,3059,2457,3350,3349,3315,209,290,858
28/11/2018 4:00,3137,3079,2454,3355,3352,3319,218,273,865
28/11/2018 4:30,3137,2923,2474,3355,3352,3338,218,429,864
28/11/2018 5:00,3171,2994,2446,3474,3471,3388,303,477,942
28/11/2018 5:30,3171,2778,2391,3474,3471,3445,303,693,1054
28/11/2018 6:00,3251,2921,2375,3980,3980,3666,729,1059,1291
28/11/2018 6:30,3251,2816,2531,3980,3980,3978,729,1164,1447
28/11/2018 7:00,3337,2995,2836,4879,4884,4481,1542,1889,1645
28/11/2018 7:30,3337,2900,3058,4879,4873,4956,1542,1973,1898
28/11/2018 8:00,3415,3028,3084,5219,5228,5172,1804,2200,2088
28/11/2018 8:30,3415,2983,3106,5219,5228,5146,1804,2245,2040
28/11/2018 9:00,3477,3078,3111,5298,5315,5236,1821,2237,2125
28/11/2018 9:30,3477,2866,3149,5298,5315,5302,1821,2449,2153
28/11/2018 10:00,3510,2984,3176,5296,5344,5284,1786,2360,2108
28/11/2018 10:30,3510,2999,3219,5296,5344,5311,1786,2345,2092
28/11/2018 11:00,3532,3108,3330,5263,5340,5336,1731,2232,2006
28/11/2018 11:30,3532,3281,3452,5263,5353,5366,1731,2072,1914
28/11/2018 12:00,3542,3365,3507,5278,5363,5408,1736,1998,1901
28/11/2018 12:30,3542,3384,3411,5278,5363,5433,1736,1979,2022
28/11/2018 13:00,3582,3452,3319,5203,5263,5408,1621,1811,2089
28/11/2018 13:30,3582,3370,3324,5203,5264,5328,1621,1894,2004
28/11/2018 14:00,3608,3403,3299,5191,5238,5303,1583,1835,2004
28/11/2018 14:30,3608,3511,3371,5191,5238,5338,1583,1727,1967
28/11/2018 15:00,3607,3530,3366,5325,5387,5374,1718,1857,2008
28/11/2018 15:30,3607,3582,3331,5325,5387,5468,1718,1805,2137
28/11/2018 16:00,3592,3561,3379,5814,5870,5644,2222,2309,2265
28/11/2018 16:30,3592,3382,3459,5814,5870,5959,2222,2488,2500
28/11/2018 17:00,3524,3293,3408,6247,6261,6175,2723,2968,2767
28/11/2018 17:30,3524,3280,3428,6247,6261,6218,2723,2981,2790
28/11/2018 18:00,3370,3135,3345,6067,6073,6117,2697,2938,2772
28/11/2018 18:30,3370,3135,3209,6067,6073,5931,2697,2938,2722
28/11/2018 19:00,3181,3001,3138,5767,5790,5788,2586,2789,2650
28/11/2018 19:30,3181,2890,3028,5767,5790,5651,2586,2900,2623
28/11/2018 20:00,3010,2787,3132,5459,5496,5514,2449,2709,2382
28/11/2018 20:30,3010,2882,2990,5459,5497,5367,2449,2615,2377
28/11/2018 21:00,2850,2764,2976,5043,5064,5177,2193,2300,2201
28/11/2018 21:30,2850,2894,2964,5043,5063,4893,2193,2169,1929
28/11/2018 22:00,2692,2788,2970,4528,4562,4689,1836,1774,1719
28/11/2018 22:30,2692,2800,2895,4528,4562,4419,1836,1762,1524
28/11/2018 23:00,2627,2695,2828,4176,4176,4255,1549,1481,1427
28/11/2018 23:30,2627,2718,2623,4176,4174,4053,1549,1456,1430
29/11/2018 0:00,2453,2610,2463,3808,3808,3837,1355,1198,1374
29/11/2018 0:30,2453,2586,2290,3808,3808,3672,1355,1222,1382
29/11/2018 1:00,2197,2441,2287,3559,3561,3586,1362,1120,1299
29/11/2018 1:30,2197,2538,2213,3559,3560,3521,1362,1022,1308
29/11/2018 2:00,1895,2151,1954,3393,3396,3445,1498,1245,1491
29/11/2018 2:30,1895,2050,1634,3393,3396,3352,1498,1346,1718
29/11/2018 3:00,1560,1674,1332,3299,3304,3295,1739,1630,1963
29/11/2018 3:30,1560,1598,1067,3299,3304,3283,1739,1706,2216
29/11/2018 4:00,1325,1325,847,3295,3300,3306,1970,1975,2459
29/11/2018 4:30,1325,1197,886,3295,3299,3315,1970,2102,2429
29/11/2018 5:00,1311,1088,1044,3414,3419,3401,2103,2331,2357
29/11/2018 5:30,1311,1108,1053,3414,3418,3495,2103,2310,2442
29/11/2018 6:00,1397,1074,1101,3900,3904,3708,2503,2830,2607
29/11/2018 6:30,1397,852,1112,3900,3904,4030,2503,3052,2918
29/11/2018 7:00,1501,914,1165,4777,4785,4513,3276,3871,3348
29/11/2018 7:30,1501,756,1160,4777,4785,4946,3276,4029,3786
29/11/2018 8:00,1729,1050,1215,5148,5152,5159,3419,4102,3944
29/11/2018 8:30,1729,1223,1350,5148,5152,5127,3419,3929,3777
29/11/2018 9:00,2077,1600,1422,5231,5239,5171,3154,3639,3749
29/11/2018 9:30,2077,1629,1567,5231,5240,5245,3154,3611,3678
29/11/2018 10:00,2442,2081,1843,5264,5254,5227,2822,3173,3384
29/11/2018 10:30,2442,2168,1962,5264,5254,5210,2822,3086,3248
29/11/2018 11:00,2781,2597,2270,5299,5290,5206,2518,2693,2936
29/11/2018 11:30,2781,2537,2532,5299,5286,5183,2518,2749,2651
29/11/2018 12:00,3039,2904,2751,5324,5319,5233,2285,2415,2482
29/11/2018 12:30,3039,2888,2946,5324,5319,5226,2285,2431,2280
29/11/2018 13:00,3157,3065,2987,5228,5258,5169,2071,2193,2182
29/11/2018 13:30,3157,3007,3030,5228,5258,5104,2071,2251,2074
29/11/2018 14:00,3201,3027,3091,5219,5259,5099,2018,2232,2008
29/11/2018 14:30,3201,3053,3142,5219,5259,5145,2018,2206,2003
29/11/2018 15:00,3167,3017,3149,5360,5398,5198,2193,2381,2049
29/11/2018 15:30,3167,2972,3136,5360,5398,5327,2193,2426,2191
29/11/2018 16:00,3080,2874,3145,5840,5854,5505,2760,2980,2360
29/11/2018 16:30,3080,2915,3129,5840,5854,5883,2760,2939,2754
29/11/2018 17:00,3008,2791,3151,6226,6234,6096,3218,3443,2945
29/11/2018 17:30,3008,2803,3144,6226,6233,6134,3218,3430,2990
29/11/2018 18:00,2970,2714,3129,6052,6066,6025,3082,3352,2896
29/11/2018 18:30,2970,2698,3045,6052,6066,5891,3082,3368,2846
29/11/2018 19:00,2987,2755,3099,5788,5784,5766,2801,3029,2667
29/11/2018 19:30,2987,2884,3125,5788,5783,5656,2801,2899,2531
29/11/2018 20:00,3041,2999,3052,5509,5488,5498,2468,2489,2446
29/11/2018 20:30,3041,3132,3177,5509,5487,5368,2468,2355,2191
29/11/2018 21:00,3122,3191,3269,5099,5081,5171,1977,1890,1902
29/11/2018 21:30,3122,3290,3224,5099,5081,4928,1977,1791,1704
29/11/2018 22:00,3172,3311,3277,4610,4599,4692,1438,1288,1415
29/11/2018 22:30,3172,3336,3199,4610,4598,4466,1438,1262,1267
29/11/2018 23:00,3099,3313,3130,4236,4233,4314,1137,920,1184
29/11/2018 23:30,3099,3228,3066,4236,4235,4128,1137,1007,1062
30/11/2018 0:00,3093,3191,3050,3847,3843,3931,754,652,881
30/11/2018 0:30,3093,3279,2940,3847,3843,3753,754,564,813
30/11/2018 1:00,3054,3207,2813,3610,3607,3649,556,400,836
30/11/2018 1:30,3054,3212,2691,3610,3607,3549,556,395,858
30/11/2018 2:00,2995,3110,2632,3447,3443,3466,452,333,834
30/11/2018 2:30,2995,2968,2606,3447,3443,3413,452,475,807
30/11/2018 3:00,2950,2890,2624,3366,3363,3369,416,473,745
30/11/2018 3:30,2950,2851,2632,3366,3363,3351,416,512,719
30/11/2018 4:00,2933,2858,2630,3371,3368,3340,438,510,710
30/11/2018 4:30,2933,2681,2669,3371,3368,3351,438,687,682
30/11/2018 5:00,2917,2703,2692,3495,3492,3381,578,789,689
30/11/2018 5:30,2917,2597,2789,3495,3492,3482,578,895,693
30/11/2018 6:00,2908,2591,2925,3973,3969,3758,1065,1378,833
30/11/2018 6:30,2908,2645,3077,3973,3969,4065,1065,1324,988
30/11/2018 7:00,2835,2612,3181,4842,4837,4575,2007,2225,1394
30/11/2018 7:30,2835,2617,3152,4842,4837,5011,2007,2220,1859
30/11/2018 8:00,2779,2565,2986,5223,5210,5178,2444,2645,2192
30/11/2018 8:30,2779,2575,2911,5223,5210,5154,2444,2635,2243
30/11/2018 9:00,2760,2550,2908,5328,5300,5223,2568,2750,2315
30/11/2018 9:30,2760,2718,2886,5328,5300,5236,2568,2582,2350
30/11/2018 10:00,2794,2760,2894,5344,5315,5224,2550,2555,2330
30/11/2018 10:30,2794,2988,2924,5344,5322,5212,2550,2334,2288
30/11/2018 11:00,2842,3018,3011,5367,5310,5238,2525,2292,2227
30/11/2018 11:30,2842,3018,3131,5367,5310,5237,2525,2292,2106
30/11/2018 12:00,2772,2977,3115,5384,5319,5248,2612,2342,2133
30/11/2018 12:30,2772,2934,3031,5384,5319,5273,2612,2385,2242
30/11/2018 13:00,2673,2854,2984,5276,5199,5179,2603,2345,2195
30/11/2018 13:30,2673,2869,2911,5276,5199,5125,2603,2330,2214
30/11/2018 14:00,2480,2687,2830,5229,5166,5109,2749,2479,2279
30/11/2018 14:30,2480,2741,2596,5229,5166,5100,2749,2425,2504
30/11/2018 15:00,2152,2449,2278,5325,5278,5110,3173,2829,2832
30/11/2018 15:30,2152,2517,2071,5325,5278,5171,3173,2761,3100
30/11/2018 16:00,1817,2141,1958,5727,5698,5322,3910,3557,3364
30/11/2018 16:30,1817,2076,1845,5727,5697,5660,3910,3621,3815
30/11/2018 17:00,1569,1671,1740,6077,6052,5884,4508,4381,4144
30/11/2018 17:30,1569,1743,1445,6077,6052,5923,4508,4309,4478
30/11/2018 18:00,1392,1437,1229,5922,5895,5853,4530,4458,4624
30/11/2018 18:30,1392,1466,1080,5922,5895,5721,4530,4429,4641
30/11/2018 19:00,1275,1279,1010,5622,5614,5591,4347,4335,4581
30/11/2018 19:30,1275,1077,959,5622,5614,5457,4347,4537,4498
30/11/2018 20:00,1258,966,856,5312,5307,5310,4054,4341,4454
30/11/2018 20:30,1258,1005,799,5312,5307,5161,4054,4302,4362
30/11/2018 21:00,1282,933,827,4927,4930,5015,3645,3997,4188
30/11/2018 21:30,1282,725,855,4927,4929,4776,3645,4204,3921
30/11/2018 22:00,1375,708,848,4542,4543,4532,3167,3835,3684
30/11/2018 22:30,1375,694,929,4542,4543,4379,3167,3849,3450
30/11/2018 23:00,1361,757,977,4315,4313,4324,2954,3556,3347
30/11/2018 23:30,1361,766,1013,4315,4321,4215,2954,3555,3202
1/12/2018 0:00,1417,907,1043,3953,3957,4069,2536,3050,3026
1/12/2018 0:30,1417,947,1112,3953,3957,3882,2536,3010,2770
1/12/2018 1:00,1381,1077,1291,3656,3662,3738,2275,2585,2447
1/12/2018 1:30,1381,1105,1351,3656,3663,3608,2275,2558,2257
1/12/2018 2:00,1312,1127,1365,3444,3451,3502,2132,2324,2137
1/12/2018 2:30,1312,1192,1345,3444,3451,3418,2132,2259,2073
1/12/2018 3:00,1210,1083,1280,3327,3333,3322,2117,2250,2042
1/12/2018 3:30,1210,1111,1144,3327,3333,3268,2117,2222,2124
1/12/2018 4:00,1080,941,1072,3267,3275,3250,2187,2334,2178
1/12/2018 4:30,1080,1015,940,3267,3275,3235,2187,2260,2295
1/12/2018 5:00,947,874,878,3285,3295,3260,2338,2421,2382
1/12/2018 5:30,947,926,789,3285,3295,3295,2338,2369,2506
1/12/2018 6:00,843,796,795,3486,3502,3416,2643,2706,2621
1/12/2018 6:30,843,770,761,3486,3502,3544,2643,2732,2783
1/12/2018 7:00,786,670,781,3847,3860,3733,3061,3190,2952
1/12/2018 7:30,786,594,1021,3847,3860,3912,3061,3266,2891
1/12/2018 8:00,761,572,1201,4216,4200,4114,3455,3628,2913
1/12/2018 8:30,761,717,1284,4216,4200,4300,3455,3483,3016
1/12/2018 9:00,702,663,1286,4633,4608,4516,3931,3945,3230
1/12/2018 9:30,702,636,1155,4633,4608,4661,3931,3972,3506
1/12/2018 10:00,590,516,1102,4849,4826,4755,4259,4310,3653
1/12/2018 10:30,590,526,1009,4849,4826,4801,4259,4300,3792
1/12/2018 11:00,479,370,1061,4909,4906,4835,4430,4536,3774
1/12/2018 11:30,479,700,1040,4909,4902,4868,4430,4202,3828
1/12/2018 12:00,397,532,888,4941,4932,4875,4544,4400,3987
1/12/2018 12:30,397,701,780,4941,4933,4881,4544,4232,4101
1/12/2018 13:00,318,581,712,4856,4861,4853,4538,4280,4141
1/12/2018 13:30,318,606,614,4856,4861,4805,4538,4255,4191
1/12/2018 14:00,239,506,646,4787,4782,4768,4548,4276,4122
1/12/2018 14:30,239,581,650,4787,4782,4750,4548,4201,4100
1/12/2018 15:00,204,466,523,4854,4817,4767,4650,4351,4244
1/12/2018 15:30,204,546,357,4854,4817,4822,4650,4271,4465
1/12/2018 16:00,182,465,274,5284,5242,5005,5102,4777,4731
1/12/2018 16:30,182,411,172,5284,5242,5300,5102,4831,5128
1/12/2018 17:00,194,396,187,5677,5648,5517,5483,5252,5330
1/12/2018 17:30,194,471,228,5677,5648,5573,5483,5177,5345
1/12/2018 18:00,291,490,217,5522,5498,5489,5231,5008,5272
1/12/2018 18:30,291,490,189,5522,5498,5368,5231,5008,5179
1/12/2018 19:00,391,579,170,5203,5178,5225,4812,4599,5055
1/12/2018 19:30,391,404,188,5203,5178,5058,4812,4774,4870
1/12/2018 20:00,492,547,0,4892,4863,4913,4400,4316,4913
1/12/2018 20:30,492,303,0,4892,4863,4784,4400,4560,4784
1/12/2018 21:00,644,428,0,4569,4551,4626,3925,4123,4626
1/12/2018 21:30,644,312,289,4569,4550,4492,3925,4238,4203
1/12/2018 22:00,822,579,360,4270,4248,4328,3448,3669,3968
1/12/2018 22:30,822,528,419,4270,4247,4178,3448,3719,3759
1/12/2018 23:00,1281,861,934,4084,4083,4148,2803,3222,3214
1/12/2018 23:30,1281,922,1105,4084,4076,4036,2803,3154,2931
2/12/2018 0:00,1497,1160,1293,3781,3777,3883,2284,2617,2590
2/12/2018 0:30,1497,1245,1399,3781,3777,3739,2284,2532,2340
2/12/2018 1:00,1669,1431,1396,3516,3517,3595,1847,2086,2199
2/12/2018 1:30,1669,1314,1538,3516,3517,3501,1847,2203,1963
2/12/2018 2:00,1861,1501,1637,3311,3315,3418,1450,1814,1781
2/12/2018 2:30,1861,1465,1818,3311,3315,3335,1450,1850,1517
2/12/2018 3:00,2006,1616,1890,3196,3201,3284,1190,1585,1394
2/12/2018 3:30,2006,1721,1917,3196,3201,3242,1190,1480,1325
2/12/2018 4:00,2118,1815,1893,3131,3135,3214,1013,1320,1321
2/12/2018 4:30,2118,1871,1943,3131,3135,3184,1013,1264,1241
2/12/2018 5:00,2209,1932,1969,3116,3120,3186,907,1188,1217
2/12/2018 5:30,2209,1996,1979,3116,3119,3191,907,1123,1212
2/12/2018 6:00,2240,1957,1948,3210,3214,3239,970,1257,1291
2/12/2018 6:30,2240,2024,1878,3210,3214,3313,970,1190,1435
2/12/2018 7:00,2201,1845,1754,3385,3388,3399,1184,1543,1645
2/12/2018 7:30,2201,1775,1722,3385,3388,3507,1184,1613,1785
2/12/2018 8:00,2116,1568,1674,3582,3594,3579,1466,2026,1905
2/12/2018 8:30,2116,1684,1607,3582,3594,3706,1466,1910,2099
2/12/2018 9:00,2063,1571,1513,3964,3963,3912,1901,2392,2399
2/12/2018 9:30,2063,1585,1350,3964,3963,4102,1901,2378,2752
2/12/2018 10:00,2107,1616,1296,4317,4314,4271,2210,2698,2975
2/12/2018 10:30,2107,1487,1514,4317,4342,4390,2210,2855,2876
2/12/2018 11:00,2181,1690,1785,4525,4526,4502,2344,2836,2717
2/12/2018 11:30,2181,1690,1968,4525,4526,4592,2344,2836,2624
2/12/2018 12:00,2191,1937,2154,4687,4674,4689,2496,2737,2535
2/12/2018 12:30,2191,1967,2295,4687,4674,4755,2496,2707,2460
2/12/2018 13:00,2224,2191,2445,4678,4670,4757,2454,2479,2312
2/12/2018 13:30,2224,2299,2482,4678,4670,4696,2454,2371,2214
2/12/2018 14:00,2280,2471,2582,4564,4562,4648,2284,2091,2066
2/12/2018 14:30,2280,2565,2516,4564,4562,4600,2284,1997,2084
2/12/2018 15:00,2322,2672,2511,4576,4597,4627,2254,1925,2116
2/12/2018 15:30,2322,2782,2543,4576,4597,4685,2254,1815,2142
2/12/2018 16:00,2381,2901,2506,4980,4987,4773,2599,2086,2267
2/12/2018 16:30,2381,2894,2515,4980,4987,5048,2599,2093,2533
2/12/2018 17:00,2408,2999,2501,5368,5343,5245,2960,2344,2744
2/12/2018 17:30,2408,3033,2361,5368,5342,5300,2960,2309,2939
2/12/2018 18:00,2419,3004,2310,5295,5267,5206,2876,2263,2896
2/12/2018 18:30,2419,2892,2260,5295,5267,5124,2876,2375,2864
2/12/2018 19:00,2384,2729,2351,5091,5077,5007,2707,2348,2656
2/12/2018 19:30,2384,2535,2591,5091,5077,4916,2707,2542,2325
2/12/2018 20:00,2289,2364,2430,4852,4844,4816,2563,2480,2386
2/12/2018 20:30,2289,2211,2289,4852,4844,4695,2563,2633,2406
2/12/2018 21:00,2172,2018,2187,4529,4528,4567,2357,2510,2380
2/12/2018 21:30,2172,1828,2127,4529,4527,4376,2357,2699,2249
2/12/2018 22:00,2036,1518,1921,4154,4156,4179,2118,2638,2258
2/12/2018 22:30,2036,1503,1759,4154,4156,4017,2118,2653,2258
2/12/2018 23:00,1523,1142,1561,3865,3864,3898,2342,2722,2337
2/12/2018 23:30,1523,1440,1211,3865,3861,3760,2342,2421,2549
3/12/2018 0:00,1242,1093,908,3545,3544,3584,2303,2451,2676
3/12/2018 0:30,1242,948,790,3545,3544,3441,2303,2596,2651
3/12/2018 1:00,958,770,732,3325,3324,3346,2367,2554,2614
3/12/2018 1:30,958,848,668,3325,3324,3280,2367,2476,2612
3/12/2018 2:00,706,673,612,3200,3201,3222,2494,2528,2610
3/12/2018 2:30,706,639,631,3200,3201,3183,2494,2562,2552
3/12/2018 3:00,536,469,718,3152,3155,3170,2616,2686,2452
3/12/2018 3:30,536,309,673,3152,3155,3161,2616,2846,2488
3/12/2018 4:00,470,262,612,3150,3150,3165,2680,2888,2553
3/12/2018 4:30,470,268,600,3150,3150,3151,2680,2882,2551
3/12/2018 5:00,507,343,721,3278,3280,3206,2771,2937,2485
3/12/2018 5:30,507,363,805,3278,3279,3297,2771,2916,2492
3/12/2018 6:00,563,517,718,3779,3780,3549,3216,3263,2831
3/12/2018 6:30,563,812,713,3779,3780,3863,3216,2968,3150
3/12/2018 7:00,530,873,751,4683,4678,4339,4153,3805,3588
3/12/2018 7:30,530,854,734,4683,4678,4771,4153,3824,4037
3/12/2018 8:00,513,857,745,5116,5109,5009,4603,4252,4264
3/12/2018 8:30,513,930,750,5116,5109,5021,4603,4179,4271
3/12/2018 9:00,539,915,710,5238,5234,5085,4699,4319,4375
3/12/2018 9:30,539,800,667,5238,5234,5166,4699,4434,4499
3/12/2018 10:00,525,788,586,5280,5275,5155,4755,4487,4569
3/12/2018 10:30,525,781,527,5280,5275,5091,4755,4494,4564
3/12/2018 11:00,521,793,473,5290,5295,5034,4769,4502,4561
3/12/2018 11:30,521,836,496,5290,5290,5030,4769,4454,4534
3/12/2018 12:00,558,839,540,5340,5364,5030,4782,4525,4490
3/12/2018 12:30,558,828,590,5340,5364,5034,4782,4536,4444
3/12/2018 13:00,596,819,571,5279,5295,4982,4683,4476,4411
3/12/2018 13:30,596,632,608,5279,5295,4895,4683,4663,4287
3/12/2018 14:00,615,653,620,5280,5293,4915,4665,4640,4295
3/12/2018 14:30,615,562,594,5280,5293,4946,4665,4731,4352
3/12/2018 15:00,618,561,530,5438,5459,5013,4820,4898,4483
3/12/2018 15:30,618,548,549,5438,5459,5120,4820,4911,4571
3/12/2018 16:00,605,555,562,5952,5942,5298,5347,5387,4736
3/12/2018 16:30,605,567,685,5952,5942,5843,5347,5375,5158
3/12/2018 17:00,582,573,660,6315,6303,6146,5733,5730,5486
3/12/2018 17:30,582,557,657,6315,6302,6208,5733,5745,5551
3/12/2018 18:00,531,526,614,6115,6084,6099,5584,5558,5485
3/12/2018 18:30,531,526,586,6115,6083,5957,5584,5557,5371
3/12/2018 19:00,466,468,523,5821,5782,5808,5355,5314,5285
3/12/2018 19:30,466,489,500,5821,5781,5667,5355,5292,5167
3/12/2018 20:00,404,432,482,5522,5479,5516,5118,5047,5034
3/12/2018 20:30,404,435,497,5522,5478,5374,5118,5043,4877
3/12/2018 21:00,350,396,456,5112,5070,5182,4762,4674,4726
3/12/2018 21:30,350,400,432,5112,5070,4927,4762,4670,4495
3/12/2018 22:00,317,401,408,4600,4559,4667,4283,4158,4259
3/12/2018 22:30,317,366,379,4600,4558,4436,4283,4192,4057
3/12/2018 23:00,397,399,412,4201,4196,4285,3804,3797,3873
3/12/2018 23:30,397,436,441,4201,4188,4118,3804,3752,3677
4/12/2018 0:00,381,434,469,3818,3804,3909,3437,3370,3440
4/12/2018 0:30,381,468,493,3818,3804,3751,3437,3336,3258
4/12/2018 1:00,372,423,549,3599,3592,3636,3227,3169,3087
4/12/2018 1:30,372,399,532,3599,3592,3536,3227,3193,3004
4/12/2018 2:00,345,366,457,3461,3458,3468,3116,3092,3011
4/12/2018 2:30,345,366,414,3461,3458,3409,3116,3092,2995
4/12/2018 3:00,323,328,401,3399,3397,3366,3076,3069,2965
4/12/2018 3:30,323,357,364,3399,3397,3352,3076,3040,2988
4/12/2018 4:00,294,337,359,3384,3380,3355,3090,3043,2996
4/12/2018 4:30,294,407,320,3384,3380,3355,3090,2973,3035
4/12/2018 5:00,263,391,351,3491,3488,3408,3228,3097,3057
4/12/2018 5:30,263,363,307,3491,3488,3495,3228,3125,3188
4/12/2018 6:00,255,336,295,4000,3995,3762,3745,3659,3467
4/12/2018 6:30,255,349,284,4000,3995,4098,3745,3646,3814
4/12/2018 7:00,272,315,295,4889,4885,4596,4617,4570,4301
4/12/2018 7:30,272,289,290,4889,4882,5082,4617,4593,4792
4/12/2018 8:00,301,269,295,5306,5276,5330,5005,5007,5035
4/12/2018 8:30,301,265,302,5306,5276,5308,5005,5011,5006
4/12/2018 9:00,338,272,291,5428,5374,5378,5090,5102,5087
4/12/2018 9:30,338,228,328,5428,5374,5468,5090,5146,5140
4/12/2018 10:00,361,278,385,5437,5386,5468,5076,5108,5083
4/12/2018 10:30,361,294,445,5437,5386,5474,5076,5092,5029
4/12/2018 11:00,376,354,486,5422,5373,5481,5046,5019,4995
4/12/2018 11:30,376,399,538,5422,5366,5485,5046,4967,4947
4/12/2018 12:00,392,443,586,5431,5370,5511,5039,4927,4925
4/12/2018 12:30,392,446,548,5431,5370,5540,5039,4924,4992
4/12/2018 13:00,444,506,501,5325,5270,5506,4881,4764,5005
4/12/2018 13:30,444,468,510,5325,5270,5433,4881,4802,4923
4/12/2018 14:00,555,524,623,5323,5267,5449,4768,4743,4826
4/12/2018 14:30,555,582,776,5323,5268,5498,4768,4686,4722
4/12/2018 15:00,668,680,813,5508,5444,5546,4840,4764,4733
4/12/2018 15:30,668,747,929,5508,5446,5672,4840,4699,4743
4/12/2018 16:00,786,872,1037,6008,5976,5923,5222,5104,4886
4/12/2018 16:30,786,799,1135,6008,5978,6272,5222,5179,5137
4/12/2018 17:00,928,982,1165,6392,6378,6456,5464,5396,5291
4/12/2018 17:30,928,1003,1249,6392,6381,6498,5464,5378,5249
4/12/2018 18:00,1084,1178,1480,6190,6195,6384,5106,5017,4904
4/12/2018 18:30,1084,1178,1616,6190,6195,6254,5106,5017,4638
4/12/2018 19:00,1195,1380,1741,5887,5896,6098,4692,4516,4357
4/12/2018 19:30,1195,1571,1824,5887,5903,5947,4692,4332,4123
4/12/2018 20:00,1250,1758,1899,5580,5601,5787,4330,3843,3888
4/12/2018 20:30,1250,1768,1959,5580,5602,5620,4330,3834,3661
4/12/2018 21:00,1361,1881,2089,5170,5178,5439,3809,3297,3350
4/12/2018 21:30,1361,2077,2185,5170,5179,5150,3809,3102,2965
4/12/2018 22:00,1525,2093,2227,4657,4673,4851,3132,2580,2624
4/12/2018 22:30,1525,2083,2298,4657,4674,4568,3132,2591,2270
4/12/2018 23:00,1849,2014,2271,4269,4280,4381,2420,2266,2110
4/12/2018 23:30,1849,2038,2402,4269,4272,4204,2420,2234,1802
5/12/2018 0:00,1914,1912,2347,3873,3873,3987,1959,1961,1640
5/12/2018 0:30,1914,1952,2343,3873,3873,3820,1959,1921,1477
5/12/2018 1:00,1922,1842,2185,3630,3627,3660,1708,1785,1475
5/12/2018 1:30,1922,1908,1964,3630,3627,3550,1708,1719,1586
5/12/2018 2:00,1861,1834,1807,3461,3458,3485,1600,1624,1678
5/12/2018 2:30,1861,1790,1685,3461,3458,3439,1600,1668,1754
5/12/2018 3:00,1789,1721,1659,3377,3369,3385,1588,1648,1726
5/12/2018 3:30,1789,1885,1590,3377,3369,3358,1588,1484,1768
5/12/2018 4:00,1767,1837,1571,3357,3360,3355,1590,1523,1784
5/12/2018 4:30,1767,1887,1577,3357,3360,3362,1590,1473,1785
5/12/2018 5:00,1741,1859,1586,3461,3469,3421,1720,1610,1835
5/12/2018 5:30,1741,1704,1396,3461,3469,3495,1720,1765,2099
5/12/2018 6:00,1694,1671,1387,3963,3965,3745,2269,2294,2358
5/12/2018 6:30,1694,1579,1382,3963,3964,4081,2269,2385,2699
5/12/2018 7:00,1586,1462,1257,4877,4882,4565,3291,3420,3308
5/12/2018 7:30,1586,1384,1152,4877,4882,4994,3291,3498,3842
5/12/2018 8:00,1399,1231,1140,5268,5270,5246,3869,4039,4106
5/12/2018 8:30,1399,1116,1064,5268,5270,5245,3869,4154,4181
5/12/2018 9:00,1201,905,943,5339,5350,5302,4138,4445,4359
5/12/2018 9:30,1201,912,822,5339,5350,5382,4138,4438,4560
5/12/2018 10:00,990,695,776,5337,5372,5391,4347,4677,4615
5/12/2018 10:30,990,653,720,5337,5372,5411,4347,4719,4691
5/12/2018 11:00,771,475,641,5320,5381,5437,4549,4906,4796
5/12/2018 11:30,771,495,552,5320,5383,5428,4549,4888,4876
5/12/2018 12:00,553,359,480,5333,5408,5429,4780,5049,4949
5/12/2018 12:30,553,329,429,5333,5408,5444,4780,5079,5015
5/12/2018 13:00,383,248,345,5253,5345,5399,4870,5097,5054
5/12/2018 13:30,383,316,300,5253,5345,5310,4870,5029,5010
5/12/2018 14:00,289,264,252,5259,5357,5316,4970,5093,5064
5/12/2018 14:30,289,271,237,5259,5357,5335,4970,5086,5098
5/12/2018 15:00,256,233,247,5421,5517,5384,5165,5284,5137
5/12/2018 15:30,256,204,234,5421,5517,5486,5165,5313,5252
5/12/2018 16:00,274,182,199,5924,6019,5677,5650,5837,5478
5/12/2018 16:30,274,202,160,5924,6020,6049,5650,5818,5889
5/12/2018 17:00,350,200,174,6293,6370,6293,5943,6170,6119
5/12/2018 17:30,350,202,180,6293,6370,6312,5943,6168,6132
5/12/2018 18:00,471,249,159,6108,6187,6217,5637,5938,6058
5/12/2018 18:30,471,228,184,6108,6187,6069,5637,5959,5885
5/12/2018 19:00,620,328,289,5815,5889,5921,5195,5561,5632
5/12/2018 19:30,620,347,433,5815,5888,5773,5195,5541,5340
5/12/2018 20:00,821,529,562,5510,5577,5609,4689,5048,5047
5/12/2018 20:30,821,489,610,5510,5577,5464,4689,5088,4854
5/12/2018 21:00,1070,709,824,5089,5150,5273,4019,4441,4449
5/12/2018 21:30,1070,715,996,5089,5150,4974,4019,4435,3978
5/12/2018 22:00,1333,943,1050,4599,4623,4720,3266,3680,3670
5/12/2018 22:30,1333,918,1133,4599,4623,4491,3266,3705,3358
5/12/2018 23:00,1261,1215,1223,4238,4240,4317,2977,3025,3094
5/12/2018 23:30,1261,1345,1398,4238,4243,4117,2977,2898,2719
6/12/2018 0:00,1539,1672,1636,3832,3838,3919,2293,2166,2283
6/12/2018 0:30,1539,1675,1859,3832,3838,3731,2293,2163,1872
6/12/2018 1:00,1813,2003,2105,3569,3577,3628,1756,1574,1523
6/12/2018 1:30,1813,2069,2324,3569,3577,3548,1756,1508,1224
6/12/2018 2:00,2059,2366,2493,3399,3406,3425,1340,1040,932
6/12/2018 2:30,2059,2280,2460,3399,3406,3380,1340,1126,920
6/12/2018 3:00,2315,2522,2605,3314,3320,3348,999,798,743
6/12/2018 3:30,2315,2542,2669,3314,3320,3341,999,778,672
6/12/2018 4:00,2558,2730,2750,3307,3312,3354,749,582,604
6/12/2018 4:30,2558,2882,2753,3307,3312,3340,749,430,587
6/12/2018 5:00,2728,2982,2753,3419,3420,3376,691,438,623
6/12/2018 5:30,2728,3081,2836,3419,3420,3450,691,339,614
6/12/2018 6:00,2798,3109,3023,3922,3921,3703,1124,812,680
6/12/2018 6:30,2798,2989,3173,3922,3921,4048,1124,932,875
6/12/2018 7:00,2780,2954,3244,4789,4788,4542,2009,1834,1298
6/12/2018 7:30,2780,2956,3307,4789,4788,4976,2009,1832,1669
6/12/2018 8:00,2696,2822,3161,5172,5163,5203,2476,2341,2042
6/12/2018 8:30,2696,2881,3082,5172,5163,5199,2476,2282,2117
6/12/2018 9:00,2582,2682,3055,5242,5232,5264,2660,2550,2209
6/12/2018 9:30,2582,2718,3028,5242,5232,5315,2660,2514,2287
6/12/2018 10:00,2434,2502,2918,5260,5255,5264,2826,2753,2346
6/12/2018 10:30,2434,2605,2862,5260,5255,5279,2826,2650,2417
6/12/2018 11:00,2233,2372,2753,5291,5280,5278,3058,2908,2525
6/12/2018 11:30,2233,2431,2640,5291,5274,5251,3058,2843,2611
6/12/2018 12:00,1987,2188,2540,5330,5304,5260,3343,3116,2720
6/12/2018 12:30,1987,2252,2354,5330,5303,5263,3343,3051,2909
6/12/2018 13:00,1670,1934,2050,5257,5218,5183,3587,3284,3133
6/12/2018 13:30,1670,2048,1818,5257,5218,5132,3587,3170,3314
6/12/2018 14:00,1357,1689,1661,5252,5208,5122,3895,3519,3461
6/12/2018 14:30,1357,1762,1755,5252,5208,5191,3895,3446,3436
6/12/2018 15:00,1111,1384,1526,5408,5365,5235,4297,3981,3709
6/12/2018 15:30,1111,1411,1423,5408,5365,5323,4297,3954,3900
6/12/2018 16:00,1037,1135,1374,5896,5846,5526,4859,4711,4152
6/12/2018 16:30,1037,1035,1260,5896,5845,5888,4859,4810,4628
6/12/2018 17:00,1226,1020,1082,6243,6222,6071,5017,5202,4989
6/12/2018 17:30,1226,912,955,6243,6221,6119,5017,5309,5164
6/12/2018 18:00,1581,1184,1048,6073,6054,6026,4492,4870,4978
6/12/2018 18:30,1581,1382,1192,6073,6053,5888,4492,4671,4696
6/12/2018 19:00,2042,1930,1566,5801,5778,5743,3759,3848,4177
6/12/2018 19:30,2042,2049,1973,5801,5777,5650,3759,3728,3677
6/12/2018 20:00,2491,2593,2260,5514,5482,5501,3023,2889,3241
6/12/2018 20:30,2491,2299,2471,5514,5481,5383,3023,3182,2912
6/12/2018 21:00,2831,2819,2882,5123,5089,5206,2292,2270,2324
6/12/2018 21:30,2831,2917,3044,5123,5088,4952,2292,2171,1908
6/12/2018 22:00,3100,3330,3338,4615,4617,4768,1515,1287,1430
6/12/2018 22:30,3100,3314,3405,4615,4616,4556,1515,1302,1151
6/12/2018 23:00,3305,3475,3162,4255,4250,4361,950,775,1199
6/12/2018 23:30,3305,3576,2960,4255,4249,4127,950,673,1167
7/12/2018 0:00,3327,3545,2985,3849,3844,3946,522,299,961
7/12/2018 0:30,3327,3654,2918,3849,3844,3783,522,190,865
7/12/2018 1:00,3336,3570,2831,3581,3580,3648,245,10,817
7/12/2018 1:30,3336,3514,2712,3581,3580,3507,245,66,795
7/12/2018 2:00,3350,3468,2623,3395,3394,3399,45,-74,776
7/12/2018 2:30,3350,3190,2558,3395,3393,3338,45,203,780
7/12/2018 3:00,3344,3174,2536,3325,3323,3297,-19,149,761
7/12/2018 3:30,3344,2979,2522,3325,3323,3297,-19,344,775
7/12/2018 4:00,3306,3000,2492,3318,3318,3295,12,318,803
7/12/2018 4:30,3306,2893,2447,3318,3317,3277,12,424,830
7/12/2018 5:00,3260,2949,2480,3428,3426,3329,168,477,849
7/12/2018 5:30,3260,2747,2558,3428,3426,3424,168,679,866
7/12/2018 6:00,3268,2823,2757,3923,3921,3683,655,1098,926
7/12/2018 6:30,3268,2700,3001,3923,3921,4015,655,1221,1014
7/12/2018 7:00,3286,2778,3135,4778,4776,4475,1492,1998,1340
7/12/2018 7:30,3286,2680,3254,4778,4776,4961,1492,2096,1707
7/12/2018 8:00,3316,2780,3196,5147,5143,5166,1831,2363,1970
7/12/2018 8:30,3316,2718,3022,5147,5143,5119,1831,2425,2097
7/12/2018 9:00,3365,2833,3041,5230,5242,5182,1865,2409,2141
7/12/2018 9:30,3365,2904,3067,5230,5242,5257,1865,2338,2190
7/12/2018 10:00,3378,2999,3056,5253,5255,5217,1875,2256,2161
7/12/2018 10:30,3378,3245,2909,5253,5255,5195,1875,2010,2286
7/12/2018 11:00,3366,3286,2921,5255,5250,5205,1889,1964,2284
7/12/2018 11:30,3366,3294,2847,5255,5250,5205,1889,1956,2358
7/12/2018 12:00,3385,3338,2884,5253,5237,5225,1868,1899,2341
7/12/2018 12:30,3385,3358,2873,5253,5237,5232,1868,1879,2359
7/12/2018 13:00,3416,3422,2846,5138,5122,5167,1722,1700,2321
7/12/2018 13:30,3416,3305,2787,5138,5122,5092,1722,1817,2305
7/12/2018 14:00,3450,3389,3021,5094,5092,5112,1644,1703,2091
7/12/2018 14:30,3450,3157,3112,5094,5092,5121,1644,1935,2009
7/12/2018 15:00,3507,3242,3027,5185,5188,5167,1678,1946,2140
7/12/2018 15:30,3507,3194,3021,5185,5188,5242,1678,1994,2221
7/12/2018 16:00,3536,3284,2939,5610,5617,5383,2074,2333,2444
7/12/2018 16:30,3536,3118,2958,5610,5616,5711,2074,2498,2753
7/12/2018 17:00,3567,3222,3058,5973,5980,5922,2406,2758,2864
7/12/2018 17:30,3567,3314,2995,5973,5979,5975,2406,2665,2980
7/12/2018 18:00,3601,3380,2995,5834,5842,5892,2233,2462,2897
7/12/2018 18:30,3601,3254,2982,5834,5841,5757,2233,2587,2775
7/12/2018 19:00,3623,3324,3055,5545,5562,5585,1922,2238,2530
7/12/2018 19:30,3623,3167,3183,5545,5561,5447,1922,2394,2264
7/12/2018 20:00,3629,3237,3208,5231,5246,5305,1602,2009,2097
7/12/2018 20:30,3629,3284,3222,5231,5245,5152,1602,1961,1930
7/12/2018 21:00,3628,3332,3285,4872,4886,5011,1244,1554,1726
7/12/2018 21:30,3628,3110,3323,4872,4887,4808,1244,1777,1485
7/12/2018 22:00,3616,3159,3236,4482,4497,4598,866,1338,1362
7/12/2018 22:30,3616,3181,3129,4482,4493,4412,866,1312,1283
7/12/2018 23:00,3564,3199,3194,4243,4242,4376,679,1043,1182
7/12/2018 23:30,3564,3260,2998,4243,4242,4214,679,982,1216
8/12/2018 0:00,3519,3248,2937,3906,3908,4025,387,660,1088
8/12/2018 0:30,3519,3224,2841,3906,3908,3835,387,684,994
8/12/2018 1:00,3451,3205,2761,3608,3609,3687,157,404,926
8/12/2018 1:30,3451,3080,2817,3608,3609,3576,157,529,759
8/12/2018 2:00,3347,3018,2792,3388,3389,3477,41,371,685
8/12/2018 2:30,3347,3021,2726,3388,3389,3391,41,368,665
8/12/2018 3:00,3200,2898,2642,3283,3281,3313,83,383,671
8/12/2018 3:30,3200,2715,2575,3283,3281,3285,83,566,710
8/12/2018 4:00,3024,2572,2553,3223,3224,3249,199,652,696
8/12/2018 4:30,3024,2365,2506,3223,3224,3227,199,859,721
8/12/2018 5:00,2823,2209,2358,3252,3254,3228,429,1045,870
8/12/2018 5:30,2823,2254,2207,3252,3254,3240,429,1000,1033
8/12/2018 6:00,2603,2095,2173,3473,3474,3371,870,1379,1198
8/12/2018 6:30,2603,2045,2207,3473,3474,3510,870,1429,1303
8/12/2018 7:00,2437,1971,2193,3844,3843,3714,1407,1872,1521
8/12/2018 7:30,2437,2035,2260,3844,3843,3917,1407,1808,1657
8/12/2018 8:00,2423,2100,2317,4225,4211,4101,1802,2111,1784
8/12/2018 8:30,2423,2067,2389,4225,4211,4261,1802,2144,1872
8/12/2018 9:00,2541,2218,2454,4646,4632,4495,2105,2414,2041
8/12/2018 9:30,2541,2199,2424,4646,4632,4641,2105,2433,2217
8/12/2018 10:00,2721,2465,2373,4883,4870,4718,2162,2405,2345
8/12/2018 10:30,2721,2538,2437,4883,4869,4787,2162,2331,2350
8/12/2018 11:00,2945,2850,2578,4929,4938,4831,1984,2088,2253
8/12/2018 11:30,2945,2970,2779,4929,4935,4881,1984,1965,2102
8/12/2018 12:00,3152,3210,2899,4938,4964,4900,1786,1754,2001
8/12/2018 12:30,3152,3223,2975,4938,4964,4890,1786,1741,1915
8/12/2018 13:00,3327,3398,3068,4850,4892,4874,1523,1494,1806
8/12/2018 13:30,3327,3261,3064,4850,4892,4806,1523,1631,1742
8/12/2018 14:00,3454,3379,3078,4764,4812,4734,1310,1433,1656
8/12/2018 14:30,3454,3229,3166,4764,4812,4722,1310,1583,1556
8/12/2018 15:00,3489,3271,3077,4823,4866,4747,1334,1595,1670
8/12/2018 15:30,3489,3273,3030,4823,4866,4783,1334,1593,1753
8/12/2018 16:00,3452,3237,2972,5253,5294,4930,1801,2057,1958
8/12/2018 16:30,3452,3202,3058,5253,5294,5238,1801,2092,2180
8/12/2018 17:00,3416,3146,3053,5647,5690,5475,2231,2544,2422
8/12/2018 17:30,3416,3161,2962,5647,5689,5543,2231,2528,2581
8/12/2018 18:00,3387,3117,2954,5492,5523,5466,2105,2406,2512
8/12/2018 18:30,3387,2968,2903,5492,5523,5335,2105,2555,2432
8/12/2018 19:00,3358,2965,2988,5181,5204,5176,1823,2239,2188
8/12/2018 19:30,3358,2861,3106,5181,5204,5048,1823,2343,1942
8/12/2018 20:00,3314,2890,3176,4873,4896,4923,1559,2006,1747
8/12/2018 20:30,3314,2873,3159,4873,4895,4797,1559,2022,1638
8/12/2018 21:00,3225,2839,3076,4559,4584,4648,1334,1745,1572
8/12/2018 21:30,3225,2709,2987,4559,4584,4548,1334,1875,1561
8/12/2018 22:00,3108,2593,2805,4256,4263,4356,1148,1670,1551
8/12/2018 22:30,3108,2654,2679,4256,4263,4204,1148,1609,1525
8/12/2018 23:00,2825,2511,2679,4084,4080,4168,1259,1569,1489
8/12/2018 23:30,2825,2675,2598,4084,4077,4029,1259,1402,1431
9/12/2018 0:00,2654,2582,2643,3786,3779,3890,1132,1197,1247
9/12/2018 0:30,2654,2600,2622,3786,3778,3742,1132,1178,1120
9/12/2018 1:00,2559,2584,2616,3511,3506,3611,952,922,995
9/12/2018 1:30,2559,2629,2372,3511,3505,3463,952,876,1091
9/12/2018 2:00,2532,2647,2365,3310,3303,3365,778,656,1000
9/12/2018 2:30,2532,2472,2403,3310,3303,3295,778,831,892
9/12/2018 3:00,2566,2490,2330,3198,3191,3234,632,701,904
9/12/2018 3:30,2566,2441,2318,3198,3191,3225,632,750,907
9/12/2018 4:00,2605,2463,2331,3125,3118,3195,520,655,864
9/12/2018 4:30,2605,2559,2405,3125,3118,3184,520,559,779
9/12/2018 5:00,2602,2560,2349,3104,3096,3171,502,536,822
9/12/2018 5:30,2602,2400,2279,3104,3096,3177,502,696,898
9/12/2018 6:00,2545,2382,2424,3221,3215,3241,676,833,817
9/12/2018 6:30,2545,2342,2572,3221,3215,3308,676,873,736
9/12/2018 7:00,2437,2258,2501,3423,3419,3410,986,1161,909
9/12/2018 7:30,2437,2234,2591,3423,3419,3533,986,1185,942
9/12/2018 8:00,2288,2112,2541,3638,3626,3622,1350,1514,1081
9/12/2018 8:30,2288,2057,2555,3638,3626,3749,1350,1569,1194
9/12/2018 9:00,2159,1958,2516,4046,4018,3973,1887,2060,1457
9/12/2018 9:30,2159,2052,2404,4046,4018,4184,1887,1966,1780
9/12/2018 10:00,2073,1999,2245,4417,4376,4354,2344,2377,2109
9/12/2018 10:30,2073,2005,2248,4417,4389,4466,2344,2384,2218
9/12/2018 11:00,2015,2018,2223,4597,4559,4538,2582,2541,2315
9/12/2018 11:30,2015,2238,2272,4597,4559,4573,2582,2321,2301
9/12/2018 12:00,2041,2258,2340,4763,4721,4656,2722,2463,2316
9/12/2018 12:30,2041,2372,2422,4763,4721,4684,2722,2349,2262
9/12/2018 13:00,2108,2393,2486,4751,4710,4695,2643,2317,2209
9/12/2018 13:30,2108,2312,2612,4751,4710,4668,2643,2398,2056
9/12/2018 14:00,2093,2332,2645,4643,4598,4606,2550,2266,1961
9/12/2018 14:30,2093,2381,2607,4643,4598,4564,2550,2217,1957
9/12/2018 15:00,2028,2345,2398,4674,4625,4559,2646,2280,2161
9/12/2018 15:30,2028,2348,2293,4674,4625,4576,2646,2277,2283
9/12/2018 16:00,1928,2251,2277,5078,5028,4730,3150,2777,2453
9/12/2018 16:30,1928,2314,2204,5078,5028,5039,3150,2714,2835
9/12/2018 17:00,1743,2133,2238,5453,5394,5281,3710,3261,3043
9/12/2018 17:30,1743,2299,2170,5453,5394,5380,3710,3095,3210
9/12/2018 18:00,1510,2041,2138,5377,5329,5361,3867,3288,3223
9/12/2018 18:30,1510,1875,2163,5377,5329,5295,3867,3454,3132
9/12/2018 19:00,1310,1635,1972,5168,5134,5173,3858,3499,3201
9/12/2018 19:30,1310,1592,1763,5168,5133,5080,3858,3541,3317
9/12/2018 20:00,1166,1387,1603,4945,4914,4985,3779,3527,3382
9/12/2018 20:30,1166,1586,1512,4945,4914,4880,3779,3328,3368
9/12/2018 21:00,1059,1401,1375,4632,4605,4712,3573,3204,3337
9/12/2018 21:30,1059,1472,1186,4632,4605,4516,3573,3133,3330
9/12/2018 22:00,951,1322,1083,4259,4234,4303,3308,2912,3220
9/12/2018 22:30,951,1357,1004,4259,4234,4155,3308,2877,3151
9/12/2018 23:00,1003,1280,991,3952,3954,4065,2949,2674,3074
9/12/2018 23:30,1003,1280,1011,3952,3951,3920,2949,2671,2909
10/12/2018 0:00,932,1199,986,3632,3633,3748,2700,2434,2762
10/12/2018 0:30,932,1197,991,3632,3633,3605,2700,2436,2614
10/12/2018 1:00,838,1037,810,3389,3394,3476,2551,2357,2666
10/12/2018 1:30,838,801,736,3389,3394,3387,2551,2593,2651
10/12/2018 2:00,717,636,689,3251,3258,3301,2534,2622,2612
10/12/2018 2:30,717,590,725,3251,3258,3264,2534,2668,2539
10/12/2018 3:00,599,448,685,3200,3208,3235,2601,2760,2550
10/12/2018 3:30,599,438,609,3200,3208,3215,2601,2770,2606
10/12/2018 4:00,493,356,572,3201,3214,3222,2708,2858,2650
10/12/2018 4:30,493,332,488,3201,3214,3230,2708,2882,2742
10/12/2018 5:00,413,312,440,3324,3339,3296,2911,3027,2856
10/12/2018 5:30,413,358,395,3324,3339,3389,2911,2981,2994
10/12/2018 6:00,403,367,445,3826,3847,3635,3423,3480,3190
10/12/2018 6:30,403,460,469,3826,3847,3965,3423,3387,3496
10/12/2018 7:00,469,477,468,4715,4745,4464,4246,4268,3996
10/12/2018 7:30,469,479,459,4715,4745,4933,4246,4266,4474
10/12/2018 8:00,592,546,521,5173,5213,5222,4581,4667,4701
10/12/2018 8:30,592,453,522,5173,5213,5220,4581,4760,4698
10/12/2018 9:00,743,598,505,5304,5348,5300,4561,4750,4795
10/12/2018 9:30,743,632,575,5304,5348,5389,4561,4716,4814
10/12/2018 10:00,873,769,614,5346,5386,5390,4473,4617,4776
10/12/2018 10:30,873,749,638,5346,5385,5402,4473,4636,4764
10/12/2018 11:00,979,855,697,5352,5385,5403,4373,4530,4706
10/12/2018 11:30,979,855,758,5352,5377,5394,4373,4522,4636
10/12/2018 12:00,1088,933,840,5400,5403,5412,4312,4470,4572
10/12/2018 12:30,1088,922,933,5400,5403,5450,4312,4481,4517
10/12/2018 13:00,1166,1007,1014,5333,5332,5418,4167,4325,4404
10/12/2018 13:30,1166,893,1057,5333,5332,5346,4167,4439,4289
10/12/2018 14:00,1215,974,1059,5340,5335,5342,4125,4361,4283
10/12/2018 14:30,1215,936,1049,5340,5335,5348,4125,4399,4299
10/12/2018 15:00,1258,1013,1095,5492,5483,5387,4234,4470,4292
10/12/2018 15:30,1258,1137,1144,5492,5483,5476,4234,4346,4332
10/12/2018 16:00,1299,1190,1173,5981,5972,5693,4682,4782,4520
10/12/2018 16:30,1299,1190,1230,5981,5972,6089,4682,4782,4859
10/12/2018 17:00,1330,1234,1308,6340,6351,6292,5010,5117,4984
10/12/2018 17:30,1330,1217,1244,6340,6351,6310,5010,5134,5066
10/12/2018 18:00,1329,1241,1185,6128,6144,6191,4799,4903,5006
10/12/2018 18:30,1329,1241,1138,6128,6144,6021,4799,4903,4883
10/12/2018 19:00,1333,1251,1114,5849,5857,5887,4516,4606,4773
10/12/2018 19:30,1333,1229,1134,5849,5857,5766,4516,4628,4632
10/12/2018 20:00,1349,1252,1133,5536,5539,5602,4187,4287,4469
10/12/2018 20:30,1349,1287,1181,5536,5538,5439,4187,4251,4258
10/12/2018 21:00,1351,1328,1319,5154,5137,5273,3803,3809,3954
10/12/2018 21:30,1351,1180,1432,5154,5137,5041,3803,3957,3609
10/12/2018 22:00,1342,1285,1542,4633,4612,4780,3291,3327,3238
10/12/2018 22:30,1342,1271,1605,4633,4612,4488,3291,3341,2883
10/12/2018 23:00,1504,1429,1719,4234,4233,4301,2730,2804,2582
10/12/2018 23:30,1504,1450,1743,4234,4232,4139,2730,2782,2396
11/12/2018 0:00,1636,1616,1866,3829,3826,3934,2193,2210,2068
11/12/2018 0:30,1636,1751,1974,3829,3826,3775,2193,2075,1801
11/12/2018 1:00,1748,1857,2002,3558,3556,3655,1810,1699,1653
11/12/2018 1:30,1748,1929,2059,3558,3556,3565,1810,1627,1506
11/12/2018 2:00,1855,1984,2077,3393,3388,3484,1538,1404,1407
11/12/2018 2:30,1855,1995,1979,3393,3388,3439,1538,1393,1460
11/12/2018 3:00,2005,2080,1944,3333,3332,3406,1328,1252,1462
11/12/2018 3:30,2005,2024,2065,3333,3332,3390,1328,1308,1325
11/12/2018 4:00,2163,2145,2144,3320,3324,3397,1157,1179,1253
11/12/2018 4:30,2163,2224,2244,3320,3324,3403,1157,1100,1159
11/12/2018 5:00,2311,2335,2297,3428,3434,3476,1117,1099,1179
11/12/2018 5:30,2311,2428,2417,3428,3434,3566,1117,1006,1149
11/12/2018 6:00,2472,2533,2438,3923,3930,3800,1451,1397,1362
11/12/2018 6:30,2472,2392,2495,3923,3930,4103,1451,1538,1608
11/12/2018 7:00,2624,2542,2560,4802,4825,4606,2178,2283,2046
11/12/2018 7:30,2624,2608,2646,4802,4825,5077,2178,2217,2431
11/12/2018 8:00,2755,2750,2625,5246,5237,5317,2491,2487,2692
11/12/2018 8:30,2755,2684,2581,5246,5237,5302,2491,2553,2721
11/12/2018 9:00,2854,2811,2618,5353,5334,5332,2499,2523,2714
11/12/2018 9:30,2854,2848,2662,5353,5334,5377,2499,2486,2715
11/12/2018 10:00,2921,2978,2739,5376,5368,5349,2455,2390,2610
11/12/2018 10:30,2921,2989,2806,5376,5368,5355,2455,2379,2549
11/12/2018 11:00,2957,3101,2971,5362,5364,5381,2405,2263,2410
11/12/2018 11:30,2957,3059,3060,5362,5360,5395,2405,2301,2335
11/12/2018 12:00,2905,3120,3053,5371,5380,5411,2466,2260,2358
11/12/2018 12:30,2905,3093,3067,5371,5380,5438,2466,2287,2371
11/12/2018 13:00,2763,3094,3095,5276,5291,5431,2513,2197,2336
11/12/2018 13:30,2763,3060,3042,5276,5291,5351,2513,2231,2309
11/12/2018 14:00,2537,3006,3098,5264,5271,5372,2727,2265,2274
11/12/2018 14:30,2537,3131,3067,5264,5271,5369,2727,2140,2302
11/12/2018 15:00,2237,2862,2990,5414,5414,5418,3177,2552,2428
11/12/2018 15:30,2237,2797,2810,5414,5414,5546,3177,2617,2736
11/12/2018 16:00,1956,2480,2610,5894,5905,5772,3938,3425,3162
11/12/2018 16:30,1956,2449,2361,5894,5905,6029,3938,3456,3668
11/12/2018 17:00,1759,2360,2205,6252,6247,6211,4493,3887,4006
11/12/2018 17:30,1759,2381,2111,6252,6247,6254,4493,3866,4143
11/12/2018 18:00,1551,2210,1918,6054,6021,6158,4503,3811,4240
11/12/2018 18:30,1551,2223,1754,6054,6021,5987,4503,3798,4233
11/12/2018 19:00,1294,1861,1604,5770,5742,5862,4476,3881,4258
11/12/2018 19:30,1294,1923,1535,5770,5742,5722,4476,3819,4187
11/12/2018 20:00,1123,1700,1480,5483,5457,5571,4360,3757,4091
11/12/2018 20:30,1123,1561,1461,5483,5457,5393,4360,3896,3932
11/12/2018 21:00,994,1317,1380,5081,5059,5239,4087,3742,3859
11/12/2018 21:30,994,1039,1292,5081,5059,4959,4087,4020,3667
11/12/2018 22:00,804,781,1166,4596,4567,4728,3792,3786,3562
11/12/2018 22:30,804,793,1000,4596,4567,4477,3792,3774,3477
11/12/2018 23:00,975,649,879,4185,4186,4324,3210,3537,3445
11/12/2018 23:30,975,782,735,4185,4185,4145,3210,3403,3410
12/12/2018 0:00,786,647,645,3782,3790,3938,2996,3143,3293
12/12/2018 0:30,786,633,566,3782,3790,3765,2996,3157,3199
12/12/2018 1:00,637,470,471,3534,3549,3642,2897,3079,3171
12/12/2018 1:30,637,553,437,3534,3549,3543,2897,2996,3106
12/12/2018 2:00,546,427,351,3387,3400,3476,2841,2973,3125
12/12/2018 2:30,546,335,288,3387,3400,3434,2841,3065,3146
12/12/2018 3:00,478,247,242,3323,3338,3408,2845,3091,3166
12/12/2018 3:30,478,171,218,3323,3338,3395,2845,3167,3177
12/12/2018 4:00,409,168,204,3315,3333,3401,2906,3165,3197
12/12/2018 4:30,409,154,190,3315,3333,3385,2906,3179,3195
12/12/2018 5:00,389,208,179,3435,3456,3440,3046,3248,3261
12/12/2018 5:30,389,195,234,3435,3456,3535,3046,3261,3301
12/12/2018 6:00,450,312,277,3926,3951,3771,3476,3639,3494
12/12/2018 6:30,450,319,327,3926,3951,4081,3476,3632,3754
12/12/2018 7:00,555,484,375,4785,4808,4570,4230,4324,4195
12/12/2018 7:30,555,492,466,4785,4808,5039,4230,4316,4573
12/12/2018 8:00,712,671,603,5195,5223,5268,4483,4552,4665
12/12/2018 8:30,712,585,750,5195,5230,5227,4483,4645,4477
12/12/2018 9:00,924,767,923,5282,5309,5264,4358,4542,4341
12/12/2018 9:30,924,771,1047,5282,5309,5322,4358,4538,4275
12/12/2018 10:00,1124,1022,1141,5299,5327,5329,4175,4305,4188
12/12/2018 10:30,1124,944,1241,5299,5327,5325,4175,4383,4084
12/12/2018 11:00,1317,1252,1463,5275,5317,5321,3958,4065,3858
12/12/2018 11:30,1317,1348,1658,5275,5291,5295,3958,3943,3637
12/12/2018 12:00,1561,1689,1792,5279,5296,5298,3718,3607,3506
12/12/2018 12:30,1561,1675,2001,5279,5296,5312,3718,3621,3311
12/12/2018 13:00,1851,2026,2228,5195,5224,5284,3344,3198,3056
12/12/2018 13:30,1851,2057,2238,5195,5224,5191,3344,3167,2953
12/12/2018 14:00,2143,2378,2436,5190,5216,5196,3047,2838,2760
12/12/2018 14:30,2143,2536,2598,5190,5217,5211,3047,2681,2613
12/12/2018 15:00,2423,2783,2758,5340,5375,5225,2917,2592,2467
12/12/2018 15:30,2423,2789,2911,5340,5375,5366,2917,2586,2455
12/12/2018 16:00,2672,3002,3061,5837,5862,5604,3165,2860,2543
12/12/2018 16:30,2672,3002,3324,5837,5862,6012,3165,2860,2688
12/12/2018 17:00,2894,3197,3446,6198,6205,6215,3304,3008,2769
12/12/2018 17:30,2894,3233,3516,6198,6205,6234,3304,2972,2718
12/12/2018 18:00,3106,3390,3647,6020,6041,6133,2914,2651,2486
12/12/2018 18:30,3106,3390,3735,6020,6041,6034,2914,2651,2299
12/12/2018 19:00,3275,3502,3782,5747,5756,5903,2472,2254,2121
12/12/2018 19:30,3275,3595,3849,5747,5756,5804,2472,2161,1955
12/12/2018 20:00,3373,3648,3943,5452,5458,5674,2079,1810,1731
12/12/2018 20:30,3373,3812,3892,5452,5458,5511,2079,1646,1619
12/12/2018 21:00,3418,3796,3799,5074,5064,5338,1656,1268,1539
12/12/2018 21:30,3418,3838,3700,5074,5064,5058,1656,1226,1358
12/12/2018 22:00,3425,3792,3516,4612,4587,4808,1187,795,1292
12/12/2018 22:30,3425,3856,3381,4612,4587,4534,1187,731,1153
12/12/2018 23:00,3477,3788,3332,4234,4233,4360,757,445,1028
12/12/2018 23:30,3477,3902,3264,4234,4235,4163,757,333,899
13/12/2018 0:00,3431,3801,3132,3841,3838,3933,410,37,801
13/12/2018 0:30,3431,3679,2981,3841,3838,3761,410,159,780
13/12/2018 1:00,3366,3582,2862,3586,3588,3631,220,6,769
13/12/2018 1:30,3366,3414,2764,3586,3588,3528,220,174,764
13/12/2018 2:00,3300,3334,2646,3421,3422,3436,121,88,790
13/12/2018 2:30,3300,3186,2603,3421,3423,3377,121,237,774
13/12/2018 3:00,3269,3151,2544,3354,3359,3332,85,208,788
13/12/2018 3:30,3269,3089,2527,3354,3359,3320,85,270,793
13/12/2018 4:00,3260,3108,2526,3344,3348,3311,84,240,785
13/12/2018 4:30,3260,2844,2533,3344,3348,3315,84,504,782
13/12/2018 5:00,3266,2925,2549,3464,3475,3362,198,550,813
13/12/2018 5:30,3266,2764,2649,3464,3475,3464,198,711,815
13/12/2018 6:00,3290,2859,2921,3950,3959,3730,660,1100,809
13/12/2018 6:30,3290,2750,3150,3950,3959,4065,660,1209,915
13/12/2018 7:00,3288,2820,3265,4797,4811,4546,1509,1991,1281
13/12/2018 7:30,3288,2791,3513,4797,4811,5028,1509,2020,1515
13/12/2018 8:00,3261,2903,3610,5219,5206,5284,1958,2303,1674
13/12/2018 8:30,3261,2887,3601,5219,5206,5345,1958,2319,1744
13/12/2018 9:00,3227,2956,3428,5295,5278,5397,2068,2322,1969
13/12/2018 9:30,3227,3145,3376,5295,5277,5438,2068,2132,2062
13/12/2018 10:00,3141,3098,3349,5324,5317,5426,2183,2219,2077
13/12/2018 10:30,3141,3209,3345,5324,5317,5449,2183,2108,2104
13/12/2018 11:00,3002,2991,3240,5352,5337,5444,2350,2346,2204
13/12/2018 11:30,3002,3040,3171,5352,5328,5447,2350,2288,2276
13/12/2018 12:00,2839,2759,3109,5384,5360,5454,2545,2601,2345
13/12/2018 12:30,2839,2800,2988,5384,5360,5463,2545,2560,2475
13/12/2018 13:00,2695,2537,2860,5313,5287,5427,2618,2750,2567
13/12/2018 13:30,2695,2639,2635,5313,5288,5353,2618,2649,2718
13/12/2018 14:00,2576,2360,2468,5302,5273,5386,2726,2913,2918
13/12/2018 14:30,2576,2353,2354,5302,5273,5396,2726,2920,3042
13/12/2018 15:00,2441,2245,2295,5454,5412,5437,3013,3167,3142
13/12/2018 15:30,2441,2298,2351,5454,5413,5564,3013,3115,3213
13/12/2018 16:00,2339,2236,2261,5913,5909,5745,3574,3673,3484
13/12/2018 16:30,2339,2225,2206,5913,5909,6065,3574,3684,3859
13/12/2018 17:00,2272,2180,2210,6259,6259,6219,3987,4079,4009
13/12/2018 17:30,2272,2197,2134,6259,6259,6245,3987,4062,4111
13/12/2018 18:00,2227,2135,2060,6088,6080,6145,3861,3945,4085
13/12/2018 18:30,2227,2100,2024,6088,6080,6004,3861,3980,3980
13/12/2018 19:00,2206,2059,2001,5818,5807,5887,3612,3748,3886
13/12/2018 19:30,2206,2128,2023,5818,5807,5766,3612,3679,3743
13/12/2018 20:00,2187,2095,2012,5529,5522,5647,3342,3427,3635
13/12/2018 20:30,2187,2015,1953,5529,5522,5504,3342,3507,3551
13/12/2018 21:00,2209,1999,1978,5160,5159,5302,2951,3160,3324
13/12/2018 21:30,2209,1919,2149,5160,5159,5102,2951,3240,2953
13/12/2018 22:00,2266,1923,2294,4704,4706,4849,2438,2783,2555
13/12/2018 22:30,2266,1931,2288,4704,4706,4572,2438,2775,2284
13/12/2018 23:00,1908,2155,1927,4344,4345,4415,2436,2190,2488
13/12/2018 23:30,1908,2007,1955,4344,4344,4224,2436,2337,2269
14/12/2018 0:00,1920,1871,1963,3930,3929,4029,2010,2058,2066
14/12/2018 0:30,1920,1815,1948,3930,3929,3857,2010,2114,1909
14/12/2018 1:00,1914,1770,1925,3650,3648,3724,1736,1878,1799
14/12/2018 1:30,1914,1782,2126,3650,3648,3611,1736,1866,1485
14/12/2018 2:00,1913,1807,2049,3457,3456,3503,1544,1649,1454
14/12/2018 2:30,1913,1866,2065,3457,3456,3435,1544,1590,1370
14/12/2018 3:00,1932,1802,2099,3367,3365,3402,1435,1563,1303
14/12/2018 3:30,1932,1802,1956,3367,3365,3368,1435,1563,1412
14/12/2018 4:00,1991,1815,2068,3351,3347,3335,1360,1532,1267
14/12/2018 4:30,1991,1907,1965,3351,3347,3346,1360,1440,1381
14/12/2018 5:00,2096,2117,2151,3465,3463,3427,1369,1346,1276
14/12/2018 5:30,2096,2328,2178,3465,3463,3543,1369,1135,1365
14/12/2018 6:00,2256,2499,2384,3956,3955,3812,1700,1456,1428
14/12/2018 6:30,2256,2512,2354,3956,3955,4097,1700,1443,1743
14/12/2018 7:00,2419,2578,2520,4791,4794,4528,2372,2216,2008
14/12/2018 7:30,2419,2753,2418,4791,4794,5011,2372,2041,2593
14/12/2018 8:00,2558,2802,2568,5196,5210,5263,2638,2408,2695
14/12/2018 8:30,2558,2953,2897,5196,5210,5280,2638,2257,2383
14/12/2018 9:00,2698,3078,3019,5295,5327,5334,2597,2249,2315
14/12/2018 9:30,2698,3179,3047,5295,5327,5411,2597,2148,2364
14/12/2018 10:00,2832,3207,3176,5317,5347,5383,2485,2140,2207
14/12/2018 10:30,2832,3235,3097,5317,5347,5373,2485,2112,2276
14/12/2018 11:00,2937,3292,3204,5314,5357,5377,2377,2065,2173
14/12/2018 11:30,2937,3279,3194,5314,5356,5389,2377,2077,2195
14/12/2018 12:00,3018,3224,3235,5322,5354,5408,2304,2130,2173
14/12/2018 12:30,3018,3285,3366,5322,5354,5429,2304,2069,2063
14/12/2018 13:00,3096,3301,3370,5225,5253,5397,2129,1952,2027
14/12/2018 13:30,3096,3345,3432,5225,5253,5360,2129,1908,1928
14/12/2018 14:00,3153,3368,3404,5168,5205,5348,2015,1837,1944
14/12/2018 14:30,3153,3357,3386,5168,5205,5373,2015,1848,1987
14/12/2018 15:00,3212,3396,3393,5242,5280,5415,2030,1884,2022
14/12/2018 15:30,3212,3419,3310,5242,5280,5499,2030,1861,2189
14/12/2018 16:00,3263,3462,3344,5694,5698,5672,2431,2236,2328
14/12/2018 16:30,3263,3544,3344,5694,5698,5913,2431,2154,2569
14/12/2018 17:00,3295,3561,3356,6055,6035,6022,2760,2474,2666
14/12/2018 17:30,3295,3604,3434,6055,6035,6047,2760,2431,2613
14/12/2018 18:00,3314,3608,3396,5920,5899,5974,2606,2291,2578
14/12/2018 18:30,3314,3598,3448,5920,5899,5853,2606,2301,2405
14/12/2018 19:00,3285,3577,3383,5641,5623,5666,2356,2046,2283
14/12/2018 19:30,3285,3485,3378,5641,5623,5521,2356,2138,2143
14/12/2018 20:00,3229,3465,3285,5335,5321,5393,2106,1856,2108
14/12/2018 20:30,3229,3457,3354,5335,5321,5264,2106,1864,1910
14/12/2018 21:00,3166,3369,3256,4988,4969,5089,1822,1600,1833
14/12/2018 21:30,3166,3234,3354,4988,4968,4888,1822,1734,1534
14/12/2018 22:00,3100,3281,3235,4601,4569,4679,1501,1288,1444
14/12/2018 22:30,3100,3251,3242,4601,4569,4506,1501,1318,1264
14/12/2018 23:00,3035,3113,3117,4341,4339,4394,1306,1226,1277
14/12/2018 23:30,3035,3018,3123,4341,4342,4261,1306,1324,1138
15/12/2018 0:00,3070,2925,2999,3962,3963,4077,892,1038,1078
15/12/2018 0:30,3070,2885,3023,3962,3963,3902,892,1078,879
15/12/2018 1:00,3031,2822,2887,3657,3658,3765,626,836,878
15/12/2018 1:30,3031,2704,2888,3657,3658,3625,626,954,737
15/12/2018 2:00,2942,2637,2715,3437,3438,3525,495,801,810
15/12/2018 2:30,2942,2534,2709,3437,3438,3432,495,904,723
15/12/2018 3:00,2825,2438,2560,3316,3316,3373,491,878,813
15/12/2018 3:30,2825,2474,2569,3316,3316,3319,491,842,750
15/12/2018 4:00,2731,2451,2471,3242,3241,3291,511,790,820
15/12/2018 4:30,2731,2425,2471,3242,3241,3268,511,816,797
15/12/2018 5:00,2695,2386,2496,3279,3279,3280,584,893,784
15/12/2018 5:30,2695,2365,2418,3279,3279,3296,584,914,878
15/12/2018 6:00,2670,2406,2590,3470,3468,3407,800,1062,817
15/12/2018 6:30,2670,2515,2533,3470,3468,3523,800,953,990
15/12/2018 7:00,2647,2592,2822,3797,3797,3693,1150,1205,871
15/12/2018 7:30,2647,2799,2849,3797,3797,3909,1150,998,1060
15/12/2018 8:00,2689,2875,3109,4163,4161,4097,1474,1286,988
15/12/2018 8:30,2689,2986,3019,4163,4161,4293,1474,1175,1274
15/12/2018 9:00,2768,3039,3148,4561,4553,4513,1793,1514,1365
15/12/2018 9:30,2768,3028,3059,4561,4553,4687,1793,1525,1628
15/12/2018 10:00,2797,3146,3064,4804,4794,4856,2007,1648,1792
15/12/2018 10:30,2797,3076,3007,4804,4794,4968,2007,1718,1961
15/12/2018 11:00,2807,3090,2949,4902,4894,5019,2095,1804,2070
15/12/2018 11:30,2807,3116,2960,4902,4899,5066,2095,1783,2106
15/12/2018 12:00,2843,3176,2918,4938,4940,5109,2095,1764,2191
15/12/2018 12:30,2843,3164,2943,4938,4940,5131,2095,1776,2188
15/12/2018 13:00,2965,3124,3048,4889,4888,5105,1924,1764,2057
15/12/2018 13:30,2965,2972,3003,4889,4887,5053,1924,1915,2050
15/12/2018 14:00,3009,2978,3092,4804,4801,5021,1795,1823,1929
15/12/2018 14:30,3009,3213,2909,4804,4802,5033,1795,1589,2124
15/12/2018 15:00,2866,3133,2699,4853,4845,5035,1987,1712,2336
15/12/2018 15:30,2866,3222,2898,4853,4846,5083,1987,1624,2185
15/12/2018 16:00,2764,3111,2779,5265,5254,5202,2501,2143,2423
15/12/2018 16:30,2764,3154,2949,5265,5254,5418,2501,2100,2469
15/12/2018 17:00,2696,3108,3120,5631,5619,5596,2935,2511,2476
15/12/2018 17:30,2696,2999,2728,5631,5619,5654,2935,2620,2926
15/12/2018 18:00,2544,3033,2731,5498,5484,5604,2954,2451,2873
15/12/2018 18:30,2544,2973,2970,5498,5484,5462,2954,2511,2492
15/12/2018 19:00,2574,3074,2908,5198,5181,5305,2624,2107,2397
15/12/2018 19:30,2574,3188,3222,5198,5181,5178,2624,1993,1956
15/12/2018 20:00,2717,3244,3282,4907,4903,5052,2190,1659,1770
15/12/2018 20:30,2717,3100,2946,4907,4903,4929,2190,1803,1983
15/12/2018 21:00,2609,3031,2883,4595,4606,4785,1986,1575,1902
15/12/2018 21:30,2609,3007,2907,4595,4606,4602,1986,1599,1695
15/12/2018 22:00,2505,2869,2737,4278,4300,4425,1773,1431,1688
15/12/2018 22:30,2505,2733,2860,4278,4300,4261,1773,1567,1401
15/12/2018 23:00,2556,2651,2615,4111,4112,4183,1555,1461,1568
15/12/2018 23:30,2556,2636,2603,4111,4109,4113,1555,1473,1510
16/12/2018 0:00,2352,2559,2327,3798,3800,3939,1446,1241,1612
16/12/2018 0:30,2352,2480,2219,3798,3800,3808,1446,1320,1589
16/12/2018 1:00,2177,2454,2038,3519,3522,3702,1342,1068,1664
16/12/2018 1:30,2177,2234,2116,3519,3522,3568,1342,1288,1452
16/12/2018 2:00,2011,2137,1951,3311,3315,3457,1300,1178,1506
16/12/2018 2:30,2011,1930,1909,3311,3315,3360,1300,1385,1451
16/12/2018 3:00,1865,1815,1752,3183,3189,3298,1318,1374,1546
16/12/2018 3:30,1865,1791,1825,3183,3189,3274,1318,1398,1449
16/12/2018 4:00,1726,1650,1705,3116,3119,3248,1390,1469,1543
16/12/2018 4:30,1726,1621,1761,3116,3119,3236,1390,1498,1475
16/12/2018 5:00,1651,1587,1616,3105,3109,3217,1454,1522,1601
16/12/2018 5:30,1651,1633,1627,3105,3109,3185,1454,1476,1558
16/12/2018 6:00,1587,1614,1526,3208,3214,3267,1621,1600,1741
16/12/2018 6:30,1587,1497,1394,3208,3214,3342,1621,1717,1948
16/12/2018 7:00,1518,1496,1342,3410,3418,3454,1892,1922,2112
16/12/2018 7:30,1518,1480,1348,3410,3418,3588,1892,1938,2240
16/12/2018 8:00,1483,1409,1327,3652,3661,3710,2169,2252,2383
16/12/2018 8:30,1483,1296,1363,3652,3661,3827,2169,2365,2464
16/12/2018 9:00,1439,1228,1327,4050,4062,4080,2611,2834,2753
16/12/2018 9:30,1439,1121,1420,4050,4061,4297,2611,2940,2877
16/12/2018 10:00,1368,1056,1369,4410,4431,4478,3042,3375,3109
16/12/2018 10:30,1368,967,1360,4410,4431,4610,3042,3464,3250
16/12/2018 11:00,1358,945,1306,4606,4642,4686,3248,3697,3380
16/12/2018 11:30,1358,892,1259,4606,4642,4737,3248,3750,3478
16/12/2018 12:00,1365,869,1206,4765,4779,4828,3400,3910,3622
16/12/2018 12:30,1365,771,1114,4765,4779,4889,3400,4008,3775
16/12/2018 13:00,1337,710,1105,4757,4780,4885,3420,4070,3780
16/12/2018 13:30,1337,730,960,4757,4781,4805,3420,4051,3845
16/12/2018 14:00,1312,883,1003,4642,4670,4747,3330,3787,3744
16/12/2018 14:30,1312,906,971,4642,4671,4707,3330,3765,3736
16/12/2018 15:00,1293,820,1006,4662,4686,4690,3369,3866,3684
16/12/2018 15:30,1293,861,1010,4662,4686,4720,3369,3825,3710
16/12/2018 16:00,1298,1030,1080,5048,5060,4860,3750,4030,3780
16/12/2018 16:30,1298,1110,902,5048,5060,5141,3750,3950,4239
16/12/2018 17:00,1331,1162,1040,5378,5380,5394,4047,4218,4354
16/12/2018 17:30,1331,1181,1105,5378,5380,5486,4047,4199,4381
16/12/2018 18:00,1376,1205,1147,5301,5326,5484,3925,4121,4337
16/12/2018 18:30,1376,1169,1083,5301,5325,5415,3925,4156,4332
16/12/2018 19:00,1352,1208,1063,5118,5133,5302,3766,3925,4239
16/12/2018 19:30,1352,1147,1119,5118,5132,5203,3766,3985,4084
16/12/2018 20:00,1311,1160,1137,4902,4910,5123,3591,3750,3986
16/12/2018 20:30,1311,1182,1203,4902,4910,4998,3591,3728,3795
16/12/2018 21:00,1324,1222,1205,4613,4615,4893,3289,3393,3688
16/12/2018 21:30,1324,1189,1141,4613,4615,4717,3289,3426,3576
16/12/2018 22:00,1358,1243,1163,4280,4284,4520,2922,3041,3357
16/12/2018 22:30,1358,1261,1148,4280,4284,4288,2922,3023,3140
16/12/2018 23:00,1305,1339,1188,4043,4043,4171,2738,2704,2983
16/12/2018 23:30,1305,1394,1205,4043,4050,4015,2738,2656,2810
17/12/2018 0:00,1329,1371,1225,3744,3750,3839,2415,2379,2614
17/12/2018 0:30,1329,1334,1299,3744,3751,3691,2415,2417,2392
17/12/2018 1:00,1356,1334,1300,3494,3499,3582,2138,2165,2282
17/12/2018 1:30,1356,1399,1319,3494,3500,3495,2138,2101,2176
17/12/2018 2:00,1429,1431,1378,3333,3338,3392,1904,1907,2014
17/12/2018 2:30,1429,1322,1322,3333,3339,3348,1904,2017,2026
17/12/2018 3:00,1579,1583,1482,3271,3278,3314,1692,1695,1832
17/12/2018 3:30,1579,1647,1535,3271,3278,3279,1692,1631,1744
17/12/2018 4:00,1787,1742,1764,3256,3265,3264,1469,1523,1500
17/12/2018 4:30,1787,1759,1726,3256,3265,3258,1469,1506,1532
17/12/2018 5:00,2015,1987,1968,3365,3376,3330,1350,1389,1362
17/12/2018 5:30,2015,2113,2067,3365,3376,3408,1350,1263,1341
17/12/2018 6:00,2285,2142,2304,3828,3838,3705,1543,1696,1401
17/12/2018 6:30,2285,2299,2332,3828,3838,4023,1543,1539,1691
17/12/2018 7:00,2579,2449,2576,4650,4667,4476,2071,2218,1900
17/12/2018 7:30,2579,2536,2557,4650,4667,4922,2071,2131,2365
17/12/2018 8:00,2847,2582,2791,5114,5135,5180,2267,2553,2389
17/12/2018 8:30,2847,2635,2682,5114,5135,5219,2267,2500,2537
17/12/2018 9:00,3059,2724,2921,5291,5314,5268,2232,2590,2347
17/12/2018 9:30,3059,2945,2970,5291,5314,5377,2232,2369,2407
17/12/2018 10:00,3213,3145,3176,5374,5401,5381,2161,2256,2205
17/12/2018 10:30,3213,3308,3261,5374,5402,5406,2161,2094,2145
17/12/2018 11:00,3327,3479,3410,5406,5425,5427,2079,1946,2017
17/12/2018 11:30,3327,3536,3332,5406,5420,5452,2079,1884,2120
17/12/2018 12:00,3395,3644,3435,5419,5438,5489,2024,1794,2054
17/12/2018 12:30,3395,3665,3338,5419,5438,5526,2024,1773,2188
17/12/2018 13:00,3439,3637,3405,5357,5374,5504,1918,1737,2099
17/12/2018 13:30,3439,3564,3539,5357,5374,5410,1918,1810,1871
17/12/2018 14:00,3470,3658,3558,5332,5350,5415,1862,1692,1857
17/12/2018 14:30,3470,3707,3707,5332,5350,5429,1862,1643,1722
17/12/2018 15:00,3478,3692,3694,5464,5465,5468,1986,1773,1774
17/12/2018 15:30,3478,3708,3718,5464,5465,5599,1986,1757,1881
17/12/2018 16:00,3480,3746,3704,5964,5965,5799,2484,2219,2095
17/12/2018 16:30,3480,3720,3704,5964,5965,6121,2484,2245,2417
17/12/2018 17:00,3488,3723,3687,6343,6352,6294,2855,2629,2607
17/12/2018 17:30,3488,3751,3654,6343,6352,6322,2855,2601,2668
17/12/2018 18:00,3493,3770,3628,6153,6168,6232,2660,2398,2604
17/12/2018 18:30,3493,3764,3675,6153,6168,6082,2660,2404,2407
17/12/2018 19:00,3483,3713,3631,5868,5881,5943,2385,2168,2312
17/12/2018 19:30,3483,3694,3698,5868,5881,5811,2385,2187,2113
17/12/2018 20:00,3464,3683,3645,5552,5571,5675,2088,1888,2030
17/12/2018 20:30,3464,3712,3661,5552,5571,5534,2088,1859,1873
17/12/2018 21:00,3436,3737,3608,5167,5184,5363,1731,1447,1755
17/12/2018 21:30,3436,3732,3628,5167,5184,5126,1731,1452,1498
17/12/2018 22:00,3406,3543,3574,4679,4690,4826,1273,1147,1252
17/12/2018 22:30,3406,3400,3600,4679,4690,4570,1273,1290,970
17/12/2018 23:00,3391,3286,3539,4309,4310,4387,918,1024,848
17/12/2018 23:30,3391,3159,3533,4309,4314,4206,918,1155,673
18/12/2018 0:00,3336,2921,3481,3866,3870,3958,530,949,477
18/12/2018 0:30,3336,2911,3583,3866,3870,3775,530,959,192
18/12/2018 1:00,3203,2884,3505,3594,3596,3647,391,712,142
18/12/2018 1:30,3203,2846,3366,3594,3596,3541,391,750,175
18/12/2018 2:00,2991,2761,3268,3406,3412,3471,415,651,203
18/12/2018 2:30,2991,2700,3231,3406,3412,3402,415,712,171
18/12/2018 3:00,2830,2640,3151,3312,3319,3385,482,679,234
18/12/2018 3:30,2830,2613,3010,3312,3319,3366,482,706,356
18/12/2018 4:00,2710,2583,2923,3280,3283,3345,570,700,422
18/12/2018 4:30,2710,2562,2737,3280,3283,3365,570,721,628
18/12/2018 5:00,2599,2608,2710,3394,3397,3460,795,789,750
18/12/2018 5:30,2599,2735,2611,3394,3397,3530,795,662,919
18/12/2018 6:00,2482,2796,2594,3858,3861,3786,1376,1065,1192
18/12/2018 6:30,2482,2879,2515,3858,3861,4087,1376,982,1572
18/12/2018 7:00,2289,3008,2481,4653,4659,4578,2364,1651,2097
18/12/2018 7:30,2289,2709,2521,4653,4662,5013,2364,1953,2492
18/12/2018 8:00,2156,2571,2403,5088,5093,5241,2932,2522,2838
18/12/2018 8:30,2156,2564,2238,5088,5093,5278,2932,2529,3040
18/12/2018 9:00,2129,2524,2049,5236,5229,5286,3107,2705,3237
18/12/2018 9:30,2129,2523,2385,5236,5229,5318,3107,2706,2933
18/12/2018 10:00,2110,2615,2293,5302,5293,5329,3192,2678,3036
18/12/2018 10:30,2110,2529,2320,5302,5293,5327,3192,2764,3007
18/12/2018 11:00,2119,2532,2317,5347,5351,5296,3228,2819,2979
18/12/2018 11:30,2119,2476,2140,5347,5355,5298,3228,2879,3158
18/12/2018 12:00,2142,2494,2185,5386,5384,5313,3244,2890,3128
18/12/2018 12:30,2142,2408,2355,5386,5385,5295,3244,2977,2940
18/12/2018 13:00,2120,2183,2367,5310,5333,5251,3190,3150,2884
18/12/2018 13:30,2120,2095,2487,5310,5333,5151,3190,3238,2664
18/12/2018 14:00,2031,1941,2360,5303,5329,5178,3272,3388,2818
18/12/2018 14:30,2031,1855,2234,5303,5329,5160,3272,3474,2926
18/12/2018 15:00,1934,1849,2087,5453,5481,5192,3519,3632,3105
18/12/2018 15:30,1934,1756,2067,5453,5480,5253,3519,3724,3186
18/12/2018 16:00,1809,1632,1878,5930,5936,5414,4121,4304,3536
18/12/2018 16:30,1809,1734,1803,5930,5935,5835,4121,4201,4032
18/12/2018 17:00,1706,1736,1714,6261,6239,6101,4555,4503,4387
18/12/2018 17:30,1706,1704,1597,6261,6238,6178,4555,4534,4581
18/12/2018 18:00,1678,1660,1594,6080,6073,6106,4402,4413,4512
18/12/2018 18:30,1678,1698,1559,6080,6073,5980,4402,4375,4421
18/12/2018 19:00,1658,1734,1577,5800,5783,5831,4142,4049,4254
18/12/2018 19:30,1658,1772,1556,5800,5782,5719,4142,4010,4163
18/12/2018 20:00,1717,1787,1637,5510,5486,5589,3793,3699,3952
18/12/2018 20:30,1717,1830,1740,5510,5485,5461,3793,3655,3721
18/12/2018 21:00,1824,1838,1825,5134,5111,5275,3310,3273,3450
18/12/2018 21:30,1824,2011,1859,5134,5111,5078,3310,3100,3219
18/12/2018 22:00,1933,2117,1949,4659,4630,4874,2726,2513,2925
18/12/2018 22:30,1933,2136,1948,4659,4630,4600,2726,2494,2652
18/12/2018 23:00,2153,2104,2167,4271,4267,4397,2118,2163,2230
18/12/2018 23:30,2153,2139,2113,4271,4275,4181,2118,2136,2068
19/12/2018 0:00,2284,2259,2136,3838,3839,3959,1554,1580,1823
19/12/2018 0:30,2284,2256,2174,3838,3839,3791,1554,1583,1617
19/12/2018 1:00,2367,2338,2169,3570,3568,3649,1203,1230,1480
19/12/2018 1:30,2367,2443,2386,3570,3568,3582,1203,1125,1196
19/12/2018 2:00,2420,2470,2466,3403,3400,3500,983,930,1034
19/12/2018 2:30,2420,2404,2491,3403,3400,3450,983,996,959
19/12/2018 3:00,2469,2445,2440,3324,3322,3421,855,877,981
19/12/2018 3:30,2469,2379,2452,3324,3322,3409,855,943,957
19/12/2018 4:00,2561,2466,2551,3302,3300,3424,741,834,873
19/12/2018 4:30,2561,2340,2597,3302,3300,3435,741,960,838
19/12/2018 5:00,2644,2450,2601,3398,3399,3450,754,949,849
19/12/2018 5:30,2644,2677,2596,3398,3399,3526,754,722,930
19/12/2018 6:00,2691,2710,2672,3845,3852,3803,1154,1142,1131
19/12/2018 6:30,2691,2702,2716,3845,3852,4102,1154,1150,1386
19/12/2018 7:00,2729,2683,2749,4606,4617,4572,1877,1934,1823
19/12/2018 7:30,2729,2678,2592,4606,4617,5004,1877,1939,2412
19/12/2018 8:00,2756,2693,2590,5007,5021,5278,2251,2328,2688
19/12/2018 8:30,2756,2725,2433,5007,5021,5254,2251,2296,2821
19/12/2018 9:00,2733,2694,2399,5149,5159,5249,2416,2465,2850
19/12/2018 9:30,2733,2726,2494,5149,5159,5311,2416,2433,2817
19/12/2018 10:00,2711,2718,2445,5207,5206,5313,2496,2488,2868
19/12/2018 10:30,2711,2772,2408,5207,5206,5295,2496,2434,2887
19/12/2018 11:00,2711,2775,2547,5259,5221,5311,2548,2446,2764
19/12/2018 11:30,2711,2673,2505,5259,5223,5301,2548,2550,2796
19/12/2018 12:00,2687,2602,2466,5288,5226,5315,2601,2624,2849
19/12/2018 12:30,2687,2409,2478,5288,5225,5305,2601,2816,2827
19/12/2018 13:00,2648,2329,2435,5240,5156,5244,2592,2827,2809
19/12/2018 13:30,2648,2415,2405,5240,5156,5188,2592,2741,2783
19/12/2018 14:00,2582,2321,2411,5227,5135,5185,2645,2814,2774
19/12/2018 14:30,2582,2280,2298,5227,5135,5209,2645,2855,2911
19/12/2018 15:00,2592,2250,2218,5363,5261,5260,2771,3011,3042
19/12/2018 15:30,2592,2273,2158,5363,5261,5377,2771,2988,3219
19/12/2018 16:00,2645,2295,2236,5840,5758,5579,3195,3463,3343
19/12/2018 16:30,2645,2291,2299,5840,5758,5942,3195,3467,3643
19/12/2018 17:00,2615,2323,2427,6192,6148,6168,3577,3825,3741
19/12/2018 17:30,2615,2404,2370,6192,6148,6193,3577,3744,3823
19/12/2018 18:00,2551,2347,2407,6042,6009,6122,3491,3662,3715
19/12/2018 18:30,2551,2236,2405,6042,6009,5976,3491,3773,3571
19/12/2018 19:00,2481,2153,2431,5768,5748,5852,3287,3595,3421
19/12/2018 19:30,2481,2177,2518,5768,5748,5766,3287,3571,3248
19/12/2018 20:00,2387,2120,2421,5476,5470,5614,3089,3350,3193
19/12/2018 20:30,2387,2212,2380,5476,5470,5493,3089,3258,3113
19/12/2018 21:00,2312,2152,2254,5104,5107,5338,2792,2955,3084
19/12/2018 21:30,2312,2384,2196,5104,5107,5119,2792,2723,2923
19/12/2018 22:00,2266,2301,2146,4640,4650,4885,2374,2349,2739
19/12/2018 22:30,2266,2304,2177,4640,4650,4630,2374,2346,2453
19/12/2018 23:00,2018,2184,2120,4268,4269,4452,2250,2085,2332
19/12/2018 23:30,2018,2209,2127,4268,4276,4265,2250,2067,2138
20/12/2018 0:00,2054,2121,2070,3876,3882,4058,1822,1761,1988
20/12/2018 0:30,2054,2043,2017,3876,3882,3871,1822,1839,1854
20/12/2018 1:00,2056,2050,2133,3618,3622,3759,1562,1572,1626
20/12/2018 1:30,2056,2008,2221,3618,3622,3683,1562,1614,1462
20/12/2018 2:00,2034,1994,2089,3447,3452,3550,1413,1458,1461
20/12/2018 2:30,2034,1943,2089,3447,3452,3465,1413,1509,1376
20/12/2018 3:00,2027,1915,2143,3367,3372,3404,1340,1457,1261
20/12/2018 3:30,2027,1988,2086,3367,3372,3393,1340,1384,1307
20/12/2018 4:00,2026,2026,2085,3351,3355,3374,1325,1329,1289
20/12/2018 4:30,2026,2068,2004,3351,3355,3350,1325,1287,1346
20/12/2018 5:00,2064,2167,2035,3457,3460,3395,1393,1293,1360
20/12/2018 5:30,2064,2203,2096,3457,3460,3463,1393,1257,1367
20/12/2018 6:00,2143,2297,2089,3919,3923,3721,1776,1626,1632
20/12/2018 6:30,2143,2375,2014,3919,3923,4029,1776,1548,2015
20/12/2018 7:00,2245,2405,2041,4697,4703,4466,2452,2298,2425
20/12/2018 7:30,2245,2381,2154,4697,4703,5007,2452,2322,2853
20/12/2018 8:00,2330,2414,2148,5117,5122,5206,2787,2708,3058
20/12/2018 8:30,2330,2346,2277,5117,5121,5217,2787,2775,2940
20/12/2018 9:00,2405,2437,2348,5236,5233,5228,2831,2796,2880
20/12/2018 9:30,2405,2338,2441,5236,5233,5265,2831,2895,2824
20/12/2018 10:00,2508,2446,2508,5269,5278,5247,2761,2832,2739
20/12/2018 10:30,2508,2452,2541,5269,5276,5223,2761,2824,2682
20/12/2018 11:00,2596,2555,2738,5278,5317,5233,2682,2762,2495
20/12/2018 11:30,2596,2518,2795,5278,5317,5221,2682,2799,2426
20/12/2018 12:00,2674,2622,2792,5291,5331,5224,2617,2709,2432
20/12/2018 12:30,2674,2707,2867,5291,5331,5224,2617,2624,2357
20/12/2018 13:00,2678,2721,3018,5194,5238,5239,2516,2517,2221
20/12/2018 13:30,2678,2777,3022,5194,5238,5183,2516,2461,2161
20/12/2018 14:00,2574,2667,3006,5155,5210,5171,2581,2543,2165
20/12/2018 14:30,2574,2844,2996,5155,5210,5176,2581,2366,2180
20/12/2018 15:00,2394,2613,2962,5273,5339,5230,2879,2726,2268
20/12/2018 15:30,2394,2660,2762,5273,5339,5323,2879,2679,2561
20/12/2018 16:00,2126,2330,2628,5757,5819,5485,3631,3489,2857
20/12/2018 16:30,2126,2330,2416,5757,5819,5814,3631,3489,3398
20/12/2018 17:00,1807,1956,2124,6162,6199,6009,4355,4243,3885
20/12/2018 17:30,1807,1978,1870,6162,6199,6051,4355,4221,4181
20/12/2018 18:00,1523,1655,1586,6020,6042,5958,4497,4387,4372
20/12/2018 18:30,1523,1828,1415,6020,6042,5856,4497,4214,4441
20/12/2018 19:00,1330,1551,1261,5756,5778,5733,4426,4227,4472
20/12/2018 19:30,1330,1547,1089,5756,5778,5627,4426,4231,4538
20/12/2018 20:00,1206,1346,1009,5491,5511,5514,4285,4165,4505
20/12/2018 20:30,1206,1162,984,5491,5511,5382,4285,4349,4398
20/12/2018 21:00,1180,1054,986,5147,5166,5234,3967,4112,4248
20/12/2018 21:30,1180,970,1032,5147,5166,5041,3967,4196,4009
20/12/2018 22:00,1257,968,1041,4705,4713,4816,3448,3745,3775
20/12/2018 22:30,1257,890,1070,4705,4713,4589,3448,3823,3519
20/12/2018 23:00,1095,880,1147,4345,4345,4442,3250,3465,3295
20/12/2018 23:30,1095,855,1139,4345,4348,4249,3250,3493,3110
21/12/2018 0:00,983,721,1069,3947,3949,4051,2964,3228,2982
21/12/2018 0:30,983,772,1057,3947,3949,3860,2964,3177,2803
21/12/2018 1:00,1086,932,1350,3688,3690,3736,2602,2758,2386
21/12/2018 1:30,1086,1145,1551,3688,3690,3627,2602,2545,2076
21/12/2018 2:00,1305,1359,1583,3478,3479,3523,2173,2120,1940
21/12/2018 2:30,1305,1298,1647,3478,3479,3438,2173,2181,1791
21/12/2018 3:00,1417,1274,1594,3382,3384,3412,1965,2110,1818
21/12/2018 3:30,1417,1373,1600,3382,3384,3398,1965,2011,1798
21/12/2018 4:00,1508,1432,1587,3349,3356,3403,1841,1924,1816
21/12/2018 4:30,1508,1600,1678,3349,3356,3417,1841,1756,1739
21/12/2018 5:00,1704,1768,1694,3449,3460,3469,1745,1692,1775
21/12/2018 5:30,1704,1754,1724,3449,3460,3543,1745,1706,1819
21/12/2018 6:00,1850,1891,1782,3905,3923,3768,2055,2032,1986
21/12/2018 6:30,1850,1992,1862,3905,3923,4084,2055,1931,2222
21/12/2018 7:00,1889,2045,1936,4668,4689,4476,2779,2644,2540
21/12/2018 7:30,1889,2068,2014,4668,4689,4943,2779,2621,2929
21/12/2018 8:00,1929,2067,1989,5083,5108,5138,3154,3041,3149
21/12/2018 8:30,1929,1997,1867,5083,5108,5141,3154,3111,3274
21/12/2018 9:00,1911,2020,1877,5234,5228,5164,3323,3208,3287
21/12/2018 9:30,1911,1997,1952,5234,5228,5219,3323,3231,3267
21/12/2018 10:00,1831,1983,2009,5280,5254,5176,3449,3271,3167
21/12/2018 10:30,1831,2030,2072,5280,5263,5179,3449,3233,3107
21/12/2018 11:00,1794,1933,2049,5291,5256,5139,3497,3323,3090
21/12/2018 11:30,1794,1938,2004,5291,5256,5088,3497,3318,3084
21/12/2018 12:00,1794,1717,1888,5290,5258,5045,3496,3541,3157
21/12/2018 12:30,1794,1612,1731,5290,5258,5034,3496,3646,3303
21/12/2018 13:00,1765,1402,1544,5181,5179,4972,3416,3777,3428
21/12/2018 13:30,1765,1447,1403,5181,5179,4916,3416,3732,3513
21/12/2018 14:00,1730,1315,1266,5120,5116,4879,3390,3801,3613
21/12/2018 14:30,1730,1372,1133,5120,5116,4861,3390,3744,3728
21/12/2018 15:00,1796,1249,1070,5186,5173,4849,3390,3924,3779
21/12/2018 15:30,1796,1246,941,5186,5172,4891,3390,3926,3950
21/12/2018 16:00,1952,1238,816,5610,5578,5067,3658,4340,4251
21/12/2018 16:30,1952,1201,918,5610,5577,5398,3658,4376,4480
21/12/2018 17:00,2042,1348,1051,5988,5933,5623,3946,4585,4572
21/12/2018 17:30,2042,1264,1255,5988,5933,5716,3946,4669,4461
21/12/2018 18:00,2090,1435,1349,5873,5825,5650,3783,4390,4301
21/12/2018 18:30,2090,1388,1550,5873,5825,5554,3783,4437,4004
21/12/2018 19:00,2156,1508,1691,5603,5562,5421,3447,4054,3730
21/12/2018 19:30,2156,1241,1684,5603,5561,5287,3447,4320,3603
21/12/2018 20:00,2174,1387,1853,5310,5270,5149,3136,3883,3296
21/12/2018 20:30,2174,1424,1847,5310,5270,5028,3136,3846,3181
21/12/2018 21:00,2163,1577,1931,4980,4944,4904,2817,3367,2973
21/12/2018 21:30,2163,1718,1888,4980,4943,4723,2817,3225,2835
21/12/2018 22:00,2158,1863,1958,4590,4559,4547,2432,2696,2589
21/12/2018 22:30,2158,2009,2037,4590,4559,4397,2432,2550,2360
21/12/2018 23:00,1919,2063,1968,4322,4318,4279,2403,2255,2311
21/12/2018 23:30,1919,2174,1937,4322,4321,4152,2403,2147,2215
22/12/2018 0:00,1904,2161,2007,3905,3905,3963,2001,1744,1956
22/12/2018 0:30,1904,2207,2056,3905,3905,3759,2001,1698,1703
22/12/2018 1:00,1878,2134,2054,3603,3602,3623,1725,1468,1569
22/12/2018 1:30,1878,2011,2019,3603,3602,3526,1725,1591,1507
22/12/2018 2:00,1843,1935,1987,3375,3375,3418,1532,1440,1431
22/12/2018 2:30,1843,1866,1972,3375,3374,3320,1532,1508,1348
22/12/2018 3:00,1801,1792,1969,3259,3258,3261,1458,1466,1292
22/12/2018 3:30,1801,1707,1897,3259,3258,3217,1458,1551,1320
22/12/2018 4:00,1784,1625,1779,3211,3212,3175,1427,1587,1396
22/12/2018 4:30,1784,1762,1727,3211,3212,3134,1427,1450,1407
22/12/2018 5:00,1799,1670,1688,3232,3234,3148,1433,1564,1460
22/12/2018 5:30,1799,1673,1677,3232,3234,3168,1433,1561,1491
22/12/2018 6:00,1768,1613,1710,3403,3407,3264,1635,1794,1554
22/12/2018 6:30,1768,1682,1716,3403,3407,3379,1635,1725,1663
22/12/2018 7:00,1717,1667,1693,3719,3720,3534,2002,2053,1841
22/12/2018 7:30,1717,1597,1705,3719,3720,3801,2002,2123,2096
22/12/2018 8:00,1699,1657,1651,4055,4040,3929,2356,2383,2278
22/12/2018 8:30,1699,1625,1577,4055,4040,4086,2356,2415,2509
22/12/2018 9:00,1701,1597,1587,4444,4400,4287,2743,2803,2700
22/12/2018 9:30,1701,1603,1537,4444,4400,4429,2743,2797,2892
22/12/2018 10:00,1695,1557,1416,4683,4632,4486,2988,3075,3070
22/12/2018 10:30,1695,1596,1334,4683,4642,4520,2988,3046,3186
22/12/2018 11:00,1638,1503,1254,4770,4728,4539,3132,3225,3285
22/12/2018 11:30,1638,1487,1252,4770,4728,4540,3132,3241,3288
22/12/2018 12:00,1519,1387,1290,4811,4764,4560,3292,3377,3270
22/12/2018 12:30,1519,1348,1281,4811,4764,4575,3292,3416,3294
22/12/2018 13:00,1365,1239,1198,4778,4711,4571,3413,3472,3373
22/12/2018 13:30,1365,1211,1110,4778,4711,4548,3413,3500,3438
22/12/2018 14:00,1182,1089,1069,4703,4627,4495,3521,3538,3426
22/12/2018 14:30,1182,943,996,4703,4627,4484,3521,3684,3488
22/12/2018 15:00,1014,829,875,4747,4679,4516,3733,3850,3641
22/12/2018 15:30,1014,829,850,4747,4679,4589,3733,3850,3739
22/12/2018 16:00,929,743,845,5161,5109,4798,4232,4366,3953
22/12/2018 16:30,929,795,832,5161,5108,5128,4232,4313,4296
22/12/2018 17:00,888,726,814,5585,5567,5367,4697,4841,4553
22/12/2018 17:30,888,694,885,5585,5566,5459,4697,4872,4574
22/12/2018 18:00,860,686,867,5490,5467,5431,4630,4781,4564
22/12/2018 18:30,860,649,833,5490,5466,5355,4630,4817,4522
22/12/2018 19:00,845,694,872,5200,5171,5231,4355,4477,4359
22/12/2018 19:30,845,736,880,5200,5171,5107,4355,4435,4227
22/12/2018 20:00,858,792,938,4929,4890,4987,4071,4098,4049
22/12/2018 20:30,858,749,881,4929,4890,4862,4071,4141,3981
22/12/2018 21:00,909,818,867,4637,4596,4714,3728,3778,3847
22/12/2018 21:30,909,974,834,4637,4595,4541,3728,3621,3707
22/12/2018 22:00,961,983,832,4326,4292,4403,3365,3309,3571
22/12/2018 22:30,961,955,844,4326,4292,4239,3365,3337,3395
22/12/2018 23:00,822,958,887,4117,4113,4152,3295,3155,3265
22/12/2018 23:30,822,1033,880,4117,4113,4035,3295,3080,3155
23/12/2018 0:00,856,1016,817,3775,3774,3874,2919,2758,3057
23/12/2018 0:30,856,918,811,3775,3775,3690,2919,2857,2879
23/12/2018 1:00,888,876,765,3492,3490,3539,2604,2614,2774
23/12/2018 1:30,888,801,785,3492,3490,3424,2604,2689,2639
23/12/2018 2:00,873,735,728,3278,3275,3311,2405,2540,2583
23/12/2018 2:30,873,733,731,3278,3275,3225,2405,2542,2494
23/12/2018 3:00,826,732,799,3154,3153,3152,2328,2421,2353
23/12/2018 3:30,826,758,812,3154,3153,3121,2328,2395,2309
23/12/2018 4:00,772,762,800,3073,3071,3091,2301,2309,2291
23/12/2018 4:30,772,753,705,3073,3071,3049,2301,2318,2344
23/12/2018 5:00,746,722,630,3052,3050,3046,2306,2328,2416
23/12/2018 5:30,746,741,544,3052,3050,3049,2306,2309,2505
23/12/2018 6:00,763,686,522,3146,3148,3108,2383,2462,2586
23/12/2018 6:30,763,676,463,3146,3148,3176,2383,2472,2713
23/12/2018 7:00,762,617,420,3343,3351,3287,2581,2734,2867
23/12/2018 7:30,762,595,345,3343,3351,3458,2581,2756,3113
23/12/2018 8:00,733,530,346,3573,3583,3585,2840,3053,3239
23/12/2018 8:30,733,456,326,3573,3583,3767,2840,3127,3441
23/12/2018 9:00,706,339,309,3962,3957,3972,3256,3618,3663
23/12/2018 9:30,706,266,298,3962,3957,4186,3256,3691,3888
23/12/2018 10:00,673,174,265,4311,4289,4376,3638,4115,4111
23/12/2018 10:30,673,124,232,4311,4289,4495,3638,4165,4263
23/12/2018 11:00,613,92,179,4513,4510,4571,3900,4418,4392
23/12/2018 11:30,613,58,177,4513,4511,4634,3900,4453,4457
23/12/2018 12:00,514,54,170,4685,4676,4705,4171,4622,4535
23/12/2018 12:30,514,99,161,4685,4676,4751,4171,4577,4590
23/12/2018 13:00,391,109,163,4689,4674,4721,4298,4565,4558
23/12/2018 13:30,391,166,158,4689,4674,4654,4298,4508,4496
23/12/2018 14:00,304,171,163,4572,4552,4578,4268,4381,4415
23/12/2018 14:30,304,88,150,4572,4553,4537,4268,4465,4387
23/12/2018 15:00,276,148,186,4577,4561,4529,4301,4413,4343
23/12/2018 15:30,276,162,226,4577,4562,4576,4301,4400,4350
23/12/2018 16:00,278,252,247,4963,4964,4743,4685,4712,4496
23/12/2018 16:30,278,286,291,4963,4964,5013,4685,4678,4722
23/12/2018 17:00,306,388,338,5356,5352,5203,5050,4964,4865
23/12/2018 17:30,306,408,412,5356,5352,5279,5050,4944,4867
23/12/2018 18:00,351,495,493,5287,5298,5244,4936,4803,4751
23/12/2018 18:30,351,484,643,5287,5298,5169,4936,4814,4526
23/12/2018 19:00,384,553,779,5078,5111,5070,4694,4558,4291
23/12/2018 19:30,384,536,863,5078,5111,4953,4694,4575,4090
23/12/2018 20:00,417,578,907,4864,4902,4847,4447,4324,3940
23/12/2018 20:30,417,590,931,4864,4902,4741,4447,4312,3810
23/12/2018 21:00,459,648,963,4589,4616,4633,4130,3968,3670
23/12/2018 21:30,459,934,947,4589,4616,4490,4130,3682,3543
23/12/2018 22:00,495,939,983,4263,4284,4335,3768,3345,3352
23/12/2018 22:30,495,911,1076,4263,4284,4174,3768,3373,3098
23/12/2018 23:00,594,916,561,4033,4035,4086,3439,3119,3525
23/12/2018 23:30,594,1011,700,4033,4025,3975,3439,3014,3275
24/12/2018 0:00,638,1002,1091,3634,3631,3791,2996,2629,2700
24/12/2018 0:30,638,1003,1074,3634,3630,3606,2996,2627,2532
24/12/2018 1:00,690,1004,1175,3330,3326,3455,2640,2322,2280
24/12/2018 1:30,690,1029,1164,3330,3326,3336,2640,2297,2172
24/12/2018 2:00,735,1046,907,3115,3102,3217,2380,2056,2310
24/12/2018 2:30,735,1154,786,3115,3102,3129,2380,1948,2343
24/12/2018 3:00,753,1159,788,2968,2963,3057,2215,1804,2269
24/12/2018 3:30,753,1168,814,2968,2963,3036,2215,1795,2222
24/12/2018 4:00,769,1167,817,2908,2912,3017,2139,1745,2200
24/12/2018 4:30,769,1223,780,2908,2912,2993,2139,1689,2213
24/12/2018 5:00,797,1216,848,2950,2957,3006,2153,1741,2158
24/12/2018 5:30,797,1119,967,2950,2957,3041,2153,1838,2074
24/12/2018 6:00,822,1162,1286,3251,3258,3190,2429,2096,1904
24/12/2018 6:30,822,908,1270,3251,3258,3322,2429,2350,2052
24/12/2018 7:00,837,982,1201,3682,3699,3533,2845,2717,2332
24/12/2018 7:30,837,976,1345,3682,3699,3796,2845,2723,2451
24/12/2018 8:00,866,1019,1475,4105,4158,3964,3239,3139,2489
24/12/2018 8:30,866,1311,1519,4105,4158,4149,3239,2847,2630
24/12/2018 9:00,899,1291,1522,4544,4599,4364,3645,3308,2842
24/12/2018 9:30,899,1208,1502,4544,4600,4546,3645,3392,3044
24/12/2018 10:00,910,1176,1469,4775,4837,4664,3865,3661,3195
24/12/2018 10:30,910,1158,1476,4775,4834,4735,3865,3676,3259
24/12/2018 11:00,901,1088,1466,4818,4857,4764,3917,3769,3298
24/12/2018 11:30,901,1304,1405,4818,4857,4779,3917,3553,3374
24/12/2018 12:00,854,1200,1326,4880,4891,4795,4026,3691,3469
24/12/2018 12:30,854,1277,1334,4880,4890,4826,4026,3613,3492
24/12/2018 13:00,809,1186,1319,4801,4812,4833,3992,3626,3514
24/12/2018 13:30,809,1165,1264,4801,4811,4795,3992,3646,3531
24/12/2018 14:00,783,1106,1240,4752,4763,4742,3969,3657,3502
24/12/2018 14:30,783,1128,1196,4752,4762,4727,3969,3634,3531
24/12/2018 15:00,777,1079,1199,4813,4830,4729,4036,3751,3530
24/12/2018 15:30,777,1056,1218,4813,4829,4773,4036,3773,3555
24/12/2018 16:00,819,1049,1267,5330,5332,4947,4511,4283,3680
24/12/2018 16:30,819,1157,1280,5330,5331,5211,4511,4174,3931
24/12/2018 17:00,870,1143,1206,5644,5602,5345,4774,4459,4139
24/12/2018 17:30,870,1157,1126,5644,5601,5333,4774,4444,4207
24/12/2018 18:00,911,1152,1076,5391,5337,5223,4480,4185,4147
24/12/2018 18:30,911,1163,1100,5391,5337,5091,4480,4174,3991
24/12/2018 19:00,941,1161,1084,5147,5080,4960,4206,3919,3876
24/12/2018 19:30,941,1234,1084,5147,5079,4827,4206,3845,3743
24/12/2018 20:00,953,1210,1131,4891,4840,4686,3938,3630,3555
24/12/2018 20:30,953,1193,1165,4891,4839,4551,3938,3646,3386
24/12/2018 21:00,968,1176,1140,4557,4514,4414,3589,3338,3274
24/12/2018 21:30,968,1081,1135,4557,4513,4285,3589,3432,3150
24/12/2018 22:00,988,1091,1160,4291,4268,4165,3303,3177,3005
24/12/2018 22:30,988,1076,1162,4291,4267,4049,3303,3191,2887
24/12/2018 23:00,1116,1115,1132,4062,4055,3984,2946,2940,2852
24/12/2018 23:30,1116,1144,1125,4062,4048,3869,2946,2904,2744
25/12/2018 0:00,1127,1188,1045,3789,3778,3687,2662,2590,2642
25/12/2018 0:30,1127,1211,1045,3789,3778,3459,2662,2567,2414
25/12/2018 1:00,1136,1248,1109,3427,3418,3286,2291,2170,2177
25/12/2018 1:30,1136,1250,1116,3427,3418,3138,2291,2168,2022
25/12/2018 2:00,1150,1291,1084,3128,3126,3010,1978,1835,1926
25/12/2018 2:30,1150,1261,1143,3128,3126,2914,1978,1865,1771
25/12/2018 3:00,1186,1301,1213,2996,2989,2870,1810,1688,1657
25/12/2018 3:30,1186,1249,1263,2996,2989,2821,1810,1740,1558
25/12/2018 4:00,1229,1289,1236,2925,2914,2794,1696,1625,1558
25/12/2018 4:30,1229,1271,1261,2925,2914,2776,1696,1643,1515
25/12/2018 5:00,1287,1332,1302,2915,2908,2777,1628,1576,1475
25/12/2018 5:30,1287,1285,1360,2915,2908,2806,1628,1623,1446
25/12/2018 6:00,1393,1383,1362,3033,3020,2881,1640,1637,1519
25/12/2018 6:30,1393,1392,1409,3033,3019,2980,1640,1627,1571
25/12/2018 7:00,1537,1539,1500,3335,3328,3144,1798,1789,1644
25/12/2018 7:30,1537,1550,1675,3335,3328,3392,1798,1778,1717
25/12/2018 8:00,1677,1671,1796,3827,3826,3572,2150,2155,1776
25/12/2018 8:30,1677,1640,1815,3827,3826,3800,2150,2186,1985
25/12/2018 9:00,1767,1732,1960,4472,4449,4073,2705,2717,2113
25/12/2018 9:30,1767,1715,2049,4472,4448,4302,2705,2733,2253
25/12/2018 10:00,1821,1810,2096,4829,4784,4508,3008,2974,2412
25/12/2018 10:30,1821,1829,2151,4829,4789,4569,3008,2960,2418
25/12/2018 11:00,1881,1897,2144,4928,4905,4631,3047,3008,2487
25/12/2018 11:30,1881,2018,2154,4928,4905,4697,3047,2887,2543
25/12/2018 12:00,1920,2004,2188,5043,4987,4748,3123,2983,2560
25/12/2018 12:30,1920,2115,2161,5043,4988,4821,3123,2873,2660
25/12/2018 13:00,1875,2023,2176,5045,5041,4885,3170,3018,2709
25/12/2018 13:30,1875,2073,2110,5045,5041,4889,3170,2968,2779
25/12/2018 14:00,1761,1952,2080,4838,4822,4802,3077,2870,2722
25/12/2018 14:30,1761,1893,1858,4838,4822,4654,3077,2929,2796
25/12/2018 15:00,1650,1770,1813,4507,4492,4477,2857,2722,2664
25/12/2018 15:30,1650,1822,1801,4507,4492,4316,2857,2670,2515
25/12/2018 16:00,1553,1757,1745,4366,4301,4233,2813,2544,2488
25/12/2018 16:30,1553,1817,1670,4366,4300,4255,2813,2483,2585
25/12/2018 17:00,1490,1776,1602,4279,4229,4179,2789,2453,2577
25/12/2018 17:30,1490,1813,1687,4279,4229,4123,2789,2416,2436
25/12/2018 18:00,1467,1776,1705,4128,4109,4031,2661,2333,2326
25/12/2018 18:30,1467,1644,1621,4128,4108,3941,2661,2464,2320
25/12/2018 19:00,1445,1630,1681,4031,3994,3886,2586,2364,2205
25/12/2018 19:30,1445,1674,1728,4031,3994,3852,2586,2320,2124
25/12/2018 20:00,1417,1656,1661,3992,3939,3804,2575,2283,2143
25/12/2018 20:30,1417,1493,1685,3992,3939,3770,2575,2446,2085
25/12/2018 21:00,1409,1496,1703,3894,3848,3731,2485,2352,2028
25/12/2018 21:30,1409,1659,1725,3894,3848,3664,2485,2189,1939
25/12/2018 22:00,1421,1663,1678,3785,3745,3596,2364,2082,1918
25/12/2018 22:30,1421,1660,1620,3785,3745,3532,2364,2085,1912
25/12/2018 23:00,1645,1656,1679,3743,3739,3554,2098,2083,1875
25/12/2018 23:30,1645,1660,1751,3743,3731,3509,2098,2071,1758
26/12/2018 0:00,1639,1638,1708,3439,3422,3391,1800,1784,1683
26/12/2018 0:30,1639,1689,1571,3439,3422,3234,1800,1733,1663
26/12/2018 1:00,1608,1646,1515,3146,3140,3116,1538,1494,1601
26/12/2018 1:30,1608,1666,1445,3146,3140,2996,1538,1474,1551
26/12/2018 2:00,1554,1609,1411,2945,2922,2889,1391,1313,1478
26/12/2018 2:30,1554,1578,1378,2945,2922,2794,1391,1344,1416
26/12/2018 3:00,1525,1555,1358,2825,2806,2745,1300,1251,1387
26/12/2018 3:30,1525,1618,1289,2825,2806,2704,1300,1188,1415
26/12/2018 4:00,1522,1605,1285,2757,2738,2686,1235,1133,1401
26/12/2018 4:30,1522,1473,1267,2757,2738,2676,1235,1265,1409
26/12/2018 5:00,1495,1472,1343,2785,2776,2686,1290,1304,1343
26/12/2018 5:30,1495,1406,1338,2785,2776,2709,1290,1370,1371
26/12/2018 6:00,1452,1405,1382,2903,2894,2786,1451,1489,1404
26/12/2018 6:30,1452,1380,1338,2903,2894,2854,1451,1514,1516
26/12/2018 7:00,1425,1333,1298,3065,3055,2914,1640,1722,1616
26/12/2018 7:30,1425,1261,1467,3065,3055,3005,1640,1794,1538
26/12/2018 8:00,1424,1251,1647,3221,3188,3070,1797,1937,1423
26/12/2018 8:30,1424,1341,1748,3221,3188,3119,1797,1847,1371
26/12/2018 9:00,1467,1393,1717,3561,3516,3255,2094,2123,1538
26/12/2018 9:30,1467,1375,1764,3561,3516,3456,2094,2141,1692
26/12/2018 10:00,1550,1441,1805,3999,3959,3676,2449,2518,1871
26/12/2018 10:30,1550,1375,1740,3999,3969,3851,2449,2594,2111
26/12/2018 11:00,1590,1439,1633,4364,4293,3968,2774,2854,2335
26/12/2018 11:30,1590,1679,1516,4364,4293,4054,2774,2614,2538
26/12/2018 12:00,1526,1632,1491,4581,4521,4177,3055,2889,2686
26/12/2018 12:30,1526,1758,1404,4581,4521,4287,3055,2763,2883
26/12/2018 13:00,1354,1581,1419,4588,4499,4319,3234,2918,2900
26/12/2018 13:30,1354,1603,1261,4588,4499,4295,3234,2896,3034
26/12/2018 14:00,1128,1371,1152,4450,4382,4252,3322,3011,3100
26/12/2018 14:30,1128,1151,1001,4450,4381,4217,3322,3230,3216
26/12/2018 15:00,949,940,870,4427,4333,4204,3478,3393,3334
26/12/2018 15:30,949,846,816,4427,4331,4233,3478,3485,3417
26/12/2018 16:00,861,729,760,4621,4574,4356,3760,3845,3596
26/12/2018 16:30,861,763,690,4621,4572,4569,3760,3809,3879
26/12/2018 17:00,830,714,678,4837,4794,4699,4007,4080,4021
26/12/2018 17:30,830,661,608,4837,4792,4716,4007,4131,4108
26/12/2018 18:00,795,646,541,4763,4686,4652,3968,4040,4111
26/12/2018 18:30,795,541,486,4763,4685,4574,3968,4144,4088
26/12/2018 19:00,751,544,448,4583,4526,4456,3832,3982,4008
26/12/2018 19:30,751,584,477,4583,4525,4365,3832,3941,3888
26/12/2018 20:00,700,605,479,4368,4344,4250,3668,3739,3771
26/12/2018 20:30,700,590,484,4368,4344,4151,3668,3754,3667
26/12/2018 21:00,637,604,525,4126,4091,4059,3489,3487,3534
26/12/2018 21:30,637,578,506,4126,4091,3948,3489,3513,3442
26/12/2018 22:00,586,590,485,3895,3850,3841,3309,3260,3356
26/12/2018 22:30,586,488,486,3895,3850,3714,3309,3362,3228
26/12/2018 23:00,646,469,473,3748,3741,3688,3102,3272,3215
26/12/2018 23:30,646,493,440,3748,3765,3605,3102,3272,3165
27/12/2018 0:00,586,433,451,3541,3561,3493,2955,3128,3042
27/12/2018 0:30,586,430,420,3541,3560,3357,2955,3130,2937
27/12/2018 1:00,510,362,337,3302,3324,3242,2792,2962,2905
27/12/2018 1:30,510,334,281,3302,3323,3148,2792,2989,2867
27/12/2018 2:00,425,264,213,3129,3154,3053,2704,2890,2840
27/12/2018 2:30,425,204,169,3129,3154,2979,2704,2950,2810
27/12/2018 3:00,363,186,143,3056,3068,2920,2693,2882,2777
27/12/2018 3:30,363,173,168,3056,3067,2881,2693,2894,2713
27/12/2018 4:00,328,177,164,2987,3000,2864,2659,2823,2700
27/12/2018 4:30,328,177,159,2987,3000,2849,2659,2823,2690
27/12/2018 5:00,300,195,143,3045,3055,2866,2745,2860,2723
27/12/2018 5:30,300,182,146,3045,3054,2895,2745,2872,2749
27/12/2018 6:00,275,197,146,3377,3376,2995,3102,3179,2849
27/12/2018 6:30,275,151,139,3377,3376,3112,3102,3225,2973
27/12/2018 7:00,258,159,137,3921,3908,3277,3663,3749,3140
27/12/2018 7:30,258,187,149,3921,3908,3434,3663,3721,3285
27/12/2018 8:00,244,197,142,4258,4249,3529,4014,4052,3387
27/12/2018 8:30,244,148,129,4258,4249,3641,4014,4101,3512
27/12/2018 9:00,235,179,135,4469,4447,3827,4234,4268,3692
27/12/2018 9:30,235,150,139,4469,4447,4009,4234,4297,3870
27/12/2018 10:00,241,173,177,4664,4625,4161,4423,4452,3984
27/12/2018 10:30,241,156,207,4664,4625,4300,4423,4469,4093
27/12/2018 11:00,255,172,234,4751,4768,4395,4496,4596,4161
27/12/2018 11:30,255,202,242,4751,4775,4465,4496,4573,4223
27/12/2018 12:00,278,215,244,4794,4791,4514,4516,4576,4270
27/12/2018 12:30,278,176,248,4794,4789,4551,4516,4613,4303
27/12/2018 13:00,296,187,242,4724,4741,4556,4428,4554,4314
27/12/2018 13:30,296,155,243,4724,4739,4522,4428,4584,4279
27/12/2018 14:00,307,173,244,4684,4700,4486,4377,4527,4242
27/12/2018 14:30,307,177,250,4684,4698,4464,4377,4521,4214
27/12/2018 15:00,330,198,245,4749,4767,4480,4419,4569,4235
27/12/2018 15:30,330,238,295,4749,4765,4538,4419,4527,4243
27/12/2018 16:00,376,281,322,5143,5147,4686,4767,4866,4364
27/12/2018 16:30,376,281,351,5143,5145,5004,4767,4864,4653
27/12/2018 17:00,449,355,386,5499,5486,5227,5050,5131,4841
27/12/2018 17:30,449,356,401,5499,5484,5295,5050,5128,4894
27/12/2018 18:00,521,441,455,5414,5383,5236,4893,4942,4781
27/12/2018 18:30,521,450,480,5414,5382,5141,4893,4932,4661
27/12/2018 19:00,598,534,540,5209,5162,5010,4611,4628,4470
27/12/2018 19:30,598,538,575,5209,5161,4880,4611,4623,4305
27/12/2018 20:00,688,619,598,4930,4889,4740,4242,4270,4142
27/12/2018 20:30,688,594,649,4930,4888,4600,4242,4294,3951
27/12/2018 21:00,771,689,678,4626,4593,4459,3855,3904,3781
27/12/2018 21:30,771,686,781,4626,4592,4291,3855,3906,3510
27/12/2018 22:00,878,828,894,4236,4203,4118,3358,3375,3224
27/12/2018 22:30,878,816,982,4236,4179,3956,3358,3363,2974
27/12/2018 23:00,1065,1009,1145,3911,3893,3889,2846,2884,2744
27/12/2018 23:30,1065,1023,1371,3911,3893,3791,2846,2870,2420
28/12/2018 0:00,1184,1199,1360,3590,3575,3620,2406,2376,2260
28/12/2018 0:30,1184,1209,1297,3590,3575,3431,2406,2366,2134
28/12/2018 1:00,1248,1301,1305,3348,3335,3325,2100,2034,2020
28/12/2018 1:30,1248,1367,1255,3348,3335,3210,2100,1968,1955
28/12/2018 2:00,1272,1376,1236,3174,3162,3083,1902,1786,1847
28/12/2018 2:30,1272,1385,1164,3174,3162,2989,1902,1777,1825
28/12/2018 3:00,1226,1346,1146,3113,3106,2925,1887,1760,1779
28/12/2018 3:30,1226,1491,1117,3113,3106,2875,1887,1615,1758
28/12/2018 4:00,1128,1392,1133,3057,3050,2874,1929,1658,1741
28/12/2018 4:30,1128,1270,1158,3057,3050,2880,1929,1780,1722
28/12/2018 5:00,1019,1132,1065,3134,3120,2897,2115,1988,1832
28/12/2018 5:30,1019,1061,858,3134,3120,2943,2115,2059,2085
28/12/2018 6:00,861,848,973,3474,3466,3100,2613,2618,2127
28/12/2018 6:30,861,759,984,3474,3466,3240,2613,2707,2256
28/12/2018 7:00,695,547,762,4021,4008,3407,3326,3461,2645
28/12/2018 7:30,695,587,738,4021,4008,3626,3326,3421,2888
28/12/2018 8:00,530,430,706,4370,4358,3738,3840,3928,3032
28/12/2018 8:30,530,487,661,4370,4358,3854,3840,3871,3193
28/12/2018 9:00,369,373,530,4588,4549,4041,4219,4176,3511
28/12/2018 9:30,369,295,422,4588,4548,4222,4219,4253,3800
28/12/2018 10:00,252,192,329,4730,4699,4394,4478,4507,4065
28/12/2018 10:30,252,255,272,4730,4699,4507,4478,4444,4235
28/12/2018 11:00,180,189,219,4830,4803,4573,4650,4614,4354
28/12/2018 11:30,180,301,202,4830,4803,4623,4650,4502,4421
28/12/2018 12:00,140,260,224,4857,4821,4661,4717,4561,4437
28/12/2018 12:30,140,254,268,4857,4821,4676,4717,4567,4408
28/12/2018 13:00,133,263,321,4790,4766,4662,4657,4503,4341
28/12/2018 13:30,133,157,387,4790,4773,4603,4657,4616,4216
28/12/2018 14:00,178,270,499,4722,4693,4568,4544,4423,4069
28/12/2018 14:30,178,319,608,4722,4693,4552,4544,4374,3944
28/12/2018 15:00,273,489,710,4754,4734,4565,4481,4245,3855
28/12/2018 15:30,273,485,826,4754,4735,4598,4481,4250,3772
28/12/2018 16:00,413,726,894,5116,5101,4750,4703,4375,3856
28/12/2018 16:30,413,837,1074,5116,5101,5068,4703,4264,3994
28/12/2018 17:00,600,1122,1168,5461,5457,5284,4861,4335,4116
28/12/2018 17:30,600,1212,1336,5461,5457,5339,4861,4245,4003
28/12/2018 18:00,798,1499,1468,5378,5388,5257,4580,3889,3789
28/12/2018 18:30,798,1562,1665,5378,5388,5141,4580,3826,3476
28/12/2018 19:00,998,1814,1834,5145,5151,5003,4147,3337,3169
28/12/2018 19:30,998,1844,2133,5145,5151,4856,4147,3307,2723
28/12/2018 20:00,1207,2102,2286,4828,4837,4712,3621,2735,2426
28/12/2018 20:30,1207,2178,2459,4828,4836,4575,3621,2658,2116
28/12/2018 21:00,1417,2398,2657,4553,4561,4450,3136,2163,1793
28/12/2018 21:30,1417,2376,2703,4553,4561,4303,3136,2185,1600
28/12/2018 22:00,1647,2544,2392,4236,4250,4110,2589,1706,1718
28/12/2018 22:30,1647,2608,1982,4236,4249,3900,2589,1641,1918
28/12/2018 23:00,2550,2727,1859,3997,4024,3812,1447,1297,1953
28/12/2018 23:30,2550,2896,2115,3997,4031,3701,1447,1135,1586
29/12/2018 0:00,2622,2916,2183,3642,3649,3564,1020,733,1381
29/12/2018 0:30,2622,3018,2180,3642,3648,3406,1020,630,1226
29/12/2018 1:00,2646,2932,2258,3350,3353,3286,704,421,1028
29/12/2018 1:30,2646,2793,2401,3350,3352,3182,704,559,781
29/12/2018 2:00,2601,2701,2316,3110,3124,3074,509,423,758
29/12/2018 2:30,2601,2000,2266,3110,3124,3000,509,1124,734
29/12/2018 3:00,2531,2020,2199,2990,2996,2949,459,976,750
29/12/2018 3:30,2531,2181,2167,2990,2995,2917,459,814,750
29/12/2018 4:00,2480,2194,2166,2894,2912,2893,414,718,727
29/12/2018 4:30,2480,2085,2075,2894,2912,2854,414,827,779
29/12/2018 5:00,2413,2072,2058,2877,2898,2853,464,826,795
29/12/2018 5:30,2413,2173,2040,2877,2898,2883,464,725,843
29/12/2018 6:00,2279,2059,1973,2985,3005,2966,706,946,993
29/12/2018 6:30,2279,2008,1909,2985,3005,3053,706,997,1144
29/12/2018 7:00,2043,1779,1678,3163,3183,3166,1120,1404,1488
29/12/2018 7:30,2043,1728,1680,3163,3183,3322,1120,1455,1642
29/12/2018 8:00,1717,1395,1828,3471,3459,3429,1754,2064,1601
29/12/2018 8:30,1717,1313,1719,3471,3459,3569,1754,2146,1850
29/12/2018 9:00,1337,974,1652,3872,3846,3771,2535,2872,2119
29/12/2018 9:30,1337,981,1293,3872,3846,3908,2535,2865,2615
29/12/2018 10:00,981,672,1106,4164,4146,4101,3183,3474,2995
29/12/2018 10:30,981,575,949,4164,4147,4232,3183,3572,3283
29/12/2018 11:00,727,361,848,4318,4313,4343,3591,3952,3495
29/12/2018 11:30,727,621,696,4318,4300,4412,3591,3679,3716
29/12/2018 12:00,574,466,613,4375,4348,4477,3801,3882,3864
29/12/2018 12:30,574,684,560,4375,4352,4510,3801,3668,3950
29/12/2018 13:00,494,580,504,4364,4337,4490,3870,3757,3986
29/12/2018 13:30,494,468,523,4364,4338,4449,3870,3870,3926
29/12/2018 14:00,477,433,543,4294,4259,4407,3817,3826,3864
29/12/2018 14:30,477,424,578,4294,4259,4376,3817,3835,3798
29/12/2018 15:00,501,420,621,4311,4279,4380,3810,3859,3759
29/12/2018 15:30,501,442,752,4311,4280,4432,3810,3838,3680
29/12/2018 16:00,564,488,811,4665,4639,4609,4101,4151,3798
29/12/2018 16:30,564,488,814,4665,4639,4924,4101,4151,4110
29/12/2018 17:00,651,596,854,5067,5081,5160,4416,4485,4306
29/12/2018 17:30,651,655,937,5067,5082,5212,4416,4427,4275
29/12/2018 18:00,752,774,982,5012,5004,5111,4260,4230,4129
29/12/2018 18:30,752,824,954,5012,5005,4998,4260,4181,4044
29/12/2018 19:00,869,937,960,4741,4728,4867,3872,3791,3907
29/12/2018 19:30,869,1125,1007,4741,4729,4748,3872,3604,3741
29/12/2018 20:00,990,1226,1036,4437,4422,4593,3447,3196,3557
29/12/2018 20:30,990,1250,1140,4437,4423,4467,3447,3173,3327
29/12/2018 21:00,1089,1353,1219,4210,4209,4318,3121,2856,3099
29/12/2018 21:30,1089,1325,1341,4210,4210,4166,3121,2885,2825
29/12/2018 22:00,1149,1412,1338,3935,3926,4019,2786,2514,2681
29/12/2018 22:30,1149,1334,1198,3935,3919,3878,2786,2585,2680
29/12/2018 23:00,1232,1395,1272,3769,3770,3814,2537,2375,2542
29/12/2018 23:30,1232,1419,1227,3769,3770,3713,2537,2351,2486
30/12/2018 0:00,1268,1436,1244,3452,3458,3570,2184,2022,2326
30/12/2018 0:30,1268,1475,1316,3452,3459,3431,2184,1984,2115
30/12/2018 1:00,1272,1458,1336,3178,3190,3321,1906,1732,1985
30/12/2018 1:30,1272,1459,1336,3178,3191,3191,1906,1732,1855
30/12/2018 2:00,1227,1375,1142,2942,2957,3075,1715,1582,1933
30/12/2018 2:30,1227,1214,1143,2942,2957,2998,1715,1743,1855
30/12/2018 3:00,1158,1114,1017,2796,2817,2926,1638,1703,1909
30/12/2018 3:30,1158,1049,878,2796,2817,2890,1638,1768,2012
30/12/2018 4:00,1110,978,850,2713,2730,2869,1603,1752,2019
30/12/2018 4:30,1110,1019,811,2713,2730,2858,1603,1711,2047
30/12/2018 5:00,1058,961,774,2679,2698,2870,1621,1737,2096
30/12/2018 5:30,1058,878,719,2679,2698,2866,1621,1820,2147
30/12/2018 6:00,980,856,765,2747,2763,2914,1767,1907,2149
30/12/2018 6:30,980,848,899,2747,2763,2972,1767,1915,2073
30/12/2018 7:00,901,842,759,2856,2874,3051,1955,2032,2292
30/12/2018 7:30,901,739,751,2856,2874,3159,1955,2135,2408
30/12/2018 8:00,861,755,829,3033,3054,3238,2172,2299,2409
30/12/2018 8:30,861,715,795,3033,3054,3297,2172,2339,2502
30/12/2018 9:00,871,726,727,3394,3420,3462,2523,2694,2735
30/12/2018 9:30,871,673,784,3394,3420,3649,2523,2747,2865
30/12/2018 10:00,926,704,879,3779,3833,3816,2853,3129,2937
30/12/2018 10:30,926,729,904,3779,3876,3965,2853,3147,3061
30/12/2018 11:00,1000,763,1020,3984,4084,4108,2984,3321,3088
30/12/2018 11:30,1000,805,1035,3984,4084,4209,2984,3279,3174
30/12/2018 12:00,1029,811,1026,4162,4299,4301,3133,3488,3275
30/12/2018 12:30,1029,760,1001,4162,4299,4380,3133,3539,3379
30/12/2018 13:00,993,745,1033,4214,4327,4425,3221,3582,3392
30/12/2018 13:30,993,850,1045,4214,4328,4377,3221,3478,3332
30/12/2018 14:00,946,849,1050,4099,4225,4298,3153,3376,3248
30/12/2018 14:30,946,849,1023,4099,4225,4253,3153,3376,3230
30/12/2018 15:00,917,805,1089,4073,4202,4260,3156,3397,3171
30/12/2018 15:30,917,817,1096,4073,4203,4291,3156,3386,3195
30/12/2018 16:00,906,815,1020,4338,4487,4415,3432,3672,3395
30/12/2018 16:30,906,815,995,4338,4488,4700,3432,3673,3705
30/12/2018 17:00,947,871,923,4669,4762,4907,3722,3891,3984
30/12/2018 17:30,947,984,943,4669,4762,5027,3722,3778,4084
30/12/2018 18:00,1015,1054,896,4615,4701,4976,3600,3647,4080
30/12/2018 18:30,1015,1118,979,4615,4701,4889,3600,3583,3910
30/12/2018 19:00,1070,1170,1064,4423,4506,4794,3353,3336,3730
30/12/2018 19:30,1070,1194,1159,4423,4506,4676,3353,3312,3517
30/12/2018 20:00,1137,1242,1137,4210,4296,4543,3073,3054,3406
30/12/2018 20:30,1137,1123,1148,4210,4297,4416,3073,3174,3268
30/12/2018 21:00,1219,1197,1142,4001,4060,4287,2782,2863,3145
30/12/2018 21:30,1219,1174,1186,4001,4061,4160,2782,2887,2974
30/12/2018 22:00,1284,1242,1159,3723,3782,4020,2439,2540,2861
30/12/2018 22:30,1284,1270,1145,3723,3782,3885,2439,2512,2740
30/12/2018 23:00,1306,1342,1265,3555,3558,3806,2249,2216,2541
30/12/2018 23:30,1306,1350,1235,3555,3592,3706,2249,2242,2471
31/12/2018 0:00,1345,1403,1235,3354,3388,3548,2009,1985,2313
31/12/2018 0:30,1345,1388,1298,3354,3388,3393,2009,2000,2095
31/12/2018 1:00,1371,1406,1436,3078,3122,3265,1707,1716,1829
31/12/2018 1:30,1371,1362,1470,3078,3122,3164,1707,1760,1694
31/12/2018 2:00,1376,1371,1319,2872,2918,3066,1496,1547,1747
31/12/2018 2:30,1376,1307,1059,2872,2919,2988,1496,1612,1929
31/12/2018 3:00,1367,1304,1057,2765,2806,2947,1398,1502,1890
31/12/2018 3:30,1367,1376,1077,2765,2806,2902,1398,1430,1825
31/12/2018 4:00,1352,1349,1074,2778,2812,2890,1426,1463,1816
31/12/2018 4:30,1352,1349,1094,2778,2812,2875,1426,1463,1781
31/12/2018 5:00,1332,1313,1135,2878,2910,2901,1546,1597,1766
31/12/2018 5:30,1332,1291,1150,2878,2910,2937,1546,1619,1787
31/12/2018 6:00,1303,1255,1331,3141,3172,3084,1838,1917,1753
31/12/2018 6:30,1303,1043,1305,3141,3172,3206,1838,2129,1901
31/12/2018 7:00,1276,1037,1377,3551,3583,3395,2275,2546,2018
31/12/2018 7:30,1276,1059,1380,3551,3584,3582,2275,2525,2202
31/12/2018 8:00,1267,1063,1334,3807,3859,3692,2540,2796,2358
31/12/2018 8:30,1267,1196,1373,3807,3860,3786,2540,2664,2413
31/12/2018 9:00,1300,1229,1353,4096,4137,3953,2796,2908,2600
31/12/2018 9:30,1300,1218,1345,4096,4137,4126,2796,2919,2781
31/12/2018 10:00,1376,1307,1375,4352,4369,4288,2976,3062,2913
31/12/2018 10:30,1376,1356,1445,4352,4369,4393,2976,3013,2948
31/12/2018 11:00,1445,1419,1326,4575,4643,4462,3130,3224,3136
31/12/2018 11:30,1445,1486,1380,4575,4632,4500,3130,3146,3120
31/12/2018 12:00,1456,1502,1428,4714,4736,4575,3258,3234,3147
31/12/2018 12:30,1456,1549,1414,4714,4736,4584,3258,3187,3170
31/12/2018 13:00,1388,1503,1499,4670,4706,4588,3282,3203,3089
31/12/2018 13:30,1388,1491,1478,4670,4706,4549,3282,3215,3071
31/12/2018 14:00,1276,1394,1483,4591,4610,4511,3315,3216,3028
31/12/2018 14:30,1276,1354,1493,4591,4609,4536,3315,3255,3043
31/12/2018 15:00,1175,1243,1433,4653,4667,4551,3478,3424,3118
31/12/2018 15:30,1175,1244,1397,4653,4666,4587,3478,3422,3190
31/12/2018 16:00,1112,1159,1379,5115,5135,4741,4003,3976,3362
31/12/2018 16:30,1112,1159,1384,5115,5135,5078,4003,3976,3694
31/12/2018 17:00,1081,1124,1367,5445,5518,5335,4364,4394,3968
31/12/2018 17:30,1081,1176,1370,5445,5518,5408,4364,4342,4038
31/12/2018 18:00,1053,1155,1350,5310,5409,5321,4257,4254,3971
31/12/2018 18:30,1053,1256,1274,5310,5409,5150,4257,4153,3876
31/12/2018 19:00,1027,1225,1211,4979,5085,4956,3952,3860,3745
31/12/2018 19:30,1027,1238,1164,4979,5085,4755,3952,3847,3591
31/12/2018 20:00,1001,1202,1067,4593,4669,4563,3592,3467,3496
31/12/2018 20:30,1001,1269,1065,4593,4668,4387,3592,3399,3322
31/12/2018 21:00,955,1205,1006,4163,4214,4229,3208,3009,3223
31/12/2018 21:30,955,1201,1018,4163,4213,4070,3208,3012,3052
31/12/2018 22:00,895,1120,963,3904,3958,3923,3009,2838,2960
31/12/2018 22:30,895,1063,944,3904,3957,3826,3009,2894,2882
31/12/2018 23:00,989,996,959,3894,3890,3834,2905,2894,2875
31/12/2018 23:30,989,911,955,3894,3899,3801,2905,2988,2846
1/1/2019 0:00,902,838,925,3812,3812,3683,2910,2974,2758
1/1/2019 0:30,902,827,905,3812,3812,3586,2910,2985,2681
1/1/2019 1:00,765,710,906,3619,3615,3501,2854,2905,2595
1/1/2019 1:30,765,723,878,3619,3615,3368,2854,2892,2490
1/1/2019 2:00,609,576,703,3372,3371,3222,2763,2795,2519
1/1/2019 2:30,609,600,670,3372,3370,3124,2763,2770,2454
1/1/2019 3:00,472,476,633,3198,3211,3053,2726,2735,2420
1/1/2019 3:30,472,519,527,3198,3211,2992,2726,2692,2465
1/1/2019 4:00,371,433,506,3079,3093,2948,2708,2660,2442
1/1/2019 4:30,371,433,458,3079,3092,2904,2708,2659,2446
1/1/2019 5:00,308,368,454,3013,3033,2899,2705,2665,2445
1/1/2019 5:30,308,369,457,3013,3033,2906,2705,2664,2449
1/1/2019 6:00,272,315,431,3036,3052,2960,2764,2737,2529
1/1/2019 6:30,272,367,393,3036,3052,3009,2764,2685,2616
1/1/2019 7:00,244,321,359,3070,3070,3074,2826,2749,2715
1/1/2019 7:30,244,299,287,3070,3070,3120,2826,2771,2833
1/1/2019 8:00,215,258,256,3138,3108,3145,2923,2850,2889
1/1/2019 8:30,215,209,210,3138,3107,3162,2923,2898,2952
1/1/2019 9:00,182,159,175,3375,3335,3268,3193,3176,3093
1/1/2019 9:30,182,180,162,3375,3335,3425,3193,3155,3263
1/1/2019 10:00,149,138,148,3772,3775,3600,3623,3637,3452
1/1/2019 10:30,149,126,137,3772,3775,3780,3623,3649,3643
1/1/2019 11:00,118,99,121,4167,4094,3950,4049,3995,3829
1/1/2019 11:30,118,106,123,4167,4085,4100,4049,3979,3977
1/1/2019 12:00,99,90,121,4493,4411,4259,4394,4321,4138
1/1/2019 12:30,99,73,113,4493,4411,4366,4394,4338,4253
1/1/2019 13:00,90,64,119,4601,4527,4432,4511,4463,4313
1/1/2019 13:30,90,54,106,4601,4528,4413,4511,4474,4307
1/1/2019 14:00,86,51,104,4505,4481,4370,4419,4430,4266
1/1/2019 14:30,86,81,98,4505,4481,4339,4419,4400,4241
1/1/2019 15:00,90,86,92,4519,4495,4334,4429,4409,4242
1/1/2019 15:30,90,113,0,4519,4495,4338,4429,4382,4338
1/1/2019 16:00,106,118,0,4862,4766,4435,4756,4648,4435
1/1/2019 16:30,106,113,49,4862,4766,4700,4756,4653,4651
1/1/2019 17:00,125,130,119,5148,5025,4956,5023,4895,4837
1/1/2019 17:30,125,122,145,5148,5025,5034,5023,4903,4889
1/1/2019 18:00,145,148,157,5029,4872,4964,4884,4724,4807
1/1/2019 18:30,145,126,151,5029,4872,4845,4884,4746,4694
1/1/2019 19:00,161,155,146,4794,4600,4748,4633,4445,4602
1/1/2019 19:30,161,144,148,4794,4601,4633,4633,4457,4485
1/1/2019 20:00,187,167,140,4553,4404,4536,4366,4237,4396
1/1/2019 20:30,187,209,145,4553,4404,4418,4366,4195,4273
1/1/2019 21:00,214,222,144,4310,4243,4335,4096,4021,4191
1/1/2019 21:30,214,199,122,4310,4243,4203,4096,4044,4081
1/1/2019 22:00,224,200,105,4079,4020,4057,3855,3820,3952
1/1/2019 22:30,224,184,97,4079,4021,3908,3855,3837,3811
1/1/2019 23:00,217,180,96,3874,3874,3826,3657,3694,3730
1/1/2019 23:30,217,176,86,3874,3881,3703,3657,3705,3617
2/1/2019 0:00,212,173,66,3739,3730,3552,3527,3557,3486
2/1/2019 0:30,212,154,62,3739,3731,3410,3527,3577,3348
2/1/2019 1:00,219,164,79,3497,3489,3300,3278,3325,3221
2/1/2019 1:30,219,88,88,3497,3489,3192,3278,3401,3104
2/1/2019 2:00,236,108,118,3327,3323,3113,3091,3215,2995
2/1/2019 2:30,236,93,127,3327,3323,3050,3091,3230,2923
2/1/2019 3:00,258,111,132,3251,3238,3008,2993,3127,2876
2/1/2019 3:30,258,105,136,3251,3238,2982,2993,3133,2846
2/1/2019 4:00,275,140,142,3238,3224,2986,2963,3084,2844
2/1/2019 4:30,275,125,151,3238,3223,2973,2963,3098,2822
2/1/2019 5:00,294,170,144,3319,3306,3012,3025,3136,2868
2/1/2019 5:30,294,196,168,3319,3305,3069,3025,3109,2901
2/1/2019 6:00,326,231,177,3713,3700,3258,3387,3469,3081
2/1/2019 6:30,326,226,184,3713,3700,3472,3387,3474,3288
2/1/2019 7:00,359,264,203,4365,4358,3776,4006,4094,3573
2/1/2019 7:30,359,234,223,4365,4358,4096,4006,4124,3873
2/1/2019 8:00,386,287,218,4731,4737,4280,4345,4450,4062
2/1/2019 8:30,386,242,228,4731,4736,4433,4345,4494,4205
2/1/2019 9:00,401,274,222,4982,4958,4625,4581,4684,4403
2/1/2019 9:30,401,261,217,4982,4957,4782,4581,4696,4565
2/1/2019 10:00,392,279,232,5179,5086,4907,4787,4807,4675
2/1/2019 10:30,392,261,263,5179,5086,5015,4787,4825,4752
2/1/2019 11:00,384,275,277,5220,5171,5084,4836,4896,4807
2/1/2019 11:30,384,281,291,5220,5171,5127,4836,4890,4836
2/1/2019 12:00,378,278,281,5235,5196,5188,4857,4918,4907
2/1/2019 12:30,378,251,285,5235,5195,5219,4857,4944,4934
2/1/2019 13:00,359,234,281,5207,5142,5214,4848,4908,4933
2/1/2019 13:30,359,193,265,5207,5141,5155,4848,4948,4890
2/1/2019 14:00,346,194,260,5200,5090,5140,4854,4896,4880
2/1/2019 14:30,346,201,285,5200,5089,5132,4854,4888,4847
2/1/2019 15:00,362,214,270,5339,5212,5129,4977,4998,4859
2/1/2019 15:30,362,280,270,5339,5212,5190,4977,4932,4920
2/1/2019 16:00,400,307,290,5800,5680,5314,5400,5373,5024
2/1/2019 16:30,400,307,325,5800,5680,5646,5400,5373,5321
2/1/2019 17:00,454,350,352,6215,6114,5944,5761,5764,5592
2/1/2019 17:30,454,337,369,6215,6114,6036,5761,5777,5667
2/1/2019 18:00,515,378,386,6052,5960,5958,5537,5582,5572
2/1/2019 18:30,515,375,401,6052,5960,5812,5537,5585,5411
2/1/2019 19:00,556,413,389,5762,5695,5653,5206,5282,5264
2/1/2019 19:30,556,404,377,5762,5695,5480,5206,5291,5103
2/1/2019 20:00,567,418,391,5424,5363,5318,4857,4945,4927
2/1/2019 20:30,567,377,371,5424,5363,5153,4857,4986,4782
2/1/2019 21:00,563,379,369,5080,5019,5009,4517,4640,4640
2/1/2019 21:30,563,379,373,5080,5018,4778,4517,4639,4405
2/1/2019 22:00,561,398,397,4601,4520,4580,4040,4122,4183
2/1/2019 22:30,561,380,423,4601,4520,4368,4040,4140,3945
2/1/2019 23:00,508,414,445,4191,4182,4234,3683,3768,3789
2/1/2019 23:30,508,430,434,4191,4179,4074,3683,3749,3640
3/1/2019 0:00,529,454,421,3823,3814,3877,3294,3360,3456
3/1/2019 0:30,529,447,417,3823,3814,3714,3294,3367,3297
3/1/2019 1:00,520,455,411,3576,3569,3584,3056,3114,3173
3/1/2019 1:30,520,477,419,3576,3569,3479,3056,3092,3060
3/1/2019 2:00,498,475,408,3403,3402,3394,2905,2927,2986
3/1/2019 2:30,498,426,397,3403,3402,3326,2905,2976,2929
3/1/2019 3:00,496,419,370,3286,3275,3269,2790,2856,2899
3/1/2019 3:30,496,420,356,3286,3275,3252,2790,2855,2896
3/1/2019 4:00,519,417,377,3276,3260,3259,2757,2843,2882
3/1/2019 4:30,519,417,379,3276,3260,3245,2757,2843,2866
3/1/2019 5:00,550,443,374,3351,3336,3280,2801,2893,2906
3/1/2019 5:30,550,417,399,3351,3336,3347,2801,2919,2948
3/1/2019 6:00,572,468,424,3747,3726,3537,3175,3258,3113
3/1/2019 6:30,572,438,434,3747,3726,3755,3175,3288,3321
3/1/2019 7:00,600,505,450,4377,4328,4047,3777,3823,3597
3/1/2019 7:30,600,505,424,4377,4329,4387,3777,3824,3963
3/1/2019 8:00,628,580,402,4796,4693,4567,4168,4113,4165
3/1/2019 8:30,628,510,372,4796,4693,4731,4168,4183,4359
3/1/2019 9:00,634,558,384,5030,4931,4896,4396,4373,4512
3/1/2019 9:30,634,550,400,5030,4932,5044,4396,4382,4644
3/1/2019 10:00,634,594,413,5229,5153,5116,4595,4559,4703
3/1/2019 10:30,634,574,456,5229,5153,5174,4595,4579,4718
3/1/2019 11:00,625,613,460,5309,5268,5235,4684,4655,4775
3/1/2019 11:30,625,557,485,5309,5279,5264,4684,4722,4779
3/1/2019 12:00,599,558,541,5259,5217,5306,4660,4659,4765
3/1/2019 12:30,599,491,591,5259,5218,5349,4660,4727,4758
3/1/2019 13:00,584,461,596,5197,5141,5345,4613,4680,4749
3/1/2019 13:30,584,406,611,5197,5142,5280,4613,4736,4669
3/1/2019 14:00,587,380,596,5196,5164,5261,4609,4784,4665
3/1/2019 14:30,587,379,615,5196,5165,5264,4609,4786,4649
3/1/2019 15:00,608,391,643,5281,5213,5266,4673,4822,4623
3/1/2019 15:30,608,444,671,5281,5213,5312,4673,4769,4641
3/1/2019 16:00,648,514,708,5674,5623,5452,5026,5109,4744
3/1/2019 16:30,648,577,735,5674,5624,5762,5026,5047,5027
3/1/2019 17:00,689,664,673,6116,6034,6037,5427,5370,5364
3/1/2019 17:30,689,699,652,6116,6035,6115,5427,5336,5463
3/1/2019 18:00,731,776,670,5976,5879,6016,5245,5103,5346
3/1/2019 18:30,731,840,675,5976,5879,5882,5245,5039,5207
3/1/2019 19:00,759,885,687,5695,5583,5731,4936,4698,5044
3/1/2019 19:30,759,873,689,5695,5732,5572,4936,4859,4883
3/1/2019 20:00,782,888,675,5351,5396,5396,4569,4508,4721
3/1/2019 20:30,782,690,683,5351,5397,5217,4569,4707,4534
3/1/2019 21:00,802,700,700,4980,5052,5059,4178,4352,4359
3/1/2019 21:30,802,675,771,4980,5052,4834,4178,4377,4063
3/1/2019 22:00,810,705,853,4502,4570,4632,3692,3865,3779
3/1/2019 22:30,810,683,908,4502,4570,4428,3692,3887,3520
3/1/2019 23:00,894,722,985,4173,4303,4300,3279,3581,3315
3/1/2019 23:30,894,713,1005,4173,4152,4149,3279,3439,3144
4/1/2019 0:00,861,745,1027,3808,3772,3940,2947,3027,2913
4/1/2019 0:30,861,764,1045,3808,3773,3771,2947,3009,2726
4/1/2019 1:00,796,755,1035,3562,3498,3631,2766,2743,2596
4/1/2019 1:30,796,881,1028,3562,3498,3524,2766,2617,2496
4/1/2019 2:00,718,821,930,3387,3292,3443,2669,2471,2513
4/1/2019 2:30,718,924,831,3387,3292,3377,2669,2368,2546
4/1/2019 3:00,655,848,794,3298,3223,3330,2643,2375,2536
4/1/2019 3:30,655,868,796,3298,3223,3309,2643,2355,2513
4/1/2019 4:00,624,778,757,3295,3210,3316,2671,2432,2559
4/1/2019 4:30,624,778,698,3295,3210,3280,2671,2432,2582
4/1/2019 5:00,617,692,650,3374,3272,3323,2757,2580,2673
4/1/2019 5:30,617,690,672,3374,3272,3382,2757,2582,2710
4/1/2019 6:00,637,650,638,3748,3619,3574,3111,2969,2936
4/1/2019 6:30,637,575,614,3748,3619,3790,3111,3044,3176
4/1/2019 7:00,668,615,625,4352,4188,4099,3684,3573,3474
4/1/2019 7:30,668,647,628,4352,4188,4445,3684,3541,3817
4/1/2019 8:00,697,703,620,4705,4529,4632,4008,3826,4012
4/1/2019 8:30,697,734,624,4705,4529,4777,4008,3795,4153
4/1/2019 9:00,741,758,660,4897,4800,4938,4156,4042,4278
4/1/2019 9:30,741,735,667,4897,4800,5077,4156,4065,4410
4/1/2019 10:00,801,730,688,5069,5037,5154,4268,4307,4466
4/1/2019 10:30,801,695,701,5069,5037,5210,4268,4342,4509
4/1/2019 11:00,863,685,716,5155,5148,5266,4292,4463,4550
4/1/2019 11:30,863,661,773,5155,5140,5303,4292,4479,4530
4/1/2019 12:00,884,662,827,5120,5212,5335,4236,4550,4508
4/1/2019 12:30,884,662,861,5120,5212,5366,4236,4550,4505
4/1/2019 13:00,835,653,834,5031,5092,5360,4196,4439,4526
4/1/2019 13:30,835,648,822,5031,5093,5269,4196,4445,4447
4/1/2019 14:00,773,612,795,4955,5014,5233,4182,4402,4438
4/1/2019 14:30,773,582,782,4955,5014,5223,4182,4432,4441
4/1/2019 15:00,742,562,744,4981,5015,5225,4239,4453,4481
4/1/2019 15:30,742,649,717,4981,5016,5266,4239,4367,4549
4/1/2019 16:00,756,660,723,5350,5367,5381,4594,4707,4658
4/1/2019 16:30,756,625,730,5350,5368,5657,4594,4743,4927
4/1/2019 17:00,807,680,784,5763,5788,5901,4956,5108,5117
4/1/2019 17:30,807,707,849,5763,5789,5977,4956,5082,5128
4/1/2019 18:00,875,783,926,5658,5673,5911,4783,4890,4985
4/1/2019 18:30,875,848,907,5658,5674,5761,4783,4826,4854
4/1/2019 19:00,944,920,930,5398,5412,5609,4454,4492,4679
4/1/2019 19:30,944,893,976,5398,5413,5450,4454,4520,4474
4/1/2019 20:00,1021,961,1013,5063,5083,5283,4042,4122,4270
4/1/2019 20:30,1021,1096,1121,5063,5083,5132,4042,3987,4011
4/1/2019 21:00,1084,1132,1195,4719,4720,4965,3635,3588,3770
4/1/2019 21:30,1084,1104,1231,4719,4720,4766,3635,3616,3535
4/1/2019 22:00,1134,1116,1244,4321,4367,4550,3187,3251,3306
4/1/2019 22:30,1134,1085,1250,4321,4368,4375,3187,3283,3125
4/1/2019 23:00,1044,1085,1272,4163,4166,4278,3119,3081,3006
4/1/2019 23:30,1044,1113,1229,4163,4187,4154,3119,3074,2925
5/1/2019 0:00,1076,1098,1186,3785,3808,3972,2709,2710,2786
5/1/2019 0:30,1076,1187,1147,3785,3808,3794,2709,2621,2647
5/1/2019 1:00,1116,1167,1136,3518,3539,3661,2402,2372,2525
5/1/2019 1:30,1116,1170,1216,3518,3539,3551,2402,2369,2335
5/1/2019 2:00,1155,1152,1252,3305,3319,3456,2150,2167,2204
5/1/2019 2:30,1155,1117,1290,3305,3319,3376,2150,2202,2086
5/1/2019 3:00,1175,1072,1342,3214,3236,3306,2039,2164,1964
5/1/2019 3:30,1175,1088,1338,3214,3236,3248,2039,2148,1910
5/1/2019 4:00,1166,1030,1214,3141,3151,3234,1975,2121,2020
5/1/2019 4:30,1166,968,1165,3141,3151,3219,1975,2183,2054
5/1/2019 5:00,1141,906,1195,3140,3146,3218,1999,2240,2023
5/1/2019 5:30,1141,1008,1148,3140,3146,3235,1999,2138,2087
5/1/2019 6:00,1120,945,1098,3279,3307,3307,2159,2362,2209
5/1/2019 6:30,1120,1073,1053,3279,3307,3406,2159,2234,2353
5/1/2019 7:00,1094,1019,1029,3484,3501,3544,2390,2482,2515
5/1/2019 7:30,1094,1081,935,3484,3501,3722,2390,2420,2787
5/1/2019 8:00,1071,1035,879,3763,3832,3831,2692,2797,2952
5/1/2019 8:30,1071,1021,825,3763,3832,3960,2692,2811,3135
5/1/2019 9:00,1070,998,777,4168,4208,4158,3098,3210,3381
5/1/2019 9:30,1070,969,773,4168,4208,4351,3098,3239,3578
5/1/2019 10:00,1079,961,792,4503,4545,4507,3424,3584,3715
5/1/2019 10:30,1079,974,789,4503,4545,4618,3424,3571,3829
5/1/2019 11:00,1086,973,843,4663,4691,4720,3577,3718,3877
5/1/2019 11:30,1086,906,812,4663,4691,4778,3577,3785,3966
5/1/2019 12:00,1048,894,782,4740,4787,4825,3692,3893,4043
5/1/2019 12:30,1048,843,702,4740,4788,4833,3692,3945,4131
5/1/2019 13:00,963,828,670,4667,4725,4820,3704,3897,4150
5/1/2019 13:30,963,778,675,4667,4725,4777,3704,3947,4102
5/1/2019 14:00,922,759,681,4576,4621,4740,3654,3862,4059
5/1/2019 14:30,922,753,628,4576,4622,4726,3654,3869,4098
5/1/2019 15:00,952,731,597,4597,4647,4741,3645,3916,4144
5/1/2019 15:30,952,734,597,4597,4647,4776,3645,3913,4179
5/1/2019 16:00,1013,730,646,4946,4978,4917,3933,4248,4271
5/1/2019 16:30,1013,638,699,4946,4978,5202,3933,4340,4503
5/1/2019 17:00,1084,688,729,5451,5442,5482,4367,4754,4753
5/1/2019 17:30,1084,714,698,5451,5442,5581,4367,4728,4883
5/1/2019 18:00,1087,782,720,5397,5378,5515,4310,4596,4795
5/1/2019 18:30,1087,690,736,5397,5379,5374,4310,4689,4638
5/1/2019 19:00,1010,774,759,5115,5083,5214,4105,4309,4455
5/1/2019 19:30,1010,824,771,5115,5083,5051,4105,4259,4280
5/1/2019 20:00,902,874,744,4785,4777,4904,3883,3903,4160
5/1/2019 20:30,902,824,697,4785,4777,4755,3883,3953,4058
5/1/2019 21:00,769,818,702,4498,4486,4602,3729,3668,3900
5/1/2019 21:30,769,793,723,4498,4486,4460,3729,3693,3737
5/1/2019 22:00,646,775,742,4243,4192,4295,3597,3417,3553
5/1/2019 22:30,646,740,813,4243,4193,4147,3597,3453,3334
5/1/2019 23:00,891,714,833,4069,4069,4087,3178,3355,3254
5/1/2019 23:30,891,697,840,4069,4075,4010,3178,3378,3170
6/1/2019 0:00,789,675,804,3761,3772,3850,2972,3097,3046
6/1/2019 0:30,789,627,745,3761,3772,3697,2972,3145,2952
6/1/2019 1:00,687,610,736,3489,3513,3578,2802,2903,2842
6/1/2019 1:30,687,630,727,3489,3513,3452,2802,2883,2725
6/1/2019 2:00,585,594,698,3304,3324,3337,2719,2730,2639
6/1/2019 2:30,585,727,704,3304,3324,3243,2719,2597,2539
6/1/2019 3:00,495,661,675,3156,3183,3173,2661,2522,2498
6/1/2019 3:30,495,661,653,3156,3183,3147,2661,2522,2494
6/1/2019 4:00,435,586,631,3103,3133,3119,2668,2547,2488
6/1/2019 4:30,435,534,620,3103,3133,3087,2668,2599,2467
6/1/2019 5:00,394,475,584,3064,3088,3086,2670,2613,2502
6/1/2019 5:30,394,490,501,3064,3087,3097,2670,2597,2596
6/1/2019 6:00,358,454,446,3132,3155,3162,2774,2701,2716
6/1/2019 6:30,358,463,426,3132,3155,3205,2774,2692,2779
6/1/2019 7:00,340,456,415,3279,3328,3283,2939,2872,2868
6/1/2019 7:30,340,457,377,3279,3328,3379,2939,2871,3002
6/1/2019 8:00,334,486,365,3474,3489,3437,3140,3003,3072
6/1/2019 8:30,334,467,404,3474,3489,3512,3140,3022,3108
6/1/2019 9:00,328,472,464,3829,3858,3651,3501,3386,3187
6/1/2019 9:30,328,441,548,3829,3858,3850,3501,3417,3302
6/1/2019 10:00,339,439,564,4246,4227,4051,3907,3788,3487
6/1/2019 10:30,339,411,608,4246,4227,4214,3907,3816,3606
6/1/2019 11:00,360,413,603,4430,4430,4347,4070,4017,3744
6/1/2019 11:30,360,375,624,4430,4409,4443,4070,4034,3819
6/1/2019 12:00,368,404,675,4681,4646,4595,4313,4242,3920
6/1/2019 12:30,368,453,741,4681,4646,4688,4313,4193,3947
6/1/2019 13:00,364,474,815,4647,4602,4730,4283,4128,3915
6/1/2019 13:30,364,533,823,4647,4602,4685,4283,4069,3862
6/1/2019 14:00,364,566,860,4499,4494,4603,4135,3928,3743
6/1/2019 14:30,364,623,851,4499,4494,4552,4135,3871,3701
6/1/2019 15:00,389,669,861,4462,4470,4538,4073,3801,3677
6/1/2019 15:30,389,699,849,4462,4470,4572,4073,3771,3723
6/1/2019 16:00,459,774,912,4769,4791,4698,4310,4017,3786
6/1/2019 16:30,459,932,984,4769,4791,4989,4310,3859,4005
6/1/2019 17:00,564,1015,1041,5125,5131,5268,4561,4116,4227
6/1/2019 17:30,564,1050,1088,5125,5131,5383,4561,4081,4295
6/1/2019 18:00,675,1141,1140,5051,5041,5348,4376,3900,4208
6/1/2019 18:30,675,1122,1183,5051,5041,5234,4376,3919,4051
6/1/2019 19:00,778,1233,1250,4806,4792,5101,4028,3559,3851
6/1/2019 19:30,778,1185,1323,4806,4792,4984,4028,3607,3661
6/1/2019 20:00,880,1330,1369,4601,4582,4868,3721,3252,3499
6/1/2019 20:30,880,1405,1429,4601,4583,4733,3721,3178,3304
6/1/2019 21:00,985,1501,1478,4356,4350,4562,3371,2849,3084
6/1/2019 21:30,985,1481,1535,4356,4350,4364,3371,2869,2829
6/1/2019 22:00,1098,1561,1491,4064,4037,4159,2966,2476,2668
6/1/2019 22:30,1098,1545,1473,4064,4037,3974,2966,2492,2501
6/1/2019 23:00,1575,1619,1444,3850,3848,3873,2275,2229,2429
6/1/2019 23:30,1575,1647,1495,3850,3850,3735,2275,2203,2240
7/1/2019 0:00,1689,1751,1557,3399,3393,3566,1710,1642,2009
7/1/2019 0:30,1689,1773,1611,3399,3394,3439,1710,1621,1828
7/1/2019 1:00,1804,1896,1648,3175,3177,3311,1371,1281,1663
7/1/2019 1:30,1804,1832,1820,3175,3177,3251,1371,1345,1431
7/1/2019 2:00,1940,1954,2054,3024,3031,3193,1084,1077,1139
7/1/2019 2:30,1940,1869,1964,3024,3032,3131,1084,1163,1167
7/1/2019 3:00,2074,1998,1983,2979,2980,3079,905,982,1096
7/1/2019 3:30,2074,2008,2087,2979,2980,3066,905,972,979
7/1/2019 4:00,2203,2151,2161,2963,2971,3089,760,820,928
7/1/2019 4:30,2203,2096,2278,2963,2971,3096,760,875,818
7/1/2019 5:00,2370,2264,2372,3042,3053,3131,672,789,759
7/1/2019 5:30,2370,2433,2537,3042,3054,3215,672,621,678
7/1/2019 6:00,2535,2547,2741,3418,3429,3470,883,882,729
7/1/2019 6:30,2535,2456,2813,3418,3429,3762,883,973,949
7/1/2019 7:00,2630,2557,2944,4090,4096,4236,1460,1539,1292
7/1/2019 7:30,2630,2628,3270,4090,4096,4771,1460,1468,1501
7/1/2019 8:00,2676,2690,3378,4495,4463,4964,1819,1773,1586
7/1/2019 8:30,2676,2839,3332,4495,4463,5006,1819,1624,1674
7/1/2019 9:00,2697,2802,3283,4680,4614,5044,1983,1812,1761
7/1/2019 9:30,2697,2817,3218,4680,4615,5094,1983,1798,1876
7/1/2019 10:00,2690,2746,3128,4874,4813,5086,2184,2067,1958
7/1/2019 10:30,2690,2806,3075,4874,4813,5093,2184,2007,2018
7/1/2019 11:00,2658,2732,2991,4934,4933,5124,2276,2201,2133
7/1/2019 11:30,2658,3066,2885,4934,4945,5176,2276,1879,2291
7/1/2019 12:00,2625,2930,2850,5027,5008,5215,2402,2078,2365
7/1/2019 12:30,2625,2930,2893,5027,5008,5208,2402,2078,2315
7/1/2019 13:00,2544,2774,2875,4952,4961,5193,2408,2187,2318
7/1/2019 13:30,2544,2885,2848,4952,4963,5115,2408,2078,2267
7/1/2019 14:00,2421,2725,2807,4922,4933,5132,2501,2208,2325
7/1/2019 14:30,2421,2556,2729,4922,4934,5141,2501,2378,2412
7/1/2019 15:00,2293,2361,2664,4955,5002,5202,2662,2641,2538
7/1/2019 15:30,2293,2451,2528,4955,5002,5280,2662,2551,2752
7/1/2019 16:00,2170,2249,2422,5333,5385,5412,3163,3136,2990
7/1/2019 16:30,2170,2249,2423,5333,5385,5785,3163,3136,3362
7/1/2019 17:00,2065,2091,2235,5775,5796,6048,3710,3705,3813
7/1/2019 17:30,2065,2227,2124,5775,5797,6116,3710,3570,3992
7/1/2019 18:00,1966,2095,2099,5617,5645,6009,3651,3550,3910
7/1/2019 18:30,1966,2136,2082,5617,5646,5841,3651,3510,3759
7/1/2019 19:00,1878,2017,2026,5319,5336,5672,3441,3319,3646
7/1/2019 19:30,1878,2017,2009,5319,5337,5527,3441,3320,3518
7/1/2019 20:00,1788,1911,1985,5022,5053,5347,3234,3142,3362
7/1/2019 20:30,1788,1869,1900,5022,5054,5202,3234,3185,3302
7/1/2019 21:00,1692,1799,1857,4650,4679,5021,2958,2880,3164
7/1/2019 21:30,1692,1810,1837,4650,4680,4784,2958,2870,2947
7/1/2019 22:00,1602,1737,1756,4204,4207,4501,2602,2470,2745
7/1/2019 22:30,1602,1764,1673,4204,4207,4236,2602,2443,2563
7/1/2019 23:00,1425,1649,1537,3842,3840,4104,2417,2191,2567
7/1/2019 23:30,1425,1717,1470,3842,3834,3959,2417,2117,2489
8/1/2019 0:00,1310,1553,1318,3861,3867,3769,2551,2314,2451
8/1/2019 0:30,1310,1548,1287,3861,3868,3626,2551,2320,2339
8/1/2019 1:00,1189,1393,1230,3626,3637,3524,2437,2244,2294
8/1/2019 1:30,1189,1352,1161,3626,3638,3427,2437,2286,2266
8/1/2019 2:00,1074,1216,1071,3457,3470,3356,2383,2254,2285
8/1/2019 2:30,1074,1048,1097,3457,3470,3309,2383,2422,2212
8/1/2019 3:00,975,935,1094,3384,3401,3283,2409,2466,2189
8/1/2019 3:30,975,935,1057,3384,3401,3259,2409,2466,2202
8/1/2019 4:00,902,838,1073,3359,3379,3280,2457,2541,2207
8/1/2019 4:30,902,772,1073,3359,3378,3267,2457,2606,2194
8/1/2019 5:00,833,690,1076,3454,3478,3291,2621,2788,2215
8/1/2019 5:30,833,689,941,3454,3477,3377,2621,2788,2436
8/1/2019 6:00,744,627,837,3916,3945,3614,3172,3318,2777
8/1/2019 6:30,744,741,772,3916,3944,3908,3172,3203,3136
8/1/2019 7:00,665,648,692,4750,4786,4391,4085,4138,3699
8/1/2019 7:30,665,710,596,4750,4786,4910,4085,4076,4314
8/1/2019 8:00,602,617,575,5128,5179,5115,4526,4562,4540
8/1/2019 8:30,602,580,583,5128,5178,5109,4526,4598,4526
8/1/2019 9:00,541,496,570,5236,5295,5159,4695,4799,4589
8/1/2019 9:30,541,472,577,5236,5294,5221,4695,4822,4644
8/1/2019 10:00,484,398,561,5319,5369,5209,4835,4971,4648
8/1/2019 10:30,484,367,568,5319,5368,5224,4835,5001,4656
8/1/2019 11:00,448,325,545,5392,5428,5230,4944,5103,4685
8/1/2019 11:30,448,308,540,5392,5419,5236,4944,5111,4696
8/1/2019 12:00,449,320,547,5437,5474,5246,4988,5154,4699
8/1/2019 12:30,449,383,585,5437,5472,5239,4988,5089,4654
8/1/2019 13:00,474,428,692,5396,5421,5204,4922,4993,4512
8/1/2019 13:30,474,477,785,5396,5419,5119,4922,4942,4334
8/1/2019 14:00,497,534,847,5380,5409,5112,4883,4875,4265
8/1/2019 14:30,497,599,800,5380,5408,5118,4883,4809,4318
8/1/2019 15:00,523,633,774,5484,5520,5175,4961,4887,4401
8/1/2019 15:30,523,633,749,5484,5519,5240,4961,4886,4491
8/1/2019 16:00,559,650,785,5886,5913,5368,5327,5263,4583
8/1/2019 16:30,559,748,778,5886,5911,5688,5327,5163,4910
8/1/2019 17:00,585,739,779,6344,6380,6073,5759,5641,5294
8/1/2019 17:30,585,863,805,6344,6377,6185,5759,5514,5380
8/1/2019 18:00,574,817,752,6197,6230,6108,5623,5413,5356
8/1/2019 18:30,574,728,711,6197,6228,5939,5623,5500,5228
8/1/2019 19:00,528,678,695,5870,5901,5787,5342,5223,5092
8/1/2019 19:30,528,655,672,5870,5899,5648,5342,5244,4976
8/1/2019 20:00,471,601,618,5555,5580,5488,5084,4979,4870
8/1/2019 20:30,471,617,546,5555,5577,5344,5084,4960,4798
8/1/2019 21:00,417,537,530,5170,5190,5160,4753,4653,4630
8/1/2019 21:30,417,510,528,5170,5188,4891,4753,4678,4363
8/1/2019 22:00,369,453,556,4671,4704,4648,4302,4251,4092
8/1/2019 22:30,369,400,557,4671,4703,4372,4302,4303,3815
8/1/2019 23:00,340,363,534,4359,4352,4228,4019,3989,3694
8/1/2019 23:30,340,382,534,4359,4343,4075,4019,3961,3541
9/1/2019 0:00,291,364,501,3854,3857,3893,3563,3493,3392
9/1/2019 0:30,291,346,487,3854,3858,3727,3563,3512,3240
9/1/2019 1:00,244,326,463,3624,3619,3610,3380,3293,3147
9/1/2019 1:30,244,376,385,3624,3619,3521,3380,3243,3136
9/1/2019 2:00,202,344,349,3460,3453,3442,3258,3109,3093
9/1/2019 2:30,202,468,320,3460,3453,3391,3258,2985,3071
9/1/2019 3:00,176,416,300,3380,3370,3347,3204,2954,3047
9/1/2019 3:30,176,426,287,3380,3370,3342,3204,2944,3055
9/1/2019 4:00,160,373,288,3366,3355,3335,3206,2982,3047
9/1/2019 4:30,160,373,298,3366,3354,3332,3206,2981,3034
9/1/2019 5:00,158,330,331,3453,3442,3372,3295,3112,3041
9/1/2019 5:30,158,246,363,3453,3442,3460,3295,3196,3097
9/1/2019 6:00,163,223,371,3877,3866,3711,3714,3643,3340
9/1/2019 6:30,163,201,361,3877,3866,4018,3714,3665,3657
9/1/2019 7:00,169,203,345,4656,4644,4481,4487,4441,4136
9/1/2019 7:30,169,205,337,4656,4657,5016,4487,4452,4679
9/1/2019 8:00,191,201,318,5056,5049,5205,4865,4848,4887
9/1/2019 8:30,191,248,0,5056,5049,5172,4865,4801,5172
9/1/2019 9:00,222,227,0,5240,5210,5217,5018,4983,5217
9/1/2019 9:30,222,272,0,5240,5210,5268,5018,4938,5268
9/1/2019 10:00,234,246,0,5358,5301,5276,5124,5055,5276
9/1/2019 10:30,234,239,0,5358,5301,5285,5124,5062,5285
9/1/2019 11:00,233,211,0,5412,5338,5285,5179,5127,5285
9/1/2019 11:30,233,217,0,5412,5321,5277,5179,5104,5277
9/1/2019 12:00,234,189,84,5467,5381,5300,5233,5192,5216
9/1/2019 12:30,234,162,154,5467,5381,5319,5233,5219,5165
9/1/2019 13:00,238,138,162,5403,5307,5291,5165,5169,5129
9/1/2019 13:30,238,122,182,5403,5307,5213,5165,5185,5031
9/1/2019 14:00,243,109,180,5383,5264,5240,5140,5155,5060
9/1/2019 14:30,243,103,152,5383,5264,5255,5140,5161,5103
9/1/2019 15:00,246,91,148,5510,5367,5309,5264,5276,5161
9/1/2019 15:30,246,87,136,5510,5367,5401,5264,5280,5265
9/1/2019 16:00,246,87,129,5910,5785,5548,5664,5698,5419
9/1/2019 16:30,246,111,135,5910,5785,5848,5664,5674,5713
9/1/2019 17:00,246,111,146,6361,6248,6141,6115,6137,5995
9/1/2019 17:30,246,132,140,6361,6248,6241,6115,6116,6101
9/1/2019 18:00,248,119,106,6217,6111,6152,5969,5992,6046
9/1/2019 18:30,248,116,107,6217,6110,6006,5969,5994,5899
9/1/2019 19:00,249,104,114,5903,5796,5832,5654,5692,5718
9/1/2019 19:30,249,86,106,5903,5796,5691,5654,5710,5585
9/1/2019 20:00,249,92,99,5555,5463,5531,5306,5371,5432
9/1/2019 20:30,249,118,98,5555,5463,5371,5306,5345,5273
9/1/2019 21:00,249,122,104,5163,5072,5172,4914,4950,5068
9/1/2019 21:30,249,84,109,5163,5071,4913,4914,4987,4804
9/1/2019 22:00,241,97,123,4678,4604,4643,4437,4507,4520
9/1/2019 22:30,241,105,136,4678,4604,4392,4437,4499,4256
9/1/2019 23:00,160,122,127,4274,4270,4245,4114,4148,4118
9/1/2019 23:30,160,127,122,4274,4270,4082,4114,4143,3960
10/1/2019 0:00,173,151,137,3860,3857,3887,3687,3706,3750
10/1/2019 0:30,173,150,167,3860,3857,3735,3687,3707,3568
10/1/2019 1:00,178,177,214,3620,3619,3607,3442,3442,3393
10/1/2019 1:30,178,135,239,3620,3619,3509,3442,3484,3270
10/1/2019 2:00,178,169,273,3453,3448,3431,3275,3279,3158
10/1/2019 2:30,178,171,292,3453,3448,3362,3275,3277,3070
10/1/2019 3:00,177,203,326,3378,3376,3316,3201,3173,2990
10/1/2019 3:30,177,209,330,3378,3375,3297,3201,3166,2967
10/1/2019 4:00,182,225,335,3357,3351,3297,3175,3126,2962
10/1/2019 4:30,182,289,333,3357,3351,3298,3175,3062,2965
10/1/2019 5:00,194,280,334,3449,3443,3337,3255,3163,3003
10/1/2019 5:30,194,295,355,3449,3443,3418,3255,3148,3063
10/1/2019 6:00,206,279,343,3881,3879,3657,3675,3600,3314
10/1/2019 6:30,206,289,323,3881,3879,3948,3675,3590,3625
10/1/2019 7:00,204,267,287,4656,4656,4418,4452,4389,4131
10/1/2019 7:30,204,243,253,4656,4656,4923,4452,4413,4670
10/1/2019 8:00,188,232,234,5111,5114,5108,4923,4882,4874
10/1/2019 8:30,188,261,218,5111,5114,5124,4923,4853,4906
10/1/2019 9:00,190,247,200,5187,5169,5167,4997,4922,4967
10/1/2019 9:30,190,277,185,5187,5169,5232,4997,4892,5047
10/1/2019 10:00,184,264,180,5263,5253,5217,5079,4989,5037
10/1/2019 10:30,184,226,169,5263,5253,5224,5079,5027,5055
10/1/2019 11:00,173,231,159,5286,5286,5233,5113,5055,5074
10/1/2019 11:30,173,226,140,5286,5279,5231,5113,5053,5091
10/1/2019 12:00,183,243,129,5319,5306,5241,5136,5063,5112
10/1/2019 12:30,183,221,120,5319,5306,5270,5136,5085,5150
10/1/2019 13:00,204,236,117,5250,5241,5223,5046,5005,5106
10/1/2019 13:30,204,199,124,5250,5241,5136,5046,5042,5012
10/1/2019 14:00,225,205,130,5213,5223,5139,4988,5018,5009
10/1/2019 14:30,225,168,118,5213,5223,5137,4988,5055,5019
10/1/2019 15:00,237,188,137,5304,5322,5168,5067,5134,5031
10/1/2019 15:30,237,176,144,5304,5322,5244,5067,5146,5100
10/1/2019 16:00,248,205,168,5688,5696,5382,5440,5491,5214
10/1/2019 16:30,248,177,183,5688,5696,5662,5440,5519,5479
10/1/2019 17:00,259,209,187,6162,6161,5983,5903,5952,5796
10/1/2019 17:30,259,187,187,6162,6161,6098,5903,5974,5911
10/1/2019 18:00,269,218,214,6059,6056,6030,5790,5838,5816
10/1/2019 18:30,269,173,239,6059,6056,5892,5790,5883,5653
10/1/2019 19:00,275,199,230,5755,5755,5748,5480,5556,5518
10/1/2019 19:30,275,208,221,5755,5755,5612,5480,5547,5391
10/1/2019 20:00,272,230,218,5434,5444,5450,5162,5214,5232
10/1/2019 20:30,272,221,202,5434,5444,5303,5162,5223,5101
10/1/2019 21:00,271,234,210,5037,5044,5110,4766,4810,4900
10/1/2019 21:30,271,219,197,5037,5044,4868,4766,4825,4671
10/1/2019 22:00,262,219,196,4570,4577,4592,4308,4358,4396
10/1/2019 22:30,262,207,204,4570,4576,4364,4308,4369,4160
10/1/2019 23:00,323,195,215,4267,4262,4225,3944,4067,4010
10/1/2019 23:30,323,205,193,4267,4253,4062,3944,4048,3869
11/1/2019 0:00,328,209,176,3888,3876,3866,3560,3667,3690
11/1/2019 0:30,328,191,181,3888,3875,3718,3560,3684,3537
11/1/2019 1:00,343,206,183,3640,3633,3584,3297,3427,3401
11/1/2019 1:30,343,131,167,3640,3633,3483,3297,3502,3316
11/1/2019 2:00,354,138,164,3472,3468,3409,3118,3330,3245
11/1/2019 2:30,354,169,156,3472,3468,3350,3118,3299,3194
11/1/2019 3:00,353,166,156,3386,3384,3313,3033,3218,3157
11/1/2019 3:30,353,169,163,3386,3384,3294,3033,3215,3131
11/1/2019 4:00,351,167,156,3357,3356,3291,3006,3189,3135
11/1/2019 4:30,351,168,168,3357,3355,3288,3006,3187,3120
11/1/2019 5:00,335,175,170,3440,3441,3325,3105,3266,3155
11/1/2019 5:30,335,153,164,3440,3441,3399,3105,3288,3235
11/1/2019 6:00,325,177,169,3871,3876,3623,3546,3699,3454
11/1/2019 6:30,325,150,179,3871,3876,3923,3546,3726,3744
11/1/2019 7:00,337,179,190,4636,4648,4397,4299,4469,4207
11/1/2019 7:30,337,189,215,4636,4648,4913,4299,4459,4698
11/1/2019 8:00,358,237,249,5023,5001,5109,4665,4764,4860
11/1/2019 8:30,358,225,273,5023,5001,5118,4665,4776,4845
11/1/2019 9:00,387,281,285,5151,5142,5157,4764,4861,4872
11/1/2019 9:30,387,273,282,5151,5142,5206,4764,4869,4924
11/1/2019 10:00,433,323,304,5231,5208,5207,4798,4885,4903
11/1/2019 10:30,433,316,335,5231,5208,5207,4798,4892,4872
11/1/2019 11:00,503,380,362,5259,5247,5203,4756,4867,4841
11/1/2019 11:30,503,380,425,5259,5237,5209,4756,4857,4784
11/1/2019 12:00,572,443,464,5287,5261,5195,4715,4818,4731
11/1/2019 12:30,572,455,544,5287,5261,5194,4715,4806,4650
11/1/2019 13:00,641,502,705,5191,5160,5138,4550,4658,4433
11/1/2019 13:30,641,459,832,5191,5160,5052,4550,4701,4220
11/1/2019 14:00,709,569,901,5137,5100,5035,4428,4531,4134
11/1/2019 14:30,709,615,1035,5137,5100,5041,4428,4485,4006
11/1/2019 15:00,785,724,1148,5191,5146,5061,4406,4422,3913
11/1/2019 15:30,785,729,1268,5191,5146,5112,4406,4417,3844
11/1/2019 16:00,898,857,1325,5512,5466,5201,4614,4609,3876
11/1/2019 16:30,898,980,1347,5512,5466,5446,4614,4486,4099
11/1/2019 17:00,1041,1129,1470,5972,5925,5768,4931,4796,4298
11/1/2019 17:30,1041,1255,1534,5972,5925,5895,4931,4670,4361
11/1/2019 18:00,1218,1435,1602,5890,5845,5807,4672,4410,4205
11/1/2019 18:30,1218,1514,1661,5890,5845,5684,4672,4331,4023
11/1/2019 19:00,1431,1696,1737,5581,5536,5536,4150,3840,3799
11/1/2019 19:30,1431,1696,1858,5581,5536,5386,4150,3840,3528
11/1/2019 20:00,1658,1892,1978,5244,5198,5229,3586,3306,3251
11/1/2019 20:30,1658,1892,1946,5244,5198,5059,3586,3306,3113
11/1/2019 21:00,1888,2078,1970,4874,4827,4859,2986,2749,2889
11/1/2019 21:30,1888,2078,2100,4874,4827,4690,2986,2749,2590
11/1/2019 22:00,2112,2242,2436,4484,4447,4497,2372,2205,2061
11/1/2019 22:30,2112,2242,2527,4484,4447,4278,2372,2205,1751
11/1/2019 23:00,2397,2387,2575,4235,4232,4202,1838,1845,1627
11/1/2019 23:30,2397,2387,2381,4235,4232,4070,1838,1845,1689
12/1/2019 0:00,2514,2491,2393,3871,3867,3876,1357,1376,1483
12/1/2019 0:30,2514,2491,2653,3871,3867,3721,1357,1376,1068
12/1/2019 1:00,2568,2544,2724,3588,3584,3581,1020,1040,857
12/1/2019 1:30,2568,2544,2797,3588,3584,3470,1020,1040,673
12/1/2019 2:00,2561,2557,2705,3381,3377,3359,820,820,654
12/1/2019 2:30,2561,2557,2625,3381,3377,3278,820,820,653
12/1/2019 3:00,2541,2561,2596,3268,3265,3222,727,704,626
12/1/2019 3:30,2541,2561,2539,3268,3265,3203,727,704,664
12/1/2019 4:00,2530,2579,2515,3200,3198,3172,670,619,657
12/1/2019 4:30,2530,2579,2477,3200,3198,3156,670,619,679
12/1/2019 5:00,2508,2600,2496,3209,3207,3183,701,607,687
12/1/2019 5:30,2508,2600,2477,3209,3207,3185,701,607,708
12/1/2019 6:00,2502,2609,2617,3399,3399,3299,897,790,682
12/1/2019 6:30,2502,2609,2639,3399,3399,3412,897,790,773
12/1/2019 7:00,2456,2607,2520,3724,3728,3548,1268,1121,1028
12/1/2019 7:30,2456,2607,2692,3724,3728,3787,1268,1121,1095
12/1/2019 8:00,2379,2564,2852,4033,4047,3934,1654,1483,1082
12/1/2019 8:30,2379,2564,3009,4033,4047,4114,1654,1483,1105
12/1/2019 9:00,2400,2594,3061,4420,4411,4319,2020,1817,1258
12/1/2019 9:30,2400,2594,2985,4420,4411,4489,2020,1817,1504
12/1/2019 10:00,2523,2731,3029,4691,4675,4610,2168,1944,1581
12/1/2019 10:30,2523,2731,3138,4691,4675,4712,2168,1944,1574
12/1/2019 11:00,2667,2844,3182,4802,4794,4789,2135,1950,1607
12/1/2019 11:30,2667,2844,3145,4802,4794,4812,2135,1950,1667
12/1/2019 12:00,2772,2926,3202,4863,4847,4843,2091,1921,1641
12/1/2019 12:30,2772,3507,3285,4863,4838,4870,2091,1331,1585
12/1/2019 13:00,2843,3439,3248,4787,4764,4814,1944,1325,1566
12/1/2019 13:30,2843,3358,3240,4787,4763,4738,1944,1405,1498
12/1/2019 14:00,2885,3246,3022,4681,4669,4652,1796,1423,1630
12/1/2019 14:30,2885,3250,2934,4681,4669,4572,1796,1419,1638
12/1/2019 15:00,2874,3131,2906,4694,4682,4562,1820,1551,1656
12/1/2019 15:30,2874,3090,2871,4694,4682,4572,1820,1592,1701
12/1/2019 16:00,2829,2999,2967,4996,4977,4677,2167,1978,1710
12/1/2019 16:30,2829,2979,3127,4996,4977,4943,2167,1998,1816
12/1/2019 17:00,2787,2937,3151,5513,5492,5308,2726,2555,2157
12/1/2019 17:30,2787,2855,3145,5513,5492,5469,2726,2637,2324
12/1/2019 18:00,2769,2853,3156,5452,5432,5409,2683,2579,2253
12/1/2019 18:30,2769,2809,3091,5452,5431,5268,2683,2622,2177
12/1/2019 19:00,2784,2830,3128,5137,5108,5107,2353,2278,1979
12/1/2019 19:30,2784,2901,3098,5137,5108,4928,2353,2207,1830
12/1/2019 20:00,2822,2922,3175,4811,4787,4813,1989,1865,1638
12/1/2019 20:30,2822,3087,3201,4811,4787,4681,1989,1700,1480
12/1/2019 21:00,2865,3090,3183,4505,4484,4533,1640,1394,1350
12/1/2019 21:30,2865,3154,3095,4505,4484,4365,1640,1330,1270
12/1/2019 22:00,2922,3200,3034,4206,4184,4222,1284,984,1188
12/1/2019 22:30,2922,3170,2913,4206,4184,4053,1284,1014,1140
12/1/2019 23:00,3048,3194,3090,4051,4026,4016,1003,832,926
12/1/2019 23:30,3048,3194,3081,4051,4026,3904,1003,832,823
13/1/2019 0:00,3088,3212,3015,3761,3744,3772,673,532,757
13/1/2019 0:30,3088,3212,2919,3761,3744,3604,673,532,685
13/1/2019 1:00,3106,3218,2847,3499,3490,3471,393,272,624
13/1/2019 1:30,3106,3160,2766,3499,3491,3367,393,331,601
13/1/2019 2:00,3099,3155,2656,3293,3283,3244,194,128,588
13/1/2019 2:30,3099,3214,2538,3293,3282,3133,194,68,595
13/1/2019 3:00,3089,3208,2499,3166,3158,3092,77,-50,593
13/1/2019 3:30,3089,3127,2464,3166,3158,3059,77,31,595
13/1/2019 4:00,3093,3136,2454,3091,3094,3048,-2,-42,594
13/1/2019 4:30,3093,2930,2437,3091,3094,3036,-2,164,599
13/1/2019 5:00,3121,2973,2434,3061,3068,3028,-60,95,594
13/1/2019 5:30,3121,2812,2418,3061,3067,3022,-60,255,604
13/1/2019 6:00,3169,2876,2458,3164,3160,3080,-5,284,622
13/1/2019 6:30,3169,2732,2423,3164,3159,3127,-5,427,704
13/1/2019 7:00,3222,2815,2420,3340,3311,3218,118,496,798
13/1/2019 7:30,3222,2743,2522,3340,3311,3354,118,568,832
13/1/2019 8:00,3268,2808,2593,3506,3497,3434,238,689,841
13/1/2019 8:30,3268,2676,2653,3506,3497,3508,238,821,855
13/1/2019 9:00,3302,2761,2755,3823,3823,3703,521,1062,948
13/1/2019 9:30,3302,2688,2915,3823,3823,3921,521,1135,1006
13/1/2019 10:00,3320,2805,3052,4198,4200,4137,878,1395,1085
13/1/2019 10:30,3320,2654,3184,4198,4200,4296,878,1546,1112
13/1/2019 11:00,3330,2797,3198,4462,4467,4412,1132,1670,1214
13/1/2019 11:30,3330,2815,3234,4462,4467,4503,1132,1652,1269
13/1/2019 12:00,3342,2954,3231,4684,4696,4603,1342,1742,1372
13/1/2019 12:30,3342,2994,3268,4684,4696,4698,1342,1702,1430
13/1/2019 13:00,3355,3094,3293,4699,4704,4702,1344,1610,1409
13/1/2019 13:30,3355,3239,3364,4699,4704,4655,1344,1465,1291
13/1/2019 14:00,3345,3296,3389,4577,4569,4586,1232,1273,1197
13/1/2019 14:30,3345,3329,3389,4577,4569,4554,1232,1240,1165
13/1/2019 15:00,3286,3336,3365,4559,4543,4533,1273,1207,1168
13/1/2019 15:30,3286,3336,3352,4559,4543,4551,1273,1207,1199
13/1/2019 16:00,3187,3307,3434,4836,4816,4670,1649,1509,1236
13/1/2019 16:30,3187,3220,3548,4836,4816,4894,1649,1596,1346
13/1/2019 17:00,3053,3158,3678,5316,5285,5222,2263,2127,1544
13/1/2019 17:30,3053,3158,3726,5316,5285,5407,2263,2127,1681
13/1/2019 18:00,2883,3045,3622,5288,5252,5348,2405,2207,1726
13/1/2019 18:30,2883,3119,3522,5288,5251,5247,2405,2132,1725
13/1/2019 19:00,2678,2929,3360,5019,4981,5130,2341,2052,1770
13/1/2019 19:30,2678,3033,3322,5019,4981,4985,2341,1948,1663
13/1/2019 20:00,2459,2785,3187,4776,4755,4853,2317,1970,1666
13/1/2019 20:30,2459,3001,3001,4776,4755,4692,2317,1754,1691
13/1/2019 21:00,2234,2671,2914,4468,4459,4582,2234,1788,1668
13/1/2019 21:30,2234,2766,2683,4468,4459,4357,2234,1693,1674
13/1/2019 22:00,2027,2467,2538,4096,4093,4114,2069,1626,1576
13/1/2019 22:30,2027,2418,2535,4096,4093,3935,2069,1675,1400
13/1/2019 23:00,2107,2212,2449,3864,3862,3839,1757,1650,1390
13/1/2019 23:30,2107,2230,2212,3864,3860,3704,1757,1630,1492
14/1/2019 0:00,1963,2117,2168,3589,3584,3550,1626,1467,1382
14/1/2019 0:30,1963,2170,2102,3589,3584,3417,1626,1414,1315
14/1/2019 1:00,1815,2070,2114,3365,3360,3341,1550,1290,1227
14/1/2019 1:30,1815,2104,2010,3365,3359,3256,1550,1255,1246
14/1/2019 2:00,1669,1963,1920,3214,3209,3185,1545,1246,1265
14/1/2019 2:30,1669,2013,1853,3214,3208,3125,1545,1195,1272
14/1/2019 3:00,1529,1856,1891,3170,3165,3114,1641,1309,1223
14/1/2019 3:30,1529,1758,1878,3170,3164,3092,1641,1406,1214
14/1/2019 4:00,1381,1622,1696,3167,3164,3096,1786,1542,1400
14/1/2019 4:30,1381,1634,1583,3167,3163,3107,1786,1529,1524
14/1/2019 5:00,1211,1450,1573,3274,3272,3172,2063,1822,1599
14/1/2019 5:30,1211,1411,1348,3274,3272,3242,2063,1861,1894
14/1/2019 6:00,1064,1227,1308,3736,3732,3506,2672,2505,2198
14/1/2019 6:30,1064,1303,1158,3736,3732,3804,2672,2429,2646
14/1/2019 7:00,952,1113,1004,4585,4579,4303,3633,3466,3299
14/1/2019 7:30,952,1121,943,4585,4579,4836,3633,3458,3893
14/1/2019 8:00,844,940,903,4990,4993,5023,4146,4053,4120
14/1/2019 8:30,844,949,836,4990,4993,5032,4146,4044,4196
14/1/2019 9:00,745,812,785,5101,5121,5093,4356,4309,4308
14/1/2019 9:30,745,723,757,5101,5121,5181,4356,4398,4424
14/1/2019 10:00,700,662,678,5184,5209,5166,4484,4547,4488
14/1/2019 10:30,700,573,659,5184,5209,5187,4484,4636,4528
14/1/2019 11:00,718,571,656,5235,5252,5196,4517,4681,4540
14/1/2019 11:30,718,571,668,5235,5252,5212,4517,4681,4544
14/1/2019 12:00,761,578,694,5300,5315,5232,4539,4737,4538
14/1/2019 12:30,761,620,703,5300,5313,5258,4539,4693,4555
14/1/2019 13:00,901,654,731,5212,5218,5237,4311,4564,4506
14/1/2019 13:30,901,654,722,5212,5218,5147,4311,4564,4425
14/1/2019 14:00,1100,724,713,5177,5203,5155,4077,4479,4442
14/1/2019 14:30,1100,724,761,5177,5203,5162,4077,4479,4401
14/1/2019 15:00,1203,831,844,5292,5324,5198,4089,4493,4354
14/1/2019 15:30,1203,831,849,5292,5324,5242,4089,4493,4393
14/1/2019 16:00,1227,985,944,5675,5710,5387,4448,4725,4443
14/1/2019 16:30,1227,997,1063,5675,5711,5686,4448,4714,4623
14/1/2019 17:00,1270,1151,1215,6197,6235,6012,4927,5084,4797
14/1/2019 17:30,1270,1112,1269,6197,6235,6130,4927,5123,4861
14/1/2019 18:00,1343,1225,1413,6059,6102,6018,4716,4877,4605
14/1/2019 18:30,1343,1232,1491,6059,6102,5868,4716,4870,4377
14/1/2019 19:00,1426,1294,1472,5711,5750,5703,4285,4456,4231
14/1/2019 19:30,1426,1335,1523,5711,5751,5560,4285,4416,4037
14/1/2019 20:00,1541,1369,1527,5403,5415,5410,3862,4046,3883
14/1/2019 20:30,1541,1384,1430,5403,5415,5225,3862,4031,3795
14/1/2019 21:00,1624,1393,1285,5007,5001,5037,3383,3608,3752
14/1/2019 21:30,1624,1441,1221,5007,5001,4773,3383,3560,3552
14/1/2019 22:00,1672,1480,1196,4525,4495,4509,2853,3015,3313
14/1/2019 22:30,1672,1514,1209,4525,4495,4254,2853,2981,3045
14/1/2019 23:00,1485,1576,1125,4139,4138,4090,2654,2562,2965
14/1/2019 23:30,1485,1646,969,4139,4137,3923,2654,2491,2954
15/1/2019 0:00,1546,1671,993,3772,3770,3729,2226,2099,2736
15/1/2019 0:30,1546,1529,1020,3772,3770,3591,2226,2241,2571
15/1/2019 1:00,1549,1568,1116,3560,3554,3508,2011,1986,2392
15/1/2019 1:30,1549,1423,1269,3560,3554,3438,2011,2131,2169
15/1/2019 2:00,1582,1467,1064,3408,3402,3337,1826,1935,2273
15/1/2019 2:30,1582,1306,1013,3408,3401,3282,1826,2095,2269
15/1/2019 3:00,1644,1329,1082,3336,3332,3244,1692,2003,2162
15/1/2019 3:30,1644,1093,1199,3336,3332,3252,1692,2239,2053
15/1/2019 4:00,1676,1157,1241,3321,3318,3256,1645,2161,2015
15/1/2019 4:30,1676,1157,1323,3321,3318,3251,1645,2161,1928
15/1/2019 5:00,1729,1263,1373,3420,3419,3295,1691,2156,1922
15/1/2019 5:30,1729,1252,1432,3420,3419,3393,1691,2167,1961
15/1/2019 6:00,1794,1364,1612,3890,3890,3655,2096,2526,2043
15/1/2019 6:30,1794,1275,1720,3890,3890,3983,2096,2615,2263
15/1/2019 7:00,1831,1405,1699,4745,4755,4435,2914,3350,2736
15/1/2019 7:30,1831,1514,1734,4745,4755,4937,2914,3241,3203
15/1/2019 8:00,1897,1615,1714,5154,5162,5097,3257,3547,3383
15/1/2019 8:30,1897,1588,1799,5154,5172,5084,3257,3584,3285
15/1/2019 9:00,2024,1699,1857,5284,5282,5139,3260,3583,3282
15/1/2019 9:30,2024,1802,1900,5284,5282,5211,3260,3480,3311
15/1/2019 10:00,2171,1918,1890,5374,5352,5182,3203,3434,3292
15/1/2019 10:30,2171,1974,1959,5374,5352,5156,3203,3378,3197
15/1/2019 11:00,2299,2080,2021,5404,5383,5156,3105,3303,3135
15/1/2019 11:30,2299,2046,2062,5404,5317,5177,3105,3271,3115
15/1/2019 12:00,2353,2146,2060,5430,5366,5169,3077,3220,3109
15/1/2019 12:30,2353,2178,2110,5430,5366,5186,3077,3188,3076
15/1/2019 13:00,2350,2207,2197,5342,5297,5157,2992,3090,2960
15/1/2019 13:30,2350,2188,2252,5342,5296,5082,2992,3108,2830
15/1/2019 14:00,2316,2206,2282,5320,5257,5095,3004,3051,2813
15/1/2019 14:30,2316,2245,2331,5320,5257,5086,3004,3012,2755
15/1/2019 15:00,2291,2255,2411,5426,5337,5134,3135,3082,2723
15/1/2019 15:30,2291,2265,2435,5426,5336,5225,3135,3071,2790
15/1/2019 16:00,2342,2282,2415,5794,5688,5317,3452,3406,2902
15/1/2019 16:30,2342,2282,2350,5794,5688,5568,3452,3406,3218
15/1/2019 17:00,2452,2361,2336,6261,6138,5908,3809,3777,3572
15/1/2019 17:30,2452,2361,2294,6261,6138,6042,3809,3777,3748
15/1/2019 18:00,2551,2436,2500,6118,5998,5987,3567,3562,3487
15/1/2019 18:30,2551,2556,2584,6118,5996,5855,3567,3440,3271
15/1/2019 19:00,2629,2574,2554,5782,5676,5684,3153,3102,3130
15/1/2019 19:30,2629,2537,2635,5782,5675,5534,3153,3138,2899
15/1/2019 20:00,2731,2623,2519,5456,5364,5355,2725,2741,2836
15/1/2019 20:30,2731,2500,2609,5456,5363,5249,2725,2863,2640
15/1/2019 21:00,2856,2627,2718,5047,4968,5075,2191,2341,2357
15/1/2019 21:30,2856,2660,2597,5047,4968,4802,2191,2308,2205
15/1/2019 22:00,2970,2761,2790,4552,4466,4548,1582,1705,1758
15/1/2019 22:30,2970,2812,2815,4552,4466,4271,1582,1654,1456
15/1/2019 23:00,2881,2754,2739,4132,4125,4105,1251,1371,1366
15/1/2019 23:30,2881,2729,2613,4132,4127,3947,1251,1398,1334
16/1/2019 0:00,2567,2465,2505,3761,3754,3721,1194,1289,1216
16/1/2019 0:30,2567,2508,2460,3761,3754,3601,1194,1246,1141
16/1/2019 1:00,2163,2111,2253,3540,3535,3518,1377,1424,1265
16/1/2019 1:30,2163,2108,2119,3540,3534,3406,1377,1426,1287
16/1/2019 2:00,1941,1902,2022,3386,3378,3338,1445,1476,1316
16/1/2019 2:30,1941,1949,1820,3386,3378,3303,1445,1429,1483
16/1/2019 3:00,1911,1925,1537,3312,3306,3245,1401,1381,1708
16/1/2019 3:30,1911,1787,1402,3312,3305,3228,1401,1518,1826
16/1/2019 4:00,1901,1767,1377,3312,3306,3242,1411,1539,1865
16/1/2019 4:30,1901,1867,1436,3312,3305,3264,1411,1438,1828
16/1/2019 5:00,1823,1774,1423,3432,3428,3285,1609,1654,1862
16/1/2019 5:30,1823,1827,1376,3432,3428,3371,1609,1601,1995
16/1/2019 6:00,1728,1709,1399,3908,3908,3653,2180,2199,2254
16/1/2019 6:30,1728,1390,1373,3908,3908,3959,2180,2518,2586
16/1/2019 7:00,1619,1302,1464,4733,4735,4419,3114,3433,2955
16/1/2019 7:30,1619,1109,1497,4733,4735,4904,3114,3626,3407
16/1/2019 8:00,1506,1109,1516,5124,5108,5056,3618,3999,3540
16/1/2019 8:30,1506,1187,1589,5124,5108,5024,3618,3921,3435
16/1/2019 9:00,1445,1230,1496,5252,5220,5051,3807,3990,3555
16/1/2019 9:30,1445,1240,1491,5252,5220,5118,3807,3980,3627
16/1/2019 10:00,1485,1338,1480,5315,5260,5141,3830,3922,3661
16/1/2019 10:30,1485,1526,1419,5315,5260,5130,3830,3734,3711
16/1/2019 11:00,1531,1580,1408,5344,5299,5130,3813,3719,3722
16/1/2019 11:30,1531,1606,1477,5344,5292,5016,3813,3686,3539
16/1/2019 12:00,1514,1554,1515,5398,5351,5020,3884,3797,3505
16/1/2019 12:30,1514,1626,1575,5398,5351,5156,3884,3725,3581
16/1/2019 13:00,1496,1627,1415,5337,5292,5109,3841,3665,3694
16/1/2019 13:30,1496,1513,1539,5337,5292,5040,3841,3779,3501
16/1/2019 14:00,1548,1745,1510,5312,5271,5051,3764,3526,3541
16/1/2019 14:30,1548,1752,1576,5312,5271,5144,3764,3519,3568
16/1/2019 15:00,1649,1884,1601,5414,5374,5223,3765,3490,3622
16/1/2019 15:30,1649,1852,1584,5414,5374,5310,3765,3522,3726
16/1/2019 16:00,1769,1877,1605,5792,5751,5438,4023,3874,3833
16/1/2019 16:30,1769,1856,1582,5792,5750,5678,4023,3894,4096
16/1/2019 17:00,1883,1801,1704,6264,6226,6038,4381,4425,4334
16/1/2019 17:30,1883,1790,1783,6264,6225,6211,4381,4435,4428
16/1/2019 18:00,2013,1731,1773,6146,6115,6140,4133,4384,4367
16/1/2019 18:30,2013,1544,1774,6146,6115,6008,4133,4571,4234
16/1/2019 19:00,2217,1528,1640,5853,5818,5840,3636,4290,4200
16/1/2019 19:30,2217,1457,1646,5853,5818,5730,3636,4361,4084
16/1/2019 20:00,2378,1517,1704,5506,5477,5566,3128,3960,3862
16/1/2019 20:30,2378,1748,1845,5506,5477,5407,3128,3729,3562
16/1/2019 21:00,2456,2083,2087,5104,5075,5286,2648,2992,3199
16/1/2019 21:30,2456,2084,2361,5104,5074,5026,2648,2990,2665
16/1/2019 22:00,2518,2456,2629,4608,4580,4775,2090,2124,2146
16/1/2019 22:30,2518,2596,2931,4608,4579,4508,2090,1983,1577
16/1/2019 23:00,2089,2848,2903,4233,4224,4314,2144,1376,1411
16/1/2019 23:30,2089,2848,2671,4233,4212,4101,2144,1364,1430
17/1/2019 0:00,2158,2885,2634,3870,3848,3926,1712,963,1292
17/1/2019 0:30,2158,2899,2674,3870,3848,3791,1712,949,1117
17/1/2019 1:00,2049,2735,2528,3628,3609,3657,1579,874,1129
17/1/2019 1:30,2049,2839,2462,3628,3609,3590,1579,770,1128
17/1/2019 2:00,1858,2566,2371,3481,3467,3542,1623,901,1171
17/1/2019 2:30,1858,2674,2315,3481,3467,3481,1623,793,1166
17/1/2019 3:00,1694,2382,2178,3419,3407,3398,1725,1025,1220
17/1/2019 3:30,1694,1998,2049,3419,3407,3370,1725,1409,1321
17/1/2019 4:00,1544,1711,1973,3416,3414,3389,1872,1703,1416
17/1/2019 4:30,1544,1751,1874,3416,3414,3393,1872,1663,1519
17/1/2019 5:00,1350,1456,1761,3529,3523,3450,2179,2067,1689
17/1/2019 5:30,1350,1493,1419,3529,3523,3498,2179,2030,2079
17/1/2019 6:00,1120,1197,1285,4013,4015,3781,2893,2818,2496
17/1/2019 6:30,1120,1196,1100,4013,4015,4112,2893,2819,3012
17/1/2019 7:00,866,967,989,4853,4852,4581,3987,3885,3592
17/1/2019 7:30,866,1036,863,4853,4852,5125,3987,3816,4262
17/1/2019 8:00,625,825,806,5252,5232,5297,4627,4407,4491
17/1/2019 8:30,625,830,684,5252,5232,5271,4627,4402,4587
17/1/2019 9:00,426,590,616,5407,5364,5354,4981,4774,4738
17/1/2019 9:30,426,529,497,5407,5364,5428,4981,4835,4931
17/1/2019 10:00,274,305,337,5449,5417,5420,5175,5112,5083
17/1/2019 10:30,274,278,224,5449,5417,5425,5175,5139,5201
17/1/2019 11:00,174,133,147,5453,5423,5420,5279,5290,5273
17/1/2019 11:30,174,147,105,5453,5418,5420,5279,5271,5315
17/1/2019 12:00,117,81,69,5465,5444,5448,5348,5363,5379
17/1/2019 12:30,117,39,0,5465,5444,5485,5348,5405,5485
17/1/2019 13:00,103,25,0,5387,5360,5447,5284,5335,5447
17/1/2019 13:30,103,17,20,5387,5360,5372,5284,5343,5352
17/1/2019 14:00,140,24,48,5353,5323,5375,5213,5299,5327
17/1/2019 14:30,140,17,70,5353,5323,5384,5213,5306,5314
17/1/2019 15:00,241,68,105,5461,5436,5432,5220,5368,5327
17/1/2019 15:30,241,79,65,5461,5436,5501,5220,5357,5436
17/1/2019 16:00,428,209,0,5838,5811,5604,5410,5602,5604
17/1/2019 16:30,428,183,332,5838,5811,5872,5410,5628,5540
17/1/2019 17:00,705,396,413,6346,6322,6206,5641,5926,5793
17/1/2019 17:30,705,396,539,6346,6323,6357,5641,5927,5818
17/1/2019 18:00,1022,695,695,6267,6245,6271,5245,5550,5576
17/1/2019 18:30,1022,695,745,6267,6246,6133,5245,5551,5388
17/1/2019 19:00,1344,1065,984,5972,5949,5976,4628,4884,4992
17/1/2019 19:30,1344,1106,1165,5972,5949,5833,4628,4843,4668
17/1/2019 20:00,1673,1463,1314,5631,5626,5652,3958,4163,4338
17/1/2019 20:30,1673,1485,1619,5631,5626,5515,3958,4141,3896
17/1/2019 21:00,1999,1823,1929,5208,5228,5315,3209,3405,3386
17/1/2019 21:30,1999,1877,2079,5208,5228,5075,3209,3351,2996
17/1/2019 22:00,2282,2161,2242,4688,4709,4814,2406,2548,2572
17/1/2019 22:30,2282,2122,2200,4688,4709,4539,2406,2587,2339
17/1/2019 23:00,2337,2382,2400,4337,4338,4367,2000,1956,1967
17/1/2019 23:30,2337,2354,2500,4337,4338,4211,2000,1984,1711
18/1/2019 0:00,2497,2552,2982,3966,3966,4050,1469,1414,1068
18/1/2019 0:30,2497,2539,3108,3966,3966,3933,1469,1427,825
18/1/2019 1:00,2540,2528,3047,3710,3713,3827,1170,1185,780
18/1/2019 1:30,2540,2754,2931,3710,3713,3730,1170,959,799
18/1/2019 2:00,2423,2555,2812,3554,3556,3622,1131,1001,810
18/1/2019 2:30,2423,2561,2694,3554,3556,3577,1131,995,883
18/1/2019 3:00,2324,2412,2454,3451,3456,3527,1127,1044,1073
18/1/2019 3:30,2324,2412,2227,3451,3456,3484,1127,1044,1257
18/1/2019 4:00,2278,2355,2154,3431,3432,3491,1153,1077,1337
18/1/2019 4:30,2278,2601,2077,3431,3432,3505,1153,831,1428
18/1/2019 5:00,2200,2448,2019,3525,3525,3531,1325,1077,1512
18/1/2019 5:30,2200,2461,1947,3525,3525,3615,1325,1064,1668
18/1/2019 6:00,2056,2254,1955,3994,3995,3861,1938,1741,1906
18/1/2019 6:30,2056,2067,1803,3994,3995,4143,1938,1928,2340
18/1/2019 7:00,1820,1856,1736,4850,4849,4593,3030,2993,2857
18/1/2019 7:30,1820,1742,1722,4850,4849,5103,3030,3107,3381
18/1/2019 8:00,1604,1573,1661,5255,5245,5255,3651,3672,3594
18/1/2019 8:30,1604,1494,1487,5255,5245,5222,3651,3751,3735
18/1/2019 9:00,1442,1310,1372,5389,5382,5284,3947,4072,3912
18/1/2019 9:30,1442,1287,1272,5389,5382,5355,3947,4095,4083
18/1/2019 10:00,1296,1140,1117,5428,5422,5327,4132,4282,4210
18/1/2019 10:30,1296,1136,990,5428,5422,5332,4132,4286,4342
18/1/2019 11:00,1166,1010,886,5417,5410,5343,4251,4400,4457
18/1/2019 11:30,1166,1010,826,5417,5407,5338,4251,4397,4512
18/1/2019 12:00,1043,893,797,5414,5427,5359,4371,4534,4562
18/1/2019 12:30,1043,875,754,5414,5427,5324,4371,4552,4570
18/1/2019 13:00,924,788,777,5300,5326,5281,4376,4538,4504
18/1/2019 13:30,924,750,695,5300,5326,5180,4376,4576,4485
18/1/2019 14:00,837,687,634,5246,5273,5180,4409,4586,4546
18/1/2019 14:30,837,618,619,5246,5273,5169,4409,4655,4550
18/1/2019 15:00,765,597,551,5303,5315,5183,4538,4718,4632
18/1/2019 15:30,765,597,545,5303,5315,5227,4538,4718,4682
18/1/2019 16:00,747,641,594,5587,5588,5290,4840,4947,4696
18/1/2019 16:30,747,686,612,5587,5588,5512,4840,4902,4900
18/1/2019 17:00,798,746,588,6117,6110,5824,5319,5364,5236
18/1/2019 17:30,798,729,622,6117,6110,5979,5319,5381,5357
18/1/2019 18:00,833,764,622,6090,6069,5937,5257,5305,5315
18/1/2019 18:30,833,764,649,6090,6069,5836,5257,5305,5187
18/1/2019 19:00,810,766,655,5790,5769,5685,4980,5003,5030
18/1/2019 19:30,810,717,618,5790,5769,5521,4980,5052,4903
18/1/2019 20:00,750,685,606,5436,5416,5345,4686,4731,4739
18/1/2019 20:30,750,603,616,5436,5416,5184,4686,4813,4568
18/1/2019 21:00,708,547,557,5052,5017,5007,4344,4470,4450
18/1/2019 21:30,708,499,529,5052,5016,4792,4344,4517,4263
18/1/2019 22:00,674,447,502,4642,4611,4582,3968,4164,4080
18/1/2019 22:30,674,438,482,4642,4610,4404,3968,4172,3922
18/1/2019 23:00,588,401,450,4382,4379,4322,3794,3978,3872
18/1/2019 23:30,588,401,424,4382,4387,4210,3794,3986,3786
19/1/2019 0:00,550,391,393,4045,4053,4014,3495,3662,3621
19/1/2019 0:30,550,397,318,4045,4052,3841,3495,3655,3523
19/1/2019 1:00,527,390,314,3753,3763,3701,3226,3373,3387
19/1/2019 1:30,527,358,285,3753,3763,3587,3226,3405,3302
19/1/2019 2:00,510,344,264,3539,3546,3476,3029,3202,3212
19/1/2019 2:30,510,319,260,3539,3546,3404,3029,3227,3144
19/1/2019 3:00,480,304,223,3419,3429,3349,2939,3125,3126
19/1/2019 3:30,480,301,187,3419,3429,3322,2939,3128,3135
19/1/2019 4:00,438,292,157,3362,3374,3299,2924,3082,3142
19/1/2019 4:30,438,247,150,3362,3374,3274,2924,3127,3124
19/1/2019 5:00,400,279,156,3392,3401,3282,2992,3122,3126
19/1/2019 5:30,400,220,157,3392,3401,3307,2992,3181,3150
19/1/2019 6:00,366,207,172,3579,3586,3404,3213,3379,3232
19/1/2019 6:30,366,166,174,3579,3585,3510,3213,3419,3336
19/1/2019 7:00,341,153,172,3890,3899,3674,3549,3746,3502
19/1/2019 7:30,341,83,162,3890,3899,3908,3549,3816,3746
19/1/2019 8:00,329,93,158,4215,4197,4057,3886,4104,3899
19/1/2019 8:30,329,129,157,4215,4197,4218,3886,4068,4061
19/1/2019 9:00,307,150,140,4632,4595,4465,4325,4445,4325
19/1/2019 9:30,307,146,129,4632,4595,4646,4325,4449,4517
19/1/2019 10:00,298,154,120,4890,4852,4779,4592,4698,4659
19/1/2019 10:30,298,158,122,4890,4852,4861,4592,4694,4739
19/1/2019 11:00,288,172,121,4985,4969,4915,4697,4797,4794
19/1/2019 11:30,288,175,127,4985,4953,4948,4697,4778,4821
19/1/2019 12:00,279,177,128,5018,4978,4966,4739,4801,4838
19/1/2019 12:30,279,154,121,5018,4978,4976,4739,4824,4855
19/1/2019 13:00,285,136,123,4932,4887,4928,4647,4751,4805
19/1/2019 13:30,285,124,115,4932,4886,4854,4647,4762,4739
19/1/2019 14:00,277,124,131,4820,4774,4796,4543,4650,4665
19/1/2019 14:30,277,137,144,4820,4773,4748,4543,4636,4604
19/1/2019 15:00,266,143,160,4816,4775,4757,4550,4632,4597
19/1/2019 15:30,266,136,160,4816,4775,4773,4550,4639,4613
19/1/2019 16:00,265,157,189,5074,5029,4876,4809,4872,4687
19/1/2019 16:30,265,146,226,5074,5028,5050,4809,4882,4824
19/1/2019 17:00,274,185,212,5621,5569,5420,5347,5384,5208
19/1/2019 17:30,274,193,224,5621,5568,5608,5347,5375,5384
19/1/2019 18:00,269,217,239,5609,5571,5546,5340,5354,5307
19/1/2019 18:30,269,227,252,5609,5570,5435,5340,5343,5183
19/1/2019 19:00,258,231,269,5299,5264,5254,5041,5033,4985
19/1/2019 19:30,258,228,276,5299,5264,5107,5041,5036,4831
19/1/2019 20:00,271,245,282,4961,4929,4952,4690,4684,4670
19/1/2019 20:30,271,251,276,4961,4929,4797,4690,4678,4521
19/1/2019 21:00,297,283,273,4640,4611,4636,4343,4328,4363
19/1/2019 21:30,297,283,297,4640,4611,4494,4343,4328,4197
19/1/2019 22:00,349,336,310,4327,4297,4336,3978,3961,4026
19/1/2019 22:30,349,342,361,4327,4297,4176,3978,3955,3815
19/1/2019 23:00,352,399,439,4154,4147,4140,3802,3748,3701
19/1/2019 23:30,352,424,471,4154,4139,4038,3802,3715,3567
20/1/2019 0:00,475,483,516,3864,3849,3895,3389,3366,3379
20/1/2019 0:30,475,456,531,3864,3849,3739,3389,3393,3208
20/1/2019 1:00,654,594,498,3611,3599,3604,2957,3005,3106
20/1/2019 1:30,654,566,534,3611,3599,3479,2957,3033,2945
20/1/2019 2:00,836,759,628,3411,3401,3335,2575,2642,2707
20/1/2019 2:30,836,741,800,3411,3401,3247,2575,2660,2447
20/1/2019 3:00,1033,1017,1019,3289,3281,3208,2256,2264,2189
20/1/2019 3:30,1033,1033,1200,3289,3281,3180,2256,2248,1980
20/1/2019 4:00,1283,1340,1365,3221,3214,3161,1938,1874,1796
20/1/2019 4:30,1283,1279,1449,3221,3214,3109,1938,1935,1660
20/1/2019 5:00,1638,1616,1523,3202,3193,3098,1564,1577,1575
20/1/2019 5:30,1638,1638,1658,3202,3193,3132,1564,1555,1474
20/1/2019 6:00,1980,2008,1862,3282,3277,3220,1302,1269,1358
20/1/2019 6:30,1980,2135,1986,3282,3277,3284,1302,1142,1298
20/1/2019 7:00,2165,2367,2093,3438,3430,3367,1273,1063,1274
20/1/2019 7:30,2165,2414,2126,3438,3430,3485,1273,1016,1359
20/1/2019 8:00,2217,2456,2240,3613,3619,3549,1396,1163,1309
20/1/2019 8:30,2217,2415,2264,3613,3619,3638,1396,1204,1374
20/1/2019 9:00,2149,2292,2042,3983,3987,3798,1834,1695,1756
20/1/2019 9:30,2149,2198,2001,3983,3986,4009,1834,1788,2008
20/1/2019 10:00,2015,2027,1938,4356,4362,4240,2341,2335,2302
20/1/2019 10:30,2015,1987,1907,4356,4362,4361,2341,2375,2454
20/1/2019 11:00,1835,1823,1765,4613,4616,4486,2778,2793,2721
20/1/2019 11:30,1835,1802,1703,4613,4608,4554,2778,2806,2851
20/1/2019 12:00,1693,1653,1644,4818,4826,4670,3125,3173,3026
20/1/2019 12:30,1693,1539,1466,4818,4827,4720,3125,3288,3254
20/1/2019 13:00,1580,1401,1534,4805,4816,4759,3225,3415,3225
20/1/2019 13:30,1580,1431,1471,4805,4817,4655,3225,3386,3184
20/1/2019 14:00,1375,1241,1314,4664,4674,4564,3289,3433,3250
20/1/2019 14:30,1375,1387,1216,4664,4674,4522,3289,3287,3306
20/1/2019 15:00,1130,1135,1078,4644,4658,4510,3514,3523,3432
20/1/2019 15:30,1130,1136,944,4644,4658,4521,3514,3522,3577
20/1/2019 16:00,909,863,780,4904,4914,4589,3995,4051,3809
20/1/2019 16:30,909,800,754,4904,4914,4763,3995,4114,4009
20/1/2019 17:00,732,608,720,5431,5414,5156,4699,4806,4436
20/1/2019 17:30,732,543,721,5431,5414,5471,4699,4871,4750
20/1/2019 18:00,598,445,670,5494,5445,5525,4896,5000,4855
20/1/2019 18:30,598,389,521,5494,5445,5427,4896,5056,4906
20/1/2019 19:00,493,333,419,5267,5223,5304,4774,4890,4885
20/1/2019 19:30,493,312,376,5267,5223,5194,4774,4911,4818
20/1/2019 20:00,400,262,308,5018,4988,5063,4618,4726,4755
20/1/2019 20:30,400,356,263,5018,4988,4936,4618,4632,4673
20/1/2019 21:00,305,293,227,4693,4666,4796,4388,4373,4569
20/1/2019 21:30,305,382,228,4693,4666,4607,4388,4284,4379
20/1/2019 22:00,241,310,198,4291,4274,4387,4050,3964,4189
20/1/2019 22:30,241,201,179,4291,4274,4180,4050,4073,4001
20/1/2019 23:00,160,170,155,4009,4006,4079,3849,3836,3924
20/1/2019 23:30,160,167,110,4009,3999,3971,3849,3832,3861
21/1/2019 0:00,166,170,76,3710,3700,3804,3544,3530,3728
21/1/2019 0:30,166,136,94,3710,3700,3668,3544,3564,3574
21/1/2019 1:00,223,200,141,3494,3485,3577,3271,3285,3436
21/1/2019 1:30,223,197,195,3494,3485,3503,3271,3288,3308
21/1/2019 2:00,327,333,253,3359,3354,3413,3032,3021,3160
21/1/2019 2:30,327,270,333,3359,3354,3355,3032,3084,3022
21/1/2019 3:00,483,471,443,3303,3296,3299,2820,2825,2856
21/1/2019 3:30,483,462,502,3303,3296,3260,2820,2834,2758
21/1/2019 4:00,674,697,620,3300,3293,3253,2626,2596,2633
21/1/2019 4:30,674,714,766,3300,3293,3251,2626,2579,2485
21/1/2019 5:00,890,959,982,3416,3409,3311,2526,2450,2329
21/1/2019 5:30,890,972,1179,3416,3409,3412,2526,2437,2233
21/1/2019 6:00,1164,1233,1348,3909,3905,3649,2745,2672,2301
21/1/2019 6:30,1164,1220,1553,3909,3905,3973,2745,2685,2420
21/1/2019 7:00,1486,1488,1816,4812,4816,4486,3326,3328,2670
21/1/2019 7:30,1486,1430,1992,4812,4816,5028,3326,3386,3036
21/1/2019 8:00,1806,1745,2158,5242,5239,5215,3436,3494,3057
21/1/2019 8:30,1806,1859,2366,5242,5239,5248,3436,3380,2882
21/1/2019 9:00,2114,2181,2527,5365,5347,5355,3251,3166,2828
21/1/2019 9:30,2114,2338,2565,5365,5347,5447,3251,3009,2882
21/1/2019 10:00,2404,2646,2674,5422,5410,5448,3018,2764,2774
21/1/2019 10:30,2404,2778,2750,5422,5410,5474,3018,2632,2724
21/1/2019 11:00,2713,3072,2862,5447,5430,5495,2734,2358,2633
21/1/2019 11:30,2713,3110,3123,5447,5422,5537,2734,2312,2414
21/1/2019 12:00,3025,3351,3310,5482,5446,5569,2457,2095,2259
21/1/2019 12:30,3025,3351,3493,5482,5446,5614,2457,2095,2121
21/1/2019 13:00,3229,3510,3587,5378,5334,5581,2149,1824,1994
21/1/2019 13:30,3229,3567,3614,5378,5334,5528,2149,1767,1914
21/1/2019 14:00,3295,3592,3686,5344,5291,5559,2049,1699,1873
21/1/2019 14:30,3295,3511,3756,5344,5291,5577,2049,1780,1821
21/1/2019 15:00,3132,3315,3827,5452,5389,5625,2320,2074,1798
21/1/2019 15:30,3132,3512,3650,5452,5389,5709,2320,1877,2059
21/1/2019 16:00,2709,3063,3422,5814,5751,5825,3105,2688,2403
21/1/2019 16:30,2709,3063,3067,5814,5751,6045,3105,2688,2978
21/1/2019 17:00,2355,2721,2906,6332,6306,6292,3977,3585,3386
21/1/2019 17:30,2355,2727,2705,6332,6307,6389,3977,3580,3684
21/1/2019 18:00,2279,2626,2435,6219,6238,6263,3940,3612,3828
21/1/2019 18:30,2279,2774,2401,6219,6239,6125,3940,3465,3724
21/1/2019 19:00,2257,2703,2268,5901,5926,5959,3644,3223,3691
21/1/2019 19:30,2257,2736,2200,5901,5927,5810,3644,3191,3610
21/1/2019 20:00,2238,2690,2223,5595,5603,5619,3357,2913,3396
21/1/2019 20:30,2238,2526,2209,5595,5603,5463,3357,3077,3254
21/1/2019 21:00,2229,2429,1970,5205,5212,5231,2976,2783,3261
21/1/2019 21:30,2229,2260,1866,5205,5212,4988,2976,2952,3122
21/1/2019 22:00,2149,2157,1843,4699,4695,4736,2550,2538,2893
21/1/2019 22:30,2149,1954,1820,4699,4695,4493,2550,2741,2673
21/1/2019 23:00,2040,1812,1740,4345,4347,4355,2305,2535,2615
21/1/2019 23:30,2040,1870,1647,4345,4347,4156,2305,2477,2509
22/1/2019 0:00,1821,1757,1792,3975,3981,4017,2154,2224,2225
22/1/2019 0:30,1821,1685,1527,3975,3981,3843,2154,2296,2316
22/1/2019 1:00,1715,1651,1331,3759,3762,3721,2044,2111,2390
22/1/2019 1:30,1715,1592,1205,3759,3762,3663,2044,2170,2458
22/1/2019 2:00,1690,1575,1179,3608,3608,3579,1918,2033,2400
22/1/2019 2:30,1690,1471,1182,3608,3607,3531,1918,2136,2349
22/1/2019 3:00,1679,1499,1298,3536,3539,3470,1857,2040,2172
22/1/2019 3:30,1679,1332,1353,3536,3538,3456,1857,2206,2103
22/1/2019 4:00,1715,1456,1346,3516,3519,3449,1801,2063,2103
22/1/2019 4:30,1715,1456,1370,3516,3519,3429,1801,2063,2059
22/1/2019 5:00,1741,1616,1393,3621,3618,3459,1880,2002,2066
22/1/2019 5:30,1741,1464,1485,3621,3618,3579,1880,2154,2094
22/1/2019 6:00,1765,1530,1533,4118,4124,3853,2353,2594,2320
22/1/2019 6:30,1765,1636,1362,4118,4124,4171,2353,2488,2809
22/1/2019 7:00,1782,1596,1283,5016,5020,4660,3234,3424,3377
22/1/2019 7:30,1782,1580,1403,5016,5009,5172,3234,3429,3769
22/1/2019 8:00,1778,1570,1484,5415,5417,5359,3637,3847,3875
22/1/2019 8:30,1778,1522,1480,5415,5417,5370,3637,3895,3890
22/1/2019 9:00,1718,1502,1455,5522,5546,5450,3804,4044,3995
22/1/2019 9:30,1718,1493,1312,5522,5546,5525,3804,4053,4213
22/1/2019 10:00,1635,1468,1253,5565,5593,5515,3930,4125,4262
22/1/2019 10:30,1635,1304,1263,5565,5593,5538,3930,4289,4275
22/1/2019 11:00,1612,1362,1136,5563,5618,5516,3951,4256,4380
22/1/2019 11:30,1612,1437,1066,5563,5610,5511,3951,4173,4445
22/1/2019 12:00,1631,1486,1060,5573,5650,5533,3942,4164,4473
22/1/2019 12:30,1631,1486,987,5573,5650,5528,3942,4164,4541
22/1/2019 13:00,1713,1537,1079,5463,5579,5504,3750,4042,4425
22/1/2019 13:30,1713,1537,1192,5463,5579,5400,3750,4042,4208
22/1/2019 14:00,1741,1397,1216,5416,5544,5386,3675,4147,4170
22/1/2019 14:30,1741,1397,1171,5416,5544,5404,3675,4147,4233
22/1/2019 15:00,1632,1253,1201,5512,5641,5471,3880,4388,4270
22/1/2019 15:30,1632,1253,1100,5512,5641,5542,3880,4388,4442
22/1/2019 16:00,1400,1011,1130,5853,5981,5677,4453,4970,4547
22/1/2019 16:30,1400,938,1141,5853,5980,5889,4453,5042,4748
22/1/2019 17:00,1146,850,1048,6374,6407,6207,5228,5557,5159
22/1/2019 17:30,1146,848,891,6374,6407,6412,5228,5559,5521
22/1/2019 18:00,1004,793,888,6323,6307,6372,5319,5514,5484
22/1/2019 18:30,1004,818,987,6323,6307,6256,5319,5489,5269
22/1/2019 19:00,977,788,939,6006,5975,6090,5029,5187,5151
22/1/2019 19:30,977,806,944,6006,5975,5900,5029,5169,4956
22/1/2019 20:00,1021,797,863,5680,5644,5732,4659,4847,4869
22/1/2019 20:30,1021,797,804,5680,5644,5568,4659,4847,4764
22/1/2019 21:00,1068,821,854,5291,5246,5407,4223,4425,4553
22/1/2019 21:30,1068,820,954,5291,5246,5154,4223,4426,4200
22/1/2019 22:00,1099,896,1082,4771,4729,4856,3672,3833,3774
22/1/2019 22:30,1099,949,1167,4771,4729,4553,3672,3780,3386
22/1/2019 23:00,1209,1075,1221,4349,4347,4405,3140,3272,3184
22/1/2019 23:30,1209,1058,1219,4349,4350,4224,3140,3292,3005
23/1/2019 0:00,1293,1128,1247,3974,3978,4039,2681,2850,2792
23/1/2019 0:30,1293,1082,1251,3974,3978,3879,2681,2896,2628
23/1/2019 1:00,1331,1082,1336,3742,3748,3801,2411,2666,2465
23/1/2019 1:30,1331,1206,1437,3742,3748,3746,2411,2542,2309
23/1/2019 2:00,1348,1160,1419,3590,3600,3654,2242,2440,2235
23/1/2019 2:30,1348,1219,1315,3590,3600,3592,2242,2381,2277
23/1/2019 3:00,1303,1187,1297,3517,3526,3546,2214,2339,2249
23/1/2019 3:30,1303,1135,1126,3517,3526,3491,2214,2391,2365
23/1/2019 4:00,1199,1095,1011,3504,3518,3477,2305,2423,2466
23/1/2019 4:30,1199,1148,926,3504,3518,3468,2305,2370,2542
23/1/2019 5:00,1091,1095,1056,3613,3627,3538,2522,2532,2482
23/1/2019 5:30,1091,1225,1027,3613,3627,3660,2522,2402,2633
23/1/2019 6:00,985,1139,943,4132,4153,3918,3147,3014,2975
23/1/2019 6:30,985,1140,876,4132,4153,4249,3147,3013,3373
23/1/2019 7:00,897,1007,826,5010,5019,4747,4113,4012,3921
23/1/2019 7:30,897,820,748,5010,5019,5248,4113,4199,4500
23/1/2019 8:00,833,674,682,5386,5398,5410,4553,4724,4728
23/1/2019 8:30,833,634,675,5386,5397,5394,4553,4763,4719
23/1/2019 9:00,760,519,601,5495,5495,5495,4735,4976,4894
23/1/2019 9:30,760,502,545,5495,5495,5593,4735,4993,5048
23/1/2019 10:00,668,431,533,5549,5531,5606,4881,5100,5073
23/1/2019 10:30,668,447,438,5549,5531,5615,4881,5084,5177
23/1/2019 11:00,580,402,456,5565,5524,5630,4985,5122,5174
23/1/2019 11:30,580,402,516,5565,5524,5641,4985,5122,5125
23/1/2019 12:00,514,387,485,5604,5555,5657,5090,5168,5172
23/1/2019 12:30,514,387,474,5604,5555,5693,5090,5168,5219
23/1/2019 13:00,467,400,478,5526,5450,5648,5059,5050,5170
23/1/2019 13:30,467,348,426,5526,5451,5553,5059,5103,5127
23/1/2019 14:00,441,296,409,5507,5429,5565,5066,5133,5156
23/1/2019 14:30,441,280,413,5507,5430,5572,5066,5150,5159
23/1/2019 15:00,450,247,364,5612,5531,5606,5162,5284,5242
23/1/2019 15:30,450,296,288,5612,5531,5690,5162,5235,5402
23/1/2019 16:00,458,269,245,5941,5839,5795,5483,5570,5550
23/1/2019 16:30,458,236,222,5941,5839,6019,5483,5603,5797
23/1/2019 17:00,458,245,226,6388,6326,6323,5930,6081,6097
23/1/2019 17:30,458,278,256,6388,6326,6476,5930,6048,6220
23/1/2019 18:00,475,303,319,6318,6290,6408,5843,5987,6089
23/1/2019 18:30,475,274,442,6318,6290,6273,5843,6016,5831
23/1/2019 19:00,479,331,462,6009,5986,6108,5530,5655,5646
23/1/2019 19:30,479,252,530,6009,5986,5930,5530,5734,5400
23/1/2019 20:00,491,393,634,5661,5635,5770,5170,5242,5136
23/1/2019 20:30,491,469,734,5661,5635,5589,5170,5166,4855
23/1/2019 21:00,516,678,804,5252,5227,5415,4736,4549,4611
23/1/2019 21:30,516,720,826,5252,5227,5160,4736,4507,4334
23/1/2019 22:00,544,847,813,4730,4692,4856,4186,3845,4043
23/1/2019 22:30,544,1003,925,4730,4692,4589,4186,3689,3664
23/1/2019 23:00,888,1040,1084,4315,4316,4428,3427,3276,3344
23/1/2019 23:30,888,1070,1169,4315,4316,4269,3427,3246,3100
24/1/2019 0:00,940,1068,1141,3946,3946,4066,3006,2878,2925
24/1/2019 0:30,940,1047,1171,3946,3946,3915,3006,2899,2744
24/1/2019 1:00,1012,1045,1237,3722,3724,3820,2710,2679,2583
24/1/2019 1:30,1012,964,1318,3722,3724,3740,2710,2760,2422
24/1/2019 2:00,1097,977,1385,3565,3566,3633,2468,2589,2248
24/1/2019 2:30,1097,1200,1398,3565,3566,3565,2468,2366,2167
24/1/2019 3:00,1126,1173,1421,3469,3478,3517,2343,2305,2096
24/1/2019 3:30,1126,1233,1430,3469,3477,3503,2343,2244,2073
24/1/2019 4:00,1072,1177,1459,3451,3452,3504,2379,2275,2045
24/1/2019 4:30,1072,1177,1428,3451,3452,3493,2379,2275,2065
24/1/2019 5:00,1003,1118,1377,3560,3567,3537,2557,2449,2160
24/1/2019 5:30,1003,1246,1415,3560,3567,3636,2557,2321,2221
24/1/2019 6:00,986,1256,1384,4055,4066,3888,3069,2810,2504
24/1/2019 6:30,986,1296,1326,4055,4066,4225,3069,2770,2899
24/1/2019 7:00,1012,1368,1438,4931,4932,4662,3919,3564,3224
24/1/2019 7:30,1012,1457,1563,4931,4932,5174,3919,3475,3611
24/1/2019 8:00,1062,1487,1601,5308,5311,5343,4246,3824,3742
24/1/2019 8:30,1062,1541,1746,5308,5312,5338,4246,3771,3592
24/1/2019 9:00,1176,1554,1747,5418,5437,5391,4242,3883,3644
24/1/2019 9:30,1176,1547,1712,5418,5437,5449,4242,3890,3737
24/1/2019 10:00,1318,1605,1766,5446,5480,5456,4128,3875,3690
24/1/2019 10:30,1318,1573,1844,5446,5480,5460,4128,3907,3616
24/1/2019 11:00,1439,1644,1853,5463,5508,5444,4024,3864,3591
24/1/2019 11:30,1439,1738,1917,5463,5502,5454,4024,3764,3537
24/1/2019 12:00,1569,1782,2102,5489,5534,5488,3920,3752,3386
24/1/2019 12:30,1569,1773,2269,5489,5534,5540,3920,3761,3271
24/1/2019 13:00,1731,1881,2349,5411,5464,5497,3680,3583,3148
24/1/2019 13:30,1731,1935,2391,5411,5464,5398,3680,3529,3007
24/1/2019 14:00,1920,2122,2460,5376,5414,5445,3456,3292,2985
24/1/2019 14:30,1920,2346,2475,5376,5414,5442,3456,3068,2967
24/1/2019 15:00,2051,2405,2425,5460,5479,5429,3409,3074,3004
24/1/2019 15:30,2051,2352,2371,5460,5479,5471,3409,3127,3100
24/1/2019 16:00,2084,2292,2328,5748,5768,5575,3664,3476,3247
24/1/2019 16:30,2084,2499,2254,5748,5768,5759,3664,3269,3505
24/1/2019 17:00,2074,2359,2244,6207,6212,6028,4133,3853,3784
24/1/2019 17:30,2074,2355,2193,6207,6212,6193,4133,3857,4000
24/1/2019 18:00,2013,2208,2173,6183,6166,6138,4170,3958,3965
24/1/2019 18:30,2013,2184,2046,6183,6166,6000,4170,3982,3954
24/1/2019 19:00,1910,2065,1931,5884,5864,5854,3974,3799,3923
24/1/2019 19:30,1910,2065,2000,5884,5864,5713,3974,3799,3713
24/1/2019 20:00,1814,1991,1936,5558,5553,5549,3744,3562,3613
24/1/2019 20:30,1814,1951,1973,5558,5553,5406,3744,3602,3433
24/1/2019 21:00,1727,1920,1993,5150,5141,5187,3423,3221,3194
24/1/2019 21:30,1727,1849,2024,5150,5141,4953,3423,3292,2929
24/1/2019 22:00,1664,1851,2051,4619,4614,4685,2955,2763,2634
24/1/2019 22:30,1664,1853,2208,4619,4609,4453,2955,2756,2245
24/1/2019 23:00,1784,1814,2192,4269,4268,4302,2485,2454,2110
24/1/2019 23:30,1784,1863,2170,4269,4268,4146,2485,2405,1976
25/1/2019 0:00,1802,1826,2126,3908,3906,3960,2106,2080,1834
25/1/2019 0:30,1802,1908,2086,3908,3906,3785,2106,1998,1699
25/1/2019 1:00,1816,1912,2124,3684,3683,3641,1868,1771,1517
25/1/2019 1:30,1816,1994,2168,3684,3683,3537,1868,1689,1369
25/1/2019 2:00,1812,1992,2256,3524,3521,3437,1712,1529,1181
25/1/2019 2:30,1812,2106,2383,3524,3521,3391,1712,1415,1008
25/1/2019 3:00,1811,2075,2471,3448,3445,3354,1637,1370,883
25/1/2019 3:30,1811,2110,2486,3448,3446,3347,1637,1336,861
25/1/2019 4:00,1811,2098,2434,3431,3429,3359,1620,1331,925
25/1/2019 4:30,1811,2098,2374,3431,3429,3352,1620,1331,978
25/1/2019 5:00,1811,2105,2444,3538,3540,3399,1727,1435,955
25/1/2019 5:30,1811,2208,2452,3538,3540,3490,1727,1332,1038
25/1/2019 6:00,1831,2192,2445,4019,4022,3756,2188,1830,1311
25/1/2019 6:30,1831,2416,2493,4019,4021,4052,2188,1605,1559
25/1/2019 7:00,1834,2343,2510,4853,4851,4504,3019,2508,1994
25/1/2019 7:30,1834,2427,2534,4853,4851,4927,3019,2424,2393
25/1/2019 8:00,1813,2339,2553,5210,5205,5137,3397,2866,2584
25/1/2019 8:30,1813,2343,2526,5210,5205,5078,3397,2862,2552
25/1/2019 9:00,1845,2285,2410,5320,5301,5128,3475,3016,2718
25/1/2019 9:30,1845,2307,2368,5320,5301,5201,3475,2994,2833
25/1/2019 10:00,1919,2286,2359,5352,5324,5175,3433,3038,2816
25/1/2019 10:30,1919,2381,2294,5352,5328,5194,3433,2947,2900
25/1/2019 11:00,1983,2352,2241,5378,5339,5076,3395,2987,2835
25/1/2019 11:30,1983,2426,2307,5378,5339,5215,3395,2913,2908
25/1/2019 12:00,2011,2333,2340,5381,5353,5192,3370,3020,2852
25/1/2019 12:30,2011,2333,2382,5381,5352,5179,3370,3019,2797
25/1/2019 13:00,1994,2200,2386,5272,5242,5142,3278,3042,2756
25/1/2019 13:30,1994,2195,2412,5272,5241,5078,3278,3046,2666
25/1/2019 14:00,1936,2122,2469,5223,5210,5052,3287,3088,2583
25/1/2019 14:30,1936,2110,2367,5223,5210,5012,3287,3100,2645
25/1/2019 15:00,1844,2098,2352,5256,5230,5014,3412,3132,2662
25/1/2019 15:30,1844,2098,2393,5256,5230,5066,3412,3132,2673
25/1/2019 16:00,1770,2128,2338,5472,5437,5115,3702,3309,2777
25/1/2019 16:30,1770,2229,2229,5472,5436,5270,3702,3207,3041
25/1/2019 17:00,1736,2241,2266,5926,5876,5560,4190,3635,3294
25/1/2019 17:30,1736,2415,2180,5926,5876,5798,4190,3461,3618
25/1/2019 18:00,1742,2382,2186,5926,5869,5804,4184,3487,3618
25/1/2019 18:30,1742,2386,2082,5926,5869,5687,4184,3483,3605
25/1/2019 19:00,1776,2298,2079,5622,5572,5534,3846,3274,3455
25/1/2019 19:30,1776,2317,2086,5622,5572,5374,3846,3255,3288
25/1/2019 20:00,1824,2284,2136,5279,5226,5165,3455,2942,3029
25/1/2019 20:30,1824,2218,2123,5279,5226,5014,3455,3008,2891
25/1/2019 21:00,1870,2224,2043,4895,4846,4871,3025,2622,2828
25/1/2019 21:30,1870,2075,2075,4895,4845,4643,3025,2770,2568
25/1/2019 22:00,1871,2101,2018,4492,4461,4442,2621,2360,2424
25/1/2019 22:30,1871,2119,2057,4492,4463,4237,2621,2344,2180
25/1/2019 23:00,2187,2178,2057,4261,4254,4175,2074,2076,2118
25/1/2019 23:30,2187,2252,2097,4261,4253,4046,2074,2001,1949
26/1/2019 0:00,2227,2290,2244,3934,3926,3870,1707,1636,1626
26/1/2019 0:30,2227,2202,2283,3934,3925,3713,1707,1723,1430
26/1/2019 1:00,2298,2243,2360,3633,3621,3622,1335,1378,1262
26/1/2019 1:30,2298,2201,2475,3633,3620,3558,1335,1419,1083
26/1/2019 2:00,2341,2283,2481,3422,3409,3462,1081,1126,981
26/1/2019 2:30,2341,2293,2479,3422,3408,3349,1081,1115,870
26/1/2019 3:00,2376,2419,2556,3308,3294,3276,932,875,720
26/1/2019 3:30,2376,2358,2627,3308,3294,3228,932,936,601
26/1/2019 4:00,2494,2501,2589,3258,3246,3219,764,745,630
26/1/2019 4:30,2494,2583,2527,3258,3246,3202,764,663,675
26/1/2019 5:00,2682,2742,2490,3286,3278,3196,604,536,706
26/1/2019 5:30,2682,2868,2501,3286,3278,3206,604,410,705
26/1/2019 6:00,2906,3057,2656,3487,3483,3330,581,426,674
26/1/2019 6:30,2906,3071,2779,3487,3482,3402,581,411,623
26/1/2019 7:00,3126,3258,2914,3790,3782,3548,664,524,634
26/1/2019 7:30,3126,3283,2731,3790,3782,3789,664,499,1058
26/1/2019 8:00,3299,3400,2819,4118,4084,3917,819,684,1098
26/1/2019 8:30,3299,3164,3000,4118,4084,4082,819,920,1082
26/1/2019 9:00,3344,3173,3172,4529,4482,4344,1185,1309,1172
26/1/2019 9:30,3344,3109,3356,4529,4482,4541,1185,1373,1185
26/1/2019 10:00,3276,2970,3375,4766,4721,4664,1490,1751,1289
26/1/2019 10:30,3276,2978,3234,4766,4725,4732,1490,1747,1498
26/1/2019 11:00,3160,2767,3055,4870,4819,4787,1710,2052,1732
26/1/2019 11:30,3160,2512,2900,4870,4819,4874,1710,2307,1974
26/1/2019 12:00,3052,2378,2943,4941,4870,4928,1889,2492,1985
26/1/2019 12:30,3052,2555,2852,4941,4870,4929,1889,2315,2077
26/1/2019 13:00,2943,2403,2690,4875,4810,4836,1932,2407,2146
26/1/2019 13:30,2943,2673,2597,4875,4810,4754,1932,2137,2157
26/1/2019 14:00,2776,2420,2538,4779,4684,4681,2003,2264,2143
26/1/2019 14:30,2776,2376,2413,4779,4684,4608,2003,2308,2195
26/1/2019 15:00,2575,2158,2323,4750,4681,4603,2175,2523,2280
26/1/2019 15:30,2575,2120,2286,4750,4682,4620,2175,2562,2334
26/1/2019 16:00,2413,2043,2147,4936,4876,4676,2523,2833,2529
26/1/2019 16:30,2413,2043,2202,4936,4876,4853,2523,2833,2651
26/1/2019 17:00,2412,2150,2325,5443,5403,5190,3031,3253,2865
26/1/2019 17:30,2412,2258,2402,5443,5403,5457,3031,3145,3055
26/1/2019 18:00,2616,2687,2559,5480,5457,5455,2864,2770,2896
26/1/2019 18:30,2616,2750,2972,5480,5456,5408,2864,2706,2436
26/1/2019 19:00,2945,3377,3481,5181,5155,5275,2236,1778,1794
26/1/2019 19:30,2945,3403,3549,5181,5155,5086,2236,1752,1537
26/1/2019 20:00,3298,3824,3466,4848,4816,4895,1550,992,1429
26/1/2019 20:30,3298,3854,3376,4848,4816,4713,1550,962,1337
26/1/2019 21:00,3560,3956,3266,4528,4504,4551,968,548,1285
26/1/2019 21:30,3560,3974,3194,4528,4504,4434,968,530,1240
26/1/2019 22:00,3668,3969,3062,4231,4197,4267,563,228,1205
26/1/2019 22:30,3668,4110,3027,4231,4208,4140,563,98,1113
26/1/2019 23:00,3722,4039,3010,4054,4054,4081,332,15,1071
26/1/2019 23:30,3722,3672,3021,4054,4054,4034,332,382,1013
27/1/2019 0:00,3706,3654,2885,3776,3783,3886,70,129,1001
27/1/2019 0:30,3706,3414,2848,3776,3782,3731,70,368,883
27/1/2019 1:00,3660,3409,2826,3569,3583,3613,-91,174,787
27/1/2019 1:30,3660,3003,2826,3569,3583,3499,-91,580,673
27/1/2019 2:00,3606,3026,2766,3389,3407,3412,-217,381,646
27/1/2019 2:30,3606,2994,2637,3389,3407,3330,-217,413,693
27/1/2019 3:00,3562,3022,2639,3268,3284,3281,-294,262,642
27/1/2019 3:30,3562,2796,2610,3268,3284,3245,-294,488,635
27/1/2019 4:00,3526,2848,2575,3213,3231,3215,-313,383,640
27/1/2019 4:30,3526,2848,2555,3213,3230,3193,-313,382,638
27/1/2019 5:00,3520,2916,2552,3187,3204,3187,-333,288,635
27/1/2019 5:30,3520,2853,2539,3187,3203,3178,-333,350,639
27/1/2019 6:00,3521,2945,2573,3256,3271,3238,-265,326,665
27/1/2019 6:30,3521,2795,2559,3256,3270,3279,-265,475,720
27/1/2019 7:00,3488,2874,2610,3407,3410,3357,-81,536,747
27/1/2019 7:30,3488,2792,2628,3407,3410,3497,-81,618,869
27/1/2019 8:00,3439,2842,2595,3579,3605,3539,140,763,944
27/1/2019 8:30,3439,2734,2715,3579,3605,3684,140,871,969
27/1/2019 9:00,3373,2782,2978,3953,3993,3956,580,1211,978
27/1/2019 9:30,3373,2703,3060,3953,3993,4174,580,1290,1114
27/1/2019 10:00,3331,2766,3120,4327,4355,4354,996,1589,1234
27/1/2019 10:30,3331,2679,3096,4327,4356,4477,996,1677,1381
27/1/2019 11:00,3306,2744,3078,4560,4603,4564,1254,1859,1486
27/1/2019 11:30,3306,2681,2876,4560,4603,4595,1254,1922,1719
27/1/2019 12:00,3220,2690,2771,4775,4827,4691,1555,2137,1920
27/1/2019 12:30,3220,2716,2706,4775,4827,4736,1555,2111,2030
27/1/2019 13:00,3043,2577,2727,4784,4797,4776,1741,2220,2049
27/1/2019 13:30,3043,2857,2646,4784,4798,4731,1741,1941,2085
27/1/2019 14:00,2741,2431,2362,4650,4655,4677,1909,2224,2315
27/1/2019 14:30,2741,2110,2017,4650,4655,4614,1909,2545,2597
27/1/2019 15:00,2231,1577,1521,4621,4618,4591,2390,3041,3070
27/1/2019 15:30,2231,1632,1174,4621,4618,4633,2390,2986,3459
27/1/2019 16:00,1564,1067,865,4811,4818,4693,3247,3751,3828
27/1/2019 16:30,1564,1078,669,4811,4817,4848,3247,3739,4179
27/1/2019 17:00,999,665,552,5309,5311,5130,4310,4646,4578
27/1/2019 17:30,999,644,492,5309,5311,5488,4310,4667,4996
27/1/2019 18:00,680,438,413,5412,5426,5548,4732,4988,5135
27/1/2019 18:30,680,241,375,5412,5426,5460,4732,5185,5085
27/1/2019 19:00,560,202,354,5182,5217,5353,4622,5015,4999
27/1/2019 19:30,560,146,315,5182,5216,5225,4622,5070,4910
27/1/2019 20:00,512,126,325,4932,4958,5094,4420,4832,4769
27/1/2019 20:30,512,179,323,4932,4958,4966,4420,4779,4643
27/1/2019 21:00,484,211,355,4605,4643,4830,4121,4432,4475
27/1/2019 21:30,484,325,384,4605,4643,4621,4121,4318,4237
27/1/2019 22:00,558,378,449,4209,4257,4397,3651,3879,3948
27/1/2019 22:30,558,356,544,4209,4249,4191,3651,3893,3647
27/1/2019 23:00,740,504,703,4001,3992,4095,3261,3488,3392
27/1/2019 23:30,740,520,792,4001,3992,3952,3261,3472,3160
28/1/2019 0:00,885,737,927,3699,3696,3784,2814,2959,2857
28/1/2019 0:30,885,745,1147,3699,3696,3638,2814,2951,2491
28/1/2019 1:00,1019,986,1294,3465,3464,3542,2446,2478,2248
28/1/2019 1:30,1019,972,1384,3465,3464,3474,2446,2492,2090
28/1/2019 2:00,1107,1098,1404,3315,3319,3397,2208,2221,1993
28/1/2019 2:30,1107,1235,1452,3315,3319,3345,2208,2084,1893
28/1/2019 3:00,1174,1208,1429,3264,3271,3297,2090,2063,1868
28/1/2019 3:30,1174,1315,1489,3264,3271,3288,2090,1956,1799
28/1/2019 4:00,1277,1268,1476,3253,3263,3285,1976,1995,1809
28/1/2019 4:30,1277,1268,1401,3253,3263,3286,1976,1995,1885
28/1/2019 5:00,1402,1214,1352,3364,3374,3344,1962,2160,1992
28/1/2019 5:30,1402,1265,1314,3364,3375,3430,1962,2110,2116
28/1/2019 6:00,1482,1205,1381,3862,3872,3705,2380,2667,2324
28/1/2019 6:30,1482,1245,1488,3862,3872,4040,2380,2627,2552
28/1/2019 7:00,1566,1216,1519,4762,4771,4534,3196,3555,3015
28/1/2019 7:30,1566,1296,1517,4762,4771,5064,3196,3475,3547
28/1/2019 8:00,1646,1258,1497,5158,5193,5219,3512,3935,3722
28/1/2019 8:30,1646,1317,1521,5158,5193,5220,3512,3876,3699
28/1/2019 9:00,1630,1218,1418,5320,5384,5336,3690,4166,3918
28/1/2019 9:30,1630,1226,1337,5320,5384,5449,3690,4158,4112
28/1/2019 10:00,1540,1130,1121,5381,5430,5453,3841,4300,4332
28/1/2019 10:30,1540,1202,893,5381,5428,5476,3841,4226,4583
28/1/2019 11:00,1416,1154,666,5424,5435,5461,4008,4281,4795
28/1/2019 11:30,1416,1147,601,5424,5435,5441,4008,4288,4840
28/1/2019 12:00,1391,1186,594,5466,5441,5434,4075,4255,4840
28/1/2019 12:30,1391,1254,590,5466,5441,5463,4075,4187,4873
28/1/2019 13:00,1485,1334,601,5345,5347,5364,3860,4013,4763
28/1/2019 13:30,1485,1254,636,5345,5347,5254,3860,4093,4618
28/1/2019 14:00,1544,1320,778,5304,5326,5238,3760,4006,4460
28/1/2019 14:30,1544,914,931,5304,5327,5257,3760,4413,4326
28/1/2019 15:00,1484,881,1034,5381,5420,5285,3897,4539,4251
28/1/2019 15:30,1484,844,1006,5381,5420,5379,3897,4576,4373
28/1/2019 16:00,1321,714,971,5679,5710,5486,4358,4996,4515
28/1/2019 16:30,1321,610,919,5679,5709,5676,4358,5099,4757
28/1/2019 17:00,1136,520,883,6187,6233,5932,5051,5713,5049
28/1/2019 17:30,1136,506,893,6187,6233,6250,5051,5727,5357
28/1/2019 18:00,1009,525,852,6174,6213,6227,5165,5688,5375
28/1/2019 18:30,1009,650,948,6174,6213,6100,5165,5563,5152
28/1/2019 19:00,967,726,962,5881,5902,5927,4914,5176,4965
28/1/2019 19:30,967,783,968,5881,5902,5795,4914,5119,4827
28/1/2019 20:00,960,876,1019,5565,5589,5635,4605,4713,4616
28/1/2019 20:30,960,865,1000,5565,5589,5448,4605,4724,4448
28/1/2019 21:00,989,931,1018,5164,5177,5257,4175,4246,4239
28/1/2019 21:30,989,1055,1005,5164,5176,5000,4175,4121,3995
28/1/2019 22:00,1025,1053,949,4644,4642,4722,3619,3589,3773
28/1/2019 22:30,1025,1089,984,4644,4641,4433,3619,3552,3449
28/1/2019 23:00,986,1029,930,4275,4273,4272,3289,3244,3342
28/1/2019 23:30,986,1046,849,4275,4273,4135,3289,3227,3286
29/1/2019 0:00,968,995,836,3903,3900,3935,2935,2905,3099
29/1/2019 0:30,968,942,894,3903,3900,3812,2935,2958,2918
29/1/2019 1:00,916,914,897,3687,3683,3707,2771,2769,2810
29/1/2019 1:30,916,818,908,3687,3682,3618,2771,2864,2710
29/1/2019 2:00,856,809,867,3544,3540,3528,2688,2731,2661
29/1/2019 2:30,856,766,857,3544,3540,3485,2688,2774,2628
29/1/2019 3:00,828,718,795,3473,3469,3430,2645,2751,2635
29/1/2019 3:30,828,660,807,3473,3468,3393,2645,2808,2586
29/1/2019 4:00,852,707,771,3460,3459,3388,2608,2752,2617
29/1/2019 4:30,852,761,773,3460,3460,3370,2608,2699,2597
29/1/2019 5:00,890,975,844,3563,3564,3421,2673,2589,2577
29/1/2019 5:30,890,996,902,3563,3564,3507,2673,2568,2605
29/1/2019 6:00,953,1270,1050,4077,4082,3740,3124,2812,2690
29/1/2019 6:30,953,1307,1337,4077,4082,4119,3124,2775,2782
29/1/2019 7:00,1102,1511,1474,4962,4962,4620,3860,3451,3146
29/1/2019 7:30,1102,1512,1461,4962,4958,5137,3860,3446,3676
29/1/2019 8:00,1319,1623,1552,5352,5335,5295,4033,3712,3743
29/1/2019 8:30,1319,1471,1588,5352,5335,5283,4033,3864,3695
29/1/2019 9:00,1492,1625,1782,5500,5473,5389,4008,3848,3607
29/1/2019 9:30,1492,1518,1711,5500,5473,5451,4008,3955,3740
29/1/2019 10:00,1574,1672,1590,5552,5544,5493,3978,3872,3903
29/1/2019 10:30,1574,1854,1575,5552,5521,5479,3978,3667,3904
29/1/2019 11:00,1631,1899,1587,5554,5524,5487,3923,3625,3900
29/1/2019 11:30,1631,1870,1464,5554,5524,5453,3923,3654,3989
29/1/2019 12:00,1698,1906,1591,5548,5557,5468,3850,3651,3877
29/1/2019 12:30,1698,1948,1728,5548,5557,5494,3850,3609,3766
29/1/2019 13:00,1770,1949,1639,5462,5445,5429,3692,3496,3790
29/1/2019 13:30,1770,1735,1686,5462,5445,5309,3692,3710,3623
29/1/2019 14:00,1784,1673,1654,5435,5395,5297,3651,3722,3643
29/1/2019 14:30,1784,1611,1603,5435,5395,5328,3651,3784,3725
29/1/2019 15:00,1755,1518,1519,5542,5497,5360,3787,3979,3841
29/1/2019 15:30,1755,1470,1433,5542,5497,5438,3787,4027,4005
29/1/2019 16:00,1698,1455,1482,5817,5781,5560,4119,4326,4078
29/1/2019 16:30,1698,1411,1444,5817,5781,5741,4119,4370,4297
29/1/2019 17:00,1574,1393,1274,6322,6267,6018,4748,4874,4744
29/1/2019 17:30,1574,1428,1372,6322,6267,6324,4748,4839,4952
29/1/2019 18:00,1548,1416,1311,6358,6306,6300,4810,4890,4989
29/1/2019 18:30,1548,1412,1284,6358,6305,6187,4810,4893,4903
29/1/2019 19:00,1587,1433,1504,6062,6009,6058,4475,4576,4554
29/1/2019 19:30,1587,1350,1568,6062,6008,5920,4475,4658,4352
29/1/2019 20:00,1574,1416,1609,5736,5682,5740,4162,4266,4131
29/1/2019 20:30,1574,1239,1593,5736,5682,5556,4162,4443,3963
29/1/2019 21:00,1551,1273,1467,5331,5274,5396,3780,4001,3929
29/1/2019 21:30,1551,1309,1305,5331,5274,5142,3780,3965,3837
29/1/2019 22:00,1533,1320,1174,4784,4722,4867,3251,3402,3693
29/1/2019 22:30,1533,1451,1236,4784,4722,4590,3251,3271,3354
29/1/2019 23:00,1411,1416,1250,4348,4344,4421,2937,2928,3171
29/1/2019 23:30,1411,1528,1329,4348,4352,4252,2937,2824,2923
30/1/2019 0:00,1389,1440,1370,3979,3987,4069,2590,2547,2699
30/1/2019 0:30,1389,1348,1208,3979,3987,3905,2590,2639,2697
30/1/2019 1:00,1348,1310,1176,3763,3773,3778,2415,2463,2602
30/1/2019 1:30,1348,1078,1152,3763,3773,3685,2415,2695,2533
30/1/2019 2:00,1286,1032,1239,3605,3619,3622,2319,2587,2383
30/1/2019 2:30,1286,1032,1167,3605,3619,3572,2319,2587,2405
30/1/2019 3:00,1239,1022,1167,3522,3532,3521,2283,2510,2354
30/1/2019 3:30,1239,1153,1140,3522,3532,3520,2283,2379,2380
30/1/2019 4:00,1170,1115,1010,3495,3508,3495,2325,2393,2485
30/1/2019 4:30,1170,995,976,3495,3507,3497,2325,2512,2521
30/1/2019 5:00,1100,930,905,3612,3624,3556,2512,2694,2651
30/1/2019 5:30,1100,1044,844,3612,3624,3648,2512,2580,2804
30/1/2019 6:00,990,917,802,4123,4137,3900,3133,3220,3098
30/1/2019 6:30,990,889,789,4123,4137,4238,3133,3248,3449
30/1/2019 7:00,835,810,762,5029,5044,4731,4194,4234,3969
30/1/2019 7:30,835,743,763,5029,5044,5271,4194,4301,4508
30/1/2019 8:00,746,659,748,5375,5373,5383,4629,4714,4635
30/1/2019 8:30,746,488,719,5375,5373,5371,4629,4885,4652
30/1/2019 9:00,647,386,622,5526,5513,5498,4879,5127,4876
30/1/2019 9:30,647,414,486,5526,5512,5588,4879,5098,5102
30/1/2019 10:00,526,294,397,5587,5570,5620,5061,5276,5223
30/1/2019 10:30,526,335,302,5587,5571,5646,5061,5236,5344
30/1/2019 11:00,485,250,269,5582,5550,5623,5097,5300,5354
30/1/2019 11:30,485,250,217,5582,5550,5625,5097,5300,5408
30/1/2019 12:00,462,208,193,5574,5547,5636,5112,5339,5443
30/1/2019 12:30,462,337,167,5574,5547,5636,5112,5210,5469
30/1/2019 13:00,386,302,186,5441,5418,5651,5055,5116,5465
30/1/2019 13:30,386,197,211,5441,5417,5691,5055,5220,5480
30/1/2019 14:00,315,188,211,5407,5390,5691,5092,5202,5480
30/1/2019 14:30,315,169,211,5407,5390,5691,5092,5221,5480
30/1/2019 15:00,240,152,164,5514,5497,5565,5274,5345,5401
30/1/2019 15:30,240,152,116,5514,5497,5435,5274,5345,5319
30/1/2019 16:00,173,113,96,5807,5782,5581,5634,5669,5485
30/1/2019 16:30,173,87,90,5807,5782,5670,5634,5695,5580
30/1/2019 17:00,152,66,75,6333,6309,5848,6181,6243,5773
30/1/2019 17:30,152,117,73,6333,6310,6147,6181,6193,6074
30/1/2019 18:00,173,125,72,6403,6361,6467,6230,6236,6395
30/1/2019 18:30,173,98,76,6403,6361,6400,6230,6263,6324
30/1/2019 19:00,219,133,87,6115,6087,6297,5896,5954,6210
30/1/2019 19:30,219,85,87,6115,6087,6297,5896,6002,6210
30/1/2019 20:00,281,144,138,5772,5733,5785,5491,5589,5647
30/1/2019 20:30,281,159,173,5772,5732,5701,5491,5573,5528
30/1/2019 21:00,360,250,228,5378,5360,5529,5018,5110,5301
30/1/2019 21:30,360,250,277,5378,5359,5258,5018,5109,4981
30/1/2019 22:00,472,363,367,4837,4822,4991,4365,4459,4624
30/1/2019 22:30,472,341,476,4837,4841,4715,4365,4500,4239
30/1/2019 23:00,577,477,598,4465,4466,4570,3888,3989,3972
30/1/2019 23:30,577,492,745,4465,4466,4392,3888,3974,3647
31/1/2019 0:00,783,676,874,4103,4109,4165,3320,3433,3291
31/1/2019 0:30,783,685,978,4103,4109,4013,3320,3424,3035
31/1/2019 1:00,992,912,1048,3844,3860,3899,2852,2948,2851
31/1/2019 1:30,992,883,1130,3844,3860,3805,2852,2977,2675
31/1/2019 2:00,1205,1119,1288,3685,3697,3729,2480,2578,2441
31/1/2019 2:30,1205,1187,1476,3685,3697,3664,2480,2510,2188
31/1/2019 3:00,1449,1426,1663,3617,3628,3626,2168,2202,1963
31/1/2019 3:30,1449,1540,1835,3617,3628,3573,2168,2088,1738
31/1/2019 4:00,1744,1808,2023,3589,3594,3565,1845,1786,1542
31/1/2019 4:30,1744,1868,2141,3589,3594,3561,1845,1726,1420
31/1/2019 5:00,2051,2181,2326,3691,3695,3642,1640,1514,1316
31/1/2019 5:30,2051,2186,2421,3691,3695,3739,1640,1509,1318
31/1/2019 6:00,2286,2449,2559,4173,4175,3986,1887,1726,1427
31/1/2019 6:30,2286,2616,2629,4173,4175,4304,1887,1559,1675
31/1/2019 7:00,2431,2766,2751,5037,5040,4781,2606,2274,2030
31/1/2019 7:30,2431,2904,2729,5037,5040,5273,2606,2136,2544
31/1/2019 8:00,2529,2978,2639,5395,5398,5417,2866,2420,2778
31/1/2019 8:30,2529,3077,2593,5395,5398,5436,2866,2321,2843
31/1/2019 9:00,2531,3056,2735,5534,5557,5558,3003,2501,2823
31/1/2019 9:30,2531,3038,2761,5534,5557,5672,3003,2519,2911
31/1/2019 10:00,2421,2833,2735,5566,5602,5660,3145,2769,2925
31/1/2019 10:30,2421,2778,2718,5566,5583,5663,3145,2805,2945
31/1/2019 11:00,2455,2579,2658,5557,5601,5675,3102,3022,3017
31/1/2019 11:30,2455,2450,2633,5557,5601,5663,3102,3151,3030
31/1/2019 12:00,2558,2352,2623,5569,5627,5679,3011,3275,3056
31/1/2019 12:30,2558,2222,2545,5569,5627,5697,3011,3405,3152
31/1/2019 13:00,2480,2218,2569,5461,5583,5679,2981,3365,3110
31/1/2019 13:30,2480,2299,2520,5461,5582,5581,2981,3283,3061
31/1/2019 14:00,2482,2298,2447,5439,5556,5561,2957,3258,3114
31/1/2019 14:30,2482,2256,2471,5439,5556,5587,2957,3300,3116
31/1/2019 15:00,2564,2236,2429,5536,5527,5610,2972,3291,3181
31/1/2019 15:30,2564,2294,2380,5536,5527,5661,2972,3233,3281
31/1/2019 16:00,2571,2292,2313,5800,5751,5731,3229,3459,3418
31/1/2019 16:30,2571,2445,2352,5800,5751,5885,3229,3306,3533
31/1/2019 17:00,2559,2442,2294,6286,6222,6133,3727,3780,3839
31/1/2019 17:30,2559,2383,2296,6286,6222,6375,3727,3839,4079
31/1/2019 18:00,2514,2401,2250,6349,6362,6383,3835,3961,4133
31/1/2019 18:30,2514,2439,2164,6349,6362,6284,3835,3923,4120
31/1/2019 19:00,2434,2389,2191,6085,6126,6150,3651,3737,3959
31/1/2019 19:30,2434,2355,2216,6085,6126,6003,3651,3771,3787
31/1/2019 20:00,2481,2318,2275,5745,5757,5833,3264,3439,3558
31/1/2019 20:30,2481,2400,2306,5745,5757,5666,3264,3357,3360
31/1/2019 21:00,2583,2377,2375,5305,5307,5490,2722,2930,3115
31/1/2019 21:30,2583,2292,2358,5305,5307,5215,2722,3015,2857
31/1/2019 22:00,2633,2282,2428,4765,4781,4924,2132,2499,2496
31/1/2019 22:30,2633,2208,2421,4765,4787,4645,2132,2579,2224
31/1/2019 23:00,2439,2165,2453,4435,4446,4508,1996,2281,2055
31/1/2019 23:30,2439,2188,2446,4435,4446,4359,1996,2258,1913
1/2/2019 0:00,2396,2083,2383,4027,4036,4151,1631,1953,1768
1/2/2019 0:30,2396,2162,2317,4027,4036,4026,1631,1874,1709
1/2/2019 1:00,2319,2045,2185,3787,3793,3916,1468,1748,1731
1/2/2019 1:30,2319,2141,2182,3787,3793,3871,1468,1652,1689
1/2/2019 2:00,2228,2053,2086,3632,3637,3811,1404,1584,1725
1/2/2019 2:30,2228,2079,1992,3632,3637,3731,1404,1558,1739
1/2/2019 3:00,2157,1976,1910,3577,3586,3649,1420,1610,1739
1/2/2019 3:30,2157,1976,1859,3577,3586,3610,1420,1610,1751
1/2/2019 4:00,2115,1915,1818,3568,3578,3615,1453,1663,1797
1/2/2019 4:30,2115,1859,1701,3568,3578,3595,1453,1719,1894
1/2/2019 5:00,2062,1818,1751,3707,3713,3644,1645,1895,1893
1/2/2019 5:30,2062,1861,1790,3707,3713,3716,1645,1852,1926
1/2/2019 6:00,1976,1801,1649,4201,4210,3977,2225,2409,2328
1/2/2019 6:30,1976,1763,1603,4201,4210,4305,2225,2447,2702
1/2/2019 7:00,1875,1691,1555,5039,5039,4774,3164,3348,3219
1/2/2019 7:30,1875,1664,1550,5039,5039,5243,3164,3375,3693
1/2/2019 8:00,1776,1558,1490,5373,5367,5431,3597,3809,3941
1/2/2019 8:30,1776,1493,1456,5373,5367,5444,3597,3874,3988
1/2/2019 9:00,1642,1411,1382,5550,5562,5556,3908,4151,4174
1/2/2019 9:30,1642,1366,1307,5550,5562,5640,3908,4196,4333
1/2/2019 10:00,1476,1311,1269,5579,5594,5642,4103,4283,4373
1/2/2019 10:30,1476,1295,1218,5579,5607,5609,4103,4312,4391
1/2/2019 11:00,1372,1272,1117,5587,5598,5591,4215,4326,4474
1/2/2019 11:30,1372,1311,1070,5587,5598,5572,4215,4287,4502
1/2/2019 12:00,1349,1284,994,5594,5623,5548,4245,4339,4554
1/2/2019 12:30,1349,1226,958,5594,5623,5536,4245,4397,4578
1/2/2019 13:00,1358,1263,993,5516,5511,5428,4158,4248,4435
1/2/2019 13:30,1358,1262,1056,5516,5510,5309,4158,4248,4253
1/2/2019 14:00,1363,1321,1139,5459,5441,5290,4096,4120,4151
1/2/2019 14:30,1363,1200,1198,5459,5441,5288,4096,4241,4090
1/2/2019 15:00,1369,1248,1177,5411,5468,5241,4042,4220,4064
1/2/2019 15:30,1369,1191,1194,5411,5468,5264,4042,4277,4070
1/2/2019 16:00,1368,1252,1148,5587,5650,5322,4219,4398,4174
1/2/2019 16:30,1368,1174,1179,5587,5650,5462,4219,4476,4283
1/2/2019 17:00,1385,1270,1362,6075,6118,5704,4690,4848,4342
1/2/2019 17:30,1385,1257,1459,6075,6118,6049,4690,4861,4590
1/2/2019 18:00,1453,1365,1533,6241,6201,6150,4788,4836,4617
1/2/2019 18:30,1453,1443,1445,6241,6201,6072,4788,4758,4627
1/2/2019 19:00,1497,1516,1520,5981,5910,5930,4484,4394,4410
1/2/2019 19:30,1497,1501,1610,5981,5910,5799,4484,4409,4189
1/2/2019 20:00,1479,1546,1696,5550,5524,5611,4071,3978,3915
1/2/2019 20:30,1479,1588,1625,5550,5524,5418,4071,3936,3793
1/2/2019 21:00,1429,1571,1610,5156,5150,5254,3727,3579,3644
1/2/2019 21:30,1429,1564,1646,5156,5150,5067,3727,3586,3421
1/2/2019 22:00,1384,1563,1652,4735,4711,4843,3351,3148,3191
1/2/2019 22:30,1384,1504,1659,4735,4708,4634,3351,3204,2975
1/2/2019 23:00,1680,1515,1534,4486,4481,4545,2806,2966,3011
1/2/2019 23:30,1680,1647,1525,4486,4481,4407,2806,2834,2882
2/2/2019 0:00,1633,1600,1604,4128,4117,4227,2495,2517,2623
2/2/2019 0:30,1633,1557,1612,4128,4117,4026,2495,2560,2414
2/2/2019 1:00,1601,1488,1638,3870,3857,3870,2269,2369,2232
2/2/2019 1:30,1601,1510,1698,3870,3857,3789,2269,2347,2091
2/2/2019 2:00,1523,1462,1583,3667,3658,3676,2144,2196,2093
2/2/2019 2:30,1523,1428,1635,3667,3658,3604,2144,2230,1969
2/2/2019 3:00,1421,1324,1579,3551,3540,3523,2130,2216,1944
2/2/2019 3:30,1421,1313,1497,3551,3540,3493,2130,2227,1996
2/2/2019 4:00,1322,1190,1387,3485,3479,3477,2163,2289,2090
2/2/2019 4:30,1322,1258,1320,3485,3479,3447,2163,2221,2127
2/2/2019 5:00,1185,1106,1245,3493,3492,3460,2308,2386,2215
2/2/2019 5:30,1185,1132,1080,3493,3492,3479,2308,2360,2399
2/2/2019 6:00,1010,959,1041,3670,3675,3578,2660,2716,2537
2/2/2019 6:30,1010,1093,985,3670,3674,3704,2660,2581,2719
2/2/2019 7:00,864,918,881,3982,3993,3886,3118,3075,3005
2/2/2019 7:30,864,885,795,3982,3993,4130,3118,3108,3335
2/2/2019 8:00,719,664,772,4306,4351,4232,3587,3687,3460
2/2/2019 8:30,719,558,670,4306,4351,4441,3587,3793,3771
2/2/2019 9:00,558,411,582,4777,4790,4739,4219,4379,4157
2/2/2019 9:30,558,371,524,4777,4790,4948,4219,4419,4424
2/2/2019 10:00,438,293,428,5085,5069,5064,4647,4776,4636
2/2/2019 10:30,438,357,362,5085,5077,5138,4647,4720,4776
2/2/2019 11:00,353,317,308,5176,5151,5156,4823,4834,4848
2/2/2019 11:30,353,397,250,5176,5151,5134,4823,4754,4884
2/2/2019 12:00,312,380,227,5170,5113,5118,4858,4733,4891
2/2/2019 12:30,312,389,239,5170,5113,5108,4858,4724,4869
2/2/2019 13:00,315,393,299,5052,4956,5050,4737,4563,4751
2/2/2019 13:30,315,353,319,5052,4956,4971,4737,4603,4652
2/2/2019 14:00,339,370,348,4916,4812,4890,4577,4442,4542
2/2/2019 14:30,339,292,376,4916,4812,4858,4577,4520,4482
2/2/2019 15:00,338,278,308,4911,4800,4843,4573,4522,4535
2/2/2019 15:30,338,258,309,4911,4800,4848,4573,4542,4539
2/2/2019 16:00,287,224,251,5103,5006,4923,4816,4782,4672
2/2/2019 16:30,287,260,242,5103,5006,5035,4816,4746,4793
2/2/2019 17:00,247,274,222,5640,5549,5175,5393,5275,4953
2/2/2019 17:30,247,321,215,5640,5550,5576,5393,5229,5361
2/2/2019 18:00,242,335,198,5798,5758,5641,5556,5423,5443
2/2/2019 18:30,242,257,222,5798,5759,5580,5556,5502,5358
2/2/2019 19:00,260,266,253,5530,5514,5540,5270,5248,5287
2/2/2019 19:30,260,285,281,5530,5514,5371,5270,5229,5090
2/2/2019 20:00,310,302,263,5147,5147,5192,4837,4845,4929
2/2/2019 20:30,310,226,315,5147,5148,5026,4837,4922,4711
2/2/2019 21:00,389,283,358,4821,4812,4876,4432,4529,4518
2/2/2019 21:30,389,258,406,4821,4811,4717,4432,4553,4311
2/2/2019 22:00,497,338,443,4480,4484,4548,3983,4146,4105
2/2/2019 22:30,497,375,444,4480,4474,4375,3983,4099,3931
2/2/2019 23:00,512,463,527,4323,4323,4322,3811,3860,3795
2/2/2019 23:30,512,489,565,4323,4323,4213,3811,3834,3648
3/2/2019 0:00,590,578,654,4023,4033,4058,3433,3455,3404
3/2/2019 0:30,590,620,710,4023,4033,3906,3433,3413,3196
3/2/2019 1:00,721,716,781,3760,3771,3779,3039,3055,2998
3/2/2019 1:30,721,675,937,3760,3771,3686,3039,3096,2749
3/2/2019 2:00,855,808,1018,3547,3555,3592,2692,2747,2574
3/2/2019 2:30,855,807,1222,3547,3555,3495,2692,2748,2273
3/2/2019 3:00,1065,1010,1428,3425,3435,3433,2360,2425,2005
3/2/2019 3:30,1065,1087,1561,3425,3435,3374,2360,2348,1813
3/2/2019 4:00,1391,1333,1588,3350,3353,3336,1959,2020,1748
3/2/2019 4:30,1391,1333,1734,3350,3353,3326,1959,2020,1592
3/2/2019 5:00,1687,1623,2064,3321,3322,3352,1634,1699,1288
3/2/2019 5:30,1687,1756,2165,3321,3322,3384,1634,1566,1219
3/2/2019 6:00,1857,1948,2189,3410,3412,3444,1553,1464,1255
3/2/2019 6:30,1857,2122,2095,3410,3412,3473,1553,1290,1378
3/2/2019 7:00,1922,2152,1893,3592,3597,3527,1670,1445,1634
3/2/2019 7:30,1922,2171,1874,3592,3597,3633,1670,1426,1759
3/2/2019 8:00,1882,2085,1862,3774,3789,3674,1892,1704,1812
3/2/2019 8:30,1882,1840,1949,3774,3788,3801,1892,1948,1852
3/2/2019 9:00,1704,1698,2053,4195,4219,4045,2491,2521,1992
3/2/2019 9:30,1704,1660,1936,4195,4219,4266,2491,2559,2330
3/2/2019 10:00,1451,1517,1803,4558,4550,4452,3107,3033,2649
3/2/2019 10:30,1451,1442,1751,4558,4542,4601,3107,3100,2850
3/2/2019 11:00,1259,1378,1648,4767,4744,4705,3508,3366,3057
3/2/2019 11:30,1259,1410,1662,4767,4744,4768,3508,3334,3106
3/2/2019 12:00,1143,1459,1666,4917,4929,4904,3774,3470,3238
3/2/2019 12:30,1143,1708,1639,4917,4929,5002,3774,3221,3363
3/2/2019 13:00,1072,1812,1639,4861,4911,5016,3789,3099,3377
3/2/2019 13:30,1072,1735,1614,4861,4910,4964,3789,3175,3350
3/2/2019 14:00,1053,1858,1585,4700,4745,4880,3647,2887,3295
3/2/2019 14:30,1053,1910,1695,4700,4744,4846,3647,2834,3151
3/2/2019 15:00,1105,2071,1804,4658,4697,4793,3553,2626,2989
3/2/2019 15:30,1105,2071,1933,4658,4697,4776,3553,2626,2843
3/2/2019 16:00,1236,2304,2137,4830,4862,4863,3594,2558,2726
3/2/2019 16:30,1236,2294,2191,4830,4862,5025,3594,2568,2834
3/2/2019 17:00,1464,2603,2326,5353,5333,5255,3889,2730,2929
3/2/2019 17:30,1464,2476,2553,5353,5333,5528,3889,2857,2975
3/2/2019 18:00,1756,2787,2740,5562,5524,5565,3806,2737,2825
3/2/2019 18:30,1756,2716,3068,5562,5524,5516,3806,2808,2448
3/2/2019 19:00,2019,2935,3110,5362,5327,5401,3343,2392,2291
3/2/2019 19:30,2019,3028,3346,5362,5327,5269,3343,2299,1923
3/2/2019 20:00,2256,3072,3429,5089,5057,5138,2833,1985,1709
3/2/2019 20:30,2256,3056,3469,5089,5057,4998,2833,2001,1529
3/2/2019 21:00,2413,2906,3369,4751,4725,4857,2338,1819,1488
3/2/2019 21:30,2413,2980,3334,4751,4725,4656,2338,1745,1322
3/2/2019 22:00,2459,2758,3030,4351,4315,4381,1892,1557,1351
3/2/2019 22:30,2459,2814,2697,4351,4307,4142,1892,1493,1445
3/2/2019 23:00,2513,2642,2658,4054,4052,4033,1541,1410,1375
3/2/2019 23:30,2513,2770,2678,4054,4052,3936,1541,1282,1258
4/2/2019 0:00,2404,2643,2625,3703,3704,3787,1299,1061,1162
4/2/2019 0:30,2404,2680,2637,3703,3704,3627,1299,1024,990
4/2/2019 1:00,2347,2608,2732,3491,3492,3545,1144,884,813
4/2/2019 1:30,2347,2641,2762,3491,3492,3482,1144,851,720
4/2/2019 2:00,2331,2596,2601,3348,3346,3396,1017,750,795
4/2/2019 2:30,2331,2386,2443,3348,3346,3339,1017,960,896
4/2/2019 3:00,2287,2382,2304,3283,3282,3293,996,900,989
4/2/2019 3:30,2287,2477,2252,3283,3281,3266,996,804,1014
4/2/2019 4:00,2206,2362,2229,3268,3266,3292,1062,904,1063
4/2/2019 4:30,2206,2467,2225,3268,3266,3256,1062,799,1031
4/2/2019 5:00,2118,2281,2363,3412,3407,3309,1294,1126,946
4/2/2019 5:30,2118,2309,2264,3412,3407,3454,1294,1098,1190
4/2/2019 6:00,2007,1974,2063,3921,3921,3697,1914,1947,1634
4/2/2019 6:30,2007,1727,1823,3921,3921,4016,1914,2194,2193
4/2/2019 7:00,1848,1341,1553,4797,4798,4491,2949,3457,2938
4/2/2019 7:30,1848,1328,1219,4797,4798,4988,2949,3470,3769
4/2/2019 8:00,1597,981,1206,5226,5223,5110,3629,4242,3904
4/2/2019 8:30,1597,951,1101,5226,5223,5118,3629,4272,4017
4/2/2019 9:00,1327,712,862,5422,5409,5216,4095,4697,4354
4/2/2019 9:30,1327,732,807,5422,5409,5296,4095,4677,4489
4/2/2019 10:00,1122,620,766,5471,5465,5297,4349,4845,4531
4/2/2019 10:30,1122,576,686,5471,5459,5320,4349,4883,4634
4/2/2019 11:00,978,545,600,5465,5477,5324,4487,4932,4724
4/2/2019 11:30,978,622,598,5465,5477,5322,4487,4855,4724
4/2/2019 12:00,874,577,676,5486,5511,5350,4612,4934,4674
4/2/2019 12:30,874,562,563,5486,5511,5348,4612,4949,4785
4/2/2019 13:00,777,493,480,5370,5401,5297,4593,4908,4817
4/2/2019 13:30,777,546,425,5370,5401,5190,4593,4855,4765
4/2/2019 14:00,664,429,382,5313,5359,5179,4649,4930,4797
4/2/2019 14:30,664,278,346,5313,5358,5176,4649,5080,4830
4/2/2019 15:00,548,179,268,5372,5415,5187,4824,5236,4919
4/2/2019 15:30,548,282,253,5372,5415,5240,4824,5133,4987
4/2/2019 16:00,480,232,194,5621,5673,5331,5141,5441,5137
4/2/2019 16:30,480,161,164,5621,5673,5503,5141,5512,5339
4/2/2019 17:00,486,177,157,6119,6175,5730,5633,5998,5573
4/2/2019 17:30,486,163,202,6119,6175,6104,5633,6012,5902
4/2/2019 18:00,557,231,261,6238,6269,6201,5681,6038,5940
4/2/2019 18:30,557,223,273,6238,6269,6103,5681,6046,5830
4/2/2019 19:00,667,325,267,5951,5974,5962,5284,5649,5695
4/2/2019 19:30,667,311,359,5951,5974,5817,5284,5663,5458
4/2/2019 20:00,809,491,491,5612,5627,5645,4803,5136,5154
4/2/2019 20:30,809,404,597,5612,5626,5465,4803,5222,4868
4/2/2019 21:00,982,622,754,5206,5210,5285,4224,4588,4531
4/2/2019 21:30,982,670,895,5206,5210,5011,4224,4540,4116
4/2/2019 22:00,1178,934,1071,4679,4656,4763,3501,3722,3692
4/2/2019 22:30,1178,878,1248,4679,4657,4464,3501,3779,3216
4/2/2019 23:00,1363,1191,1391,4309,4296,4310,2946,3105,2919
4/2/2019 23:30,1363,1286,1608,4309,4296,4164,2946,3010,2556
5/2/2019 0:00,1611,1600,1738,3926,3918,3958,2315,2318,2220
5/2/2019 0:30,1611,1663,1921,3926,3917,3826,2315,2254,1905
5/2/2019 1:00,1855,1950,2068,3706,3702,3746,1851,1752,1678
5/2/2019 1:30,1855,1931,2189,3706,3701,3647,1851,1770,1458
5/2/2019 2:00,2051,2180,2234,3557,3554,3592,1506,1374,1358
5/2/2019 2:30,2051,2251,2100,3557,3554,3524,1506,1303,1424
5/2/2019 3:00,2203,2403,2162,3482,3479,3494,1279,1076,1332
5/2/2019 3:30,2203,2394,2193,3482,3479,3450,1279,1085,1257
5/2/2019 4:00,2322,2490,2334,3468,3468,3450,1146,978,1116
5/2/2019 4:30,2322,2550,2354,3468,3468,3418,1146,918,1064
5/2/2019 5:00,2438,2650,2499,3570,3580,3484,1132,930,985
5/2/2019 5:30,2438,2565,2670,3570,3580,3605,1132,1015,935
5/2/2019 6:00,2565,2683,2699,4061,4074,3816,1496,1391,1117
5/2/2019 6:30,2565,2518,2784,4061,4074,4158,1496,1556,1374
5/2/2019 7:00,2658,2679,2983,4905,4906,4663,2247,2227,1680
5/2/2019 7:30,2658,2703,3070,4905,4906,5145,2247,2203,2075
5/2/2019 8:00,2699,2880,3068,5269,5248,5261,2570,2368,2193
5/2/2019 8:30,2699,3036,3166,5269,5248,5260,2570,2212,2094
5/2/2019 9:00,2761,3124,3093,5405,5378,5344,2644,2254,2251
5/2/2019 9:30,2761,3153,3009,5405,5378,5430,2644,2225,2421
5/2/2019 10:00,2822,3228,3069,5445,5415,5463,2623,2187,2394
5/2/2019 10:30,2822,3313,3107,5445,5422,5494,2623,2109,2387
5/2/2019 11:00,2842,3369,3184,5442,5407,5521,2600,2038,2337
5/2/2019 11:30,2842,3343,3220,5442,5407,5500,2600,2064,2280
5/2/2019 12:00,2849,3345,3333,5462,5419,5547,2613,2074,2214
5/2/2019 12:30,2849,3313,3371,5462,5419,5577,2613,2106,2206
5/2/2019 13:00,2883,3271,3423,5352,5285,5546,2469,2014,2123
5/2/2019 13:30,2883,3268,3393,5352,5286,5439,2469,2018,2046
5/2/2019 14:00,2905,3165,3360,5313,5230,5436,2408,2065,2076
5/2/2019 14:30,2905,3159,3105,5313,5231,5380,2408,2072,2275
5/2/2019 15:00,2788,2953,2929,5373,5295,5364,2585,2342,2435
5/2/2019 15:30,2788,2888,2998,5373,5296,5447,2585,2408,2449
5/2/2019 16:00,2635,2722,3097,5616,5531,5538,2981,2809,2441
5/2/2019 16:30,2635,2712,3093,5616,5531,5663,2981,2819,2570
5/2/2019 17:00,2506,2638,2962,6068,5982,5813,3562,3344,2851
5/2/2019 17:30,2506,2638,2864,6068,5983,6078,3562,3345,3214
5/2/2019 18:00,2349,2523,2718,6210,6142,6107,3861,3619,3389
5/2/2019 18:30,2349,2470,2521,6210,6143,5978,3861,3673,3457
5/2/2019 19:00,2170,2312,2393,5948,5892,5830,3778,3580,3437
5/2/2019 19:30,2170,2324,2379,5948,5892,5651,3778,3568,3272
5/2/2019 20:00,2015,2107,2335,5598,5558,5479,3583,3451,3144
5/2/2019 20:30,2015,2004,2116,5598,5559,5309,3583,3555,3193
5/2/2019 21:00,1954,1842,2001,5192,5152,5131,3238,3310,3130
5/2/2019 21:30,1954,2043,1859,5192,5152,4906,3238,3109,3047
5/2/2019 22:00,1959,1994,1760,4652,4632,4609,2693,2638,2849
5/2/2019 22:30,1959,1860,1751,4652,4625,4362,2693,2765,2611
5/2/2019 23:00,1870,1883,1755,4257,4254,4225,2387,2371,2470
5/2/2019 23:30,1870,1883,1655,4257,4253,4043,2387,2370,2388
6/2/2019 0:00,1890,1882,1708,3885,3881,3856,1995,1999,2148
6/2/2019 0:30,1890,1937,1803,3885,3880,3729,1995,1943,1926
6/2/2019 1:00,1914,1929,1826,3675,3669,3629,1761,1740,1803
6/2/2019 1:30,1914,1930,1890,3675,3668,3590,1761,1738,1700
6/2/2019 2:00,1943,1951,1906,3534,3531,3536,1591,1580,1630
6/2/2019 2:30,1943,1956,1926,3534,3530,3485,1591,1574,1559
6/2/2019 3:00,1953,1972,1951,3448,3443,3436,1495,1471,1485
6/2/2019 3:30,1953,1814,2011,3448,3443,3367,1495,1629,1356
6/2/2019 4:00,1962,1893,2056,3426,3422,3393,1464,1529,1337
6/2/2019 4:30,1962,1993,2059,3426,3422,3399,1464,1429,1340
6/2/2019 5:00,2045,2147,2103,3549,3544,3448,1504,1397,1345
6/2/2019 5:30,2045,2187,2134,3549,3543,3513,1504,1356,1379
6/2/2019 6:00,2215,2328,2124,4044,4040,3796,1829,1712,1672
6/2/2019 6:30,2215,2319,2131,4044,4040,4121,1829,1721,1990
6/2/2019 7:00,2417,2480,2278,4903,4896,4607,2486,2416,2329
6/2/2019 7:30,2417,2518,2219,4903,4896,5070,2486,2378,2851
6/2/2019 8:00,2575,2634,2257,5224,5201,5150,2649,2567,2893
6/2/2019 8:30,2575,2414,2267,5224,5206,5140,2649,2792,2873
6/2/2019 9:00,2738,2453,2307,5338,5329,5224,2600,2876,2917
6/2/2019 9:30,2738,2429,2413,5338,5328,5291,2600,2899,2878
6/2/2019 10:00,2844,2501,2517,5343,5362,5325,2499,2861,2808
6/2/2019 10:30,2844,2544,2582,5343,5359,5332,2499,2815,2750
6/2/2019 11:00,2855,2567,2677,5326,5368,5279,2471,2801,2602
6/2/2019 11:30,2855,2567,2657,5326,5369,5266,2471,2802,2609
6/2/2019 12:00,2769,2444,2526,5327,5390,5229,2558,2946,2703
6/2/2019 12:30,2769,2448,2409,5327,5389,5248,2558,2941,2839
6/2/2019 13:00,2608,2253,2160,5215,5313,5185,2607,3060,3025
6/2/2019 13:30,2608,2305,2030,5215,5313,5099,2607,3008,3069
6/2/2019 14:00,2426,2102,1953,5178,5264,5109,2752,3162,3156
6/2/2019 14:30,2426,2127,1804,5178,5264,5106,2752,3137,3302
6/2/2019 15:00,2232,1938,1724,5239,5289,5156,3007,3351,3432
6/2/2019 15:30,2232,1929,1571,5239,5288,5234,3007,3359,3663
6/2/2019 16:00,2081,1835,1611,5453,5495,5325,3372,3660,3714
6/2/2019 16:30,2081,1839,1685,5453,5495,5489,3372,3656,3804
6/2/2019 17:00,1988,1782,1782,5925,5933,5762,3937,4151,3980
6/2/2019 17:30,1988,1782,1865,5925,5932,6077,3937,4150,4212
6/2/2019 18:00,1859,1633,1967,6101,6089,6125,4242,4456,4158
6/2/2019 18:30,1859,1657,1904,6101,6089,6016,4242,4432,4112
6/2/2019 19:00,1743,1739,1813,5864,5855,5849,4121,4116,4036
6/2/2019 19:30,1743,1725,1792,5864,5855,5690,4121,4130,3898
6/2/2019 20:00,1660,1974,1950,5531,5526,5601,3871,3552,3651
6/2/2019 20:30,1660,1976,2375,5531,5526,5478,3871,3550,3103
6/2/2019 21:00,1489,1936,2414,5135,5134,5295,3646,3198,2881
6/2/2019 21:30,1489,2120,2296,5135,5134,5003,3646,3014,2707
6/2/2019 22:00,1327,2005,2189,4619,4624,4745,3292,2619,2556
6/2/2019 22:30,1327,1942,1916,4619,4600,4503,3292,2658,2587
6/2/2019 23:00,1376,1941,1692,4277,4255,4304,2901,2314,2612
6/2/2019 23:30,1376,1941,1778,4277,4255,4151,2901,2314,2373
7/2/2019 0:00,1504,1923,1980,3907,3894,4005,2403,1971,2025
7/2/2019 0:30,1504,1924,2245,3907,3894,3885,2403,1970,1640
7/2/2019 1:00,1568,1990,2369,3682,3671,3773,2114,1681,1404
7/2/2019 1:30,1568,2009,2324,3682,3672,3654,2114,1663,1330
7/2/2019 2:00,1650,2092,2258,3531,3526,3614,1881,1434,1356
7/2/2019 2:30,1650,2091,2211,3531,3526,3556,1881,1435,1345
7/2/2019 3:00,1745,2098,2237,3453,3443,3516,1708,1345,1279
7/2/2019 3:30,1745,1959,2198,3453,3443,3470,1708,1484,1272
7/2/2019 4:00,1786,1940,2250,3439,3426,3455,1653,1486,1205
7/2/2019 4:30,1786,2275,2240,3439,3426,3438,1653,1151,1198
7/2/2019 5:00,1864,2178,2234,3539,3525,3456,1675,1347,1222
7/2/2019 5:30,1864,2098,2225,3539,3525,3561,1675,1427,1336
7/2/2019 6:00,1870,2029,2148,4030,4016,3824,2160,1987,1676
7/2/2019 6:30,1870,2034,2041,4030,4016,4135,2160,1982,2094
7/2/2019 7:00,1775,1956,1923,4855,4841,4587,3080,2885,2664
7/2/2019 7:30,1775,1992,1958,4855,4841,5115,3080,2849,3157
7/2/2019 8:00,1761,1902,1925,5226,5199,5230,3465,3297,3305
7/2/2019 8:30,1761,1915,1933,5226,5199,5195,3465,3284,3262
7/2/2019 9:00,1813,1854,1797,5381,5351,5251,3568,3497,3454
7/2/2019 9:30,1813,1861,1654,5381,5351,5310,3568,3490,3656
7/2/2019 10:00,1964,1920,1486,5398,5373,5262,3434,3453,3776
7/2/2019 10:30,1964,1892,1472,5398,5365,5263,3434,3473,3791
7/2/2019 11:00,2155,2032,1509,5383,5333,5258,3228,3301,3749
7/2/2019 11:30,2155,2032,1727,5383,5333,5251,3228,3301,3524
7/2/2019 12:00,2301,2169,1916,5400,5331,5252,3099,3162,3336
7/2/2019 12:30,2301,2168,2015,5400,5331,5236,3099,3163,3221
7/2/2019 13:00,2385,2264,2168,5316,5242,5200,2931,2978,3032
7/2/2019 13:30,2385,2175,2136,5316,5242,5128,2931,3067,2992
7/2/2019 14:00,2358,2197,2158,5273,5211,5145,2915,3014,2987
7/2/2019 14:30,2358,2140,2091,5273,5210,5123,2915,3070,3032
7/2/2019 15:00,2257,2071,2099,5344,5291,5198,3087,3220,3099
7/2/2019 15:30,2257,2071,2086,5344,5291,5310,3087,3220,3224
7/2/2019 16:00,2173,2027,2062,5565,5519,5375,3392,3492,3313
7/2/2019 16:30,2173,2028,2044,5565,5519,5542,3392,3491,3498
7/2/2019 17:00,2188,2092,2000,5961,5958,5716,3773,3866,3716
7/2/2019 17:30,2188,2092,2055,5961,5958,6016,3773,3866,3961
7/2/2019 18:00,2298,2261,2153,6101,6076,6100,3803,3815,3947
7/2/2019 18:30,2298,2202,2277,6101,6076,6044,3803,3874,3767
7/2/2019 19:00,2504,2441,2328,5859,5829,5895,3355,3388,3567
7/2/2019 19:30,2504,2457,2566,5859,5829,5822,3355,3372,3256
7/2/2019 20:00,2739,2663,2638,5541,5535,5672,2802,2872,3034
7/2/2019 20:30,2739,2528,2682,5541,5535,5522,2802,3007,2840
7/2/2019 21:00,2928,2759,2793,5115,5096,5309,2187,2337,2516
7/2/2019 21:30,2928,2759,2902,5115,5096,5048,2187,2337,2146
7/2/2019 22:00,3062,2953,2964,4595,4575,4757,1533,1622,1793
7/2/2019 22:30,3062,2922,3146,4595,4575,4546,1533,1653,1400
7/2/2019 23:00,3115,3069,3229,4216,4214,4382,1101,1145,1153
7/2/2019 23:30,3115,3070,3234,4216,4214,4255,1101,1144,1021
8/2/2019 0:00,3167,3141,3237,3887,3887,4054,720,746,817
8/2/2019 0:30,3167,3141,3113,3887,3887,3857,720,746,744
8/2/2019 1:00,3171,3152,3065,3630,3633,3733,459,481,668
8/2/2019 1:30,3171,3123,3035,3630,3633,3659,459,510,624
8/2/2019 2:00,3159,3121,2964,3475,3477,3572,316,356,608
8/2/2019 2:30,3159,3270,2922,3475,3477,3510,316,207,588
8/2/2019 3:00,3159,3242,2867,3391,3394,3464,232,152,597
8/2/2019 3:30,3159,3242,2860,3391,3394,3445,232,152,585
8/2/2019 4:00,3168,3232,2850,3367,3369,3440,199,137,590
8/2/2019 4:30,3168,3143,2837,3367,3369,3446,199,226,609
8/2/2019 5:00,3205,3189,2861,3464,3463,3494,259,274,633
8/2/2019 5:30,3205,3038,2905,3464,3463,3590,259,425,685
8/2/2019 6:00,3269,3142,3000,3936,3938,3844,667,796,844
8/2/2019 6:30,3269,3110,3092,3936,3938,4138,667,828,1046
8/2/2019 7:00,3294,3172,3438,4738,4741,4657,1444,1569,1219
8/2/2019 7:30,3294,3192,3636,4738,4741,5164,1444,1549,1528
8/2/2019 8:00,3265,3180,3602,5088,5073,5267,1823,1893,1665
8/2/2019 8:30,3265,3137,3654,5088,5073,5290,1823,1936,1636
8/2/2019 9:00,3177,3067,3653,5239,5208,5380,2062,2141,1727
8/2/2019 9:30,3177,3041,3661,5239,5208,5436,2062,2167,1775
8/2/2019 10:00,3081,2990,3516,5277,5242,5374,2196,2252,1858
8/2/2019 10:30,3081,2976,3558,5277,5243,5354,2196,2267,1796
8/2/2019 11:00,3028,2964,3611,5270,5254,5345,2242,2290,1734
8/2/2019 11:30,3028,3271,3727,5270,5254,5358,2242,1983,1631
8/2/2019 12:00,2996,3253,3689,5268,5266,5346,2272,2013,1657
8/2/2019 12:30,2996,3265,3654,5268,5267,5310,2272,2002,1656
8/2/2019 13:00,3004,3298,3682,5177,5178,5244,2173,1880,1562
8/2/2019 13:30,3004,3309,3722,5177,5178,5149,2173,1869,1427
8/2/2019 14:00,3035,3345,3782,5130,5125,5178,2095,1780,1396
8/2/2019 14:30,3035,3367,3769,5130,5125,5181,2095,1758,1412
8/2/2019 15:00,3067,3373,3748,5164,5160,5192,2097,1787,1444
8/2/2019 15:30,3067,3371,3812,5164,5160,5236,2097,1789,1424
8/2/2019 16:00,3110,3367,3745,5317,5306,5259,2207,1939,1514
8/2/2019 16:30,3110,3453,3801,5317,5306,5381,2207,1853,1580
8/2/2019 17:00,3141,3429,3799,5723,5703,5548,2582,2274,1749
8/2/2019 17:30,3141,3339,3851,5723,5703,5821,2582,2364,1970
8/2/2019 18:00,3171,3344,3804,5867,5869,5944,2696,2525,2140
8/2/2019 18:30,3171,3342,3814,5867,5869,5917,2696,2527,2103
8/2/2019 19:00,3188,3339,3827,5601,5621,5798,2413,2282,1971
8/2/2019 19:30,3188,3574,3817,5601,5621,5664,2413,2047,1847
8/2/2019 20:00,3182,3479,3752,5254,5281,5464,2072,1802,1712
8/2/2019 20:30,3182,3517,3819,5254,5281,5322,2072,1764,1503
8/2/2019 21:00,3173,3389,3740,4847,4873,5124,1674,1484,1384
8/2/2019 21:30,3173,3389,3573,4847,4873,4888,1674,1484,1315
8/2/2019 22:00,3147,3270,3409,4428,4458,4666,1281,1188,1257
8/2/2019 22:30,3147,3371,3241,4428,4459,4469,1281,1088,1228
8/2/2019 23:00,3041,3274,3231,4234,4238,4408,1193,964,1177
8/2/2019 23:30,3041,3264,3205,4234,4238,4338,1193,974,1133
9/2/2019 0:00,3010,3200,3194,3876,3883,4169,866,683,975
9/2/2019 0:30,3010,3208,3214,3876,3883,3996,866,675,782
9/2/2019 1:00,2993,3167,3169,3610,3616,3893,617,449,724
9/2/2019 1:30,2993,3132,3092,3610,3616,3766,617,484,674
9/2/2019 2:00,2988,3093,3014,3402,3411,3677,414,318,663
9/2/2019 2:30,2988,3107,2960,3402,3411,3598,414,304,638
9/2/2019 3:00,2976,3095,2874,3275,3287,3507,299,192,633
9/2/2019 3:30,2976,3088,2826,3275,3287,3469,299,199,643
9/2/2019 4:00,2968,3099,2817,3211,3226,3461,243,127,644
9/2/2019 4:30,2968,3091,2786,3211,3226,3429,243,135,643
9/2/2019 5:00,2983,3130,2792,3233,3249,3435,250,119,643
9/2/2019 5:30,2983,3095,2732,3233,3249,3464,250,154,732
9/2/2019 6:00,3025,3143,2648,3420,3438,3544,395,295,896
9/2/2019 6:30,3025,3079,2643,3420,3439,3637,395,360,994
9/2/2019 7:00,3010,3051,2853,3735,3753,3848,725,702,995
9/2/2019 7:30,3010,3057,3072,3735,3754,4091,725,697,1019
9/2/2019 8:00,2890,2917,3081,4052,4085,4173,1162,1168,1092
9/2/2019 8:30,2890,2836,3135,4052,4086,4378,1162,1250,1243
9/2/2019 9:00,2765,2724,3044,4461,4518,4636,1696,1794,1592
9/2/2019 9:30,2765,2484,2919,4461,4519,4795,1696,2035,1876
9/2/2019 10:00,2695,2442,2779,4671,4725,4847,1976,2283,2068
9/2/2019 10:30,2695,2438,2690,4671,4725,4881,1976,2287,2191
9/2/2019 11:00,2647,2338,2542,4753,4806,4910,2106,2468,2368
9/2/2019 11:30,2647,2338,2493,4753,4807,4906,2106,2469,2413
9/2/2019 12:00,2552,2253,2552,4794,4831,4901,2242,2578,2349
9/2/2019 12:30,2552,2253,2532,4794,4832,4878,2242,2579,2346
9/2/2019 13:00,2363,2078,2306,4716,4738,4808,2353,2660,2502
9/2/2019 13:30,2363,2243,2193,4716,4739,4745,2353,2496,2552
9/2/2019 14:00,2078,1904,2024,4600,4644,4678,2522,2740,2654
9/2/2019 14:30,2078,1810,1853,4600,4644,4570,2522,2834,2717
9/2/2019 15:00,1696,1441,1644,4585,4629,4558,2889,3188,2914
9/2/2019 15:30,1696,1537,1410,4585,4629,4567,2889,3092,3157
9/2/2019 16:00,1308,1200,1095,4737,4776,4639,3429,3576,3544
9/2/2019 16:30,1308,1146,930,4737,4776,4830,3429,3630,3900
9/2/2019 17:00,1008,915,848,5201,5234,5016,4193,4319,4168
9/2/2019 17:30,1008,977,769,5201,5234,5316,4193,4257,4547
9/2/2019 18:00,812,824,705,5441,5468,5495,4629,4644,4790
9/2/2019 18:30,812,797,705,5441,5468,5459,4629,4671,4754
9/2/2019 19:00,705,746,617,5223,5254,5322,4518,4508,4705
9/2/2019 19:30,705,654,570,5223,5254,5141,4518,4600,4571
9/2/2019 20:00,655,645,504,4891,4911,4967,4236,4266,4463
9/2/2019 20:30,655,592,499,4891,4911,4830,4236,4319,4331
9/2/2019 21:00,598,564,443,4562,4591,4692,3964,4027,4249
9/2/2019 21:30,598,563,353,4562,4591,4534,3964,4028,4181
9/2/2019 22:00,515,514,356,4255,4277,4380,3740,3763,4024
9/2/2019 22:30,515,507,353,4255,4277,4226,3740,3770,3873
9/2/2019 23:00,517,468,376,4121,4122,4181,3604,3654,3805
9/2/2019 23:30,517,413,387,4121,4119,4089,3604,3706,3702
10/2/2019 0:00,518,429,395,3844,3843,3930,3326,3414,3535
10/2/2019 0:30,518,417,369,3844,3843,3772,3326,3426,3403
10/2/2019 1:00,582,487,413,3604,3602,3651,3022,3115,3238
10/2/2019 1:30,582,422,591,3604,3601,3562,3022,3179,2971
10/2/2019 2:00,726,592,742,3406,3406,3483,2680,2814,2741
10/2/2019 2:30,726,633,914,3406,3406,3411,2680,2773,2497
10/2/2019 3:00,925,818,1081,3287,3288,3372,2362,2470,2291
10/2/2019 3:30,925,837,1214,3287,3288,3346,2362,2451,2132
10/2/2019 4:00,1142,1066,1299,3214,3219,3339,2072,2153,2040
10/2/2019 4:30,1142,1014,1326,3214,3218,3306,2072,2204,1980
10/2/2019 5:00,1347,1241,1439,3197,3205,3296,1850,1964,1857
10/2/2019 5:30,1347,1359,1582,3197,3204,3304,1850,1845,1722
10/2/2019 6:00,1538,1516,1626,3283,3293,3355,1745,1777,1729
10/2/2019 6:30,1538,1673,1766,3283,3292,3394,1745,1619,1628
10/2/2019 7:00,1774,1818,1890,3442,3454,3488,1668,1636,1598
10/2/2019 7:30,1774,1827,2101,3442,3454,3598,1668,1627,1497
10/2/2019 8:00,2014,2014,2088,3623,3635,3630,1609,1621,1542
10/2/2019 8:30,2014,2066,2098,3623,3635,3808,1609,1569,1710
10/2/2019 9:00,2238,2276,2131,4046,4066,4001,1808,1790,1870
10/2/2019 9:30,2238,2302,2170,4046,4066,4208,1808,1764,2038
10/2/2019 10:00,2538,2530,2153,4377,4395,4383,1839,1865,2230
10/2/2019 10:30,2538,2615,2323,4377,4391,4485,1839,1776,2162
10/2/2019 11:00,2825,2828,2591,4564,4571,4569,1739,1743,1978
10/2/2019 11:30,2825,2827,2671,4564,4571,4602,1739,1744,1931
10/2/2019 12:00,3032,3029,2928,4745,4767,4689,1713,1738,1761
10/2/2019 12:30,3032,2938,3268,4745,4766,4777,1713,1828,1509
10/2/2019 13:00,3187,3071,3435,4742,4765,4827,1555,1694,1392
10/2/2019 13:30,3187,2930,3457,4742,4765,4777,1555,1835,1320
10/2/2019 14:00,3264,2969,3399,4611,4602,4720,1347,1633,1321
10/2/2019 14:30,3264,3027,3393,4611,4602,4710,1347,1575,1317
10/2/2019 15:00,3274,2935,3155,4575,4546,4639,1301,1611,1484
10/2/2019 15:30,3274,2972,2968,4575,4546,4643,1301,1574,1675
10/2/2019 16:00,3259,2896,2771,4722,4710,4692,1463,1814,1921
10/2/2019 16:30,3259,3069,2704,4722,4710,4846,1463,1641,2142
10/2/2019 17:00,3227,3116,2801,5167,5155,5048,1940,2039,2247
10/2/2019 17:30,3227,3109,2886,5167,5155,5414,1940,2046,2528
10/2/2019 18:00,3143,3145,2861,5402,5393,5620,2259,2248,2759
10/2/2019 18:30,3143,3068,2933,5402,5393,5557,2259,2325,2624
10/2/2019 19:00,2971,2952,2932,5206,5179,5439,2235,2227,2507
10/2/2019 19:30,2971,2836,2901,5206,5179,5320,2235,2343,2419
10/2/2019 20:00,2716,2612,2833,4932,4916,5158,2216,2304,2325
10/2/2019 20:30,2716,2577,2767,4932,4917,5018,2216,2340,2251
10/2/2019 21:00,2460,2349,2620,4603,4600,4862,2143,2251,2242
10/2/2019 21:30,2460,2363,2450,4603,4600,4641,2143,2237,2191
10/2/2019 22:00,2237,2179,2389,4206,4215,4372,1969,2036,1983
10/2/2019 22:30,2237,2222,2256,4206,4211,4165,1969,1989,1909
10/2/2019 23:00,1891,2058,2236,3963,3959,4068,2072,1901,1832
10/2/2019 23:30,1891,2131,2065,3963,3959,3911,2072,1828,1846
11/2/2019 0:00,1644,1887,2016,3656,3652,3816,2012,1765,1800
11/2/2019 0:30,1644,1923,1864,3656,3652,3659,2012,1729,1795
11/2/2019 1:00,1360,1609,1770,3450,3448,3525,2090,1839,1755
11/2/2019 1:30,1360,1617,1588,3450,3448,3476,2090,1831,1888
11/2/2019 2:00,1091,1303,1403,3331,3334,3429,2240,2031,2026
11/2/2019 2:30,1091,1353,1203,3331,3334,3368,2240,1981,2165
11/2/2019 3:00,897,1060,1095,3281,3287,3318,2384,2227,2223
11/2/2019 3:30,897,1013,1098,3281,3287,3314,2384,2274,2216
11/2/2019 4:00,735,761,1030,3278,3285,3324,2543,2524,2294
11/2/2019 4:30,735,730,854,3278,3285,3324,2543,2555,2470
11/2/2019 5:00,583,521,742,3393,3404,3369,2810,2883,2627
11/2/2019 5:30,583,535,641,3393,3404,3460,2810,2869,2819
11/2/2019 6:00,479,391,640,3892,3903,3732,3413,3512,3092
11/2/2019 6:30,479,365,551,3892,3904,4043,3413,3539,3492
11/2/2019 7:00,382,279,475,4742,4752,4557,4360,4473,4082
11/2/2019 7:30,382,434,393,4742,4753,5038,4360,4319,4645
11/2/2019 8:00,273,348,329,5175,5188,5149,4902,4840,4820
11/2/2019 8:30,273,301,255,5175,5188,5161,4902,4887,4906
11/2/2019 9:00,214,238,206,5401,5406,5298,5187,5168,5092
11/2/2019 9:30,214,268,185,5401,5406,5369,5187,5138,5184
11/2/2019 10:00,226,284,186,5446,5451,5356,5220,5167,5170
11/2/2019 10:30,226,282,197,5446,5443,5353,5220,5161,5156
11/2/2019 11:00,271,383,227,5431,5431,5339,5160,5048,5112
11/2/2019 11:30,271,358,247,5431,5431,5325,5160,5073,5078
11/2/2019 12:00,349,484,289,5445,5445,5318,5096,4961,5029
11/2/2019 12:30,349,455,342,5445,5445,5339,5096,4990,4997
11/2/2019 13:00,456,592,401,5342,5353,5286,4886,4761,4885
11/2/2019 13:30,456,538,508,5342,5353,5170,4886,4815,4662
11/2/2019 14:00,610,699,629,5281,5320,5175,4671,4621,4546
11/2/2019 14:30,610,673,715,5281,5320,5178,4671,4647,4463
11/2/2019 15:00,791,854,792,5335,5363,5203,4544,4509,4411
11/2/2019 15:30,791,805,887,5335,5364,5272,4544,4559,4385
11/2/2019 16:00,962,1006,983,5566,5592,5350,4604,4586,4367
11/2/2019 16:30,962,969,1092,5566,5592,5480,4604,4623,4388
11/2/2019 17:00,1166,1215,1259,5998,6020,5647,4832,4805,4388
11/2/2019 17:30,1166,1245,1360,5998,6020,5894,4832,4775,4534
11/2/2019 18:00,1422,1518,1542,6127,6127,6067,4705,4609,4525
11/2/2019 18:30,1422,1584,1685,6127,6127,5967,4705,4543,4282
11/2/2019 19:00,1685,1825,1794,5834,5849,5815,4149,4024,4021
11/2/2019 19:30,1685,1860,1931,5834,5849,5675,4149,3989,3744
11/2/2019 20:00,1919,2087,1953,5492,5503,5545,3573,3416,3592
11/2/2019 20:30,1919,2075,1985,5492,5503,5369,3573,3428,3384
11/2/2019 21:00,2141,2279,2113,5073,5087,5230,2932,2808,3117
11/2/2019 21:30,2141,2282,2161,5073,5086,4935,2932,2804,2774
11/2/2019 22:00,2333,2468,2203,4560,4549,4638,2227,2081,2435
11/2/2019 22:30,2333,2424,2286,4560,4549,4373,2227,2125,2087
11/2/2019 23:00,2658,2569,2593,4194,4191,4240,1536,1622,1647
11/2/2019 23:30,2658,2565,2575,4194,4191,4115,1536,1626,1540
12/2/2019 0:00,2740,2662,2600,3867,3863,3936,1127,1201,1336
12/2/2019 0:30,2740,2624,2620,3867,3863,3760,1127,1239,1140
12/2/2019 1:00,2791,2691,2805,3642,3640,3689,851,949,884
12/2/2019 1:30,2791,2627,2942,3642,3640,3621,851,1013,679
12/2/2019 2:00,2809,2669,2964,3507,3504,3568,698,835,604
12/2/2019 2:30,2809,2727,2889,3507,3504,3507,698,777,618
12/2/2019 3:00,2815,2744,2806,3432,3431,3455,617,687,649
12/2/2019 3:30,2815,2709,2765,3432,3431,3440,617,722,675
12/2/2019 4:00,2849,2750,2778,3412,3416,3440,563,666,662
12/2/2019 4:30,2849,2799,2759,3412,3416,3415,563,617,656
12/2/2019 5:00,2905,2858,2726,3504,3511,3425,599,653,699
12/2/2019 5:30,2905,2995,2761,3504,3511,3531,599,516,770
12/2/2019 6:00,2956,3034,2941,3991,4001,3805,1035,967,864
12/2/2019 6:30,2956,2977,3048,3991,4001,4148,1035,1024,1100
12/2/2019 7:00,2960,2970,3097,4828,4839,4620,1868,1869,1523
12/2/2019 7:30,2960,2898,3160,4828,4839,5058,1868,1941,1898
12/2/2019 8:00,2908,2858,3085,5208,5179,5095,2300,2321,2010
12/2/2019 8:30,2908,2781,3084,5208,5179,5139,2300,2398,2055
12/2/2019 9:00,2838,2711,3077,5381,5334,5173,2543,2623,2096
12/2/2019 9:30,2838,2783,2967,5381,5334,5221,2543,2551,2254
12/2/2019 10:00,2770,2667,2865,5414,5354,5240,2644,2687,2375
12/2/2019 10:30,2770,2765,2822,5414,5356,5265,2644,2591,2443
12/2/2019 11:00,2663,2538,2683,5384,5323,5272,2721,2785,2589
12/2/2019 11:30,2663,2574,2455,5384,5323,5234,2721,2749,2779
12/2/2019 12:00,2436,2269,2361,5374,5327,5265,2938,3058,2904
12/2/2019 12:30,2436,2316,2277,5374,5327,5264,2938,3011,2987
12/2/2019 13:00,2119,2018,2328,5274,5224,5202,3155,3206,2874
12/2/2019 13:30,2119,2018,2382,5274,5224,5125,3155,3206,2743
12/2/2019 14:00,1800,1732,2269,5240,5178,5158,3440,3446,2889
12/2/2019 14:30,1800,1758,2107,5240,5178,5149,3440,3420,3042
12/2/2019 15:00,1544,1411,1823,5296,5243,5123,3752,3832,3300
12/2/2019 15:30,1544,1310,1611,5296,5243,5157,3752,3933,3546
12/2/2019 16:00,1415,1100,1493,5508,5436,5288,4093,4336,3795
12/2/2019 16:30,1415,1235,1349,5508,5437,5471,4093,4202,4122
12/2/2019 17:00,1418,1212,1233,5916,5845,5620,4498,4633,4387
12/2/2019 17:30,1418,1279,1158,5916,5846,5894,4498,4567,4736
12/2/2019 18:00,1533,1418,1073,6109,6062,6057,4576,4644,4984
12/2/2019 18:30,1533,1507,1129,6109,6062,5979,4576,4555,4850
12/2/2019 19:00,1712,1738,1245,5868,5818,5828,4156,4080,4583
12/2/2019 19:30,1712,1724,1430,5868,5818,5706,4156,4094,4276
12/2/2019 20:00,1922,1988,1570,5522,5497,5492,3600,3509,3922
12/2/2019 20:30,1922,1751,1713,5522,5498,5303,3600,3747,3590
12/2/2019 21:00,2164,2053,1996,5110,5078,5131,2946,3025,3135
12/2/2019 21:30,2164,1949,2185,5110,5078,4841,2946,3129,2656
12/2/2019 22:00,2416,2259,2379,4586,4543,4584,2170,2284,2205
12/2/2019 22:30,2416,2243,2416,4586,4539,4299,2170,2296,1883
12/2/2019 23:00,2712,2500,2397,4190,4191,4145,1478,1691,1748
12/2/2019 23:30,2712,2576,2545,4190,4191,4030,1478,1615,1485
13/2/2019 0:00,2815,2726,2605,3835,3832,3839,1020,1106,1234
13/2/2019 0:30,2815,2752,2767,3835,3831,3735,1020,1079,968
13/2/2019 1:00,2863,2823,2966,3628,3628,3649,765,805,683
13/2/2019 1:30,2863,2876,2938,3628,3628,3567,765,752,629
13/2/2019 2:00,2877,2873,2818,3479,3483,3471,602,610,653
13/2/2019 2:30,2877,2726,2731,3479,3483,3400,602,757,669
13/2/2019 3:00,2893,2742,2714,3400,3408,3361,507,666,647
13/2/2019 3:30,2893,2767,2697,3400,3407,3344,507,640,647
13/2/2019 4:00,2916,2789,2670,3365,3371,3332,449,582,662
13/2/2019 4:30,2916,2964,2680,3365,3371,3344,449,407,664
13/2/2019 5:00,2965,3000,2733,3460,3463,3392,495,463,659
13/2/2019 5:30,2965,2902,2756,3460,3463,3486,495,561,730
13/2/2019 6:00,3032,2981,2854,3955,3961,3739,923,980,885
13/2/2019 6:30,3032,2928,2971,3955,3961,4077,923,1033,1106
13/2/2019 7:00,3063,2981,3238,4765,4767,4611,1702,1786,1373
13/2/2019 7:30,3063,2949,3232,4765,4774,5042,1702,1825,1810
13/2/2019 8:00,3088,2991,3185,5088,5069,5123,2000,2078,1938
13/2/2019 8:30,3088,3003,3007,5088,5069,5087,2000,2066,2080
13/2/2019 9:00,3158,3063,3011,5243,5205,5156,2085,2142,2145
13/2/2019 9:30,3158,3047,3060,5243,5205,5194,2085,2158,2134
13/2/2019 10:00,3247,3107,3173,5270,5249,5206,2023,2142,2033
13/2/2019 10:30,3247,3321,3195,5270,5244,5197,2023,1923,2002
13/2/2019 11:00,3304,3342,3221,5258,5234,5194,1954,1892,1973
13/2/2019 11:30,3304,3286,3225,5258,5234,5212,1954,1948,1987
13/2/2019 12:00,3326,3291,3252,5258,5249,5239,1932,1958,1987
13/2/2019 12:30,3326,3186,3235,5258,5249,5239,1932,2063,2004
13/2/2019 13:00,3319,3184,3187,5158,5153,5174,1839,1969,1987
13/2/2019 13:30,3319,3270,3110,5158,5153,5074,1839,1883,1964
13/2/2019 14:00,3270,3230,3045,5116,5122,5048,1846,1892,2003
13/2/2019 14:30,3270,3227,3139,5116,5122,5056,1846,1895,1917
13/2/2019 15:00,3184,3193,3158,5149,5148,5078,1965,1955,1920
13/2/2019 15:30,3184,3162,3167,5149,5148,5167,1965,1986,2000
13/2/2019 16:00,3072,3113,3113,5333,5356,5234,2261,2243,2121
13/2/2019 16:30,3072,3052,3150,5333,5356,5397,2261,2304,2247
13/2/2019 17:00,2969,2980,3047,5743,5755,5556,2774,2775,2509
13/2/2019 17:30,2969,2919,2988,5743,5755,5755,2774,2836,2767
13/2/2019 18:00,2917,2868,3006,5986,5960,5894,3069,3092,2888
13/2/2019 18:30,2917,2958,3129,5986,5959,5876,3069,3001,2747
13/2/2019 19:00,2905,2913,3197,5754,5712,5752,2849,2799,2555
13/2/2019 19:30,2905,2906,3196,5754,5712,5637,2849,2806,2441
13/2/2019 20:00,2909,2857,3118,5425,5376,5485,2516,2519,2367
13/2/2019 20:30,2909,2919,3165,5425,5376,5322,2516,2457,2157
13/2/2019 21:00,2905,2827,3152,5013,4964,5124,2108,2137,1972
13/2/2019 21:30,2905,2788,3030,5013,4963,4851,2108,2175,1821
13/2/2019 22:00,2860,2662,2824,4516,4469,4599,1656,1807,1775
13/2/2019 22:30,2860,2831,2542,4516,4467,4325,1656,1636,1783
13/2/2019 23:00,2691,2707,2430,4133,4125,4160,1442,1418,1730
13/2/2019 23:30,2691,2720,2393,4133,4125,4011,1442,1405,1618
14/2/2019 0:00,2578,2618,2408,3815,3809,3843,1237,1191,1435
14/2/2019 0:30,2578,2673,2312,3815,3809,3716,1237,1136,1404
14/2/2019 1:00,2481,2583,2329,3603,3601,3608,1122,1018,1279
14/2/2019 1:30,2481,2507,2520,3603,3601,3559,1122,1094,1039
14/2/2019 2:00,2399,2421,2523,3441,3439,3492,1042,1018,969
14/2/2019 2:30,2399,2194,2403,3441,3439,3409,1042,1245,1006
14/2/2019 3:00,2348,2118,2347,3369,3369,3396,1021,1251,1049
14/2/2019 3:30,2348,2118,2350,3369,3369,3359,1021,1251,1009
14/2/2019 4:00,2326,2077,2344,3352,3353,3362,1026,1276,1018
14/2/2019 4:30,2326,2021,2295,3352,3352,3335,1026,1331,1040
14/2/2019 5:00,2358,2026,2261,3459,3462,3385,1101,1436,1124
14/2/2019 5:30,2358,2272,2361,3459,3462,3496,1101,1190,1135
14/2/2019 6:00,2422,2272,2476,3940,3949,3739,1518,1677,1263
14/2/2019 6:30,2422,2230,2482,3940,3949,4050,1518,1719,1568
14/2/2019 7:00,2463,2254,2449,4712,4726,4519,2249,2472,2070
14/2/2019 7:30,2463,2294,2415,4712,4725,4930,2249,2431,2515
14/2/2019 8:00,2503,2349,2513,5034,5034,5019,2531,2685,2506
14/2/2019 8:30,2503,2298,2542,5034,5034,5013,2531,2736,2471
14/2/2019 9:00,2531,2350,2499,5196,5182,5059,2665,2832,2560
14/2/2019 9:30,2531,2496,2527,5196,5182,5126,2665,2686,2599
14/2/2019 10:00,2546,2482,2589,5205,5194,5107,2659,2712,2518
14/2/2019 10:30,2546,2481,2638,5205,5207,5120,2659,2726,2482
14/2/2019 11:00,2563,2489,2692,5192,5195,5115,2629,2706,2423
14/2/2019 11:30,2563,2501,2721,5192,5195,5087,2629,2694,2366
14/2/2019 12:00,2576,2547,2663,5200,5217,5048,2624,2670,2385
14/2/2019 12:30,2576,2541,2622,5200,5217,5036,2624,2676,2414
14/2/2019 13:00,2598,2564,2595,5105,5107,4970,2507,2543,2375
14/2/2019 13:30,2598,2584,2642,5105,5107,4898,2507,2523,2256
14/2/2019 14:00,2619,2609,2646,5071,5065,4907,2452,2456,2261
14/2/2019 14:30,2619,2625,2572,5071,5065,4913,2452,2440,2341
14/2/2019 15:00,2651,2629,2642,5118,5136,4953,2467,2507,2311
14/2/2019 15:30,2651,2616,2641,5118,5135,4975,2467,2519,2334
14/2/2019 16:00,2708,2662,2704,5307,5324,5059,2599,2662,2355
14/2/2019 16:30,2708,2608,2675,5307,5324,5197,2599,2716,2522
14/2/2019 17:00,2760,2687,2677,5675,5672,5385,2915,2985,2708
14/2/2019 17:30,2760,2729,2591,5675,5672,5609,2915,2943,3018
14/2/2019 18:00,2792,2799,2666,5889,5863,5852,3097,3064,3186
14/2/2019 18:30,2792,2819,2725,5889,5862,5831,3097,3043,3106
14/2/2019 19:00,2801,2852,2787,5681,5672,5736,2880,2820,2949
14/2/2019 19:30,2801,2894,2764,5681,5672,5593,2880,2778,2829
14/2/2019 20:00,2797,2874,2777,5367,5374,5463,2570,2500,2686
14/2/2019 20:30,2797,2843,2761,5367,5373,5293,2570,2530,2532
14/2/2019 21:00,2788,2837,2799,4958,4956,5099,2170,2119,2300
14/2/2019 21:30,2788,2754,2831,4958,4956,4849,2170,2202,2018
14/2/2019 22:00,2769,2749,2853,4479,4468,4659,1710,1719,1806
14/2/2019 22:30,2769,2790,2902,4479,4473,4437,1710,1683,1535
14/2/2019 23:00,2746,2772,2888,4141,4140,4297,1395,1368,1409
14/2/2019 23:30,2746,2730,2859,4141,4140,4124,1395,1410,1265
15/2/2019 0:00,2736,2731,2836,3803,3800,3932,1067,1069,1096
15/2/2019 0:30,2736,2770,2903,3803,3800,3789,1067,1030,886
15/2/2019 1:00,2729,2767,2804,3589,3586,3673,860,819,869
15/2/2019 1:30,2729,2814,2753,3589,3586,3575,860,772,822
15/2/2019 2:00,2720,2795,2703,3431,3427,3498,711,632,795
15/2/2019 2:30,2720,2810,2614,3431,3427,3442,711,617,828
15/2/2019 3:00,2720,2796,2559,3353,3351,3396,633,555,837
15/2/2019 3:30,2720,2796,2592,3353,3351,3382,633,555,790
15/2/2019 4:00,2751,2807,2576,3330,3329,3398,579,522,822
15/2/2019 4:30,2751,2825,2551,3330,3329,3397,579,504,846
15/2/2019 5:00,2823,2868,2604,3431,3433,3448,608,565,844
15/2/2019 5:30,2823,2786,2633,3431,3433,3535,608,647,902
15/2/2019 6:00,2920,2863,2851,3893,3897,3786,973,1034,935
15/2/2019 6:30,2920,2779,2954,3893,3898,4085,973,1119,1131
15/2/2019 7:00,3006,2881,3076,4644,4651,4564,1638,1770,1488
15/2/2019 7:30,3006,2854,2958,4644,4651,4906,1638,1797,1948
15/2/2019 8:00,3054,2947,2937,4991,4968,4997,1937,2021,2060
15/2/2019 8:30,3054,2953,2922,4991,4968,5006,1937,2015,2084
15/2/2019 9:00,3072,2978,2868,5178,5129,5059,2106,2151,2191
15/2/2019 9:30,3072,3029,2793,5178,5129,5098,2106,2100,2305
15/2/2019 10:00,3096,3027,2772,5210,5176,5026,2114,2149,2254
15/2/2019 10:30,3096,3100,2901,5210,5194,5009,2114,2094,2108
15/2/2019 11:00,3091,3086,3034,5203,5176,5030,2112,2090,1996
15/2/2019 11:30,3091,2958,3041,5203,5176,4997,2112,2218,1956
15/2/2019 12:00,3020,2962,3114,5189,5170,5006,2169,2208,1892
15/2/2019 12:30,3020,2917,3167,5189,5170,5054,2169,2253,1887
15/2/2019 13:00,2943,2921,3039,5077,5059,4991,2134,2138,1952
15/2/2019 13:30,2943,2885,2871,5077,5059,4917,2134,2174,2046
15/2/2019 14:00,2854,2902,2886,5003,4996,4935,2149,2094,2049
15/2/2019 14:30,2854,3082,2844,5003,4996,4940,2149,1914,2096
15/2/2019 15:00,2753,3111,2913,5011,4988,4975,2258,1877,2062
15/2/2019 15:30,2753,3124,2985,5011,4987,5003,2258,1863,2018
15/2/2019 16:00,2692,3174,2987,5145,5110,5045,2453,1936,2058
15/2/2019 16:30,2692,3179,3076,5145,5109,5184,2453,1930,2108
15/2/2019 17:00,2708,3233,3111,5509,5470,5323,2801,2237,2212
15/2/2019 17:30,2708,3117,3217,5509,5470,5520,2801,2353,2303
15/2/2019 18:00,2779,3165,3271,5718,5705,5661,2939,2540,2390
15/2/2019 18:30,2779,3153,3184,5718,5704,5630,2939,2551,2446
15/2/2019 19:00,2861,3180,3274,5515,5500,5498,2654,2320,2224
15/2/2019 19:30,2861,3231,3310,5515,5500,5346,2654,2269,2036
15/2/2019 20:00,2947,3209,3383,5180,5165,5181,2233,1956,1798
15/2/2019 20:30,2947,3188,3368,5180,5165,5041,2233,1977,1673
15/2/2019 21:00,2983,3131,3305,4793,4773,4845,1810,1642,1540
15/2/2019 21:30,2983,3250,3423,4793,4773,4684,1810,1523,1261
15/2/2019 22:00,2944,3137,3302,4399,4411,4459,1455,1274,1157
15/2/2019 22:30,2944,3101,3044,4399,4412,4258,1455,1311,1214
15/2/2019 23:00,3009,2929,2879,4185,4189,4169,1176,1260,1290
15/2/2019 23:30,3009,2977,2762,4185,4188,4035,1176,1211,1273
16/2/2019 0:00,2825,2767,2616,3853,3855,3863,1028,1088,1247
16/2/2019 0:30,2825,2768,2574,3853,3855,3688,1028,1087,1114
16/2/2019 1:00,2617,2551,2715,3580,3583,3583,963,1032,868
16/2/2019 1:30,2617,2587,2711,3580,3583,3489,963,996,778
16/2/2019 2:00,2443,2395,2472,3388,3390,3354,945,995,882
16/2/2019 2:30,2443,2291,2245,3388,3390,3256,945,1099,1011
16/2/2019 3:00,2318,2150,2162,3272,3274,3204,954,1124,1042
16/2/2019 3:30,2318,2109,2085,3272,3274,3196,954,1165,1111
16/2/2019 4:00,2215,2007,2055,3220,3223,3178,1005,1216,1123
16/2/2019 4:30,2215,2143,2000,3220,3222,3172,1005,1079,1172
16/2/2019 5:00,2144,2086,1975,3241,3246,3199,1097,1160,1224
16/2/2019 5:30,2144,2075,2012,3241,3246,3193,1097,1171,1181
16/2/2019 6:00,2129,2132,1977,3431,3441,3317,1302,1309,1340
16/2/2019 6:30,2129,2020,2134,3431,3440,3455,1302,1420,1321
16/2/2019 7:00,2198,2150,2172,3740,3752,3615,1542,1602,1443
16/2/2019 7:30,2198,2176,2291,3740,3752,3767,1542,1576,1476
16/2/2019 8:00,2357,2327,2279,4059,4041,3893,1702,1714,1614
16/2/2019 8:30,2357,2315,2378,4059,4041,4113,1702,1726,1735
16/2/2019 9:00,2581,2583,2492,4452,4414,4352,1871,1831,1860
16/2/2019 9:30,2581,2585,2636,4452,4414,4514,1871,1829,1878
16/2/2019 10:00,2787,2840,2618,4642,4612,4561,1855,1772,1943
16/2/2019 10:30,2787,2902,2695,4642,4612,4576,1855,1710,1881
16/2/2019 11:00,2915,3091,2880,4684,4666,4607,1769,1575,1727
16/2/2019 11:30,2915,3078,3021,4684,4662,4643,1769,1584,1622
16/2/2019 12:00,2998,3192,3005,4704,4677,4646,1706,1485,1641
16/2/2019 12:30,2998,3184,3106,4704,4677,4686,1706,1493,1580
16/2/2019 13:00,3011,3217,3097,4621,4591,4667,1610,1374,1570
16/2/2019 13:30,3011,3099,3064,4621,4591,4605,1610,1492,1541
16/2/2019 14:00,2969,3083,3056,4506,4491,4583,1537,1408,1527
16/2/2019 14:30,2969,2959,2982,4506,4492,4511,1537,1533,1529
16/2/2019 15:00,2965,2973,2976,4471,4479,4505,1506,1506,1529
16/2/2019 15:30,2965,3003,3001,4471,4479,4517,1506,1476,1516
16/2/2019 16:00,2993,3067,3100,4594,4614,4606,1601,1547,1506
16/2/2019 16:30,2993,3083,3132,4594,4615,4699,1601,1532,1567
16/2/2019 17:00,3054,3146,3216,4959,4957,4913,1905,1811,1697
16/2/2019 17:30,3054,3167,3255,4959,4958,5200,1905,1791,1945
16/2/2019 18:00,3117,3227,3228,5232,5197,5360,2115,1970,2132
16/2/2019 18:30,3117,3195,3178,5232,5197,5309,2115,2002,2131
16/2/2019 19:00,3168,3258,3271,5050,5006,5163,1882,1748,1892
16/2/2019 19:30,3168,3321,3332,5050,5006,5023,1882,1685,1691
16/2/2019 20:00,3228,3343,3284,4735,4697,4850,1507,1354,1566
16/2/2019 20:30,3228,3348,3131,4735,4698,4664,1507,1350,1533
16/2/2019 21:00,3269,3326,3038,4428,4411,4501,1159,1085,1463
16/2/2019 21:30,3269,3344,2911,4428,4412,4334,1159,1068,1423
16/2/2019 22:00,3270,3274,2769,4146,4119,4131,876,845,1362
16/2/2019 22:30,3270,3249,2595,4146,4120,3964,876,871,1369
16/2/2019 23:00,3191,3165,2586,3958,3958,3921,767,793,1335
16/2/2019 23:30,3191,3155,2504,3958,3958,3831,767,803,1327
17/2/2019 0:00,3124,3061,2433,3707,3708,3708,583,647,1275
17/2/2019 0:30,3124,2908,2439,3707,3708,3570,583,800,1131
17/2/2019 1:00,3033,2866,2454,3473,3473,3471,440,607,1017
17/2/2019 1:30,3033,2695,2332,3473,3472,3353,440,777,1021
17/2/2019 2:00,2953,2687,2243,3271,3270,3259,318,583,1016
17/2/2019 2:30,2953,2597,2177,3271,3270,3200,318,673,1023
17/2/2019 3:00,2907,2578,2093,3158,3158,3121,251,580,1028
17/2/2019 3:30,2907,2490,2049,3158,3157,3080,251,667,1031
17/2/2019 4:00,2860,2482,2020,3098,3099,3048,238,617,1028
17/2/2019 4:30,2860,2492,1997,3098,3099,3033,238,607,1036
17/2/2019 5:00,2824,2472,1996,3086,3089,3034,262,617,1038
17/2/2019 5:30,2824,2331,1971,3086,3089,3039,262,758,1068
17/2/2019 6:00,2855,2388,1918,3194,3196,3103,339,808,1185
17/2/2019 6:30,2855,2260,1895,3194,3196,3169,339,936,1274
17/2/2019 7:00,2907,2335,1869,3338,3340,3266,431,1005,1397
17/2/2019 7:30,2907,2291,1935,3338,3340,3362,431,1049,1427
17/2/2019 8:00,2970,2386,1968,3530,3542,3415,560,1156,1447
17/2/2019 8:30,2970,2462,2172,3530,3542,3589,560,1080,1417
17/2/2019 9:00,3119,2596,2398,3922,3946,3817,803,1350,1419
17/2/2019 9:30,3119,2497,2600,3922,3945,4011,803,1448,1411
17/2/2019 10:00,3257,2680,2695,4250,4255,4118,993,1575,1423
17/2/2019 10:30,3257,2549,2840,4250,4264,4249,993,1715,1409
17/2/2019 11:00,3327,2745,2775,4433,4456,4256,1106,1711,1481
17/2/2019 11:30,3327,2664,2764,4433,4456,4313,1106,1792,1549
17/2/2019 12:00,3372,2796,2770,4593,4636,4343,1221,1840,1573
17/2/2019 12:30,3372,2949,2885,4593,4636,4413,1221,1687,1528
17/2/2019 13:00,3377,2978,2877,4564,4621,4402,1187,1643,1525
17/2/2019 13:30,3377,3058,2843,4564,4621,4347,1187,1563,1504
17/2/2019 14:00,3346,3021,2735,4428,4480,4257,1082,1459,1522
17/2/2019 14:30,3346,2958,2695,4428,4480,4172,1082,1522,1477
17/2/2019 15:00,3302,2939,2689,4373,4407,4152,1071,1468,1463
17/2/2019 15:30,3302,2859,2672,4373,4406,4155,1071,1547,1483
17/2/2019 16:00,3283,2887,2634,4488,4518,4244,1205,1631,1610
17/2/2019 16:30,3283,2912,2759,4488,4517,4395,1205,1605,1636
17/2/2019 17:00,3307,2970,2969,4838,4869,4577,1531,1899,1608
17/2/2019 17:30,3307,2877,3038,4838,4869,4779,1531,1992,1741
17/2/2019 18:00,3327,2946,3238,5108,5133,5042,1781,2187,1804
17/2/2019 18:30,3327,2936,3103,5108,5132,5065,1781,2196,1962
17/2/2019 19:00,3291,2989,3135,4969,5002,4976,1678,2013,1841
17/2/2019 19:30,3291,3065,3063,4969,5001,4831,1678,1936,1768
17/2/2019 20:00,3166,3048,2984,4743,4760,4707,1577,1712,1723
17/2/2019 20:30,3166,3043,2888,4743,4759,4578,1577,1716,1690
17/2/2019 21:00,3012,2853,2912,4451,4454,4471,1439,1601,1559
17/2/2019 21:30,3012,2980,2871,4451,4453,4312,1439,1473,1441
17/2/2019 22:00,2859,2750,2724,4073,4059,4107,1214,1309,1383
17/2/2019 22:30,2859,2684,2549,4073,4056,3914,1214,1372,1365
17/2/2019 23:00,2555,2538,2489,3824,3814,3809,1269,1276,1320
17/2/2019 23:30,2555,2440,2492,3824,3814,3697,1269,1374,1205
18/2/2019 0:00,2428,2355,2491,3544,3536,3585,1116,1181,1094
18/2/2019 0:30,2428,2340,2405,3544,3535,3457,1116,1195,1052
18/2/2019 1:00,2377,2328,2566,3354,3343,3399,977,1015,833
18/2/2019 1:30,2377,2456,2656,3354,3343,3345,977,887,689
18/2/2019 2:00,2391,2489,2535,3227,3219,3305,836,730,770
18/2/2019 2:30,2391,2401,2480,3227,3219,3273,836,818,793
18/2/2019 3:00,2451,2469,2340,3151,3143,3216,700,674,876
18/2/2019 3:30,2451,2561,2263,3151,3142,3165,700,581,902
18/2/2019 4:00,2536,2654,2298,3140,3132,3180,604,478,882
18/2/2019 4:30,2536,2672,2371,3140,3132,3198,604,460,827
18/2/2019 5:00,2588,2774,2525,3255,3250,3240,667,476,715
18/2/2019 5:30,2588,2837,2738,3255,3250,3355,667,413,617
18/2/2019 6:00,2538,2880,2804,3753,3751,3613,1215,871,809
18/2/2019 6:30,2538,2761,2925,3753,3751,3918,1215,990,993
18/2/2019 7:00,2410,2725,2882,4540,4538,4282,2130,1813,1400
18/2/2019 7:30,2410,2596,2837,4540,4539,4578,2130,1943,1741
18/2/2019 8:00,2286,2507,2839,4917,4919,4752,2631,2412,1913
18/2/2019 8:30,2286,2593,2750,4917,4920,4917,2631,2327,2167
18/2/2019 9:00,2235,2484,2587,5161,5158,5059,2926,2674,2472
18/2/2019 9:30,2235,2565,2471,5161,5159,5068,2926,2594,2597
18/2/2019 10:00,2239,2501,2558,5223,5201,5098,2984,2700,2540
18/2/2019 10:30,2239,2605,2477,5223,5204,5089,2984,2599,2612
18/2/2019 11:00,2260,2572,2524,5245,5201,5126,2985,2629,2602
18/2/2019 11:30,2260,2498,2593,5245,5201,5124,2985,2703,2531
18/2/2019 12:00,2312,2461,2720,5289,5232,5132,2977,2771,2412
18/2/2019 12:30,2312,2428,2751,5289,5232,5164,2977,2804,2413
18/2/2019 13:00,2303,2437,2786,5203,5135,5127,2900,2698,2341
18/2/2019 13:30,2303,2483,2824,5203,5135,5048,2900,2652,2224
18/2/2019 14:00,2234,2442,2857,5179,5103,5057,2945,2661,2200
18/2/2019 14:30,2234,2390,2723,5179,5103,5016,2945,2713,2293
18/2/2019 15:00,2127,2233,2615,5226,5144,5009,3099,2911,2394
18/2/2019 15:30,2127,2300,2457,5226,5144,5037,3099,2844,2580
18/2/2019 16:00,1950,2103,2445,5422,5358,5103,3472,3255,2658
18/2/2019 16:30,1950,2191,2324,5422,5357,5231,3472,3166,2907
18/2/2019 17:00,1759,1982,2133,5772,5716,5365,4013,3734,3232
18/2/2019 17:30,1759,2136,2023,5772,5715,5554,4013,3579,3531
18/2/2019 18:00,1579,1887,1968,5957,5918,5797,4378,4031,3829
18/2/2019 18:30,1579,1837,1912,5957,5918,5836,4378,4081,3924
18/2/2019 19:00,1419,1593,1663,5731,5680,5703,4312,4087,4040
18/2/2019 19:30,1419,1563,1546,5731,5680,5517,4312,4117,3971
18/2/2019 20:00,1290,1364,1368,5421,5361,5274,4131,3997,3906
18/2/2019 20:30,1290,1397,1251,5421,5360,5174,4131,3963,3923
18/2/2019 21:00,1201,1286,1109,5010,4967,4949,3809,3681,3840
18/2/2019 21:30,1201,1321,1070,5010,4967,4740,3809,3646,3670
18/2/2019 22:00,1128,1224,1092,4512,4473,4523,3384,3249,3431
18/2/2019 22:30,1128,1197,1098,4512,4472,4261,3384,3275,3163
18/2/2019 23:00,1058,1139,1153,4147,4141,4135,3089,3002,2982
18/2/2019 23:30,1058,1073,1220,4147,4140,3989,3089,3067,2769
19/2/2019 0:00,1070,1090,1192,3813,3809,3773,2743,2719,2581
19/2/2019 0:30,1070,1013,1203,3813,3809,3648,2743,2796,2445
19/2/2019 1:00,1054,1036,1231,3620,3619,3552,2566,2583,2321
19/2/2019 1:30,1054,988,1240,3620,3619,3486,2566,2631,2246
19/2/2019 2:00,1063,996,1207,3486,3490,3403,2423,2494,2196
19/2/2019 2:30,1063,1021,1208,3486,3490,3366,2423,2469,2158
19/2/2019 3:00,1107,1029,1244,3412,3416,3334,2305,2387,2090
19/2/2019 3:30,1107,1137,1282,3412,3416,3328,2305,2279,2046
19/2/2019 4:00,1184,1173,1230,3396,3402,3326,2212,2229,2096
19/2/2019 4:30,1184,1180,1260,3396,3401,3333,2212,2221,2073
19/2/2019 5:00,1343,1301,1364,3502,3512,3393,2159,2211,2029
19/2/2019 5:30,1343,1323,1409,3502,3511,3481,2159,2188,2072
19/2/2019 6:00,1554,1516,1454,3990,4004,3699,2436,2488,2245
19/2/2019 6:30,1554,1502,1485,3990,4004,3988,2436,2502,2503
19/2/2019 7:00,1785,1713,1572,4724,4724,4359,2939,3011,2787
19/2/2019 7:30,1785,1721,1674,4724,4724,4696,2939,3003,3022
19/2/2019 8:00,2055,1981,1732,5071,5066,4848,3016,3085,3116
19/2/2019 8:30,2055,1944,1775,5071,5066,4983,3016,3122,3208
19/2/2019 9:00,2378,2236,1944,5258,5217,5125,2880,2981,3181
19/2/2019 9:30,2378,2227,2131,5258,5217,5204,2880,2990,3073
19/2/2019 10:00,2686,2546,2302,5271,5227,5217,2585,2681,2915
19/2/2019 10:30,2686,2512,2406,5271,5223,5252,2585,2711,2846
19/2/2019 11:00,2915,2803,2512,5255,5224,5265,2340,2421,2753
19/2/2019 11:30,2915,2773,2657,5255,5224,5295,2340,2451,2638
19/2/2019 12:00,3093,2993,2865,5276,5263,5350,2183,2270,2485
19/2/2019 12:30,3093,2940,3060,5276,5263,5389,2183,2323,2329
19/2/2019 13:00,3221,3121,3155,5185,5183,5380,1964,2062,2225
19/2/2019 13:30,3221,3153,3295,5185,5182,5333,1964,2029,2038
19/2/2019 14:00,3288,3288,3351,5156,5141,5324,1868,1853,1973
19/2/2019 14:30,3288,3190,3419,5156,5141,5341,1868,1951,1922
19/2/2019 15:00,3322,3280,3491,5218,5192,5359,1896,1912,1868
19/2/2019 15:30,3322,3330,3529,5218,5192,5410,1896,1862,1881
19/2/2019 16:00,3331,3343,3623,5431,5396,5498,2100,2053,1875
19/2/2019 16:30,3331,3386,3612,5431,5396,5617,2100,2010,2005
19/2/2019 17:00,3333,3347,3514,5753,5713,5774,2420,2366,2260
19/2/2019 17:30,3333,3406,3500,5753,5714,5948,2420,2308,2448
19/2/2019 18:00,3340,3341,3455,5966,5919,6046,2626,2578,2591
19/2/2019 18:30,3340,3349,3432,5966,5920,5975,2626,2571,2543
19/2/2019 19:00,3340,3307,3411,5768,5727,5851,2428,2420,2440
19/2/2019 19:30,3340,3390,3363,5768,5728,5706,2428,2338,2343
19/2/2019 20:00,3335,3369,3265,5446,5419,5495,2111,2050,2230
19/2/2019 20:30,3335,3306,3191,5446,5420,5303,2111,2114,2112
19/2/2019 21:00,3320,3275,3248,5039,5004,5141,1719,1729,1893
19/2/2019 21:30,3320,3285,3332,5039,5006,4917,1719,1721,1585
19/2/2019 22:00,3283,3255,3272,4540,4498,4678,1257,1243,1406
19/2/2019 22:30,3283,3258,3176,4540,4499,4420,1257,1241,1244
19/2/2019 23:00,3179,3223,3071,4140,4146,4272,961,923,1201
19/2/2019 23:30,3179,3178,2980,4140,4146,4090,961,968,1110
20/2/2019 0:00,3125,3131,3009,3800,3805,3924,675,674,915
20/2/2019 0:30,3125,3096,3042,3800,3804,3791,675,708,749
20/2/2019 1:00,3083,3059,3003,3586,3588,3678,503,529,675
20/2/2019 1:30,3083,3198,2907,3586,3588,3582,503,390,675
20/2/2019 2:00,3052,3154,2811,3440,3438,3476,388,284,665
20/2/2019 2:30,3052,3002,2775,3440,3438,3416,388,436,641
20/2/2019 3:00,3045,2990,2746,3368,3365,3375,323,375,629
20/2/2019 3:30,3045,2917,2737,3368,3366,3351,323,449,614
20/2/2019 4:00,3069,2954,2633,3355,3354,3341,286,400,708
20/2/2019 4:30,3069,2991,2624,3355,3354,3321,286,363,697
20/2/2019 5:00,3108,3055,2643,3467,3469,3381,359,414,738
20/2/2019 5:30,3108,2955,2705,3467,3469,3471,359,514,766
20/2/2019 6:00,3127,3035,2913,3951,3952,3714,824,917,801
20/2/2019 6:30,3127,3006,3009,3951,3952,4016,824,946,1007
20/2/2019 7:00,3051,2962,3041,4716,4714,4402,1665,1752,1361
20/2/2019 7:30,3051,2884,3211,4716,4714,4739,1665,1830,1528
20/2/2019 8:00,2869,2737,3171,5052,5039,4879,2183,2302,1708
20/2/2019 8:30,2869,2745,3136,5052,5039,5007,2183,2294,1871
20/2/2019 9:00,2642,2635,3036,5216,5201,5133,2574,2566,2097
20/2/2019 9:30,2642,2709,2937,5216,5201,5207,2574,2492,2270
20/2/2019 10:00,2443,2604,2897,5235,5250,5221,2792,2646,2324
20/2/2019 10:30,2443,2647,2795,5235,5250,5196,2792,2603,2401
20/2/2019 11:00,2283,2542,2732,5227,5266,5197,2944,2724,2465
20/2/2019 11:30,2283,2700,2589,5227,5266,5178,2944,2566,2589
20/2/2019 12:00,2178,2614,2624,5241,5300,5182,3063,2686,2558
20/2/2019 12:30,2178,2648,2547,5241,5299,5185,3063,2651,2638
20/2/2019 13:00,2148,2548,2400,5146,5220,5148,2998,2672,2748
20/2/2019 13:30,2148,2541,2375,5146,5220,5045,2998,2679,2670
20/2/2019 14:00,2163,2408,2302,5097,5181,5051,2934,2773,2749
20/2/2019 14:30,2163,2232,2255,5097,5181,5012,2934,2949,2757
20/2/2019 15:00,2192,2111,2330,5126,5210,5051,2934,3099,2721
20/2/2019 15:30,2192,2111,2329,5126,5210,5076,2934,3099,2747
20/2/2019 16:00,2221,1997,2268,5308,5369,5139,3087,3372,2871
20/2/2019 16:30,2221,1968,2350,5308,5369,5255,3087,3401,2905
20/2/2019 17:00,2278,1970,2300,5646,5716,5377,3368,3746,3077
20/2/2019 17:30,2278,2020,2379,5646,5715,5567,3368,3695,3188
20/2/2019 18:00,2438,2197,2428,5876,5919,5793,3438,3722,3365
20/2/2019 18:30,2438,2350,2388,5876,5919,5796,3438,3569,3408
20/2/2019 19:00,2666,2609,2540,5687,5711,5673,3021,3102,3133
20/2/2019 19:30,2666,2637,2641,5687,5711,5540,3021,3074,2899
20/2/2019 20:00,2847,2836,2761,5377,5373,5409,2530,2537,2648
20/2/2019 20:30,2847,2864,2921,5377,5373,5254,2530,2509,2333
20/2/2019 21:00,2945,2934,3012,4961,4967,5075,2016,2033,2063
20/2/2019 21:30,2945,2957,3164,4961,4967,4892,2016,2010,1728
20/2/2019 22:00,2961,2954,3128,4470,4482,4665,1509,1528,1537
20/2/2019 22:30,2961,2867,3049,4470,4472,4392,1509,1605,1343
20/2/2019 23:00,2769,2852,2967,4144,4142,4283,1375,1290,1316
20/2/2019 23:30,2769,2815,2959,4144,4142,4123,1375,1327,1164
21/2/2019 0:00,2722,2788,2898,3811,3808,3919,1089,1020,1021
21/2/2019 0:30,2722,2866,2879,3811,3808,3766,1089,942,887
21/2/2019 1:00,2715,2832,2848,3576,3574,3648,861,742,800
21/2/2019 1:30,2715,2961,2817,3576,3574,3560,861,613,743
21/2/2019 2:00,2721,2898,2904,3415,3414,3506,694,516,602
21/2/2019 2:30,2721,2812,2807,3415,3414,3431,694,602,624
21/2/2019 3:00,2724,2782,2693,3332,3330,3361,608,548,668
21/2/2019 3:30,2724,2754,2727,3332,3330,3356,608,576,629
21/2/2019 4:00,2761,2758,2645,3314,3314,3345,553,556,700
21/2/2019 4:30,2761,2771,2651,3314,3314,3332,553,543,681
21/2/2019 5:00,2838,2816,2702,3419,3421,3377,581,605,675
21/2/2019 5:30,2838,2888,2643,3419,3421,3442,581,533,799
21/2/2019 6:00,2923,2938,2601,3877,3879,3661,954,941,1060
21/2/2019 6:30,2923,2845,2723,3877,3879,3936,954,1034,1213
21/2/2019 7:00,2982,2892,2993,4586,4580,4323,1604,1688,1330
21/2/2019 7:30,2982,2856,3226,4586,4580,4651,1604,1724,1425
21/2/2019 8:00,3033,2919,3194,4919,4912,4808,1886,1993,1614
21/2/2019 8:30,3033,2926,3105,4919,4912,4953,1886,1986,1848
21/2/2019 9:00,3112,3005,3014,5104,5109,5064,1992,2104,2050
21/2/2019 9:30,3112,2854,3010,5104,5109,5145,1992,2255,2135
21/2/2019 10:00,3203,2948,2954,5143,5131,5108,1940,2183,2154
21/2/2019 10:30,3203,3115,2857,5143,5133,5074,1940,2018,2217
21/2/2019 11:00,3285,3184,2908,5166,5134,5093,1881,1950,2185
21/2/2019 11:30,3285,3356,2979,5166,5134,5076,1881,1778,2097
21/2/2019 12:00,3316,3378,3146,5193,5142,5107,1877,1764,1961
21/2/2019 12:30,3316,3241,3140,5193,5142,5074,1877,1901,1934
21/2/2019 13:00,3297,3240,3211,5108,5046,5033,1811,1806,1822
21/2/2019 13:30,3297,3179,3201,5108,5046,4963,1811,1867,1762
21/2/2019 14:00,3242,3140,3151,5069,5000,4941,1827,1860,1790
21/2/2019 14:30,3242,3014,3187,5069,5000,4932,1827,1986,1745
21/2/2019 15:00,3192,3007,3156,5108,5043,4925,1916,2036,1769
21/2/2019 15:30,3192,3087,3161,5108,5043,4942,1916,1956,1781
21/2/2019 16:00,3178,3080,3124,5268,5197,5032,2090,2117,1908
21/2/2019 16:30,3178,3084,3120,5268,5197,5168,2090,2113,2048
21/2/2019 17:00,3192,3098,3093,5577,5500,5321,2385,2402,2228
21/2/2019 17:30,3192,3144,3258,5577,5500,5535,2385,2356,2277
21/2/2019 18:00,3232,3192,3357,5810,5748,5738,2578,2556,2381
21/2/2019 18:30,3232,3192,3488,5810,5748,5776,2578,2556,2288
21/2/2019 19:00,3279,3275,3498,5650,5599,5671,2371,2324,2173
21/2/2019 19:30,3279,3261,3504,5650,5599,5523,2371,2338,2019
21/2/2019 20:00,3326,3333,3619,5349,5318,5374,2023,1985,1755
21/2/2019 20:30,3326,3275,3668,5349,5318,5237,2023,2043,1569
21/2/2019 21:00,3338,3310,3650,4939,4923,5078,1601,1613,1428
21/2/2019 21:30,3338,3464,3382,4939,4923,4806,1601,1459,1424
21/2/2019 22:00,3302,3408,3178,4469,4462,4564,1167,1054,1386
21/2/2019 22:30,3302,3499,3142,4469,4453,4323,1167,954,1181
21/2/2019 23:00,3286,3405,3175,4143,4145,4213,857,740,1038
21/2/2019 23:30,3286,3423,3043,4143,4145,4031,857,722,988
22/2/2019 0:00,3225,3342,3023,3792,3794,3859,567,452,836
22/2/2019 0:30,3225,3377,3022,3792,3794,3699,567,417,677
22/2/2019 1:00,3181,3311,2924,3555,3560,3581,374,249,657
22/2/2019 1:30,3181,3049,2837,3555,3560,3491,374,511,654
22/2/2019 2:00,3126,3008,2751,3394,3399,3403,268,391,652
22/2/2019 2:30,3126,3026,2804,3394,3399,3351,268,373,547
22/2/2019 3:00,3082,2988,2761,3312,3316,3293,230,328,532
22/2/2019 3:30,3082,2913,2727,3312,3316,3264,230,403,537
22/2/2019 4:00,3064,2917,2692,3291,3294,3246,227,377,554
22/2/2019 4:30,3064,2908,2657,3291,3294,3241,227,386,584
22/2/2019 5:00,3057,2942,2742,3382,3383,3306,325,441,564
22/2/2019 5:30,3057,2786,2740,3382,3383,3384,325,597,644
22/2/2019 6:00,3043,2845,2773,3813,3811,3599,770,966,826
22/2/2019 6:30,3043,2914,2831,3813,3811,3884,770,897,1053
22/2/2019 7:00,2979,2936,3008,4498,4488,4241,1519,1552,1233
22/2/2019 7:30,2979,2912,2970,4498,4488,4527,1519,1576,1557
22/2/2019 8:00,2896,2926,2973,4848,4856,4669,1952,1930,1696
22/2/2019 8:30,2896,2869,2921,4848,4856,4811,1952,1987,1890
22/2/2019 9:00,2871,2892,3020,5082,5098,4945,2211,2206,1925
22/2/2019 9:30,2871,2839,3188,5082,5098,5038,2211,2259,1850
22/2/2019 10:00,2908,2913,3216,5140,5125,5065,2232,2212,1849
22/2/2019 10:30,2908,3020,3134,5140,5122,5059,2232,2102,1925
22/2/2019 11:00,2984,3094,3162,5143,5132,5090,2159,2038,1928
22/2/2019 11:30,2984,3096,3309,5143,5132,5123,2159,2036,1814
22/2/2019 12:00,3072,3183,3471,5154,5142,5138,2082,1959,1667
22/2/2019 12:30,3072,3220,3473,5154,5142,5155,2082,1922,1682
22/2/2019 13:00,3148,3276,3464,5049,5036,5072,1901,1760,1608
22/2/2019 13:30,3148,3450,3405,5049,5036,4962,1901,1586,1557
22/2/2019 14:00,3214,3480,3519,4981,4968,4964,1767,1488,1445
22/2/2019 14:30,3214,3349,3576,4981,4968,4933,1767,1619,1357
22/2/2019 15:00,3288,3415,3464,4966,4946,4903,1678,1531,1439
22/2/2019 15:30,3288,3582,3464,4966,4946,4875,1678,1364,1411
22/2/2019 16:00,3371,3622,3550,5059,5047,4895,1688,1425,1345
22/2/2019 16:30,3371,3622,3610,5059,5047,4979,1688,1425,1369
22/2/2019 17:00,3437,3628,3594,5346,5352,5066,1909,1724,1472
22/2/2019 17:30,3437,3605,3683,5346,5352,5254,1909,1747,1571
22/2/2019 18:00,3475,3604,3717,5599,5604,5510,2124,2000,1793
22/2/2019 18:30,3475,3599,3677,5599,5604,5554,2124,2005,1877
22/2/2019 19:00,3475,3581,3757,5422,5417,5480,1947,1836,1723
22/2/2019 19:30,3475,3539,3731,5422,5417,5339,1947,1878,1608
22/2/2019 20:00,3451,3509,3686,5096,5078,5159,1645,1569,1473
22/2/2019 20:30,3451,3548,3671,5096,5078,5023,1645,1530,1352
22/2/2019 21:00,3408,3480,3582,4733,4710,4866,1325,1230,1284
22/2/2019 21:30,3408,3561,3440,4733,4710,4654,1325,1149,1214
22/2/2019 22:00,3334,3451,3296,4350,4322,4431,1016,871,1135
22/2/2019 22:30,3334,3464,3168,4350,4309,4248,1016,845,1080
22/2/2019 23:00,3263,3353,3070,4101,4096,4143,838,743,1073
22/2/2019 23:30,3263,3339,3017,4101,4096,4037,838,757,1020
23/2/2019 0:00,3198,3254,2991,3760,3756,3862,562,502,871
23/2/2019 0:30,3198,3253,2956,3760,3756,3717,562,503,761
23/2/2019 1:00,3144,3186,2919,3491,3489,3576,347,303,657
23/2/2019 1:30,3144,3073,2839,3491,3490,3477,347,417,638
23/2/2019 2:00,3084,3022,2762,3295,3294,3375,211,272,613
23/2/2019 2:30,3084,2924,2756,3295,3294,3296,211,370,540
23/2/2019 3:00,3031,2890,2728,3178,3175,3235,147,285,507
23/2/2019 3:30,3031,2891,2647,3178,3175,3190,147,284,543
23/2/2019 4:00,3002,2890,2630,3116,3109,3188,114,219,558
23/2/2019 4:30,3002,2878,2616,3116,3109,3163,114,231,547
23/2/2019 5:00,2977,2891,2630,3139,3137,3183,162,246,553
23/2/2019 5:30,2977,2802,2666,3139,3137,3191,162,335,525
23/2/2019 6:00,2900,2794,2718,3325,3320,3294,425,526,576
23/2/2019 6:30,2900,2779,2647,3325,3321,3380,425,542,733
23/2/2019 7:00,2699,2696,2653,3586,3580,3562,887,884,909
23/2/2019 7:30,2699,2658,2768,3586,3580,3770,887,922,1002
23/2/2019 8:00,2433,2508,2824,3945,3935,3906,1512,1427,1082
23/2/2019 8:30,2433,2527,2811,3945,3935,4097,1512,1408,1286
23/2/2019 9:00,2198,2406,2781,4376,4349,4321,2178,1943,1540
23/2/2019 9:30,2198,2424,2620,4376,4349,4459,2178,1925,1839
23/2/2019 10:00,2039,2374,2610,4594,4580,4563,2555,2206,1953
23/2/2019 10:30,2039,2352,2550,4594,4592,4607,2555,2240,2057
23/2/2019 11:00,1915,2339,2450,4663,4658,4609,2748,2319,2159
23/2/2019 11:30,1915,2500,2479,4663,4658,4633,2748,2158,2154
23/2/2019 12:00,1758,2451,2478,4688,4688,4614,2930,2237,2136
23/2/2019 12:30,1758,2526,2474,4688,4688,4613,2930,2162,2139
23/2/2019 13:00,1580,2443,2382,4606,4595,4604,3026,2152,2222
23/2/2019 13:30,1580,2376,2462,4606,4595,4552,3026,2219,2090
23/2/2019 14:00,1396,2201,2443,4486,4479,4466,3090,2278,2023
23/2/2019 14:30,1396,2126,2346,4486,4479,4417,3090,2353,2071
23/2/2019 15:00,1194,1816,2217,4428,4406,4355,3234,2590,2138
23/2/2019 15:30,1194,1790,2093,4428,4406,4335,3234,2616,2242
23/2/2019 16:00,1004,1437,2003,4544,4504,4350,3540,3067,2347
23/2/2019 16:30,1004,1490,1633,4544,4504,4445,3540,3014,2812
23/2/2019 17:00,869,1148,1279,4867,4807,4574,3998,3659,3295
23/2/2019 17:30,869,1245,1002,4867,4807,4743,3998,3562,3741
23/2/2019 18:00,759,929,767,5157,5118,4952,4398,4189,4185
23/2/2019 18:30,759,914,660,5157,5118,5133,4398,4204,4473
23/2/2019 19:00,672,615,424,5019,4987,5121,4347,4372,4697
23/2/2019 19:30,672,718,298,5019,4986,4956,4347,4268,4658
23/2/2019 20:00,650,518,277,4702,4695,4786,4052,4177,4509
23/2/2019 20:30,650,346,351,4702,4695,4625,4052,4349,4274
23/2/2019 21:00,702,403,445,4404,4405,4491,3702,4002,4046
23/2/2019 21:30,702,333,580,4404,4405,4336,3702,4072,3756
23/2/2019 22:00,833,543,668,4102,4099,4169,3269,3556,3501
23/2/2019 22:30,833,512,819,4102,4102,3990,3269,3590,3171
23/2/2019 23:00,903,750,1002,3945,3947,3952,3042,3197,2950
23/2/2019 23:30,903,773,1118,3945,3947,3861,3042,3174,2743
24/2/2019 0:00,1130,1001,1218,3690,3697,3733,2560,2696,2515
24/2/2019 0:30,1130,1111,1254,3690,3697,3578,2560,2586,2324
24/2/2019 1:00,1301,1309,1362,3459,3464,3473,2158,2155,2111
24/2/2019 1:30,1301,1343,1456,3459,3463,3402,2158,2120,1946
24/2/2019 2:00,1456,1563,1540,3271,3273,3331,1815,1710,1791
24/2/2019 2:30,1456,1585,1548,3271,3272,3221,1815,1687,1673
24/2/2019 3:00,1624,1754,1572,3158,3158,3141,1534,1404,1569
24/2/2019 3:30,1624,1827,1623,3158,3158,3126,1534,1331,1503
24/2/2019 4:00,1787,1958,1709,3100,3096,3090,1313,1138,1381
24/2/2019 4:30,1787,1892,1761,3100,3096,3077,1313,1204,1316
24/2/2019 5:00,1991,2056,1956,3083,3082,3075,1092,1026,1119
24/2/2019 5:30,1991,2071,2046,3083,3082,3075,1092,1011,1029
24/2/2019 6:00,2241,2222,2223,3167,3167,3166,926,945,943
24/2/2019 6:30,2241,2192,2258,3167,3167,3211,926,975,953
24/2/2019 7:00,2469,2375,2287,3315,3321,3322,846,946,1035
24/2/2019 7:30,2469,2314,2242,3315,3321,3393,846,1007,1151
24/2/2019 8:00,2637,2511,2382,3514,3538,3490,877,1027,1108
24/2/2019 8:30,2637,2533,2573,3514,3538,3670,877,1005,1097
24/2/2019 9:00,2699,2597,2641,3912,3927,3881,1213,1330,1240
24/2/2019 9:30,2699,2662,2801,3912,3927,4101,1213,1265,1300
24/2/2019 10:00,2657,2650,2812,4241,4241,4294,1584,1591,1482
24/2/2019 10:30,2657,2612,2556,4241,4252,4355,1584,1640,1799
24/2/2019 11:00,2592,2572,2663,4421,4411,4438,1829,1839,1775
24/2/2019 11:30,2592,2437,2737,4421,4411,4503,1829,1974,1766
24/2/2019 12:00,2504,2380,2677,4591,4567,4573,2087,2187,1896
24/2/2019 12:30,2504,2519,2758,4591,4567,4648,2087,2048,1890
24/2/2019 13:00,2443,2431,2622,4552,4548,4639,2109,2117,2017
24/2/2019 13:30,2443,2586,2538,4552,4548,4571,2109,1962,2033
24/2/2019 14:00,2412,2546,2537,4401,4389,4505,1989,1843,1968
24/2/2019 14:30,2412,2435,2464,4401,4389,4436,1989,1954,1972
24/2/2019 15:00,2391,2451,2388,4306,4288,4390,1915,1837,2002
24/2/2019 15:30,2391,2493,2394,4306,4289,4354,1915,1796,1960
24/2/2019 16:00,2392,2506,2453,4391,4365,4399,1999,1859,1946
24/2/2019 16:30,2392,2582,2546,4391,4365,4498,1999,1783,1952
24/2/2019 17:00,2356,2555,2687,4683,4654,4713,2327,2099,2026
24/2/2019 17:30,2356,2559,2743,4683,4654,4902,2327,2095,2159
24/2/2019 18:00,2291,2533,2657,5021,4998,5091,2730,2465,2434
24/2/2019 18:30,2291,2458,2664,5021,4998,5159,2730,2540,2495
24/2/2019 19:00,2204,2416,2739,4969,4975,5069,2765,2559,2330
24/2/2019 19:30,2204,2428,2700,4969,4975,4927,2765,2547,2227
24/2/2019 20:00,2087,2321,2634,4750,4737,4815,2663,2416,2181
24/2/2019 20:30,2087,2480,2509,4750,4737,4647,2663,2257,2138
24/2/2019 21:00,1961,2286,2440,4459,4450,4526,2498,2164,2086
24/2/2019 21:30,1961,2302,2318,4459,4451,4339,2498,2149,2021
24/2/2019 22:00,1829,2083,2197,4081,4072,4110,2252,1989,1913
24/2/2019 22:30,1829,2122,2069,4081,4066,3875,2252,1944,1806
24/2/2019 23:00,1717,1918,2020,3817,3815,3778,2100,1897,1758
24/2/2019 23:30,1717,1961,1978,3817,3815,3648,2100,1854,1670
25/2/2019 0:00,1617,1813,1792,3526,3525,3504,1909,1712,1712
25/2/2019 0:30,1617,1737,1836,3526,3525,3394,1909,1788,1558
25/2/2019 1:00,1586,1674,1924,3332,3333,3308,1746,1659,1384
25/2/2019 1:30,1586,1776,1907,3332,3333,3216,1746,1557,1309
25/2/2019 2:00,1632,1753,1898,3204,3204,3133,1572,1451,1235
25/2/2019 2:30,1632,1749,1859,3204,3204,3093,1572,1455,1234
25/2/2019 3:00,1708,1788,1919,3144,3146,3086,1436,1358,1167
25/2/2019 3:30,1708,1772,1939,3144,3146,3081,1436,1374,1142
25/2/2019 4:00,1792,1849,1963,3133,3135,3084,1341,1286,1121
25/2/2019 4:30,1792,1951,1981,3133,3135,3089,1341,1184,1108
25/2/2019 5:00,1890,2002,2062,3259,3263,3144,1369,1261,1082
25/2/2019 5:30,1890,2023,2232,3259,3263,3256,1369,1240,1024
25/2/2019 6:00,2019,2107,2421,3757,3763,3515,1738,1656,1094
25/2/2019 6:30,2019,2079,2502,3757,3763,3843,1738,1684,1341
25/2/2019 7:00,2167,2173,2617,4515,4522,4285,2348,2349,1668
25/2/2019 7:30,2167,2176,2751,4515,4522,4716,2348,2346,1965
25/2/2019 8:00,2253,2217,2728,4903,4934,4854,2650,2717,2126
25/2/2019 8:30,2253,2226,2567,4903,4934,4894,2650,2708,2327
25/2/2019 9:00,2243,2204,2479,5124,5156,4973,2881,2952,2494
25/2/2019 9:30,2243,2403,2426,5124,5156,5013,2881,2753,2587
25/2/2019 10:00,2189,2313,2380,5163,5199,4960,2974,2886,2580
25/2/2019 10:30,2189,2411,2300,5163,5192,4948,2974,2781,2648
25/2/2019 11:00,2168,2315,2161,5143,5166,4936,2975,2851,2775
25/2/2019 11:30,2168,2415,2148,5143,5166,4889,2975,2751,2741
25/2/2019 12:00,2170,2343,2196,5136,5154,4893,2966,2811,2697
25/2/2019 12:30,2170,2206,2174,5136,5154,4910,2966,2948,2736
25/2/2019 13:00,2141,2171,2151,5004,4975,4866,2863,2804,2715
25/2/2019 13:30,2141,2103,2199,5004,4974,4812,2863,2871,2613
25/2/2019 14:00,2121,2070,2213,4925,4930,4794,2804,2860,2581
25/2/2019 14:30,2121,2019,2273,4925,4929,4805,2804,2910,2532
25/2/2019 15:00,2166,2005,2233,4956,4960,4803,2790,2955,2570
25/2/2019 15:30,2166,2039,2216,4956,4959,4863,2790,2920,2647
25/2/2019 16:00,2229,2081,2291,5163,5214,4921,2934,3133,2630
25/2/2019 16:30,2229,2108,2370,5163,5214,5062,2934,3106,2692
25/2/2019 17:00,2295,2182,2439,5470,5548,5182,3175,3366,2743
25/2/2019 17:30,2295,2263,2405,5470,5548,5301,3175,3285,2896
25/2/2019 18:00,2338,2304,2357,5725,5767,5485,3387,3463,3128
25/2/2019 18:30,2338,2391,2323,5725,5767,5653,3387,3376,3330
25/2/2019 19:00,2303,2366,2325,5611,5608,5569,3308,3242,3244
25/2/2019 19:30,2303,2378,2305,5611,5608,5441,3308,3230,3136
25/2/2019 20:00,2183,2239,2309,5302,5289,5269,3119,3050,2960
25/2/2019 20:30,2183,2316,2289,5302,5288,5120,3119,2972,2831
25/2/2019 21:00,1992,2096,2178,4890,4861,4934,2898,2765,2756
25/2/2019 21:30,1992,2009,2125,4890,4861,4687,2898,2852,2562
25/2/2019 22:00,1750,1773,2030,4401,4366,4420,2651,2593,2390
25/2/2019 22:30,1750,1739,1900,4401,4366,4177,2651,2627,2277
25/2/2019 23:00,1549,1497,1527,4050,4048,4003,2501,2551,2476
25/2/2019 23:30,1549,1504,1242,4050,4044,3854,2501,2540,2612
26/2/2019 0:00,1257,1235,1015,3730,3722,3679,2473,2487,2664
26/2/2019 0:30,1257,1268,912,3730,3722,3526,2473,2454,2614
26/2/2019 1:00,983,1029,850,3527,3520,3426,2544,2491,2576
26/2/2019 1:30,983,1149,735,3527,3520,3362,2544,2371,2627
26/2/2019 2:00,788,965,659,3398,3393,3315,2610,2428,2656
26/2/2019 2:30,788,831,616,3398,3393,3284,2610,2562,2668
26/2/2019 3:00,644,711,559,3343,3344,3273,2699,2633,2714
26/2/2019 3:30,644,585,542,3343,3344,3271,2699,2759,2729
26/2/2019 4:00,565,532,515,3336,3339,3275,2771,2807,2760
26/2/2019 4:30,565,521,548,3336,3339,3270,2771,2818,2722
26/2/2019 5:00,569,529,536,3444,3443,3321,2875,2914,2785
26/2/2019 5:30,569,501,550,3444,3443,3417,2875,2942,2867
26/2/2019 6:00,601,526,613,3926,3926,3663,3325,3400,3050
26/2/2019 6:30,601,519,675,3926,3926,3995,3325,3407,3320
26/2/2019 7:00,621,567,770,4670,4672,4434,4049,4105,3664
26/2/2019 7:30,621,558,909,4670,4672,4771,4049,4114,3862
26/2/2019 8:00,627,619,969,5018,4987,4938,4391,4368,3969
26/2/2019 8:30,627,646,1007,5018,4987,4980,4391,4341,3973
26/2/2019 9:00,594,627,1008,5193,5117,5041,4599,4490,4033
26/2/2019 9:30,594,629,913,5193,5117,5085,4599,4488,4172
26/2/2019 10:00,552,545,821,5180,5091,5036,4628,4546,4215
26/2/2019 10:30,552,608,680,5180,5104,4979,4628,4496,4299
26/2/2019 11:00,559,539,676,5158,5064,4970,4599,4525,4294
26/2/2019 11:30,559,681,709,5158,5064,4926,4599,4383,4217
26/2/2019 12:00,597,662,686,5150,5038,4891,4553,4376,4205
26/2/2019 12:30,597,710,728,5150,5038,4884,4553,4328,4156
26/2/2019 13:00,644,715,806,5036,4885,4841,4392,4170,4035
26/2/2019 13:30,644,693,879,5036,4884,4746,4392,4191,3867
26/2/2019 14:00,695,727,844,4995,4843,4735,4300,4116,3891
26/2/2019 14:30,695,704,853,4995,4843,4729,4300,4139,3876
26/2/2019 15:00,750,793,853,5052,4938,4722,4302,4145,3869
26/2/2019 15:30,750,793,831,5052,4938,4762,4302,4145,3931
26/2/2019 16:00,831,928,883,5278,5158,4831,4447,4230,3948
26/2/2019 16:30,831,959,980,5278,5157,4978,4447,4198,3998
26/2/2019 17:00,979,1126,1033,5592,5451,5131,4613,4325,4098
26/2/2019 17:30,979,1166,1190,5592,5450,5273,4613,4284,4083
26/2/2019 18:00,1148,1344,1329,5840,5730,5475,4692,4386,4146
26/2/2019 18:30,1148,1323,1380,5840,5729,5676,4692,4406,4296
26/2/2019 19:00,1279,1439,1440,5715,5622,5609,4436,4183,4169
26/2/2019 19:30,1279,1379,1501,5715,5621,5476,4436,4242,3975
26/2/2019 20:00,1353,1444,1564,5408,5345,5338,4055,3901,3774
26/2/2019 20:30,1353,1389,1557,5408,5344,5195,4055,3955,3638
26/2/2019 21:00,1378,1405,1547,4992,4953,4985,3614,3548,3438
26/2/2019 21:30,1378,1468,1729,4992,4953,4764,3614,3485,3035
26/2/2019 22:00,1373,1431,1736,4491,4462,4508,3118,3031,2772
26/2/2019 22:30,1373,1429,1578,4491,4460,4236,3118,3031,2658
26/2/2019 23:00,1317,1305,1491,4095,4083,4048,2778,2778,2557
26/2/2019 23:30,1317,1359,1269,4095,4082,3888,2778,2723,2619
27/2/2019 0:00,1177,1196,1064,3752,3741,3697,2575,2545,2633
27/2/2019 0:30,1177,1197,984,3752,3740,3558,2575,2543,2574
27/2/2019 1:00,1040,1037,1051,3539,3526,3481,2499,2489,2430
27/2/2019 1:30,1040,1151,990,3539,3525,3400,2499,2374,2410
27/2/2019 2:00,904,981,988,3397,3386,3335,2493,2405,2347
27/2/2019 2:30,904,891,907,3397,3386,3290,2493,2495,2383
27/2/2019 3:00,771,747,862,3344,3339,3245,2573,2592,2383
27/2/2019 3:30,771,629,803,3344,3339,3239,2573,2710,2436
27/2/2019 4:00,661,553,737,3339,3332,3261,2678,2779,2524
27/2/2019 4:30,661,591,661,3339,3332,3257,2678,2741,2596
27/2/2019 5:00,571,538,529,3457,3452,3315,2886,2914,2786
27/2/2019 5:30,571,595,514,3457,3452,3408,2886,2857,2894
27/2/2019 6:00,483,531,417,3945,3944,3666,3462,3413,3249
27/2/2019 6:30,483,523,358,3945,3944,4022,3462,3421,3664
27/2/2019 7:00,419,448,304,4679,4677,4484,4260,4229,4180
27/2/2019 7:30,419,461,262,4679,4874,4818,4260,4413,4556
27/2/2019 8:00,374,394,232,5011,5094,5013,4637,4700,4781
27/2/2019 8:30,374,249,195,5011,5094,5028,4637,4845,4833
27/2/2019 9:00,324,220,191,5170,5216,5107,4846,4996,4916
27/2/2019 9:30,324,210,208,5170,5216,5163,4846,5006,4955
27/2/2019 10:00,267,195,184,5153,5211,5120,4886,5016,4936
27/2/2019 10:30,267,180,165,5153,5177,5087,4886,4997,4922
27/2/2019 11:00,230,175,144,5111,5116,5070,4881,4941,4926
27/2/2019 11:30,230,179,148,5111,5116,5042,4881,4937,4894
27/2/2019 12:00,224,191,151,5099,5108,4958,4875,4917,4807
27/2/2019 12:30,224,190,140,5099,5108,4949,4875,4918,4809
27/2/2019 13:00,235,213,132,4987,5046,4954,4752,4833,4822
27/2/2019 13:30,235,216,143,4987,5046,4846,4752,4830,4703
27/2/2019 14:00,276,255,206,4931,4974,4858,4655,4719,4652
27/2/2019 14:30,276,239,268,4931,4974,4840,4655,4735,4572
27/2/2019 15:00,347,302,167,4958,4984,4866,4611,4682,4699
27/2/2019 15:30,347,313,374,4958,4984,4912,4611,4671,4538
27/2/2019 16:00,432,385,420,5145,5160,4978,4713,4775,4558
27/2/2019 16:30,432,365,457,5145,5160,5130,4713,4795,4673
27/2/2019 17:00,525,461,496,5445,5491,5281,4920,5030,4785
27/2/2019 17:30,525,466,604,5445,5491,5441,4920,5025,4837
27/2/2019 18:00,613,550,642,5735,5701,5621,5122,5151,4979
27/2/2019 18:30,613,628,691,5735,5701,5800,5122,5073,5109
27/2/2019 19:00,657,646,760,5669,5600,5727,5012,4954,4967
27/2/2019 19:30,657,663,762,5669,5600,5623,5012,4937,4861
27/2/2019 20:00,657,630,696,5385,5334,5446,4728,4704,4750
27/2/2019 20:30,657,598,625,5385,5333,5265,4728,4735,4640
27/2/2019 21:00,649,567,697,4973,4955,5104,4324,4388,4407
27/2/2019 21:30,649,608,722,4973,4954,4843,4324,4346,4121
27/2/2019 22:00,629,599,637,4501,4476,4577,3872,3877,3940
27/2/2019 22:30,629,616,476,4501,4479,4305,3872,3863,3829
27/2/2019 23:00,574,637,414,4094,4093,4161,3520,3456,3747
27/2/2019 23:30,574,667,460,4094,4093,3990,3520,3426,3530
28/2/2019 0:00,541,684,520,3724,3725,3779,3183,3041,3259
28/2/2019 0:30,541,665,531,3724,3725,3628,3183,3060,3097
28/2/2019 1:00,523,677,589,3518,3518,3511,2995,2841,2922
28/2/2019 1:30,523,654,636,3518,3518,3404,2995,2864,2768
28/2/2019 2:00,536,654,547,3386,3387,3337,2850,2733,2790
28/2/2019 2:30,536,497,534,3386,3387,3300,2850,2890,2766
28/2/2019 3:00,504,462,531,3327,3329,3268,2823,2867,2737
28/2/2019 3:30,504,450,494,3327,3329,3263,2823,2879,2769
28/2/2019 4:00,412,366,448,3324,3324,3246,2912,2958,2798
28/2/2019 4:30,412,408,386,3324,3324,3266,2912,2916,2880
28/2/2019 5:00,338,293,374,3408,3415,3322,3070,3122,2948
28/2/2019 5:30,338,291,353,3408,3415,3424,3070,3124,3071
28/2/2019 6:00,309,223,334,3856,3876,3687,3547,3653,3353
28/2/2019 6:30,309,251,235,3856,3876,4004,3547,3625,3769
28/2/2019 7:00,364,233,181,4619,4643,4485,4255,4410,4304
28/2/2019 7:30,364,201,174,4619,4642,4835,4255,4441,4661
28/2/2019 8:00,484,237,186,5082,5022,5016,4598,4785,4830
28/2/2019 8:30,484,174,102,5082,5022,5059,4598,4848,4957
28/2/2019 9:00,575,222,83,5228,5167,5141,4653,4945,5058
28/2/2019 9:30,575,256,0,5228,5167,5195,4653,4911,5195
28/2/2019 10:00,680,317,0,5201,5149,5158,4521,4832,5158
28/2/2019 10:30,680,260,0,5201,5149,5162,4521,4889,5162
28/2/2019 11:00,790,361,0,5153,5129,5164,4363,4768,5164
28/2/2019 11:30,790,366,254,5153,5129,5154,4363,4763,4900
28/2/2019 12:00,866,496,358,5156,5139,5185,4290,4643,4827
28/2/2019 12:30,866,491,652,5156,5139,5220,4290,4648,4568
28/2/2019 13:00,948,649,661,5107,5061,5156,4159,4412,4495
28/2/2019 13:30,948,671,563,5107,5061,5065,4159,4390,4502
28/2/2019 14:00,1033,869,568,5064,5027,5072,4031,4158,4504
28/2/2019 14:30,1033,840,686,5064,5027,5050,4031,4187,4364
28/2/2019 15:00,1091,960,824,5073,5036,5047,3982,4076,4223
28/2/2019 15:30,1091,899,947,5073,5036,5093,3982,4137,4146
28/2/2019 16:00,1080,929,1056,5233,5217,5179,4153,4288,4123
28/2/2019 16:30,1080,1035,1127,5233,5218,5306,4153,4183,4179
28/2/2019 17:00,1019,1005,1117,5550,5544,5402,4531,4539,4285
28/2/2019 17:30,1019,808,1147,5550,5544,5515,4531,4736,4368
28/2/2019 18:00,939,773,1206,5700,5711,5647,4761,4938,4441
28/2/2019 18:30,939,831,1148,5700,5712,5772,4761,4881,4624
28/2/2019 19:00,854,783,1065,5598,5619,5740,4744,4836,4675
28/2/2019 19:30,854,919,1036,5598,5619,5619,4744,4700,4583
28/2/2019 20:00,776,824,953,5340,5332,5466,4564,4508,4513
28/2/2019 20:30,776,824,892,5340,5332,5314,4564,4508,4422
28/2/2019 21:00,691,685,805,4973,4947,5105,4282,4262,4300
28/2/2019 21:30,691,787,654,4973,4946,4857,4282,4159,4203
28/2/2019 22:00,615,645,519,4496,4448,4585,3881,3803,4066
28/2/2019 22:30,615,580,511,4496,4459,4328,3881,3879,3817
28/2/2019 23:00,455,497,451,4081,4087,4185,3626,3590,3734
28/2/2019 23:30,455,510,367,4081,4087,4001,3626,3577,3634
1/3/2019 0:00,397,439,309,3720,3726,3800,3323,3287,3491
1/3/2019 0:30,397,434,296,3720,3726,3644,3323,3292,3348
1/3/2019 1:00,389,403,298,3504,3509,3535,3115,3106,3237
1/3/2019 1:30,389,337,294,3504,3509,3447,3115,3172,3153
1/3/2019 2:00,416,365,282,3368,3372,3382,2952,3007,3100
1/3/2019 2:30,416,402,347,3368,3372,3323,2952,2970,2976
1/3/2019 3:00,455,468,468,3302,3306,3277,2847,2838,2809
1/3/2019 3:30,455,416,600,3302,3306,3254,2847,2890,2654
1/3/2019 4:00,512,493,599,3295,3300,3246,2783,2807,2647
1/3/2019 4:30,512,492,676,3295,3300,3256,2783,2808,2580
1/3/2019 5:00,588,578,774,3374,3385,3311,2786,2807,2537
1/3/2019 5:30,588,555,912,3374,3385,3429,2786,2830,2517
1/3/2019 6:00,653,626,1003,3822,3846,3676,3169,3220,2673
1/3/2019 6:30,653,666,1055,3822,3846,3981,3169,3180,2926
1/3/2019 7:00,724,725,1109,4560,4586,4397,3836,3861,3288
1/3/2019 7:30,724,750,1083,4560,4587,4752,3836,3837,3669
1/3/2019 8:00,793,832,1089,5008,4949,4911,4215,4117,3822
1/3/2019 8:30,793,882,1052,5008,4949,4925,4215,4067,3873
1/3/2019 9:00,837,978,955,5161,5097,4985,4324,4119,4030
1/3/2019 9:30,837,1073,1018,5161,5097,5031,4324,4024,4013
1/3/2019 10:00,918,1215,1119,5125,5099,5007,4207,3884,3888
1/3/2019 10:30,918,1299,1155,5125,5130,4989,4207,3831,3834
1/3/2019 11:00,1034,1445,1154,5067,5090,4964,4033,3645,3810
1/3/2019 11:30,1034,1436,1148,5067,5090,4945,4033,3654,3797
1/3/2019 12:00,1108,1545,1199,5065,5110,4948,3957,3565,3749
1/3/2019 12:30,1108,1446,1206,5065,5110,4943,3957,3664,3737
1/3/2019 13:00,1143,1514,1230,4974,5013,4891,3831,3499,3661
1/3/2019 13:30,1143,1427,1266,4974,5012,4834,3831,3585,3568
1/3/2019 14:00,1105,1326,1184,4910,4937,4836,3805,3611,3652
1/3/2019 14:30,1105,1333,1196,4910,4936,4902,3805,3603,3706
1/3/2019 15:00,995,1131,1100,4905,4932,4938,3910,3801,3838
1/3/2019 15:30,995,1052,996,4905,4931,4988,3910,3879,3992
1/3/2019 16:00,923,887,938,5064,5088,5082,4141,4201,4144
1/3/2019 16:30,923,867,826,5064,5087,5201,4141,4220,4375
1/3/2019 17:00,920,785,809,5385,5377,5342,4465,4592,4533
1/3/2019 17:30,920,741,744,5385,5376,5476,4465,4635,4732
1/3/2019 18:00,888,684,658,5552,5557,5592,4664,4873,4934
1/3/2019 18:30,888,662,562,5552,5556,5637,4664,4894,5075
1/3/2019 19:00,842,563,486,5483,5488,5556,4641,4925,5070
1/3/2019 19:30,842,615,416,5483,5488,5413,4641,4873,4997
1/3/2019 20:00,832,571,336,5214,5215,5225,4382,4644,4889
1/3/2019 20:30,832,459,314,5214,5215,5065,4382,4756,4751
1/3/2019 21:00,835,491,348,4849,4827,4898,4014,4336,4550
1/3/2019 21:30,835,516,363,4849,4827,4671,4014,4311,4308
1/3/2019 22:00,875,550,367,4383,4364,4461,3508,3814,4094
1/3/2019 22:30,875,493,313,4383,4387,4268,3508,3894,3955
1/3/2019 23:00,737,494,323,4037,4035,4170,3300,3541,3847
1/3/2019 23:30,737,466,280,4037,4035,4027,3300,3569,3747
2/3/2019 0:00,694,463,289,3760,3760,3841,3066,3297,3552
2/3/2019 0:30,694,443,324,3760,3759,3683,3066,3316,3359
2/3/2019 1:00,726,511,433,3504,3504,3559,2778,2993,3126
2/3/2019 1:30,726,443,549,3504,3504,3446,2778,3061,2897
2/3/2019 2:00,820,585,589,3319,3320,3337,2499,2735,2748
2/3/2019 2:30,820,549,702,3319,3320,3270,2499,2771,2568
2/3/2019 3:00,984,769,857,3222,3224,3217,2238,2455,2360
2/3/2019 3:30,984,665,1026,3222,3224,3196,2238,2559,2170
2/3/2019 4:00,1257,971,1144,3205,3207,3206,1948,2236,2062
2/3/2019 4:30,1257,1020,1301,3205,3207,3197,1948,2187,1896
2/3/2019 5:00,1667,1449,1467,3256,3261,3190,1589,1812,1723
2/3/2019 5:30,1667,1512,1769,3256,3261,3219,1589,1749,1450
2/3/2019 6:00,2182,2021,2024,3438,3450,3363,1256,1429,1339
2/3/2019 6:30,2182,2071,2227,3438,3450,3502,1256,1379,1275
2/3/2019 7:00,2672,2606,2402,3801,3816,3636,1129,1210,1234
2/3/2019 7:30,2672,2645,2698,3801,3816,3841,1129,1171,1143
2/3/2019 8:00,3032,3099,2807,4186,4108,4026,1154,1009,1219
2/3/2019 8:30,3032,3068,3004,4186,4108,4220,1154,1040,1216
2/3/2019 9:00,3287,3362,3251,4465,4359,4457,1178,997,1206
2/3/2019 9:30,3287,3498,3419,4465,4359,4637,1178,861,1218
2/3/2019 10:00,3420,3627,3466,4632,4547,4725,1212,920,1259
2/3/2019 10:30,3420,3510,3517,4632,4539,4796,1212,1029,1279
2/3/2019 11:00,3452,3536,3551,4656,4586,4845,1204,1050,1294
2/3/2019 11:30,3452,3445,3590,4656,4586,4902,1204,1141,1312
2/3/2019 12:00,3431,3413,3565,4695,4593,4913,1264,1180,1348
2/3/2019 12:30,3431,3432,3628,4695,4593,4926,1264,1161,1298
2/3/2019 13:00,3340,3369,3614,4621,4527,4890,1281,1158,1276
2/3/2019 13:30,3340,3431,3535,4621,4527,4801,1281,1096,1266
2/3/2019 14:00,3253,3389,3430,4522,4491,4706,1269,1102,1276
2/3/2019 14:30,3253,3400,3413,4522,4492,4646,1269,1092,1233
2/3/2019 15:00,3248,3385,3416,4491,4520,4593,1243,1135,1177
2/3/2019 15:30,3248,3439,3391,4491,4520,4566,1243,1081,1175
2/3/2019 16:00,3268,3426,3363,4618,4666,4568,1350,1240,1205
2/3/2019 16:30,3268,3483,3353,4618,4666,4601,1350,1183,1248
2/3/2019 17:00,3248,3444,3430,4901,4936,4702,1653,1492,1272
2/3/2019 17:30,3248,3361,3488,4901,4937,4867,1653,1576,1379
2/3/2019 18:00,3207,3315,3603,5061,5068,5023,1854,1753,1420
2/3/2019 18:30,3207,3323,3731,5061,5068,5258,1854,1745,1527
2/3/2019 19:00,3155,3283,3755,5025,4970,5240,1870,1687,1485
2/3/2019 19:30,3155,3283,3639,5025,4970,5064,1870,1687,1425
2/3/2019 20:00,3083,3221,3525,4802,4725,4868,1719,1504,1343
2/3/2019 20:30,3083,3263,3435,4802,4725,4722,1719,1462,1287
2/3/2019 21:00,2989,3161,3311,4497,4435,4561,1508,1274,1250
2/3/2019 21:30,2989,3299,3139,4497,4434,4361,1508,1135,1222
2/3/2019 22:00,2875,3137,3004,4122,4104,4163,1247,967,1159
2/3/2019 22:30,2875,3286,2920,4122,4104,4007,1247,818,1087
2/3/2019 23:00,2790,3079,2907,3881,3881,3946,1091,802,1039
2/3/2019 23:30,2790,2962,2835,3881,3881,3863,1091,919,1028
3/3/2019 0:00,2599,2756,2711,3688,3689,3716,1089,933,1005
3/3/2019 0:30,2599,2709,2596,3688,3689,3557,1089,980,961
3/3/2019 1:00,2365,2495,2467,3419,3421,3436,1054,926,969
3/3/2019 1:30,2365,2408,2375,3419,3421,3320,1054,1013,945
3/3/2019 2:00,2127,2206,2289,3222,3224,3236,1095,1018,947
3/3/2019 2:30,2127,2224,2210,3222,3224,3158,1095,1000,948
3/3/2019 3:00,1933,2015,2058,3110,3112,3097,1177,1097,1039
3/3/2019 3:30,1933,2014,1939,3110,3112,3068,1177,1098,1129
3/3/2019 4:00,1745,1825,1798,3098,3099,3074,1353,1274,1276
3/3/2019 4:30,1745,1789,1697,3098,3099,3042,1353,1310,1345
3/3/2019 5:00,1563,1637,1503,3114,3116,3075,1551,1479,1572
3/3/2019 5:30,1563,1653,1364,3114,3116,3095,1551,1463,1731
3/3/2019 6:00,1384,1482,1323,3187,3192,3149,1803,1710,1826
3/3/2019 6:30,1384,1473,1232,3187,3192,3243,1803,1719,2011
3/3/2019 7:00,1164,1251,1187,3332,3333,3318,2168,2082,2131
3/3/2019 7:30,1164,1203,1016,3332,3333,3430,2168,2130,2414
3/3/2019 8:00,976,981,925,3679,3683,3530,2703,2702,2605
3/3/2019 8:30,976,787,933,3679,3683,3722,2703,2896,2789
3/3/2019 9:00,910,688,888,3968,4026,3944,3058,3338,3056
3/3/2019 9:30,910,663,887,3968,4026,4138,3058,3363,3251
3/3/2019 10:00,975,711,921,4215,4283,4314,3240,3572,3393
3/3/2019 10:30,975,751,983,4215,4283,4433,3240,3532,3450
3/3/2019 11:00,1135,878,1036,4334,4448,4544,3199,3570,3508
3/3/2019 11:30,1135,903,1155,4334,4448,4638,3199,3545,3483
3/3/2019 12:00,1303,1040,1199,4407,4541,4762,3104,3501,3563
3/3/2019 12:30,1303,1114,1241,4407,4541,4855,3104,3427,3614
3/3/2019 13:00,1484,1259,1290,4389,4508,4922,2905,3249,3632
3/3/2019 13:30,1484,1315,1334,4389,4508,4907,2905,3193,3573
3/3/2019 14:00,1678,1436,1381,4365,4412,4852,2687,2976,3471
3/3/2019 14:30,1678,1464,1370,4365,4412,4833,2687,2948,3463
3/3/2019 15:00,1838,1453,1298,4403,4403,4838,2565,2950,3540
3/3/2019 15:30,1838,1393,1181,4403,4403,4807,2565,3010,3626
3/3/2019 16:00,2032,1280,1109,4580,4565,4861,2548,3285,3752
3/3/2019 16:30,2032,1267,1039,4580,4566,4953,2548,3299,3914
3/3/2019 17:00,2190,1193,966,4883,4875,5077,2693,3682,4111
3/3/2019 17:30,2190,1194,896,4883,4876,5168,2693,3682,4272
3/3/2019 18:00,2216,1213,862,5021,5107,5288,2805,3894,4426
3/3/2019 18:30,2216,1139,807,5021,5109,5370,2805,3970,4563
3/3/2019 19:00,2208,1135,901,4957,5042,5306,2749,3907,4405
3/3/2019 19:30,2208,1046,1018,4957,5043,5167,2749,3997,4149
3/3/2019 20:00,2147,976,1040,4735,4807,5032,2588,3831,3992
3/3/2019 20:30,2147,932,1071,4735,4809,4886,2588,3877,3815
3/3/2019 21:00,1998,860,1115,4453,4495,4725,2455,3635,3610
3/3/2019 21:30,1998,861,1076,4453,4497,4488,2455,3636,3412
3/3/2019 22:00,1909,820,1081,4117,4131,4284,2208,3311,3203
3/3/2019 22:30,1909,699,957,4117,4124,4072,2208,3425,3115
3/3/2019 23:00,979,689,956,3901,3909,3952,2922,3220,2996
3/3/2019 23:30,979,846,969,3901,3909,3802,2922,3063,2833
4/3/2019 0:00,937,854,843,3589,3593,3653,2652,2739,2810
4/3/2019 0:30,937,938,817,3589,3594,3503,2652,2656,2686
4/3/2019 1:00,920,962,892,3390,3396,3417,2470,2434,2525
4/3/2019 1:30,920,1001,1000,3390,3396,3349,2470,2395,2349
4/3/2019 2:00,947,1023,1175,3263,3272,3284,2316,2249,2109
4/3/2019 2:30,947,925,1229,3263,3273,3223,2316,2348,1994
4/3/2019 3:00,982,966,1211,3204,3214,3195,2222,2248,1984
4/3/2019 3:30,982,1000,1245,3204,3214,3209,2222,2214,1964
4/3/2019 4:00,1015,1046,1099,3201,3212,3192,2186,2166,2093
4/3/2019 4:30,1015,1018,1031,3201,3212,3164,2186,2194,2133
4/3/2019 5:00,1120,1067,1294,3278,3292,3244,2158,2225,1950
4/3/2019 5:30,1120,1176,1407,3278,3292,3359,2158,2116,1952
4/3/2019 6:00,1257,1242,1362,3732,3755,3597,2475,2513,2235
4/3/2019 6:30,1257,1322,1490,3732,3755,3960,2475,2433,2470
4/3/2019 7:00,1378,1452,1662,4519,4545,4409,3141,3093,2747
4/3/2019 7:30,1378,1363,1677,4519,4545,4816,3141,3182,3139
4/3/2019 8:00,1499,1508,1561,5028,5016,4954,3529,3508,3393
4/3/2019 8:30,1499,1579,1618,5028,5016,5060,3529,3437,3442
4/3/2019 9:00,1636,1717,1554,5254,5288,5188,3618,3571,3634
4/3/2019 9:30,1636,1813,1573,5254,5288,5323,3618,3475,3750
4/3/2019 10:00,1791,1878,1479,5279,5328,5292,3488,3450,3813
4/3/2019 10:30,1791,1967,1506,5279,5315,5347,3488,3348,3841
4/3/2019 11:00,2006,2025,1560,5289,5319,5384,3283,3294,3824
4/3/2019 11:30,2006,1941,1626,5289,5319,5383,3283,3378,3757
4/3/2019 12:00,2253,1998,1665,5313,5348,5378,3060,3350,3713
4/3/2019 12:30,2253,1817,1728,5313,5353,5400,3060,3536,3672
4/3/2019 13:00,2410,1930,1892,5247,5309,5387,2837,3379,3495
4/3/2019 13:30,2410,1840,2019,5247,5308,5280,2837,3468,3261
4/3/2019 14:00,2475,1927,1941,5187,5272,5228,2712,3345,3287
4/3/2019 14:30,2475,1929,2077,5187,5272,5189,2712,3343,3112
4/3/2019 15:00,2536,1904,2261,5208,5297,5227,2672,3393,2966
4/3/2019 15:30,2536,1892,2025,5208,5297,5219,2672,3405,3194
4/3/2019 16:00,2530,1968,1877,5406,5491,5235,2876,3523,3358
4/3/2019 16:30,2530,2047,1911,5406,5491,5349,2876,3444,3438
4/3/2019 17:00,2510,2172,1936,5730,5837,5513,3220,3665,3577
4/3/2019 17:30,2510,2084,2049,5730,5837,5590,3220,3753,3541
4/3/2019 18:00,2554,2241,2073,5890,5963,5666,3336,3722,3593
4/3/2019 18:30,2554,2455,2244,5890,5961,5857,3336,3506,3613
4/3/2019 19:00,2634,2559,2305,5777,5828,5815,3143,3269,3510
4/3/2019 19:30,2634,2358,2423,5777,5826,5697,3143,3468,3274
4/3/2019 20:00,2734,2440,2607,5495,5535,5542,2761,3095,2935
4/3/2019 20:30,2734,2349,2619,5495,5534,5383,2761,3185,2764
4/3/2019 21:00,2734,2338,2648,5098,5134,5234,2364,2796,2586
4/3/2019 21:30,2734,2441,2608,5098,5134,4982,2364,2693,2374
4/3/2019 22:00,2680,2369,2544,4599,4619,4696,1919,2250,2152
4/3/2019 22:30,2680,2382,2537,4599,4619,4412,1919,2237,1875
4/3/2019 23:00,2621,2349,2454,4200,4198,4238,1579,1849,1784
4/3/2019 23:30,2621,2436,2445,4200,4209,4072,1579,1773,1627
5/3/2019 0:00,2630,2421,2520,3805,3814,3879,1175,1393,1359
5/3/2019 0:30,2630,2412,2559,3805,3814,3738,1175,1402,1179
5/3/2019 1:00,2624,2466,2514,3590,3596,3616,966,1130,1102
5/3/2019 1:30,2624,2475,2517,3590,3596,3552,966,1121,1035
5/3/2019 2:00,2594,2575,2409,3440,3444,3442,846,869,1033
5/3/2019 2:30,2594,2570,2387,3440,3444,3392,846,874,1005
5/3/2019 3:00,2561,2595,2474,3381,3382,3368,820,787,894
5/3/2019 3:30,2561,2539,2481,3381,3382,3361,820,843,880
5/3/2019 4:00,2560,2512,2493,3365,3366,3349,805,854,856
5/3/2019 4:30,2560,2544,2519,3365,3366,3367,805,822,848
5/3/2019 5:00,2603,2504,2500,3462,3464,3407,859,960,907
5/3/2019 5:30,2603,2407,2489,3462,3464,3477,859,1057,988
5/3/2019 6:00,2613,2404,2396,3903,3907,3730,1290,1503,1334
5/3/2019 6:30,2613,2349,2182,3903,3907,4035,1290,1558,1853
5/3/2019 7:00,2548,2310,2258,4658,4662,4464,2110,2352,2206
5/3/2019 7:30,2548,2371,2256,4658,4662,4822,2110,2291,2566
5/3/2019 8:00,2444,2268,2273,5127,5087,5013,2683,2819,2740
5/3/2019 8:30,2444,2149,2118,5127,5087,5059,2683,2938,2941
5/3/2019 9:00,2345,2017,2105,5324,5292,5154,2979,3275,3049
5/3/2019 9:30,2345,1999,2015,5324,5292,5191,2979,3293,3176
5/3/2019 10:00,2279,1862,1968,5322,5299,5145,3043,3437,3177
5/3/2019 10:30,2279,1704,1946,5322,5299,5137,3043,3595,3191
5/3/2019 11:00,2161,1483,1908,5304,5297,5188,3143,3814,3280
5/3/2019 11:30,2161,1622,1807,5304,5297,5106,3143,3675,3299
5/3/2019 12:00,1927,1324,1617,5307,5294,5090,3380,3970,3473
5/3/2019 12:30,1927,1351,1436,5307,5293,5137,3380,3942,3701
5/3/2019 13:00,1634,1103,1215,5240,5226,5131,3606,4123,3916
5/3/2019 13:30,1634,1070,1022,5240,5226,5071,3606,4156,4049
5/3/2019 14:00,1329,887,913,5182,5145,5072,3853,4258,4159
5/3/2019 14:30,1329,927,808,5182,5145,5062,3853,4218,4254
5/3/2019 15:00,1085,922,704,5206,5149,5087,4121,4227,4383
5/3/2019 15:30,1085,799,613,5206,5149,5157,4121,4350,4544
5/3/2019 16:00,954,920,649,5392,5293,5287,4438,4373,4638
5/3/2019 16:30,954,913,636,5392,5293,5459,4438,4380,4823
5/3/2019 17:00,974,1174,763,5742,5609,5610,4768,4435,4847
5/3/2019 17:30,974,1175,936,5742,5609,5754,4768,4434,4818
5/3/2019 18:00,1089,1441,1123,5869,5770,5882,4780,4329,4759
5/3/2019 18:30,1089,1405,1215,5869,5770,5991,4780,4365,4776
5/3/2019 19:00,1208,1486,1317,5771,5705,5909,4563,4219,4592
5/3/2019 19:30,1208,1424,1416,5771,5737,5782,4563,4313,4366
5/3/2019 20:00,1322,1374,1530,5515,5488,5615,4193,4114,4085
5/3/2019 20:30,1322,1360,1614,5515,5488,5466,4193,4128,3852
5/3/2019 21:00,1358,1282,1699,5137,5120,5299,3779,3838,3600
5/3/2019 21:30,1358,1322,1743,5137,5120,4996,3779,3798,3253
5/3/2019 22:00,1326,1182,1721,4645,4615,4690,3319,3433,2969
5/3/2019 22:30,1326,1150,1642,4645,4615,4366,3319,3465,2724
5/3/2019 23:00,987,1175,1651,4195,4217,4160,3208,3042,2509
5/3/2019 23:30,987,1299,1777,4195,4193,3984,3208,2894,2207
6/3/2019 0:00,1005,1398,1916,3816,3812,3791,2811,2414,1875
6/3/2019 0:30,1005,1482,2137,3816,3812,3663,2811,2330,1526
6/3/2019 1:00,1031,1571,2167,3586,3585,3574,2555,2014,1407
6/3/2019 1:30,1031,1840,2150,3586,3585,3508,2555,1745,1358
6/3/2019 2:00,1070,1937,2027,3429,3429,3434,2359,1492,1407
6/3/2019 2:30,1070,1930,1931,3429,3429,3364,2359,1499,1433
6/3/2019 3:00,1138,1915,1764,3366,3369,3301,2228,1454,1537
6/3/2019 3:30,1138,2017,1644,3366,3369,3310,2228,1352,1666
6/3/2019 4:00,1266,1906,1573,3368,3367,3308,2102,1461,1735
6/3/2019 4:30,1266,1946,1586,3368,3367,3316,2102,1421,1730
6/3/2019 5:00,1434,1879,1869,3446,3451,3392,2012,1572,1523
6/3/2019 5:30,1434,1822,1965,3446,3451,3510,2012,1629,1545
6/3/2019 6:00,1516,1797,1978,3869,3872,3798,2353,2075,1820
6/3/2019 6:30,1516,1609,1941,3869,3872,4158,2353,2263,2217
6/3/2019 7:00,1530,1572,1856,4617,4615,4584,3087,3043,2728
6/3/2019 7:30,1530,1497,1810,4617,4615,4971,3087,3118,3161
6/3/2019 8:00,1572,1507,1751,5102,5029,5084,3530,3522,3333
6/3/2019 8:30,1572,1455,1716,5102,5029,5098,3530,3574,3382
6/3/2019 9:00,1609,1586,1796,5299,5194,5171,3690,3608,3375
6/3/2019 9:30,1609,1697,1849,5299,5194,5219,3690,3497,3370
6/3/2019 10:00,1670,1879,1915,5312,5221,5184,3642,3342,3269
6/3/2019 10:30,1670,2018,1872,5312,5221,5153,3642,3203,3281
6/3/2019 11:00,1775,2186,1960,5314,5218,5187,3539,3032,3227
6/3/2019 11:30,1775,2204,2026,5314,5214,5180,3539,3010,3154
6/3/2019 12:00,1855,2324,2031,5327,5202,5171,3472,2878,3140
6/3/2019 12:30,1855,2303,2119,5327,5202,5218,3472,2899,3099
6/3/2019 13:00,1877,2386,2269,5266,5157,5202,3389,2771,2933
6/3/2019 13:30,1877,2373,2488,5266,5157,5128,3389,2784,2640
6/3/2019 14:00,1867,2475,2632,5192,5129,5152,3325,2654,2520
6/3/2019 14:30,1867,2619,2679,5192,5129,5147,3325,2510,2468
6/3/2019 15:00,1841,2730,2778,5187,5173,5139,3346,2443,2361
6/3/2019 15:30,1841,2637,2788,5187,5173,5157,3346,2536,2369
6/3/2019 16:00,1784,2648,2818,5321,5394,5242,3537,2746,2424
6/3/2019 16:30,1784,2621,2751,5321,5394,5382,3537,2773,2631
6/3/2019 17:00,1711,2625,2719,5613,5704,5527,3902,3079,2808
6/3/2019 17:30,1711,2764,2739,5613,5704,5632,3902,2940,2893
6/3/2019 18:00,1656,2784,2746,5749,5837,5670,4093,3053,2924
6/3/2019 18:30,1656,2756,2778,5749,5837,5815,4093,3081,3037
6/3/2019 19:00,1619,2746,2855,5698,5735,5823,4079,2989,2968
6/3/2019 19:30,1619,2766,2965,5698,5734,5735,4079,2968,2770
6/3/2019 20:00,1611,2769,2994,5459,5474,5582,3848,2705,2588
6/3/2019 20:30,1611,2809,3005,5459,5474,5418,3848,2665,2413
6/3/2019 21:00,1650,2790,3019,5102,5097,5249,3452,2307,2230
6/3/2019 21:30,1650,2776,2976,5102,5097,4976,3452,2321,2000
6/3/2019 22:00,1714,2742,2945,4606,4555,4708,2892,1813,1763
6/3/2019 22:30,1714,2778,2868,4606,4555,4451,2892,1777,1583
6/3/2019 23:00,2764,2737,2784,4176,4174,4267,1412,1437,1483
6/3/2019 23:30,2764,2834,2768,4176,4172,4112,1412,1338,1344
7/3/2019 0:00,2691,2748,2713,3806,3803,3941,1115,1055,1228
7/3/2019 0:30,2691,2795,2627,3806,3803,3774,1115,1008,1147
7/3/2019 1:00,2598,2655,2657,3589,3585,3673,991,930,1016
7/3/2019 1:30,2598,2673,2720,3589,3585,3556,991,912,836
7/3/2019 2:00,2517,2595,2669,3444,3442,3495,927,847,826
7/3/2019 2:30,2517,2590,2479,3444,3442,3416,927,852,937
7/3/2019 3:00,2521,2592,2466,3377,3375,3380,856,783,914
7/3/2019 3:30,2521,2592,2462,3377,3375,3370,856,783,908
7/3/2019 4:00,2564,2634,2477,3376,3374,3362,812,740,885
7/3/2019 4:30,2564,2638,2479,3376,3374,3355,812,736,876
7/3/2019 5:00,2633,2729,2508,3486,3488,3404,853,759,896
7/3/2019 5:30,2633,2825,2543,3486,3488,3508,853,663,965
7/3/2019 6:00,2711,2959,2746,3933,3949,3780,1222,990,1034
7/3/2019 6:30,2711,2795,2886,3933,3949,4108,1222,1154,1222
7/3/2019 7:00,2745,2896,3117,4678,4694,4545,1933,1798,1428
7/3/2019 7:30,2745,2887,3210,4678,4694,4992,1933,1807,1782
7/3/2019 8:00,2767,2914,3142,5122,5072,5096,2355,2158,1954
7/3/2019 8:30,2767,2847,3119,5122,5072,5147,2355,2225,2028
7/3/2019 9:00,2822,2896,3284,5275,5215,5252,2453,2319,1968
7/3/2019 9:30,2822,2925,3284,5275,5215,5316,2453,2290,2032
7/3/2019 10:00,2924,2973,3246,5271,5220,5294,2347,2247,2048
7/3/2019 10:30,2924,3144,3253,5271,5220,5262,2347,2076,2009
7/3/2019 11:00,3030,3140,3351,5235,5221,5264,2205,2081,1913
7/3/2019 11:30,3030,3158,3354,5235,5230,5224,2205,2072,1870
7/3/2019 12:00,3070,3147,3358,5221,5239,5221,2151,2092,1863
7/3/2019 12:30,3070,3259,3371,5221,5239,5232,2151,1980,1861
7/3/2019 13:00,3048,3204,3393,5171,5183,5186,2123,1979,1793
7/3/2019 13:30,3048,3201,3374,5171,5182,5086,2123,1981,1712
7/3/2019 14:00,2927,3071,3339,5125,5130,5068,2198,2059,1729
7/3/2019 14:30,2927,3120,3257,5125,5129,5034,2198,2009,1777
7/3/2019 15:00,2695,2883,3148,5155,5129,5028,2460,2246,1880
7/3/2019 15:30,2695,2883,2973,5155,5129,5057,2460,2246,2084
7/3/2019 16:00,2326,2533,2782,5359,5309,5117,3033,2776,2335
7/3/2019 16:30,2326,2603,2496,5359,5309,5223,3033,2706,2727
7/3/2019 17:00,1871,2156,2320,5670,5596,5317,3799,3440,2997
7/3/2019 17:30,1871,2159,2091,5670,5595,5402,3799,3436,3311
7/3/2019 18:00,1490,1759,1890,5791,5731,5473,4301,3972,3583
7/3/2019 18:30,1490,1837,1655,5791,5731,5716,4301,3894,4061
7/3/2019 19:00,1193,1475,1561,5718,5709,5795,4525,4234,4234
7/3/2019 19:30,1193,1407,1469,5718,5709,5715,4525,4302,4246
7/3/2019 20:00,937,1079,1258,5486,5479,5566,4549,4400,4308
7/3/2019 20:30,937,1024,1123,5486,5479,5439,4549,4455,4316
7/3/2019 21:00,717,724,1089,5129,5110,5263,4412,4386,4174
7/3/2019 21:30,717,733,916,5129,5109,5021,4412,4376,4105
7/3/2019 22:00,530,506,688,4616,4619,4734,4086,4113,4046
7/3/2019 22:30,530,529,561,4616,4619,4454,4086,4090,3893
7/3/2019 23:00,409,412,482,4257,4252,4309,3848,3840,3827
7/3/2019 23:30,409,480,458,4257,4255,4162,3848,3775,3704
8/3/2019 0:00,349,445,409,3910,3910,3957,3561,3465,3548
8/3/2019 0:30,349,513,375,3910,3910,3814,3561,3397,3439
8/3/2019 1:00,383,562,364,3675,3675,3699,3292,3113,3335
8/3/2019 1:30,383,451,430,3675,3675,3594,3292,3224,3164
8/3/2019 2:00,484,580,470,3512,3511,3504,3028,2931,3034
8/3/2019 2:30,484,521,564,3512,3511,3445,3028,2990,2881
8/3/2019 3:00,607,691,706,3436,3434,3398,2829,2743,2692
8/3/2019 3:30,607,691,861,3436,3434,3383,2829,2743,2522
8/3/2019 4:00,764,898,935,3429,3427,3373,2665,2529,2438
8/3/2019 4:30,764,898,1026,3429,3426,3353,2665,2528,2327
8/3/2019 5:00,952,1121,1174,3516,3517,3405,2564,2396,2231
8/3/2019 5:30,952,1101,1348,3516,3517,3487,2564,2416,2139
8/3/2019 6:00,1119,1333,1595,3926,3939,3759,2807,2606,2164
8/3/2019 6:30,1119,1349,1628,3926,3939,4072,2807,2590,2444
8/3/2019 7:00,1280,1562,1738,4655,4669,4478,3375,3107,2740
8/3/2019 7:30,1280,1595,1863,4655,4668,4928,3375,3073,3065
8/3/2019 8:00,1461,1854,1933,5080,5041,5095,3619,3187,3162
8/3/2019 8:30,1461,1829,1970,5080,5041,5151,3619,3212,3181
8/3/2019 9:00,1707,2125,2074,5241,5221,5257,3534,3096,3183
8/3/2019 9:30,1707,2259,2272,5241,5220,5336,3534,2961,3064
8/3/2019 10:00,1977,2484,2395,5227,5233,5305,3250,2749,2910
8/3/2019 10:30,1977,2438,2523,5227,5233,5315,3250,2795,2792
8/3/2019 11:00,2151,2520,2571,5203,5222,5320,3052,2702,2749
8/3/2019 11:30,2151,2543,2567,5203,5231,5330,3052,2688,2763
8/3/2019 12:00,2143,2512,2461,5225,5249,5315,3082,2737,2854
8/3/2019 12:30,2143,2444,2309,5225,5249,5261,3082,2805,2952
8/3/2019 13:00,2075,2516,2417,5196,5194,5211,3121,2678,2794
8/3/2019 13:30,2075,2400,2652,5196,5194,5122,3121,2794,2470
8/3/2019 14:00,2099,2616,2814,5137,5107,5092,3038,2491,2278
8/3/2019 14:30,2099,2652,2953,5137,5108,5068,3038,2456,2115
8/3/2019 15:00,2089,2844,3108,5130,5085,5060,3041,2241,1952
8/3/2019 15:30,2089,2974,3140,5130,5085,5082,3041,2111,1942
8/3/2019 16:00,2076,3129,3138,5260,5183,5088,3184,2054,1950
8/3/2019 16:30,2076,3164,3162,5260,5183,5137,3184,2019,1975
8/3/2019 17:00,2093,3182,3206,5515,5412,5220,3422,2230,2014
8/3/2019 17:30,2093,3298,3263,5515,5412,5307,3422,2114,2044
8/3/2019 18:00,2062,3181,3207,5609,5565,5348,3547,2384,2141
8/3/2019 18:30,2062,3153,3015,5609,5565,5546,3547,2412,2531
8/3/2019 19:00,1995,3022,3000,5567,5541,5603,3572,2519,2603
8/3/2019 19:30,1995,2960,3188,5567,5542,5511,3572,2582,2323
8/3/2019 20:00,1903,2789,3167,5333,5303,5365,3430,2514,2198
8/3/2019 20:30,1903,2893,2946,5333,5303,5204,3430,2410,2258
8/3/2019 21:00,1794,2623,2879,4977,4952,5039,3183,2329,2160
8/3/2019 21:30,1794,2709,2699,4977,4951,4827,3183,2242,2128
8/3/2019 22:00,1691,2349,2383,4510,4471,4586,2819,2122,2203
8/3/2019 22:30,1691,2235,2182,4510,4471,4361,2819,2236,2179
8/3/2019 23:00,2125,1976,2062,4139,4137,4248,2014,2161,2186
8/3/2019 23:30,2125,2149,1991,4139,4132,4121,2014,1983,2130
9/3/2019 0:00,2145,2095,2033,3851,3845,3944,1706,1750,1911
9/3/2019 0:30,2145,1998,1972,3851,3845,3727,1706,1847,1755
9/3/2019 1:00,2228,2123,2107,3584,3578,3596,1356,1455,1489
9/3/2019 1:30,2228,2053,2102,3584,3578,3513,1356,1525,1411
9/3/2019 2:00,2251,2166,2110,3376,3371,3405,1125,1205,1295
9/3/2019 2:30,2251,2218,2040,3376,3371,3344,1125,1153,1304
9/3/2019 3:00,2209,2254,2000,3271,3269,3281,1062,1015,1281
9/3/2019 3:30,2209,2254,1959,3271,3269,3267,1062,1015,1308
9/3/2019 4:00,2217,2315,2013,3251,3250,3271,1034,935,1258
9/3/2019 4:30,2217,2336,2019,3251,3250,3267,1034,914,1248
9/3/2019 5:00,2257,2412,1984,3289,3291,3278,1032,879,1294
9/3/2019 5:30,2257,2339,2095,3289,3291,3310,1032,952,1215
9/3/2019 6:00,2277,2453,2147,3443,3454,3404,1166,1001,1257
9/3/2019 6:30,2277,2436,2222,3443,3454,3482,1166,1018,1260
9/3/2019 7:00,2318,2544,2314,3818,3836,3608,1500,1292,1294
9/3/2019 7:30,2318,2447,2318,3818,3836,3841,1500,1389,1523
9/3/2019 8:00,2402,2483,2335,4182,4170,4020,1780,1687,1685
9/3/2019 8:30,2402,2458,2294,4182,4170,4265,1780,1712,1971
9/3/2019 9:00,2517,2481,2257,4475,4457,4488,1958,1976,2231
9/3/2019 9:30,2517,2443,2272,4475,4457,4629,1958,2014,2357
9/3/2019 10:00,2630,2491,2358,4647,4655,4672,2017,2164,2314
9/3/2019 10:30,2630,2474,2481,4647,4655,4666,2017,2181,2185
9/3/2019 11:00,2633,2500,2617,4647,4706,4706,2014,2206,2089
9/3/2019 11:30,2633,2484,2740,4647,4713,4745,2014,2229,2005
9/3/2019 12:00,2496,2415,2946,4646,4673,4753,2150,2258,1807
9/3/2019 12:30,2496,2339,3059,4646,4673,4735,2150,2334,1676
9/3/2019 13:00,2250,2212,2806,4570,4563,4677,2320,2351,1871
9/3/2019 13:30,2250,2276,2623,4570,4563,4598,2320,2287,1975
9/3/2019 14:00,1929,2073,2389,4463,4449,4509,2534,2376,2120
9/3/2019 14:30,1929,2188,2126,4463,4449,4467,2534,2261,2341
9/3/2019 15:00,1590,1841,1636,4458,4445,4457,2868,2604,2821
9/3/2019 15:30,1590,1914,1216,4458,4445,4450,2868,2531,3234
9/3/2019 16:00,1268,1347,1055,4584,4548,4547,3316,3201,3492
9/3/2019 16:30,1268,1397,779,4584,4548,4672,3316,3151,3893
9/3/2019 17:00,995,835,642,4868,4804,4856,3873,3969,4214
9/3/2019 17:30,995,796,588,4868,4804,5031,3873,4008,4443
9/3/2019 18:00,823,488,512,5050,5017,5161,4227,4529,4649
9/3/2019 18:30,823,450,419,5050,5017,5346,4227,4567,4927
9/3/2019 19:00,808,348,429,5059,5040,5352,4251,4692,4923
9/3/2019 19:30,808,227,465,5059,5040,5195,4251,4813,4730
9/3/2019 20:00,961,298,515,4863,4834,5020,3902,4536,4505
9/3/2019 20:30,961,297,723,4863,4834,4845,3902,4537,4122
9/3/2019 21:00,1177,412,1034,4572,4541,4700,3395,4129,3666
9/3/2019 21:30,1177,481,1266,4572,4541,4530,3395,4060,3264
9/3/2019 22:00,1376,596,1302,4198,4190,4342,2822,3594,3040
9/3/2019 22:30,1376,588,1263,4198,4191,4167,2822,3603,2904
9/3/2019 23:00,779,667,1295,3952,3953,4144,3173,3286,2849
9/3/2019 23:30,779,767,1194,3952,3955,4038,3173,3188,2844
10/3/2019 0:00,766,733,1278,3752,3753,3898,2986,3020,2620
10/3/2019 0:30,766,995,1489,3752,3752,3790,2986,2757,2301
10/3/2019 1:00,812,968,1282,3479,3480,3666,2667,2512,2384
10/3/2019 1:30,812,1165,1025,3479,3479,3570,2667,2314,2545
10/3/2019 2:00,1097,1445,927,3280,3283,3451,2183,1838,2524
10/3/2019 2:30,1097,1485,1139,3280,3283,3353,2183,1798,2214
10/3/2019 3:00,1681,2091,1548,3183,3186,3253,1502,1095,1705
10/3/2019 3:30,1681,1948,1732,3183,3186,3176,1502,1238,1444
10/3/2019 4:00,2348,2570,1988,3168,3170,3135,820,600,1147
10/3/2019 4:30,2348,2768,2211,3168,3170,3131,820,402,920
10/3/2019 5:00,2823,3193,2365,3194,3200,3190,371,7,825
10/3/2019 5:30,2823,2909,2400,3194,3200,3171,371,291,771
10/3/2019 6:00,3019,3143,2499,3250,3261,3224,231,118,725
10/3/2019 6:30,3019,3045,2553,3250,3261,3284,231,216,731
10/3/2019 7:00,3134,3174,2346,3397,3403,3297,263,229,951
10/3/2019 7:30,3134,3007,2451,3397,3403,3448,263,396,997
10/3/2019 8:00,3255,3089,2580,3734,3736,3550,479,647,970
10/3/2019 8:30,3255,3105,2720,3734,3736,3728,479,631,1008
10/3/2019 9:00,3335,3156,2942,4064,4091,3929,729,935,987
10/3/2019 9:30,3335,2991,3044,4064,4091,4119,729,1100,1075
10/3/2019 10:00,3390,3054,3174,4357,4346,4301,967,1292,1127
10/3/2019 10:30,3390,2830,3221,4357,4345,4416,967,1515,1195
10/3/2019 11:00,3411,2898,3269,4517,4502,4533,1106,1604,1264
10/3/2019 11:30,3411,2912,3241,4517,4485,4605,1106,1573,1364
10/3/2019 12:00,3393,2975,3324,4555,4555,4678,1162,1580,1354
10/3/2019 12:30,3393,3144,3244,4555,4555,4740,1162,1411,1496
10/3/2019 13:00,3381,3194,3306,4500,4518,4764,1119,1324,1458
10/3/2019 13:30,3381,3285,3280,4500,4518,4690,1119,1233,1410
10/3/2019 14:00,3389,3315,3195,4411,4422,4563,1022,1107,1368
10/3/2019 14:30,3389,3307,3238,4411,4422,4605,1022,1115,1367
10/3/2019 15:00,3398,3318,3210,4424,4422,4550,1026,1104,1340
10/3/2019 15:30,3398,3348,3209,4424,4422,4532,1026,1074,1323
10/3/2019 16:00,3373,3353,3223,4542,4587,4589,1169,1234,1366
10/3/2019 16:30,3373,3343,3241,4542,4588,4633,1169,1245,1392
10/3/2019 17:00,3330,3336,3221,4828,4923,4798,1498,1587,1577
10/3/2019 17:30,3330,3234,3226,4828,4924,4949,1498,1690,1723
10/3/2019 18:00,3275,3207,3181,4998,5114,4994,1723,1907,1813
10/3/2019 18:30,3275,3243,3128,4998,5115,5200,1723,1872,2072
10/3/2019 19:00,3172,3162,3016,5013,5077,5265,1841,1915,2249
10/3/2019 19:30,3172,3167,2958,5013,5077,5179,1841,1910,2221
10/3/2019 20:00,3082,3081,2970,4825,4854,5082,1743,1773,2112
10/3/2019 20:30,3082,3054,2982,4825,4854,4978,1743,1800,1996
10/3/2019 21:00,3008,2952,2895,4554,4578,4784,1546,1626,1889
10/3/2019 21:30,3008,2918,2789,4554,4578,4555,1546,1660,1766
10/3/2019 22:00,2945,2861,2890,4208,4226,4370,1263,1365,1480
10/3/2019 22:30,2945,2826,2743,4208,4226,4143,1263,1400,1400
10/3/2019 23:00,2816,2806,2594,3988,3991,3994,1172,1185,1400
10/3/2019 23:30,2816,2788,2564,3988,4001,3829,1172,1213,1265
11/3/2019 0:00,2739,2681,2616,3707,3721,3724,968,1040,1108
11/3/2019 0:30,2739,2695,2620,3707,3721,3645,968,1026,1025
11/3/2019 1:00,2592,2562,2566,3514,3530,3549,922,968,983
11/3/2019 1:30,2592,2558,2484,3514,3531,3475,922,973,991
11/3/2019 2:00,2407,2407,2522,3365,3384,3418,958,977,896
11/3/2019 2:30,2407,2287,2321,3365,3384,3327,958,1097,1006
11/3/2019 3:00,2220,2116,2222,3275,3290,3297,1055,1174,1075
11/3/2019 3:30,2220,2116,2131,3275,3289,3273,1055,1173,1142
11/3/2019 4:00,1961,1893,2057,3253,3264,3277,1292,1371,1220
11/3/2019 4:30,1961,1998,1964,3253,3264,3256,1292,1266,1292
11/3/2019 5:00,1642,1709,1768,3328,3343,3303,1686,1634,1535
11/3/2019 5:30,1642,1755,1619,3328,3343,3402,1686,1588,1783
11/3/2019 6:00,1372,1453,1553,3746,3768,3694,2374,2315,2141
11/3/2019 6:30,1372,1365,1445,3746,3768,3977,2374,2403,2532
11/3/2019 7:00,1225,1130,1415,4498,4514,4397,3273,3384,2982
11/3/2019 7:30,1225,1153,1251,4498,4514,4833,3273,3361,3582
11/3/2019 8:00,1251,1088,1153,4994,4977,4988,3743,3889,3835
11/3/2019 8:30,1251,974,1098,4994,4977,5046,3743,4003,3948
11/3/2019 9:00,1445,1130,1062,5211,5210,5171,3766,4080,4109
11/3/2019 9:30,1445,1138,1061,5211,5210,5245,3766,4072,4184
11/3/2019 10:00,1797,1475,1206,5233,5255,5238,3436,3780,4032
11/3/2019 10:30,1797,1588,1373,5233,5255,5211,3436,3667,3838
11/3/2019 11:00,2226,2053,1538,5229,5271,5154,3003,3218,3616
11/3/2019 11:30,2226,2063,1840,5229,5258,5131,3003,3195,3291
11/3/2019 12:00,2636,2531,2091,5225,5274,5137,2589,2743,3046
11/3/2019 12:30,2636,2471,2519,5225,5274,5191,2589,2803,2672
11/3/2019 13:00,2995,2846,2722,5159,5224,5204,2164,2378,2482
11/3/2019 13:30,2995,2725,2912,5159,5224,5110,2164,2499,2198
11/3/2019 14:00,3261,3026,2970,5105,5157,5077,1844,2131,2107
11/3/2019 14:30,3261,3002,3123,5105,5157,5164,1844,2155,2041
11/3/2019 15:00,3435,3239,3174,5135,5182,5198,1700,1943,2024
11/3/2019 15:30,3435,3153,3207,5135,5181,5256,1700,2028,2049
11/3/2019 16:00,3535,3335,3375,5331,5327,5406,1796,1992,2031
11/3/2019 16:30,3535,3491,3538,5331,5327,5578,1796,1836,2040
11/3/2019 17:00,3568,3547,3578,5658,5608,5721,2090,2061,2143
11/3/2019 17:30,3568,3538,3587,5658,5609,5843,2090,2071,2256
11/3/2019 18:00,3560,3531,3562,5784,5752,5885,2224,2221,2323
11/3/2019 18:30,3560,3485,3593,5784,5752,5940,2224,2267,2347
11/3/2019 19:00,3506,3456,3469,5702,5709,5856,2196,2253,2387
11/3/2019 19:30,3506,3451,3662,5702,5709,5737,2196,2258,2075
11/3/2019 20:00,3439,3412,3671,5450,5460,5570,2011,2048,1899
11/3/2019 20:30,3439,3440,3696,5450,5460,5432,2011,2020,1736
11/3/2019 21:00,3363,3364,3668,5104,5101,5230,1741,1737,1562
11/3/2019 21:30,3363,3385,3618,5104,5101,4975,1741,1716,1357
11/3/2019 22:00,3194,3249,3438,4621,4612,4680,1427,1363,1242
11/3/2019 22:30,3194,3253,3268,4621,4612,4411,1427,1359,1143
11/3/2019 23:00,3075,3097,3141,4170,4169,4234,1095,1072,1093
11/3/2019 23:30,3075,3213,3070,4170,4169,4099,1095,956,1029
12/3/2019 0:00,2937,3061,3089,3803,3805,3916,866,744,827
12/3/2019 0:30,2937,3127,3002,3803,3805,3786,866,678,784
12/3/2019 1:00,2856,3005,3011,3586,3587,3717,730,582,706
12/3/2019 1:30,2856,2991,2950,3586,3587,3628,730,596,678
12/3/2019 2:00,2774,2877,2878,3423,3425,3536,649,548,658
12/3/2019 2:30,2774,2802,2836,3423,3425,3488,649,623,652
12/3/2019 3:00,2676,2738,2715,3352,3355,3427,676,617,712
12/3/2019 3:30,2676,2735,2605,3352,3355,3397,676,620,792
12/3/2019 4:00,2579,2659,2622,3344,3347,3403,765,688,781
12/3/2019 4:30,2579,2734,2486,3344,3347,3380,765,613,894
12/3/2019 5:00,2499,2653,2371,3434,3440,3437,935,787,1066
12/3/2019 5:30,2499,2636,2446,3434,3440,3557,935,804,1111
12/3/2019 6:00,2442,2555,2614,3852,3865,3776,1410,1310,1162
12/3/2019 6:30,2442,2471,2546,3852,3865,4093,1410,1394,1547
12/3/2019 7:00,2423,2492,2321,4598,4610,4510,2175,2118,2189
12/3/2019 7:30,2423,2462,2458,4598,4610,4924,2175,2148,2466
12/3/2019 8:00,2497,2608,2561,5059,5036,5068,2562,2428,2507
12/3/2019 8:30,2497,2644,2548,5059,5034,5117,2562,2390,2569
12/3/2019 9:00,2632,2847,2491,5255,5224,5173,2623,2377,2682
12/3/2019 9:30,2632,2896,2692,5255,5224,5242,2623,2328,2550
12/3/2019 10:00,2852,3029,2863,5282,5231,5195,2430,2202,2332
12/3/2019 10:30,2852,2921,3097,5282,5231,5201,2430,2310,2104
12/3/2019 11:00,3122,3091,3267,5287,5195,5200,2165,2104,1933
12/3/2019 11:30,3122,3164,3348,5287,5200,5177,2165,2036,1829
12/3/2019 12:00,3268,3318,3501,5306,5223,5210,2038,1905,1709
12/3/2019 12:30,3268,3094,3520,5306,5223,5220,2038,2129,1700
12/3/2019 13:00,3347,3150,3541,5262,5185,5197,1915,2035,1656
12/3/2019 13:30,3347,3315,3499,5262,5185,5064,1915,1870,1565
12/3/2019 14:00,3389,3264,3448,5193,5146,5088,1804,1882,1640
12/3/2019 14:30,3389,3385,3506,5193,5146,5145,1804,1761,1639
12/3/2019 15:00,3355,3309,3574,5212,5193,5209,1857,1884,1635
12/3/2019 15:30,3355,3353,3481,5212,5193,5222,1857,1840,1741
12/3/2019 16:00,3284,3317,3489,5354,5370,5315,2070,2053,1826
12/3/2019 16:30,3284,3315,3421,5354,5370,5460,2070,2055,2039
12/3/2019 17:00,3212,3286,3382,5640,5651,5604,2428,2365,2222
12/3/2019 17:30,3212,3260,3413,5640,5651,5695,2428,2391,2282
12/3/2019 18:00,3173,3220,3393,5748,5770,5758,2575,2550,2365
12/3/2019 18:30,3173,3344,3399,5748,5770,5857,2575,2426,2458
12/3/2019 19:00,3152,3297,3473,5699,5674,5912,2547,2377,2439
12/3/2019 19:30,3152,3299,3512,5699,5674,5792,2547,2375,2280
12/3/2019 20:00,3136,3274,3487,5457,5423,5646,2321,2149,2159
12/3/2019 20:30,3136,3278,3464,5457,5423,5473,2321,2145,2009
12/3/2019 21:00,3113,3235,3488,5104,5050,5274,1991,1815,1786
12/3/2019 21:30,3113,3241,3579,5104,5050,5017,1991,1809,1438
12/3/2019 22:00,3069,3192,3451,4619,4558,4753,1550,1366,1302
12/3/2019 22:30,3069,3295,3247,4619,4558,4460,1550,1263,1213
12/3/2019 23:00,3064,3236,3158,4192,4191,4282,1128,955,1124
12/3/2019 23:30,3064,3272,3157,4192,4185,4133,1128,913,976
13/3/2019 0:00,3034,3213,3095,3828,3823,3965,794,610,870
13/3/2019 0:30,3034,3227,3029,3828,3823,3806,794,596,777
13/3/2019 1:00,3001,3173,2916,3621,3619,3717,620,446,801
13/3/2019 1:30,3001,3255,2901,3621,3619,3643,620,364,742
13/3/2019 2:00,2971,3191,2929,3469,3470,3588,498,279,659
13/3/2019 2:30,2971,3039,2873,3469,3470,3508,498,431,635
13/3/2019 3:00,2959,3012,2865,3392,3393,3486,433,381,621
13/3/2019 3:30,2959,3020,2841,3392,3393,3468,433,373,627
13/3/2019 4:00,2968,3021,2822,3386,3386,3453,418,365,631
13/3/2019 4:30,2968,2893,2825,3386,3386,3455,418,493,630
13/3/2019 5:00,3011,2954,2832,3465,3471,3496,454,517,664
13/3/2019 5:30,3011,2979,2808,3465,3471,3577,454,492,769
13/3/2019 6:00,3082,3091,2920,3894,3908,3849,812,817,929
13/3/2019 6:30,3082,3089,3058,3894,3908,4127,812,819,1069
13/3/2019 7:00,3127,3167,3329,4634,4649,4554,1507,1482,1225
13/3/2019 7:30,3127,3129,3529,4634,4649,4994,1507,1520,1465
13/3/2019 8:00,3146,3158,3511,5075,5042,5130,1929,1884,1619
13/3/2019 8:30,3146,3137,3423,5075,5042,5129,1929,1905,1706
13/3/2019 9:00,3174,3166,3538,5252,5197,5243,2078,2031,1705
13/3/2019 9:30,3174,3105,3576,5252,5198,5320,2078,2093,1744
13/3/2019 10:00,3207,3139,3641,5235,5207,5291,2028,2068,1650
13/3/2019 10:30,3207,3288,3657,5235,5207,5287,2028,1919,1630
13/3/2019 11:00,3227,3289,3621,5172,5189,5282,1945,1900,1661
13/3/2019 11:30,3227,3451,3613,5172,5195,5268,1945,1744,1655
13/3/2019 12:00,3240,3433,3610,5177,5198,5248,1937,1765,1638
13/3/2019 12:30,3240,3434,3424,5177,5198,5244,1937,1764,1820
13/3/2019 13:00,3242,3417,3477,5132,5114,5201,1890,1697,1724
13/3/2019 13:30,3242,3524,3525,5132,5114,5120,1890,1590,1595
13/3/2019 14:00,3214,3457,3469,5091,5081,5089,1877,1624,1620
13/3/2019 14:30,3214,3451,3421,5091,5081,5117,1877,1630,1696
13/3/2019 15:00,3185,3355,3262,5136,5137,5127,1951,1782,1865
13/3/2019 15:30,3185,3345,3265,5136,5137,5229,1951,1792,1964
13/3/2019 16:00,3178,3274,3262,5307,5310,5313,2129,2036,2051
13/3/2019 16:30,3178,3217,3295,5307,5310,5494,2129,2093,2199
13/3/2019 17:00,3178,3204,3344,5603,5591,5631,2425,2387,2287
13/3/2019 17:30,3178,3227,3421,5603,5591,5746,2425,2364,2325
13/3/2019 18:00,3213,3250,3437,5701,5716,5763,2488,2466,2326
13/3/2019 18:30,3213,3251,3461,5701,5716,5906,2488,2465,2445
13/3/2019 19:00,3278,3304,3509,5613,5662,5905,2335,2358,2396
13/3/2019 19:30,3278,3288,3528,5613,5662,5773,2335,2374,2245
13/3/2019 20:00,3332,3329,3613,5379,5410,5625,2047,2081,2012
13/3/2019 20:30,3332,3397,3733,5379,5410,5456,2047,2013,1723
13/3/2019 21:00,3354,3394,3757,5028,5040,5275,1674,1646,1518
13/3/2019 21:30,3354,3490,3650,5028,5040,4998,1674,1550,1348
13/3/2019 22:00,3340,3439,3490,4557,4569,4745,1217,1130,1255
13/3/2019 22:30,3340,3430,3280,4557,4570,4448,1217,1140,1168
13/3/2019 23:00,3290,3357,3179,4196,4199,4287,906,842,1108
13/3/2019 23:30,3290,3393,3050,4196,4200,4096,906,807,1046
14/3/2019 0:00,3236,3317,2955,3830,3836,3915,594,519,960
14/3/2019 0:30,3236,3428,2934,3830,3836,3786,594,408,852
14/3/2019 1:00,3207,3357,2886,3614,3618,3674,407,261,788
14/3/2019 1:30,3207,3075,2841,3614,3618,3599,407,543,758
14/3/2019 2:00,3183,3041,2797,3469,3475,3515,286,434,718
14/3/2019 2:30,3183,3054,2772,3469,3475,3456,286,421,684
14/3/2019 3:00,3158,3032,2732,3394,3400,3405,236,368,673
14/3/2019 3:30,3158,2953,2709,3394,3400,3395,236,447,686
14/3/2019 4:00,3163,2976,2709,3387,3392,3410,224,416,701
14/3/2019 4:30,3163,2905,2718,3387,3392,3409,224,487,691
14/3/2019 5:00,3210,2981,2769,3462,3473,3470,252,492,701
14/3/2019 5:30,3210,2941,2849,3462,3473,3567,252,532,718
14/3/2019 6:00,3297,3090,3015,3875,3895,3825,578,805,810
14/3/2019 6:30,3297,3070,3079,3875,3895,4097,578,825,1018
14/3/2019 7:00,3340,3175,3289,4602,4626,4509,1262,1451,1220
14/3/2019 7:30,3340,3125,3557,4602,4626,4941,1262,1501,1384
14/3/2019 8:00,3324,3148,3529,5029,4998,5033,1705,1850,1504
14/3/2019 8:30,3324,3178,3418,5029,4998,5058,1705,1820,1640
14/3/2019 9:00,3306,3165,3356,5190,5187,5156,1884,2022,1800
14/3/2019 9:30,3306,3177,3314,5190,5187,5195,1884,2010,1881
14/3/2019 10:00,3291,3157,3365,5182,5201,5191,1891,2044,1826
14/3/2019 10:30,3291,3181,3411,5182,5201,5160,1891,2020,1749
14/3/2019 11:00,3255,3148,3420,5136,5181,5176,1881,2033,1756
14/3/2019 11:30,3255,3346,3352,5136,5169,5146,1881,1823,1794
14/3/2019 12:00,3198,3271,3398,5138,5156,5161,1940,1885,1763
14/3/2019 12:30,3198,3226,3426,5138,5156,5152,1940,1930,1726
14/3/2019 13:00,3137,3125,3375,5071,5089,5094,1934,1964,1719
14/3/2019 13:30,3137,3137,3339,5071,5089,4998,1934,1952,1659
14/3/2019 14:00,3051,3010,3211,5035,5048,4990,1984,2038,1779
14/3/2019 14:30,3051,3146,3220,5035,5048,5005,1984,1902,1785
14/3/2019 15:00,2878,2972,3141,5080,5082,5000,2202,2110,1859
14/3/2019 15:30,2878,2996,3013,5080,5082,5030,2202,2086,2017
14/3/2019 16:00,2611,2790,2872,5230,5263,5124,2619,2473,2252
14/3/2019 16:30,2611,2823,2687,5230,5263,5285,2619,2440,2598
14/3/2019 17:00,2371,2594,2459,5492,5521,5377,3121,2927,2918
14/3/2019 17:30,2371,2638,2345,5492,5521,5502,3121,2883,3157
14/3/2019 18:00,2252,2515,2200,5594,5656,5582,3342,3141,3382
14/3/2019 18:30,2252,2517,2260,5594,5656,5728,3342,3139,3468
14/3/2019 19:00,2299,2572,2373,5545,5594,5764,3246,3022,3391
14/3/2019 19:30,2299,2570,2430,5545,5594,5671,3246,3024,3241
14/3/2019 20:00,2427,2635,2519,5333,5363,5524,2906,2728,3005
14/3/2019 20:30,2427,2462,2514,5333,5362,5358,2906,2900,2844
14/3/2019 21:00,2531,2561,2679,4997,5010,5174,2466,2449,2495
14/3/2019 21:30,2531,2532,2829,4997,5010,4919,2466,2478,2090
14/3/2019 22:00,2653,2695,2968,4553,4552,4652,1900,1857,1684
14/3/2019 22:30,2653,2791,2947,4553,4552,4374,1900,1761,1427
14/3/2019 23:00,2817,2931,2733,4176,4174,4217,1359,1243,1484
14/3/2019 23:30,2817,2947,2893,4176,4168,4081,1359,1221,1188
15/3/2019 0:00,2923,3011,2991,3807,3803,3895,884,792,904
15/3/2019 0:30,2923,3035,3082,3807,3803,3763,884,768,681
15/3/2019 1:00,3071,3097,2992,3587,3582,3639,516,485,647
15/3/2019 1:30,3071,3207,2940,3587,3582,3533,516,375,593
15/3/2019 2:00,3137,3206,2852,3433,3429,3442,296,223,590
15/3/2019 2:30,3137,2931,2821,3433,3429,3390,296,498,569
15/3/2019 3:00,3137,2929,2765,3351,3350,3351,214,421,586
15/3/2019 3:30,3137,2995,2753,3351,3350,3331,214,355,578
15/3/2019 4:00,3119,2981,2742,3335,3336,3317,216,355,575
15/3/2019 4:30,3119,3025,2736,3335,3336,3312,216,311,576
15/3/2019 5:00,3084,3020,2747,3406,3414,3362,322,394,615
15/3/2019 5:30,3084,2917,2805,3406,3414,3462,322,497,657
15/3/2019 6:00,3054,2906,2886,3799,3813,3722,745,907,836
15/3/2019 6:30,3054,2875,3012,3799,3813,3989,745,938,977
15/3/2019 7:00,2984,2831,3193,4517,4528,4376,1533,1697,1183
15/3/2019 7:30,2984,2809,3357,4517,4528,4800,1533,1719,1443
15/3/2019 8:00,2928,2761,3315,4939,4895,4935,2011,2134,1620
15/3/2019 8:30,2928,2775,3241,4939,4895,4971,2011,2120,1730
15/3/2019 9:00,2914,2765,3329,5118,5070,5103,2204,2305,1774
15/3/2019 9:30,2914,2828,3403,5118,5070,5162,2204,2242,1759
15/3/2019 10:00,2905,2823,3348,5121,5083,5115,2216,2260,1767
15/3/2019 10:30,2905,2939,3293,5121,5083,5076,2216,2144,1783
15/3/2019 11:00,2880,2889,3304,5094,5077,5091,2214,2188,1787
15/3/2019 11:30,2880,3085,3340,5094,5065,5067,2214,1980,1727
15/3/2019 12:00,2809,2964,3253,5084,5060,5069,2275,2096,1816
15/3/2019 12:30,2809,2994,3145,5084,5060,5047,2275,2066,1902
15/3/2019 13:00,2668,2832,3035,5015,4971,4975,2347,2139,1940
15/3/2019 13:30,2668,2981,2816,5015,4971,4894,2347,1990,2078
15/3/2019 14:00,2446,2742,2653,4941,4898,4865,2495,2156,2212
15/3/2019 14:30,2446,2790,2485,4941,4898,4845,2495,2108,2360
15/3/2019 15:00,2143,2450,2260,4950,4890,4816,2807,2440,2556
15/3/2019 15:30,2143,2494,2021,4950,4890,4846,2807,2396,2825
15/3/2019 16:00,1735,1954,1797,5090,5034,4906,3355,3080,3109
15/3/2019 16:30,1735,1918,1411,5090,5034,5004,3355,3116,3593
15/3/2019 17:00,1262,1299,1122,5337,5277,5122,4075,3978,4000
15/3/2019 17:30,1262,1151,788,5337,5276,5240,4075,4125,4452
15/3/2019 18:00,871,685,643,5446,5420,5336,4575,4735,4693
15/3/2019 18:30,871,666,589,5446,5420,5504,4575,4754,4915
15/3/2019 19:00,694,507,523,5403,5411,5584,4709,4904,5061
15/3/2019 19:30,694,456,614,5403,5411,5488,4709,4955,4874
15/3/2019 20:00,693,605,746,5201,5197,5344,4508,4592,4598
15/3/2019 20:30,693,485,926,5201,5197,5184,4508,4712,4258
15/3/2019 21:00,790,742,1137,4875,4850,5003,4085,4108,3866
15/3/2019 21:30,790,740,1280,4875,4849,4779,4085,4109,3499
15/3/2019 22:00,1067,1134,1428,4438,4396,4537,3371,3262,3109
15/3/2019 22:30,1067,1216,1582,4438,4395,4351,3371,3179,2769
15/3/2019 23:00,1559,1638,1661,4079,4075,4281,2520,2437,2620
15/3/2019 23:30,1559,1793,1754,4079,4068,4191,2520,2275,2437
16/3/2019 0:00,1844,2043,1947,3808,3801,4022,1964,1758,2075
16/3/2019 0:30,1844,2136,2042,3808,3802,3875,1964,1666,1833
16/3/2019 1:00,2031,2307,2134,3561,3557,3745,1530,1250,1611
16/3/2019 1:30,2031,2332,2279,3561,3557,3649,1530,1225,1370
16/3/2019 2:00,2176,2461,2354,3367,3365,3552,1191,904,1198
16/3/2019 2:30,2176,2207,2428,3367,3366,3461,1191,1159,1033
16/3/2019 3:00,2269,2300,2486,3272,3272,3387,1003,972,901
16/3/2019 3:30,2269,2286,2455,3272,3272,3337,1003,986,882
16/3/2019 4:00,2394,2440,2449,3253,3256,3299,859,816,850
16/3/2019 4:30,2394,2517,2468,3253,3256,3265,859,739,797
16/3/2019 5:00,2538,2631,2503,3280,3288,3286,742,657,783
16/3/2019 5:30,2538,2666,2494,3280,3288,3307,742,622,813
16/3/2019 6:00,2606,2687,2514,3434,3449,3419,828,762,905
16/3/2019 6:30,2606,2742,2567,3434,3449,3496,828,707,929
16/3/2019 7:00,2607,2741,2566,3820,3834,3603,1213,1093,1037
16/3/2019 7:30,2607,2662,2730,3820,3834,3834,1213,1172,1104
16/3/2019 8:00,2562,2687,2847,4179,4145,3970,1617,1458,1123
16/3/2019 8:30,2562,2671,3008,4179,4145,4196,1617,1474,1188
16/3/2019 9:00,2503,2659,3099,4464,4444,4447,1961,1785,1348
16/3/2019 9:30,2503,2660,3089,4464,4444,4586,1961,1784,1497
16/3/2019 10:00,2453,2529,3022,4630,4605,4651,2177,2076,1629
16/3/2019 10:30,2453,2492,3071,4630,4605,4721,2177,2113,1650
16/3/2019 11:00,2404,2386,2953,4642,4631,4759,2238,2245,1806
16/3/2019 11:30,2404,2514,2926,4642,4624,4766,2238,2110,1840
16/3/2019 12:00,2361,2472,2913,4647,4618,4791,2286,2146,1878
16/3/2019 12:30,2361,2599,2898,4647,4619,4797,2286,2020,1899
16/3/2019 13:00,2280,2533,2816,4574,4538,4710,2294,2005,1894
16/3/2019 13:30,2280,2585,2782,4574,4538,4649,2294,1953,1867
16/3/2019 14:00,2204,2533,2775,4497,4461,4584,2293,1928,1809
16/3/2019 14:30,2204,2607,2760,4497,4461,4533,2293,1854,1773
16/3/2019 15:00,2197,2511,2717,4489,4446,4469,2292,1935,1752
16/3/2019 15:30,2197,2558,2660,4489,4446,4454,2292,1888,1794
16/3/2019 16:00,2146,2522,2585,4628,4576,4464,2482,2054,1879
16/3/2019 16:30,2146,2501,2316,4628,4576,4548,2482,2075,2232
16/3/2019 17:00,2015,2505,2234,4877,4825,4701,2862,2320,2467
16/3/2019 17:30,2015,2514,2150,4877,4825,4815,2862,2311,2665
16/3/2019 18:00,1891,2474,2055,5000,4992,4859,3109,2518,2804
16/3/2019 18:30,1891,2556,1965,5000,4993,4959,3109,2437,2994
16/3/2019 19:00,1839,2408,1919,4994,5008,5074,3155,2600,3155
16/3/2019 19:30,1839,2408,1718,4994,5009,4971,3155,2601,3253
16/3/2019 20:00,1778,2277,1747,4804,4799,4840,3026,2522,3093
16/3/2019 20:30,1778,2052,1740,4804,4800,4705,3026,2748,2965
16/3/2019 21:00,1721,2051,1814,4523,4509,4578,2802,2458,2764
16/3/2019 21:30,1721,2009,1717,4523,4509,4412,2802,2500,2695
16/3/2019 22:00,1742,1964,1684,4159,4168,4225,2417,2204,2541
16/3/2019 22:30,1742,1892,1901,4159,4168,4081,2417,2276,2180
16/3/2019 23:00,2194,1831,1949,3951,3954,4027,1757,2123,2078
16/3/2019 23:30,2194,1698,1937,3951,3953,3991,1757,2255,2054
17/3/2019 0:00,2131,1667,1604,3780,3782,3835,1649,2115,2231
17/3/2019 0:30,2131,1697,1640,3780,3782,3729,1649,2085,2089
17/3/2019 1:00,1992,1596,1601,3531,3532,3599,1539,1936,1998
17/3/2019 1:30,1992,1490,1671,3531,3532,3532,1539,2042,1861
17/3/2019 2:00,1838,1408,1652,3330,3333,3392,1492,1925,1740
17/3/2019 2:30,1838,1483,1670,3330,3333,3303,1492,1850,1633
17/3/2019 3:00,1735,1448,1518,3210,3214,3228,1475,1766,1710
17/3/2019 3:30,1735,1460,1448,3210,3214,3211,1475,1754,1763
17/3/2019 4:00,1640,1438,1525,3173,3175,3209,1533,1737,1684
17/3/2019 4:30,1640,1332,1475,3173,3175,3166,1533,1843,1691
17/3/2019 5:00,1576,1360,1507,3179,3184,3149,1603,1824,1642
17/3/2019 5:30,1576,1518,1574,3179,3184,3157,1603,1666,1583
17/3/2019 6:00,1603,1644,1619,3209,3220,3229,1606,1576,1610
17/3/2019 6:30,1603,1668,1717,3209,3220,3251,1606,1552,1534
17/3/2019 7:00,1725,1823,1713,3341,3346,3333,1616,1523,1620
17/3/2019 7:30,1725,1736,1918,3341,3346,3526,1616,1610,1608
17/3/2019 8:00,1944,1973,2111,3673,3683,3640,1729,1710,1529
17/3/2019 8:30,1944,2179,2234,3673,3683,3811,1729,1504,1577
17/3/2019 9:00,2292,2553,2479,4013,4052,4068,1721,1499,1589
17/3/2019 9:30,2292,2511,2773,4013,4052,4293,1721,1541,1520
17/3/2019 10:00,2656,2909,3010,4286,4327,4455,1630,1418,1445
17/3/2019 10:30,2656,2943,3204,4286,4327,4507,1630,1384,1303
17/3/2019 11:00,2951,3221,3274,4410,4466,4530,1459,1245,1256
17/3/2019 11:30,2951,3292,3215,4410,4462,4525,1459,1170,1310
17/3/2019 12:00,3149,3407,3191,4461,4544,4541,1312,1137,1350
17/3/2019 12:30,3149,3405,3214,4461,4544,4536,1312,1139,1322
17/3/2019 13:00,3236,3416,3180,4410,4492,4496,1174,1076,1316
17/3/2019 13:30,3236,3486,3112,4410,4493,4405,1174,1007,1293
17/3/2019 14:00,3260,3430,3013,4314,4375,4263,1054,945,1250
17/3/2019 14:30,3260,3458,3004,4314,4375,4168,1054,917,1164
17/3/2019 15:00,3189,3326,2968,4298,4312,4133,1109,986,1165
17/3/2019 15:30,3189,3157,2942,4298,4312,4113,1109,1155,1171
17/3/2019 16:00,2985,2878,2973,4397,4378,4130,1412,1500,1157
17/3/2019 16:30,2985,2813,2925,4397,4378,4218,1412,1565,1293
17/3/2019 17:00,2663,2380,2888,4650,4625,4328,1987,2245,1440
17/3/2019 17:30,2663,2308,2725,4650,4625,4411,1987,2317,1686
17/3/2019 18:00,2280,1874,2357,4797,4762,4429,2517,2888,2072
17/3/2019 18:30,2280,1877,2085,4797,4762,4495,2517,2885,2410
17/3/2019 19:00,1896,1562,1835,4832,4804,4673,2936,3242,2838
17/3/2019 19:30,1896,1839,1861,4832,4804,4623,2936,2965,2762
17/3/2019 20:00,1578,1636,1776,4687,4655,4534,3109,3019,2758
17/3/2019 20:30,1578,1586,1552,4687,4655,4419,3109,3069,2867
17/3/2019 21:00,1375,1375,1324,4444,4423,4305,3069,3048,2981
17/3/2019 21:30,1375,1414,1191,4444,4423,4138,3069,3009,2947
17/3/2019 22:00,1229,1290,1148,4126,4116,3998,2897,2826,2850
17/3/2019 22:30,1229,1154,1146,4126,4116,3870,2897,2962,2724
17/3/2019 23:00,1114,1067,1119,3890,3891,3830,2776,2824,2711
17/3/2019 23:30,1114,1211,1135,3890,3895,3766,2776,2684,2631
18/3/2019 0:00,1030,1128,1182,3599,3600,3667,2569,2472,2485
18/3/2019 0:30,1030,1020,1157,3599,3600,3544,2569,2580,2387
18/3/2019 1:00,970,984,1218,3416,3419,3452,2446,2435,2234
18/3/2019 1:30,970,956,1246,3416,3419,3361,2446,2463,2115
18/3/2019 2:00,935,959,1367,3267,3270,3304,2332,2311,1937
18/3/2019 2:30,935,1041,1317,3267,3270,3248,2332,2229,1931
18/3/2019 3:00,911,1022,1269,3222,3225,3205,2311,2203,1936
18/3/2019 3:30,911,1081,1279,3222,3224,3178,2311,2143,1899
18/3/2019 4:00,913,1132,1313,3207,3208,3174,2294,2076,1861
18/3/2019 4:30,913,1166,1352,3207,3208,3160,2294,2042,1808
18/3/2019 5:00,940,1228,1400,3251,3250,3191,2311,2022,1791
18/3/2019 5:30,940,1350,1475,3251,3250,3224,2311,1900,1749
18/3/2019 6:00,988,1403,1529,3633,3639,3344,2645,2236,1815
18/3/2019 6:30,988,1377,1513,3633,3639,3388,2645,2262,1875
18/3/2019 7:00,1060,1503,1602,4323,4333,3504,3263,2830,1902
18/3/2019 7:30,1060,1554,1683,4323,4333,3689,3263,2779,2006
18/3/2019 8:00,1165,1669,1696,4783,4804,3797,3618,3135,2101
18/3/2019 8:30,1165,1598,1731,4783,4804,3973,3618,3206,2242
18/3/2019 9:00,1313,1668,1605,5039,5058,4166,3726,3390,2561
18/3/2019 9:30,1313,1734,1636,5039,5058,4347,3726,3324,2711
18/3/2019 10:00,1462,1789,1660,5116,5135,4472,3654,3346,2812
18/3/2019 10:30,1462,1782,1651,5116,5134,4535,3654,3352,2884
18/3/2019 11:00,1599,1834,1631,5134,5152,4591,3535,3318,2960
18/3/2019 11:30,1599,1868,1649,5134,5145,4630,3535,3277,2981
18/3/2019 12:00,1684,1879,1677,5163,5142,4679,3479,3263,3002
18/3/2019 12:30,1684,1788,1687,5163,5139,4714,3479,3351,3027
18/3/2019 13:00,1662,1738,1720,5113,5067,4685,3451,3329,2965
18/3/2019 13:30,1662,1754,1706,5113,5065,4625,3451,3311,2919
18/3/2019 14:00,1567,1626,1645,5043,4957,4575,3476,3331,2930
18/3/2019 14:30,1567,1500,1661,5043,4958,4532,3476,3458,2871
18/3/2019 15:00,1412,1307,1553,5044,4950,4507,3632,3643,2954
18/3/2019 15:30,1412,1281,1470,5044,4951,4537,3632,3670,3067
18/3/2019 16:00,1235,1085,1365,5167,5078,4597,3932,3993,3232
18/3/2019 16:30,1235,1101,1329,5167,5078,4715,3932,3977,3386
18/3/2019 17:00,1075,924,1203,5463,5359,4861,4388,4435,3658
18/3/2019 17:30,1075,949,1124,5463,5358,4998,4388,4409,3874
18/3/2019 18:00,950,822,981,5532,5484,5054,4582,4662,4073
18/3/2019 18:30,950,945,935,5532,5483,5135,4582,4538,4200
18/3/2019 19:00,858,859,955,5582,5511,5257,4724,4652,4302
18/3/2019 19:30,858,862,910,5582,5510,5205,4724,4648,4295
18/3/2019 20:00,796,798,865,5359,5284,5047,4563,4486,4182
18/3/2019 20:30,796,788,838,5359,5282,4895,4563,4494,4057
18/3/2019 21:00,757,746,773,5004,4928,4712,4247,4182,3939
18/3/2019 21:30,757,729,816,5004,4925,4506,4247,4196,3690
18/3/2019 22:00,729,697,756,4545,4454,4249,3816,3757,3493
18/3/2019 22:30,729,731,710,4545,4452,4030,3816,3721,3320
18/3/2019 23:00,649,679,676,4087,4078,3908,3438,3399,3232
18/3/2019 23:30,649,676,687,4087,4077,3784,3438,3401,3097
19/3/2019 0:00,630,648,658,3724,3713,3636,3094,3065,2978
19/3/2019 0:30,630,632,702,3724,3712,3489,3094,3080,2787
19/3/2019 1:00,654,657,768,3504,3493,3399,2850,2836,2631
19/3/2019 1:30,654,670,810,3504,3492,3319,2850,2822,2509
19/3/2019 2:00,712,748,892,3366,3357,3261,2654,2609,2369
19/3/2019 2:30,712,695,998,3366,3356,3222,2654,2661,2224
19/3/2019 3:00,808,814,1035,3287,3276,3181,2479,2462,2146
19/3/2019 3:30,808,854,1067,3287,3276,3153,2479,2422,2086
19/3/2019 4:00,958,987,1087,3266,3252,3158,2308,2265,2071
19/3/2019 4:30,958,1006,1129,3266,3252,3167,2308,2246,2038
19/3/2019 5:00,1120,1119,1191,3316,3301,3218,2196,2182,2027
19/3/2019 5:30,1120,1181,1199,3316,3301,3313,2196,2120,2114
19/3/2019 6:00,1231,1236,1230,3703,3696,3575,2472,2460,2345
19/3/2019 6:30,1231,1331,1225,3703,3696,3831,2472,2365,2606
19/3/2019 7:00,1273,1312,1232,4376,4363,4239,3103,3051,3007
19/3/2019 7:30,1273,1235,1149,4376,4417,4616,3103,3182,3467
19/3/2019 8:00,1250,1196,1123,4848,4829,4819,3598,3633,3696
19/3/2019 8:30,1250,1191,1129,4848,4829,4896,3598,3638,3767
19/3/2019 9:00,1149,1086,1122,5090,5013,5048,3941,3927,3926
19/3/2019 9:30,1149,1063,1122,5090,5013,5130,3941,3950,4008
19/3/2019 10:00,1042,977,965,5153,5051,5139,4111,4074,4174
19/3/2019 10:30,1042,952,989,5153,5052,5147,4111,4100,4158
19/3/2019 11:00,1024,990,998,5174,5052,5136,4150,4062,4138
19/3/2019 11:30,1024,957,1070,5174,5055,5147,4150,4098,4077
19/3/2019 12:00,1083,1060,1104,5161,5046,5139,4078,3986,4035
19/3/2019 12:30,1083,1077,1149,5161,5051,5161,4078,3974,4012
19/3/2019 13:00,1157,1145,1189,5067,4969,5117,3910,3824,3928
19/3/2019 13:30,1157,1149,1309,5067,4973,5006,3910,3824,3697
19/3/2019 14:00,1194,1181,1311,4963,4923,4997,3769,3742,3686
19/3/2019 14:30,1194,1229,1194,4963,4925,4986,3769,3696,3792
19/3/2019 15:00,1183,1202,1161,4930,4921,5002,3747,3719,3841
19/3/2019 15:30,1183,1246,1243,4930,4923,5064,3747,3677,3821
19/3/2019 16:00,1129,1100,1166,5040,5058,5116,3911,3958,3950
19/3/2019 16:30,1129,1058,1070,5040,5059,5225,3911,4001,4155
19/3/2019 17:00,1038,890,1010,5284,5268,5332,4246,4378,4322
19/3/2019 17:30,1038,973,967,5284,5269,5374,4246,4296,4407
19/3/2019 18:00,951,856,969,5393,5360,5386,4442,4504,4417
19/3/2019 18:30,951,754,931,5393,5361,5453,4442,4607,4522
19/3/2019 19:00,918,683,940,5334,5299,5674,4416,4616,4734
19/3/2019 19:30,918,761,903,5334,5300,5622,4416,4539,4719
19/3/2019 20:00,911,711,855,5158,5115,5483,4247,4404,4628
19/3/2019 20:30,911,706,819,5158,5116,5325,4247,4410,4506
19/3/2019 21:00,885,678,767,4872,4805,5148,3987,4127,4381
19/3/2019 21:30,885,661,679,4872,4806,4871,3987,4145,4192
19/3/2019 22:00,851,674,660,4455,4386,4605,3604,3712,3945
19/3/2019 22:30,851,720,639,4455,4387,4334,3604,3667,3695
19/3/2019 23:00,761,743,593,3981,3997,4175,3220,3254,3582
19/3/2019 23:30,761,783,561,3981,4000,4002,3220,3217,3441
20/3/2019 0:00,790,812,514,3631,3646,3818,2841,2834,3304
20/3/2019 0:30,790,786,482,3631,3647,3682,2841,2861,3200
20/3/2019 1:00,800,824,557,3422,3435,3592,2622,2611,3035
20/3/2019 1:30,800,723,622,3422,3436,3501,2622,2713,2879
20/3/2019 2:00,789,737,655,3284,3297,3429,2495,2560,2774
20/3/2019 2:30,789,637,727,3284,3297,3374,2495,2660,2647
20/3/2019 3:00,773,639,718,3229,3242,3325,2456,2603,2607
20/3/2019 3:30,773,624,673,3229,3242,3317,2456,2618,2644
20/3/2019 4:00,772,621,676,3225,3239,3325,2453,2618,2649
20/3/2019 4:30,772,593,675,3225,3239,3330,2453,2646,2655
20/3/2019 5:00,784,615,671,3306,3316,3409,2522,2701,2738
20/3/2019 5:30,784,647,666,3306,3316,3505,2522,2669,2839
20/3/2019 6:00,827,683,694,3728,3739,3756,2901,3056,3062
20/3/2019 6:30,827,748,713,3728,3739,3990,2901,2991,3277
20/3/2019 7:00,907,777,731,4454,4467,4395,3547,3690,3664
20/3/2019 7:30,907,712,715,4454,4467,4816,3547,3755,4101
20/3/2019 8:00,1015,805,767,4863,4863,4954,3848,4058,4187
20/3/2019 8:30,1015,770,818,4863,4863,4983,3848,4093,4165
20/3/2019 9:00,1194,901,825,5025,5041,5065,3831,4140,4240
20/3/2019 9:30,1194,866,910,5025,5041,5086,3831,4175,4176
20/3/2019 10:00,1415,1070,958,5042,5068,5052,3627,3998,4094
20/3/2019 10:30,1415,1091,1081,5042,5069,5042,3627,3978,3961
20/3/2019 11:00,1622,1338,1164,5022,5058,5015,3400,3720,3851
20/3/2019 11:30,1622,1354,1281,5022,5048,4989,3400,3694,3708
20/3/2019 12:00,1768,1549,1437,5012,5036,5018,3244,3487,3581
20/3/2019 12:30,1768,1529,1572,5012,5037,5050,3244,3508,3478
20/3/2019 13:00,1842,1669,1593,4929,4942,5013,3087,3273,3420
20/3/2019 13:30,1842,1692,1571,4929,4942,4935,3087,3250,3364
20/3/2019 14:00,1867,1769,1587,4881,4888,4938,3014,3119,3351
20/3/2019 14:30,1867,1701,1685,4881,4888,4930,3014,3187,3245
20/3/2019 15:00,1861,1744,1775,4889,4916,4947,3028,3172,3172
20/3/2019 15:30,1861,1718,1783,4889,4916,4988,3028,3198,3205
20/3/2019 16:00,1845,1708,1849,5010,5051,5034,3165,3343,3185
20/3/2019 16:30,1845,1741,1893,5010,5051,5161,3165,3310,3268
20/3/2019 17:00,1830,1708,1944,5209,5254,5290,3379,3546,3346
20/3/2019 17:30,1830,1650,2004,5209,5254,5420,3379,3604,3416
20/3/2019 18:00,1821,1633,1937,5297,5321,5433,3476,3688,3496
20/3/2019 18:30,1821,1712,1841,5297,5321,5468,3476,3609,3627
20/3/2019 19:00,1814,1710,1840,5236,5300,5610,3422,3590,3770
20/3/2019 19:30,1814,1770,1757,5236,5300,5556,3422,3530,3799
20/3/2019 20:00,1812,1774,1750,5066,5126,5451,3254,3352,3701
20/3/2019 20:30,1812,1910,1695,5066,5126,5286,3254,3216,3591
20/3/2019 21:00,1798,1879,1693,4770,4813,5101,2972,2934,3408
20/3/2019 21:30,1798,1882,1663,4770,4813,4871,2972,2931,3208
20/3/2019 22:00,1750,1820,1741,4373,4401,4602,2623,2581,2861
20/3/2019 22:30,1750,1833,1820,4373,4400,4331,2623,2567,2511
20/3/2019 23:00,1688,1785,1823,4026,4027,4166,2338,2242,2343
20/3/2019 23:30,1688,1785,1804,4026,4027,3975,2338,2242,2171
21/3/2019 0:00,1663,1750,1734,3659,3663,3767,1996,1913,2033
21/3/2019 0:30,1663,1752,1781,3659,3663,3620,1996,1911,1839
21/3/2019 1:00,1649,1697,1775,3446,3453,3561,1797,1756,1786
21/3/2019 1:30,1649,1614,1664,3446,3453,3460,1797,1839,1796
21/3/2019 2:00,1598,1540,1664,3305,3312,3396,1707,1772,1732
21/3/2019 2:30,1598,1608,1552,3305,3312,3312,1707,1704,1760
21/3/2019 3:00,1507,1476,1500,3246,3255,3276,1739,1779,1776
21/3/2019 3:30,1507,1488,1455,3246,3255,3248,1739,1767,1793
21/3/2019 4:00,1403,1318,1314,3244,3255,3246,1841,1937,1932
21/3/2019 4:30,1403,1358,1273,3244,3255,3244,1841,1897,1971
21/3/2019 5:00,1320,1185,1242,3316,3331,3310,1996,2146,2068
21/3/2019 5:30,1320,1155,1147,3316,3331,3406,1996,2176,2259
21/3/2019 6:00,1279,1018,1098,3746,3763,3659,2467,2745,2561
21/3/2019 6:30,1279,962,981,3746,3763,3866,2467,2801,2885
21/3/2019 7:00,1292,872,874,4457,4472,4299,3165,3600,3425
21/3/2019 7:30,1292,849,800,4457,4472,4695,3165,3623,3895
21/3/2019 8:00,1339,837,741,4846,4855,4884,3507,4018,4143
21/3/2019 8:30,1339,844,667,4846,4855,4916,3507,4011,4249
21/3/2019 9:00,1376,844,646,4997,4996,4994,3621,4152,4348
21/3/2019 9:30,1376,803,629,4997,4996,5029,3621,4193,4400
21/3/2019 10:00,1392,871,644,5011,5007,4995,3619,4136,4351
21/3/2019 10:30,1392,831,645,5011,5007,4986,3619,4176,4341
21/3/2019 11:00,1412,966,702,4989,4988,4981,3577,4022,4279
21/3/2019 11:30,1412,964,729,4989,4978,4960,3577,4014,4231
21/3/2019 12:00,1435,1067,820,4995,4995,5009,3560,3928,4189
21/3/2019 12:30,1435,1014,862,4995,4995,5026,3560,3981,4164
21/3/2019 13:00,1470,1089,873,4927,4940,4951,3457,3851,4078
21/3/2019 13:30,1470,964,853,4927,4940,4868,3457,3976,4015
21/3/2019 14:00,1512,1007,894,4878,4893,4885,3366,3886,3991
21/3/2019 14:30,1512,944,914,4878,4893,4873,3366,3949,3959
21/3/2019 15:00,1552,1015,995,4894,4902,4913,3342,3887,3918
21/3/2019 15:30,1552,1046,1042,4894,4902,4943,3342,3856,3901
21/3/2019 16:00,1602,1137,1111,5010,5019,5012,3408,3882,3901
21/3/2019 16:30,1602,1112,1175,5010,5019,5117,3408,3907,3942
21/3/2019 17:00,1665,1234,1312,5193,5208,5245,3528,3974,3933
21/3/2019 17:30,1665,1211,1320,5193,5208,5289,3528,3997,3969
21/3/2019 18:00,1746,1372,1385,5244,5253,5282,3498,3881,3897
21/3/2019 18:30,1746,1384,1401,5244,5253,5363,3498,3869,3962
21/3/2019 19:00,1878,1595,1524,5210,5220,5548,3332,3625,4024
21/3/2019 19:30,1878,1588,1744,5210,5220,5547,3332,3632,3803
21/3/2019 20:00,2054,1861,1911,5042,5057,5404,2988,3196,3493
21/3/2019 20:30,2054,1930,1969,5042,5057,5260,2988,3127,3291
21/3/2019 21:00,2231,2210,2137,4742,4755,5018,2511,2545,2881
21/3/2019 21:30,2231,2132,2344,4742,4755,4794,2511,2623,2450
21/3/2019 22:00,2402,2440,2594,4342,4350,4579,1940,1910,1985
21/3/2019 22:30,2402,2416,2617,4342,4350,4351,1940,1934,1734
21/3/2019 23:00,2591,2654,2586,3976,3976,4169,1385,1322,1583
21/3/2019 23:30,2591,2764,2680,3976,3976,3961,1385,1212,1281
22/3/2019 0:00,2812,2917,2723,3616,3616,3804,804,699,1081
22/3/2019 0:30,2812,2897,2775,3616,3614,3640,804,717,865
22/3/2019 1:00,2938,2988,2758,3395,3403,3524,457,415,766
22/3/2019 1:30,2938,3069,2764,3395,3404,3430,457,335,666
22/3/2019 2:00,2977,3080,2735,3249,3253,3367,272,173,632
22/3/2019 2:30,2977,2955,2658,3249,3253,3282,272,298,624
22/3/2019 3:00,2987,2945,2565,3187,3184,3229,200,239,664
22/3/2019 3:30,2987,2900,2506,3187,3184,3203,200,284,697
22/3/2019 4:00,2990,2898,2495,3180,3178,3195,190,280,700
22/3/2019 4:30,2990,2847,2505,3180,3177,3218,190,330,713
22/3/2019 5:00,2999,2881,2552,3237,3252,3266,238,371,714
22/3/2019 5:30,2999,2836,2632,3237,3252,3378,238,416,746
22/3/2019 6:00,3034,2904,2713,3643,3664,3586,609,760,873
22/3/2019 6:30,3034,2792,2728,3643,3663,3829,609,871,1101
22/3/2019 7:00,3058,2840,2865,4340,4366,4273,1282,1526,1408
22/3/2019 7:30,3058,2788,2889,4340,4366,4677,1282,1578,1788
22/3/2019 8:00,3004,2697,2856,4718,4734,4861,1714,2037,2005
22/3/2019 8:30,3004,2647,2799,4718,4734,4893,1714,2087,2094
22/3/2019 9:00,2788,2362,2809,4878,4890,5003,2090,2528,2194
22/3/2019 9:30,2788,2434,2730,4878,4890,5062,2090,2456,2332
22/3/2019 10:00,2429,2058,2587,4902,4913,5054,2473,2855,2467
22/3/2019 10:30,2429,2098,2275,4902,4913,5065,2473,2815,2790
22/3/2019 11:00,2180,1906,2126,4890,4913,5036,2710,3007,2910
22/3/2019 11:30,2180,1906,2108,4890,4913,5068,2710,3007,2960
22/3/2019 12:00,2090,1952,1998,4903,4928,5066,2813,2976,3068
22/3/2019 12:30,2090,2047,2019,4903,4929,5057,2813,2882,3038
22/3/2019 13:00,2067,2180,2154,4842,4842,4995,2775,2662,2841
22/3/2019 13:30,2067,2278,2292,4842,4843,4915,2775,2565,2623
22/3/2019 14:00,2074,2402,2466,4775,4769,4888,2701,2367,2422
22/3/2019 14:30,2074,2271,2522,4775,4769,4835,2701,2498,2313
22/3/2019 15:00,2084,2268,2549,4764,4757,4818,2680,2489,2269
22/3/2019 15:30,2084,2272,2682,4764,4757,4823,2680,2485,2141
22/3/2019 16:00,2032,2200,2662,4856,4849,4840,2824,2649,2178
22/3/2019 16:30,2032,2124,2534,4856,4850,4938,2824,2726,2404
22/3/2019 17:00,1854,1979,2349,5045,5036,4999,3191,3057,2650
22/3/2019 17:30,1854,2148,2240,5045,5037,5090,3191,2889,2850
22/3/2019 18:00,1611,1925,2096,5104,5122,5138,3493,3197,3042
22/3/2019 18:30,1611,1935,1765,5104,5123,5179,3493,3188,3414
22/3/2019 19:00,1346,1722,1582,5081,5143,5367,3735,3421,3785
22/3/2019 19:30,1346,1894,1412,5081,5144,5357,3735,3250,3945
22/3/2019 20:00,1134,1703,1409,4929,4977,5230,3795,3274,3821
22/3/2019 20:30,1134,1564,1341,4929,4978,5075,3795,3414,3734
22/3/2019 21:00,996,1393,1257,4651,4677,4897,3655,3284,3640
22/3/2019 21:30,996,1419,1177,4651,4677,4690,3655,3258,3513
22/3/2019 22:00,901,1298,1103,4268,4292,4477,3367,2994,3374
22/3/2019 22:30,901,1225,1035,4268,4292,4270,3367,3067,3235
22/3/2019 23:00,1002,1101,1018,3971,3973,4170,2969,2872,3152
22/3/2019 23:30,1002,977,921,3971,3973,4017,2969,2996,3096
23/3/2019 0:00,924,880,913,3645,3646,3858,2721,2766,2945
23/3/2019 0:30,924,885,970,3645,3646,3727,2721,2761,2757
23/3/2019 1:00,847,812,895,3400,3402,3583,2553,2590,2688
23/3/2019 1:30,847,837,897,3400,3402,3482,2553,2565,2585
23/3/2019 2:00,758,753,864,3208,3211,3374,2450,2458,2510
23/3/2019 2:30,758,749,843,3208,3211,3310,2450,2462,2467
23/3/2019 3:00,644,637,815,3119,3122,3265,2475,2485,2450
23/3/2019 3:30,644,592,756,3119,3122,3247,2475,2530,2491
23/3/2019 4:00,538,465,686,3120,3123,3236,2582,2658,2550
23/3/2019 4:30,538,500,615,3120,3123,3227,2582,2623,2612
23/3/2019 5:00,435,369,552,3141,3153,3248,2706,2784,2696
23/3/2019 5:30,435,356,434,3141,3153,3288,2706,2797,2854
23/3/2019 6:00,318,236,388,3284,3299,3392,2966,3063,3004
23/3/2019 6:30,318,271,325,3284,3298,3445,2966,3027,3120
23/3/2019 7:00,224,178,267,3661,3680,3638,3437,3502,3371
23/3/2019 7:30,224,177,197,3661,3680,3866,3437,3503,3669
23/3/2019 8:00,180,131,132,4009,4025,4072,3829,3894,3940
23/3/2019 8:30,180,160,98,4009,4025,4268,3829,3865,4170
23/3/2019 9:00,182,142,40,4298,4318,4471,4116,4176,4431
23/3/2019 9:30,182,143,98,4298,4318,4580,4116,4175,4482
23/3/2019 10:00,203,160,126,4447,4476,4624,4244,4316,4498
23/3/2019 10:30,203,158,171,4447,4476,4628,4244,4318,4457
23/3/2019 11:00,225,177,180,4445,4483,4626,4220,4306,4446
23/3/2019 11:30,225,177,200,4445,4464,4636,4220,4287,4436
23/3/2019 12:00,239,188,155,4451,4464,4629,4212,4276,4474
23/3/2019 12:30,239,188,188,4451,4464,4631,4212,4276,4443
23/3/2019 13:00,243,193,187,4369,4380,4582,4126,4187,4395
23/3/2019 13:30,243,181,196,4369,4380,4503,4126,4199,4307
23/3/2019 14:00,239,189,193,4283,4288,4433,4044,4099,4240
23/3/2019 14:30,239,172,209,4283,4288,4388,4044,4116,4179
23/3/2019 15:00,227,175,200,4281,4270,4376,4054,4095,4176
23/3/2019 15:30,227,172,185,4281,4271,4384,4054,4099,4199
23/3/2019 16:00,221,163,215,4386,4362,4438,4165,4199,4223
23/3/2019 16:30,221,174,218,4386,4363,4554,4165,4189,4336
23/3/2019 17:00,218,165,178,4599,4568,4694,4381,4403,4516
23/3/2019 17:30,218,174,180,4599,4569,4830,4381,4395,4650
23/3/2019 18:00,215,187,160,4708,4675,4906,4493,4488,4746
23/3/2019 18:30,215,183,178,4708,4675,4936,4493,4492,4758
23/3/2019 19:00,225,222,203,4730,4721,5107,4505,4499,4904
23/3/2019 19:30,225,234,269,4730,4722,5072,4505,4488,4803
23/3/2019 20:00,241,279,245,4602,4585,4919,4361,4306,4674
23/3/2019 20:30,241,252,256,4602,4586,4756,4361,4334,4500
23/3/2019 21:00,259,327,288,4369,4343,4592,4110,4016,4304
23/3/2019 21:30,259,309,330,4369,4344,4417,4110,4035,4087
23/3/2019 22:00,293,374,356,4052,4028,4233,3759,3654,3877
23/3/2019 22:30,293,371,359,4052,4028,4067,3759,3657,3708
23/3/2019 23:00,498,446,415,3783,3785,3989,3285,3339,3574
23/3/2019 23:30,498,483,548,3783,3786,3887,3285,3303,3339
24/3/2019 0:00,564,573,584,3597,3598,3735,3033,3025,3151
24/3/2019 0:30,564,547,664,3597,3598,3598,3033,3051,2934
24/3/2019 1:00,637,652,676,3342,3344,3482,2705,2692,2806
24/3/2019 1:30,637,671,547,3342,3344,3377,2705,2673,2830
24/3/2019 2:00,731,758,552,3137,3138,3281,2406,2380,2729
24/3/2019 2:30,731,696,579,3137,3139,3211,2406,2443,2632
24/3/2019 3:00,837,811,658,3039,3038,3141,2202,2227,2483
24/3/2019 3:30,837,918,721,3039,3038,3112,2202,2120,2391
24/3/2019 4:00,974,1030,817,3028,3025,3089,2054,1995,2272
24/3/2019 4:30,974,1017,881,3028,3025,3067,2054,2008,2186
24/3/2019 5:00,1096,1138,919,3029,3028,3065,1933,1890,2146
24/3/2019 5:30,1096,1014,971,3029,3028,3095,1933,2014,2124
24/3/2019 6:00,1169,1127,898,3059,3061,3122,1890,1934,2224
24/3/2019 6:30,1169,1127,864,3059,3061,3110,1890,1934,2246
24/3/2019 7:00,1218,1190,947,3265,3273,3236,2047,2083,2289
24/3/2019 7:30,1218,1190,1130,3265,3273,3423,2047,2083,2293
24/3/2019 8:00,1282,1277,1120,3580,3587,3537,2298,2310,2417
24/3/2019 8:30,1282,1277,1081,3580,3587,3708,2298,2310,2627
24/3/2019 9:00,1448,1484,1080,3894,3899,3878,2446,2415,2798
24/3/2019 9:30,1448,1484,1259,3894,3899,4029,2446,2415,2770
24/3/2019 10:00,1712,1764,1490,4126,4130,4148,2414,2366,2658
24/3/2019 10:30,1712,1764,1709,4126,4130,4210,2414,2366,2501
24/3/2019 11:00,1965,2001,1791,4265,4270,4244,2300,2269,2453
24/3/2019 11:30,1965,1968,1853,4265,4269,4297,2300,2301,2444
24/3/2019 12:00,2132,2140,2082,4327,4329,4396,2195,2189,2314
24/3/2019 12:30,2132,1992,2148,4327,4329,4424,2195,2337,2276
24/3/2019 13:00,2197,2108,2157,4285,4285,4421,2088,2177,2264
24/3/2019 13:30,2197,2221,2074,4285,4285,4357,2088,2064,2283
24/3/2019 14:00,2172,2252,1915,4188,4189,4281,2016,1937,2366
24/3/2019 14:30,2172,2197,1790,4188,4205,4226,2016,2008,2436
24/3/2019 15:00,2102,2166,1973,4167,4182,4205,2065,2016,2232
24/3/2019 15:30,2102,2219,2132,4167,4182,4222,2065,1963,2090
24/3/2019 16:00,1995,2122,2329,4245,4279,4279,2250,2157,1950
24/3/2019 16:30,1995,2112,2480,4245,4279,4352,2250,2167,1872
24/3/2019 17:00,1826,1971,2433,4442,4472,4448,2616,2501,2015
24/3/2019 17:30,1826,1795,2317,4442,4472,4602,2616,2677,2285
24/3/2019 18:00,1656,1675,2282,4526,4594,4664,2870,2919,2382
24/3/2019 18:30,1656,1711,2244,4526,4593,4737,2870,2882,2493
24/3/2019 19:00,1522,1617,2237,4561,4622,4937,3039,3005,2700
24/3/2019 19:30,1522,1799,2047,4561,4622,4979,3039,2823,2932
24/3/2019 20:00,1404,1650,1919,4461,4504,4889,3057,2854,2970
24/3/2019 20:30,1404,1825,1606,4461,4504,4740,3057,2679,3134
24/3/2019 21:00,1318,1651,1722,4257,4278,4591,2939,2627,2869
24/3/2019 21:30,1318,1653,1602,4257,4278,4380,2939,2625,2778
24/3/2019 22:00,1251,1486,1375,3958,3969,4144,2707,2483,2769
24/3/2019 22:30,1251,1612,1253,3958,3970,3949,2707,2358,2696
24/3/2019 23:00,1097,1435,1124,3689,3709,3810,2592,2274,2686
24/3/2019 23:30,1097,1376,888,3689,3709,3667,2592,2333,2779
25/3/2019 0:00,981,1215,930,3426,3438,3531,2445,2223,2601
25/3/2019 0:30,981,1160,929,3426,3439,3423,2445,2279,2494
25/3/2019 1:00,842,1004,928,3233,3255,3331,2391,2251,2403
25/3/2019 1:30,842,866,899,3233,3255,3261,2391,2389,2362
25/3/2019 2:00,704,729,864,3102,3135,3188,2398,2406,2324
25/3/2019 2:30,704,720,810,3102,3135,3137,2398,2415,2327
25/3/2019 3:00,610,583,682,3052,3080,3115,2442,2497,2433
25/3/2019 3:30,610,447,620,3052,3080,3114,2442,2633,2494
25/3/2019 4:00,527,343,601,3051,3076,3127,2524,2733,2526
25/3/2019 4:30,527,457,584,3051,3076,3130,2524,2619,2546
25/3/2019 5:00,428,344,495,3130,3155,3180,2702,2811,2685
25/3/2019 5:30,428,380,455,3130,3155,3285,2702,2775,2830
25/3/2019 6:00,324,276,476,3588,3613,3527,3264,3337,3051
25/3/2019 6:30,324,319,451,3588,3613,3799,3264,3294,3348
25/3/2019 7:00,221,223,360,4351,4374,4256,4130,4151,3896
25/3/2019 7:30,221,197,245,4351,4374,4663,4130,4177,4418
25/3/2019 8:00,162,124,199,4776,4797,4885,4614,4673,4686
25/3/2019 8:30,162,205,145,4776,4797,4937,4614,4592,4792
25/3/2019 9:00,164,160,114,4943,4963,5040,4779,4803,4926
25/3/2019 9:30,164,141,88,4943,4964,5092,4779,4823,5004
25/3/2019 10:00,192,114,99,4977,4986,5051,4785,4872,4952
25/3/2019 10:30,192,133,121,4977,4986,5045,4785,4853,4924
25/3/2019 11:00,226,122,118,4966,4966,5030,4740,4844,4912
25/3/2019 11:30,226,100,104,4966,4953,5018,4740,4853,4914
25/3/2019 12:00,234,95,102,4967,4967,5019,4733,4872,4917
25/3/2019 12:30,234,74,106,4967,4967,5065,4733,4893,4959
25/3/2019 13:00,210,71,101,4909,4904,5025,4699,4833,4924
25/3/2019 13:30,210,106,105,4909,4905,4940,4699,4799,4835
25/3/2019 14:00,179,106,98,4872,4858,4934,4693,4752,4836
25/3/2019 14:30,179,98,95,4872,4858,4932,4693,4760,4837
25/3/2019 15:00,161,96,97,4896,4880,4958,4735,4784,4861
25/3/2019 15:30,161,90,102,4896,4880,5012,4735,4790,4910
25/3/2019 16:00,154,90,109,5029,5026,5087,4875,4936,4978
25/3/2019 16:30,154,82,127,5029,5026,5223,4875,4944,5096
25/3/2019 17:00,140,84,119,5218,5222,5346,5078,5138,5227
25/3/2019 17:30,140,98,109,5218,5222,5433,5078,5124,5324
25/3/2019 18:00,131,104,97,5247,5292,5412,5116,5188,5315
25/3/2019 18:30,131,116,111,5247,5292,5415,5116,5176,5304
25/3/2019 19:00,132,121,112,5211,5274,5533,5079,5153,5421
25/3/2019 19:30,132,109,105,5211,5274,5565,5079,5165,5460
25/3/2019 20:00,136,102,108,5061,5101,5433,4925,4999,5325
25/3/2019 20:30,136,97,129,5061,5102,5289,4925,5005,5160
25/3/2019 21:00,131,92,125,4787,4803,5073,4656,4711,4948
25/3/2019 21:30,131,73,120,4787,4804,4836,4656,4731,4716
25/3/2019 22:00,125,74,111,4367,4367,4539,4242,4293,4428
25/3/2019 22:30,125,86,119,4367,4367,4268,4242,4281,4149
25/3/2019 23:00,116,90,121,3960,3964,4103,3844,3874,3982
25/3/2019 23:30,116,99,136,3960,3971,3950,3844,3872,3814
26/3/2019 0:00,133,117,147,3607,3616,3759,3474,3499,3612
26/3/2019 0:30,133,133,158,3607,3616,3632,3474,3483,3474
26/3/2019 1:00,158,165,176,3407,3417,3535,3249,3252,3359
26/3/2019 1:30,158,129,207,3407,3417,3464,3249,3288,3257
26/3/2019 2:00,196,171,233,3276,3286,3408,3080,3115,3175
26/3/2019 2:30,196,168,236,3276,3286,3350,3080,3118,3114
26/3/2019 3:00,240,212,242,3230,3238,3311,2990,3026,3069
26/3/2019 3:30,240,229,269,3230,3238,3302,2990,3009,3033
26/3/2019 4:00,293,280,295,3238,3245,3301,2945,2965,3006
26/3/2019 4:30,293,275,324,3238,3245,3301,2945,2970,2977
26/3/2019 5:00,344,307,330,3322,3333,3357,2978,3026,3027
26/3/2019 5:30,344,343,326,3322,3333,3463,2978,2990,3137
26/3/2019 6:00,363,341,336,3757,3771,3678,3394,3430,3342
26/3/2019 6:30,363,323,321,3757,3771,3935,3394,3448,3614
26/3/2019 7:00,349,330,316,4504,4523,4388,4155,4193,4072
26/3/2019 7:30,349,345,336,4504,4523,4765,4155,4178,4429
26/3/2019 8:00,370,376,346,4909,4922,4960,4539,4546,4614
26/3/2019 8:30,370,327,354,4909,4922,5005,4539,4595,4651
26/3/2019 9:00,444,399,383,5053,5065,5094,4609,4666,4711
26/3/2019 9:30,444,412,389,5053,5065,5130,4609,4653,4741
26/3/2019 10:00,572,549,418,5057,5066,5069,4485,4517,4651
26/3/2019 10:30,572,520,511,5057,5067,5050,4485,4547,4539
26/3/2019 11:00,721,637,549,5016,5042,5013,4295,4405,4464
26/3/2019 11:30,721,679,622,5016,5039,4973,4295,4360,4351
26/3/2019 12:00,822,741,672,5025,5043,4982,4203,4302,4310
26/3/2019 12:30,822,739,711,5025,5044,5009,4203,4305,4298
26/3/2019 13:00,840,759,656,4962,4976,4955,4122,4217,4299
26/3/2019 13:30,840,733,628,4962,4976,4855,4122,4243,4227
26/3/2019 14:00,793,696,602,4917,4934,4849,4124,4238,4247
26/3/2019 14:30,793,679,614,4917,4934,4850,4124,4255,4236
26/3/2019 15:00,724,609,579,4941,4960,4858,4217,4351,4279
26/3/2019 15:30,724,609,587,4941,4960,4905,4217,4351,4318
26/3/2019 16:00,631,535,583,5074,5095,4974,4443,4560,4391
26/3/2019 16:30,631,505,546,5074,5095,5100,4443,4590,4554
26/3/2019 17:00,531,444,513,5245,5267,5214,4714,4823,4701
26/3/2019 17:30,531,407,456,5245,5267,5285,4714,4860,4829
26/3/2019 18:00,460,367,401,5287,5303,5262,4827,4936,4861
26/3/2019 18:30,460,403,392,5287,5303,5265,4827,4900,4873
26/3/2019 19:00,412,368,410,5264,5309,5446,4852,4941,5036
26/3/2019 19:30,412,419,393,5264,5309,5543,4852,4890,5150
26/3/2019 20:00,373,368,345,5116,5153,5427,4743,4785,5082
26/3/2019 20:30,373,339,314,5116,5153,5302,4743,4814,4988
26/3/2019 21:00,340,310,289,4843,4856,5087,4503,4546,4798
26/3/2019 21:30,340,296,276,4843,4856,4838,4503,4560,4562
26/3/2019 22:00,318,270,255,4423,4417,4591,4105,4147,4336
26/3/2019 22:30,318,276,235,4423,4417,4303,4105,4141,4068
26/3/2019 23:00,307,276,230,4035,4035,4119,3728,3759,3889
26/3/2019 23:30,307,281,235,4035,4041,3940,3728,3760,3705
27/3/2019 0:00,311,312,267,3677,3685,3757,3366,3373,3490
27/3/2019 0:30,311,293,293,3677,3685,3616,3366,3392,3323
27/3/2019 1:00,343,323,311,3472,3480,3512,3129,3157,3201
27/3/2019 1:30,343,295,315,3472,3480,3428,3129,3185,3113
27/3/2019 2:00,373,335,346,3338,3348,3358,2965,3013,3012
27/3/2019 2:30,373,321,386,3338,3349,3304,2965,3028,2918
27/3/2019 3:00,392,347,401,3284,3294,3267,2892,2947,2866
27/3/2019 3:30,392,347,420,3284,3294,3251,2892,2947,2831
27/3/2019 4:00,409,349,419,3288,3298,3260,2879,2949,2841
27/3/2019 4:30,409,369,419,3288,3298,3257,2879,2929,2838
27/3/2019 5:00,423,355,432,3373,3385,3310,2950,3030,2878
27/3/2019 5:30,423,354,431,3373,3385,3412,2950,3031,2981
27/3/2019 6:00,431,346,435,3801,3814,3613,3370,3468,3178
27/3/2019 6:30,431,372,415,3801,3814,3888,3370,3442,3473
27/3/2019 7:00,447,364,404,4537,4551,4370,4090,4187,3966
27/3/2019 7:30,447,367,363,4537,4551,4748,4090,4184,4385
27/3/2019 8:00,482,370,336,4938,4940,4921,4456,4570,4585
27/3/2019 8:30,482,358,313,4938,4940,4937,4456,4582,4624
27/3/2019 9:00,514,378,330,5072,5079,4998,4558,4701,4668
27/3/2019 9:30,514,374,389,5072,5079,5023,4558,4705,4634
27/3/2019 10:00,539,421,446,5073,5062,4974,4534,4641,4528
27/3/2019 10:30,539,430,499,5073,5062,4951,4534,4632,4452
27/3/2019 11:00,568,493,524,5040,5033,4917,4472,4540,4393
27/3/2019 11:30,568,473,548,5040,5033,4914,4472,4560,4366
27/3/2019 12:00,581,518,579,5043,5022,4913,4462,4504,4334
27/3/2019 12:30,581,498,588,5043,5022,4941,4462,4524,4353
27/3/2019 13:00,568,492,553,4981,4943,4891,4413,4451,4338
27/3/2019 13:30,568,547,546,4981,4943,4806,4413,4396,4260
27/3/2019 14:00,521,499,512,4936,4896,4793,4415,4397,4281
27/3/2019 14:30,521,531,495,4936,4896,4794,4415,4365,4299
27/3/2019 15:00,458,457,473,4955,4912,4815,4497,4455,4342
27/3/2019 15:30,458,457,439,4955,4911,4875,4497,4454,4436
27/3/2019 16:00,400,396,395,5073,5038,4927,4673,4642,4532
27/3/2019 16:30,400,366,363,5073,5038,5040,4673,4672,4677
27/3/2019 17:00,362,334,338,5237,5212,5154,4875,4878,4816
27/3/2019 17:30,362,324,280,5237,5211,5224,4875,4887,4944
27/3/2019 18:00,347,292,268,5256,5245,5205,4909,4953,4937
27/3/2019 18:30,347,310,254,5256,5245,5213,4909,4935,4959
27/3/2019 19:00,340,290,251,5238,5277,5383,4898,4987,5132
27/3/2019 19:30,340,288,240,5238,5277,5516,4898,4989,5276
27/3/2019 20:00,342,286,252,5112,5142,5432,4770,4856,5180
27/3/2019 20:30,342,261,244,5112,5143,5299,4770,4882,5055
27/3/2019 21:00,339,246,265,4860,4870,5110,4521,4624,4845
27/3/2019 21:30,339,220,252,4860,4870,4834,4521,4650,4582
27/3/2019 22:00,326,200,238,4438,4425,4568,4112,4225,4330
27/3/2019 22:30,326,192,219,4438,4425,4296,4112,4233,4077
27/3/2019 23:00,265,200,213,4048,4045,4125,3783,3845,3912
27/3/2019 23:30,265,208,233,4048,4051,3950,3783,3843,3717
28/3/2019 0:00,295,242,281,3683,3688,3762,3388,3446,3481
28/3/2019 0:30,295,252,302,3683,3688,3622,3388,3436,3320
28/3/2019 1:00,325,294,315,3477,3481,3516,3152,3187,3201
28/3/2019 1:30,325,313,335,3477,3481,3427,3152,3168,3092
28/3/2019 2:00,340,369,338,3346,3350,3354,3006,2981,3016
28/3/2019 2:30,340,343,360,3346,3350,3298,3006,3007,2938
28/3/2019 3:00,354,381,390,3288,3290,3261,2934,2909,2871
28/3/2019 3:30,354,381,425,3288,3290,3252,2934,2909,2827
28/3/2019 4:00,379,407,477,3292,3285,3265,2913,2878,2788
28/3/2019 4:30,379,424,497,3292,3285,3266,2913,2861,2769
28/3/2019 5:00,409,435,506,3373,3371,3332,2964,2936,2826
28/3/2019 5:30,409,423,520,3373,3371,3419,2964,2948,2899
28/3/2019 6:00,425,423,468,3800,3796,3621,3375,3373,3153
28/3/2019 6:30,425,418,461,3800,3796,3922,3375,3378,3461
28/3/2019 7:00,453,429,446,4526,4537,4368,4073,4108,3922
28/3/2019 7:30,453,477,451,4526,4537,4753,4073,4060,4302
28/3/2019 8:00,519,508,482,4925,4906,4952,4406,4398,4470
28/3/2019 8:30,519,513,518,4925,4906,4963,4406,4393,4445
28/3/2019 9:00,593,540,583,5071,5025,5014,4478,4485,4431
28/3/2019 9:30,593,525,608,5071,5025,5009,4478,4500,4401
28/3/2019 10:00,677,597,597,5056,5001,4941,4379,4404,4344
28/3/2019 10:30,677,569,646,5056,5001,4892,4379,4432,4246
28/3/2019 11:00,765,672,668,5018,4969,4850,4253,4297,4182
28/3/2019 11:30,765,678,748,5018,4967,4823,4253,4289,4075
28/3/2019 12:00,834,770,798,4995,4950,4797,4161,4180,3999
28/3/2019 12:30,834,823,836,4995,4951,4801,4161,4128,3965
28/3/2019 13:00,886,883,786,4892,4852,4714,4006,3969,3928
28/3/2019 13:30,886,853,887,4892,4852,4628,4006,3999,3741
28/3/2019 14:00,904,885,953,4821,4782,4638,3917,3897,3685
28/3/2019 14:30,904,853,979,4821,4782,4635,3917,3929,3656
28/3/2019 15:00,896,850,986,4821,4795,4653,3925,3945,3667
28/3/2019 15:30,896,850,917,4821,4795,4676,3925,3945,3759
28/3/2019 16:00,874,850,894,4945,4927,4737,4071,4077,3843
28/3/2019 16:30,874,804,944,4945,4927,4834,4071,4123,3890
28/3/2019 17:00,857,812,875,5131,5113,4940,4274,4301,4065
28/3/2019 17:30,857,960,800,5131,5112,4992,4274,4152,4192
28/3/2019 18:00,883,995,775,5169,5147,4989,4286,4152,4214
28/3/2019 18:30,883,993,871,5169,5147,4977,4286,4154,4106
28/3/2019 19:00,978,1095,985,5185,5209,5176,4207,4114,4191
28/3/2019 19:30,978,1010,1075,5185,5209,5376,4207,4199,4301
28/3/2019 20:00,1103,1132,1191,5057,5087,5318,3954,3955,4127
28/3/2019 20:30,1103,1193,1212,5057,5086,5187,3954,3893,3975
28/3/2019 21:00,1188,1244,1189,4823,4818,4974,3635,3574,3785
28/3/2019 21:30,1188,1172,1147,4823,4818,4706,3635,3646,3559
28/3/2019 22:00,1212,1175,1062,4394,4376,4411,3182,3201,3349
28/3/2019 22:30,1212,1217,1135,4394,4375,4170,3182,3158,3035
28/3/2019 23:00,1130,1217,1163,4004,3997,3855,2874,2780,2692
28/3/2019 23:30,1130,1217,1199,4004,3997,3666,2874,2780,2467
29/3/2019 0:00,1096,1154,1217,3679,3673,3526,2583,2519,2309
29/3/2019 0:30,1096,1154,1228,3679,3673,3437,2583,2519,2209
29/3/2019 1:00,1074,1003,1168,3461,3457,3372,2387,2454,2204
29/3/2019 1:30,1074,1003,1087,3461,3457,3296,2387,2454,2209
29/3/2019 2:00,1040,967,1101,3318,3315,3267,2278,2348,2166
29/3/2019 2:30,1040,967,1025,3318,3315,3226,2278,2348,2201
29/3/2019 3:00,970,892,966,3251,3248,3215,2281,2356,2249
29/3/2019 3:30,970,892,915,3251,3248,3226,2281,2356,2311
29/3/2019 4:00,892,888,897,3248,3237,3232,2356,2349,2335
29/3/2019 4:30,892,888,849,3248,3237,3267,2356,2349,2418
29/3/2019 5:00,831,780,809,3331,3322,3365,2500,2542,2556
29/3/2019 5:30,831,780,777,3331,3322,3554,2500,2542,2777
29/3/2019 6:00,795,781,762,3735,3732,3839,2940,2951,3077
29/3/2019 6:30,795,781,719,3735,3732,4288,2940,2951,3569
29/3/2019 7:00,786,767,662,4454,4460,4671,3668,3693,4009
29/3/2019 7:30,786,767,630,4454,4460,4867,3668,3693,4237
29/3/2019 8:00,789,739,572,4826,4831,4901,4037,4092,4329
29/3/2019 8:30,789,739,553,4826,4831,4982,4037,4092,4429
29/3/2019 9:00,786,718,565,4983,4956,5016,4197,4238,4451
29/3/2019 9:30,786,718,582,4983,4956,4963,4197,4238,4381
29/3/2019 10:00,762,627,571,4992,4947,4918,4230,4320,4347
29/3/2019 10:30,762,627,616,4992,4947,4926,4230,4320,4310
29/3/2019 11:00,726,569,647,4972,4906,4893,4246,4337,4246
29/3/2019 11:30,726,569,673,4972,4906,4890,4246,4337,4217
29/3/2019 12:00,697,523,679,4973,4902,4878,4276,4379,4199
29/3/2019 12:30,697,523,682,4973,4902,4813,4276,4379,4131
29/3/2019 13:00,664,545,626,4893,4813,4723,4229,4268,4097
29/3/2019 13:30,664,545,636,4893,4813,4698,4229,4268,4062
29/3/2019 14:00,612,607,656,4819,4749,4671,4207,4142,4015
29/3/2019 14:30,612,607,637,4819,4749,4655,4207,4142,4018
29/3/2019 15:00,551,531,594,4815,4751,4655,4264,4220,4061
29/3/2019 15:30,551,531,572,4815,4751,4660,4264,4220,4088
29/3/2019 16:00,489,463,549,4894,4823,4739,4405,4360,4190
29/3/2019 16:30,489,463,506,4894,4823,4836,4405,4360,4330
29/3/2019 17:00,430,398,450,5044,4958,4916,4614,4560,4466
29/3/2019 17:30,430,398,411,5044,4958,4918,4614,4560,4507
29/3/2019 18:00,396,444,407,5073,4989,4943,4677,4545,4536
29/3/2019 18:30,396,444,450,5073,4989,5105,4677,4545,4655
29/3/2019 19:00,388,422,467,5079,5073,5231,4691,4651,4764
29/3/2019 19:30,388,422,413,5079,5073,5128,4691,4651,4715
29/3/2019 20:00,382,388,354,4947,4962,4993,4565,4574,4639
29/3/2019 20:30,382,388,322,4947,4962,4816,4565,4574,4494
29/3/2019 21:00,364,289,306,4718,4683,4608,4354,4394,4302
29/3/2019 21:30,364,289,281,4718,4683,4394,4354,4394,4113
29/3/2019 22:00,339,263,241,4311,4247,4194,3972,3984,3953
29/3/2019 22:30,339,263,216,4311,4247,4090,3972,3984,3874
29/3/2019 23:00,232,281,177,3922,3914,3941,3690,3633,3764
29/3/2019 23:30,232,281,150,3922,3914,3767,3690,3633,3617
30/3/2019 0:00,243,250,155,3643,3636,3603,3400,3386,3448
30/3/2019 0:30,243,250,179,3643,3636,3497,3400,3386,3318
30/3/2019 1:00,247,230,171,3406,3399,3399,3159,3169,3228
30/3/2019 1:30,247,230,179,3406,3399,3311,3159,3169,3132
30/3/2019 2:00,221,144,189,3224,3218,3233,3003,3074,3044
30/3/2019 2:30,221,144,207,3224,3218,3191,3003,3074,2984
30/3/2019 3:00,183,130,182,3138,3134,3162,2955,3004,2980
30/3/2019 3:30,183,130,158,3138,3134,3135,2955,3004,2977
30/3/2019 4:00,168,121,154,3134,3131,3119,2966,3010,2965
30/3/2019 4:30,168,121,147,3134,3131,3147,2966,3010,3000
30/3/2019 5:00,219,123,154,3153,3155,3185,2934,3032,3031
30/3/2019 5:30,219,123,190,3153,3155,3252,2934,3032,3062
30/3/2019 6:00,281,179,189,3297,3302,3360,3016,3123,3171
30/3/2019 6:30,281,179,240,3297,3302,3568,3016,3123,3328
30/3/2019 7:00,311,202,283,3702,3712,3791,3391,3510,3508
30/3/2019 7:30,311,202,289,3702,3712,4017,3391,3510,3728
30/3/2019 8:00,338,258,325,4038,4044,4211,3700,3786,3886
30/3/2019 8:30,338,258,340,4038,4044,4420,3700,3786,4080
30/3/2019 9:00,371,340,364,4322,4317,4524,3951,3977,4160
30/3/2019 9:30,371,340,386,4322,4317,4569,3951,3977,4183
30/3/2019 10:00,413,377,391,4465,4456,4575,4052,4079,4184
30/3/2019 10:30,413,377,428,4465,4456,4573,4052,4079,4145
30/3/2019 11:00,462,440,428,4457,4456,4548,3995,4016,4120
30/3/2019 11:30,462,440,444,4457,4456,4531,3995,4016,4087
30/3/2019 12:00,524,483,480,4436,4447,4531,3912,3964,4051
30/3/2019 12:30,524,483,538,4436,4447,4467,3912,3964,3929
30/3/2019 13:00,583,499,544,4351,4350,4383,3768,3851,3839
30/3/2019 13:30,583,499,582,4351,4350,4279,3768,3851,3697
30/3/2019 14:00,652,528,608,4276,4263,4219,3624,3735,3611
30/3/2019 14:30,652,528,591,4276,4263,4189,3624,3735,3598
30/3/2019 15:00,730,538,595,4276,4257,4177,3546,3719,3582
30/3/2019 15:30,730,538,646,4276,4257,4241,3546,3719,3595
30/3/2019 16:00,812,599,608,4359,4332,4320,3547,3733,3712
30/3/2019 16:30,812,599,608,4359,4332,4458,3547,3733,3850
30/3/2019 17:00,866,630,659,4523,4501,4577,3657,3871,3918
30/3/2019 17:30,866,630,731,4523,4501,4618,3657,3871,3887
30/3/2019 18:00,881,698,703,4565,4552,4662,3684,3854,3959
30/3/2019 18:30,881,698,749,4565,4552,4776,3684,3854,4027
30/3/2019 19:00,883,792,791,4610,4612,4821,3727,3820,4030
30/3/2019 19:30,883,792,824,4610,4612,4744,3727,3820,3920
30/3/2019 20:00,865,775,842,4528,4517,4608,3663,3742,3766
30/3/2019 20:30,865,775,828,4528,4517,4453,3663,3742,3625
30/3/2019 21:00,843,898,804,4348,4318,4283,3505,3420,3479
30/3/2019 21:30,843,898,829,4348,4318,4094,3505,3420,3265
30/3/2019 22:00,821,847,830,4015,4005,3942,3194,3158,3112
30/3/2019 22:30,821,847,863,4015,4005,3861,3194,3158,2998
30/3/2019 23:00,878,866,895,3777,3776,3764,2899,2910,2869
30/3/2019 23:30,878,866,919,3777,3776,3625,2899,2910,2706
31/3/2019 0:00,846,795,920,3607,3607,2332,2761,2812,1412
31/3/2019 0:30,846,795,921,3607,3607,3409,2761,2812,2488
31/3/2019 1:00,846,751,921,3607,3609,3409,2761,2858,2488
31/3/2019 1:30,846,751,921,3607,3609,3409,2761,2858,2488
31/3/2019 2:00,805,853,956,3172,3169,3318,2367,2316,2362
31/3/2019 2:30,805,853,918,3172,3169,3191,2367,2316,2273
31/3/2019 3:00,779,802,893,3079,3079,3093,2300,2277,2200
31/3/2019 3:30,779,802,891,3079,3079,3043,2300,2277,2152
31/3/2019 4:00,791,795,897,3077,3074,3041,2286,2279,2144
31/3/2019 4:30,791,795,933,3077,3074,3047,2286,2279,2114
31/3/2019 5:00,816,859,945,3053,3049,3044,2237,2190,2099
31/3/2019 5:30,816,859,1003,3053,3049,3105,2237,2190,2102
31/3/2019 6:00,824,892,1037,3107,3103,3160,2283,2211,2123
31/3/2019 6:30,824,892,946,3107,3103,3183,2283,2211,2237
31/3/2019 7:00,791,879,936,3322,3326,3292,2531,2447,2356
31/3/2019 7:30,791,879,878,3322,3326,3463,2531,2447,2585
31/3/2019 8:00,689,822,706,3646,3653,3656,2957,2831,2950
31/3/2019 8:30,689,822,590,3646,3653,3809,2957,2831,3219
31/3/2019 9:00,577,687,507,3990,4002,3952,3413,3315,3445
31/3/2019 9:30,577,687,479,3990,4002,4096,3413,3315,3617
31/3/2019 10:00,514,575,436,4237,4261,4188,3723,3686,3752
31/3/2019 10:30,514,575,415,4237,4261,4278,3723,3686,3863
31/3/2019 11:00,488,476,343,4327,4345,4312,3839,3869,3969
31/3/2019 11:30,488,476,305,4327,4345,4373,3839,3869,4068
31/3/2019 12:00,480,364,272,4353,4384,4405,3873,4020,4133
31/3/2019 12:30,480,364,239,4353,4384,4406,3873,4020,4167
31/3/2019 13:00,468,304,247,4282,4322,4334,3814,4018,4087
31/3/2019 13:30,468,304,244,4282,4322,4224,3814,4018,3980
31/3/2019 14:00,450,281,245,4177,4211,4143,3727,3930,3898
31/3/2019 14:30,450,281,253,4177,4211,4069,3727,3930,3816
31/3/2019 15:00,437,240,264,4159,4160,4040,3722,3920,3776
31/3/2019 15:30,437,240,270,4159,4160,4048,3722,3920,3778
31/3/2019 16:00,437,250,272,4223,4199,4077,3786,3949,3805
31/3/2019 16:30,437,250,285,4223,4199,4129,3786,3949,3844
31/3/2019 17:00,462,281,286,4394,4383,4210,3932,4102,3924
31/3/2019 17:30,462,281,274,4394,4383,4256,3932,4102,3982
31/3/2019 18:00,489,284,283,4440,4458,4295,3951,4174,4012
31/3/2019 18:30,489,284,290,4440,4458,4309,3951,4174,4019
31/3/2019 19:00,509,333,304,4470,4509,4348,3961,4176,4044
31/3/2019 19:30,509,333,336,4470,4509,4494,3961,4176,4158
31/3/2019 20:00,531,380,366,4476,4522,4668,3945,4142,4302
31/3/2019 20:30,531,380,417,4476,4522,4617,3945,4142,4200
31/3/2019 21:00,547,390,460,4337,4367,4439,3790,3977,3979
31/3/2019 21:30,547,390,511,4337,4367,4220,3790,3977,3709
31/3/2019 22:00,541,397,529,3993,3993,3958,3452,3596,3429
31/3/2019 22:30,541,397,549,3993,3993,3714,3452,3596,3165
31/3/2019 23:00,416,390,549,3715,3711,3714,3299,3321,3165
31/3/2019 23:30,416,387,558,3715,3711,3504,3299,3324,2946
1/4/2019 0:00,391,377,544,3460,3457,3427,3069,3080,2883
1/4/2019 0:30,391,404,492,3460,3458,3362,3069,3054,2870
1/4/2019 1:00,375,384,459,3241,3236,3267,2866,2852,2808
1/4/2019 1:30,375,426,407,3241,3236,3198,2866,2810,2791
1/4/2019 2:00,375,406,371,3187,3195,3144,2812,2789,2773
1/4/2019 2:30,375,414,345,3187,3195,3093,2812,2781,2748
1/4/2019 3:00,377,403,340,3116,3122,3069,2739,2719,2729
1/4/2019 3:30,377,421,345,3116,3121,3036,2739,2700,2691
1/4/2019 4:00,387,422,346,3096,3098,3021,2709,2676,2675
1/4/2019 4:30,387,400,358,3096,3098,3041,2709,2698,2683
1/4/2019 5:00,402,428,349,3178,3180,3104,2776,2752,2755
1/4/2019 5:30,402,409,362,3178,3180,3199,2776,2771,2837
1/4/2019 6:00,410,440,386,3639,3641,3447,3229,3201,3061
1/4/2019 6:30,410,424,424,3639,3640,3741,3229,3216,3317
1/4/2019 7:00,422,464,420,4379,4373,4134,3957,3909,3714
1/4/2019 7:30,422,455,422,4379,4373,4537,3957,3918,4115
1/4/2019 8:00,436,487,414,4825,4810,4860,4389,4323,4446
1/4/2019 8:30,436,454,380,4825,4810,4987,4389,4356,4607
1/4/2019 9:00,448,478,367,5035,4995,5059,4587,4517,4692
1/4/2019 9:30,448,455,339,5035,4995,5105,4587,4540,4766
1/4/2019 10:00,485,484,359,5096,5036,5071,4611,4552,4712
1/4/2019 10:30,485,471,396,5096,5036,5088,4611,4565,4692
1/4/2019 11:00,566,556,493,5089,5050,5090,4523,4494,4597
1/4/2019 11:30,566,536,534,5089,5050,5112,4523,4514,4578
1/4/2019 12:00,670,723,577,5083,5070,5104,4413,4347,4527
1/4/2019 12:30,670,705,626,5083,5063,5116,4413,4358,4490
1/4/2019 13:00,788,959,681,5014,4996,5076,4226,4037,4395
1/4/2019 13:30,788,932,712,5014,4996,4967,4226,4064,4255
1/4/2019 14:00,924,1122,747,4955,4902,4936,4031,3780,4189
1/4/2019 14:30,924,1088,797,4955,4902,4940,4031,3814,4143
1/4/2019 15:00,1065,1217,898,4944,4871,4947,3879,3654,4049
1/4/2019 15:30,1065,1191,1017,4944,4871,4986,3879,3680,3969
1/4/2019 16:00,1173,1283,1113,5042,4973,5057,3869,3690,3944
1/4/2019 16:30,1173,1155,1077,5042,4973,5174,3869,3818,4097
1/4/2019 17:00,1236,1179,1093,5216,5110,5262,3980,3931,4169
1/4/2019 17:30,1236,1120,1113,5216,5110,5330,3980,3990,4217
1/4/2019 18:00,1257,1186,1185,5220,5114,5271,3963,3928,4086
1/4/2019 18:30,1257,1172,1282,5220,5114,5151,3963,3942,3869
1/4/2019 19:00,1168,1214,1269,5177,5075,5078,4009,3861,3809
1/4/2019 19:30,1168,1306,1255,5177,5076,5085,4009,3770,3830
1/4/2019 20:00,1048,1154,1289,5097,5079,5152,4049,3925,3863
1/4/2019 20:30,1048,1100,1254,5097,5079,5192,4049,3979,3938
1/4/2019 21:00,1032,921,1246,4873,4887,5096,3841,3966,3850
1/4/2019 21:30,1032,979,1178,4873,4887,4823,3841,3908,3645
1/4/2019 22:00,1054,870,1020,4400,4406,4530,3346,3536,3510
1/4/2019 22:30,1054,871,1073,4400,4406,4232,3346,3535,3159
1/4/2019 23:00,830,845,1045,3950,3950,3957,3120,3105,2912
1/4/2019 23:30,830,890,1025,3950,3949,3732,3120,3059,2707
2/4/2019 0:00,862,915,1028,3633,3632,3648,2771,2717,2620
2/4/2019 0:30,862,1046,1033,3633,3633,3583,2771,2587,2550
2/4/2019 1:00,919,1073,1061,3436,3435,3476,2517,2362,2415
2/4/2019 1:30,919,1014,1117,3436,3435,3421,2517,2421,2304
2/4/2019 2:00,995,1048,1100,3313,3311,3386,2318,2263,2286
2/4/2019 2:30,995,1116,1081,3313,3311,3325,2318,2195,2244
2/4/2019 3:00,1111,1188,1112,3252,3248,3292,2141,2060,2180
2/4/2019 3:30,1111,1120,1099,3252,3248,3243,2141,2128,2144
2/4/2019 4:00,1239,1193,1201,3253,3247,3230,2014,2054,2029
2/4/2019 4:30,1239,1193,1319,3253,3247,3244,2014,2054,1925
2/4/2019 5:00,1314,1272,1356,3351,3350,3271,2037,2078,1915
2/4/2019 5:30,1314,1298,1248,3351,3350,3400,2037,2052,2152
2/4/2019 6:00,1358,1374,1282,3790,3792,3671,2432,2418,2389
2/4/2019 6:30,1358,1351,1131,3790,3792,3964,2432,2441,2833
2/4/2019 7:00,1356,1427,1226,4539,4541,4342,3183,3114,3116
2/4/2019 7:30,1356,1408,1326,4539,4541,4731,3183,3133,3405
2/4/2019 8:00,1381,1486,1413,4962,5006,4988,3581,3520,3575
2/4/2019 8:30,1381,1500,1410,4962,5006,5098,3581,3506,3688
2/4/2019 9:00,1460,1575,1272,5133,5165,5090,3673,3590,3818
2/4/2019 9:30,1460,1437,1269,5133,5165,5123,3673,3728,3854
2/4/2019 10:00,1578,1627,1379,5145,5166,5042,3567,3539,3663
2/4/2019 10:30,1578,1602,1574,5145,5167,5065,3567,3565,3491
2/4/2019 11:00,1795,1874,1592,5136,5154,5068,3341,3280,3476
2/4/2019 11:30,1795,1952,1879,5136,5154,5070,3341,3202,3191
2/4/2019 12:00,2054,2196,1945,5152,5167,5074,3098,2971,3129
2/4/2019 12:30,2054,2025,2055,5152,5155,5096,3098,3130,3041
2/4/2019 13:00,2308,2202,2095,5088,5091,5045,2780,2889,2950
2/4/2019 13:30,2308,2225,2082,5088,5090,4975,2780,2865,2893
2/4/2019 14:00,2527,2373,2062,5017,5044,4950,2490,2671,2888
2/4/2019 14:30,2527,2333,1997,5017,5044,4976,2490,2711,2979
2/4/2019 15:00,2713,2455,2045,5012,5075,4981,2299,2620,2936
2/4/2019 15:30,2713,2442,2140,5012,5075,5043,2299,2633,2903
2/4/2019 16:00,2793,2502,2151,5127,5196,5073,2334,2694,2922
2/4/2019 16:30,2793,2476,2051,5127,5195,5218,2334,2719,3167
2/4/2019 17:00,2800,2458,2068,5279,5364,5296,2479,2906,3228
2/4/2019 17:30,2800,2383,2174,5279,5364,5352,2479,2981,3178
2/4/2019 18:00,2808,2368,2273,5293,5321,5306,2485,2953,3033
2/4/2019 18:30,2808,2302,2285,5293,5321,5219,2485,3019,2934
2/4/2019 19:00,2799,2336,2361,5255,5254,5162,2456,2918,2801
2/4/2019 19:30,2799,2251,2504,5255,5254,5151,2456,3003,2647
2/4/2019 20:00,2780,2266,2424,5214,5211,5188,2434,2945,2764
2/4/2019 20:30,2780,2238,2396,5214,5211,5319,2434,2973,2923
2/4/2019 21:00,2761,2308,2445,5002,4970,5210,2241,2662,2765
2/4/2019 21:30,2761,2337,2522,5002,4970,4973,2241,2633,2451
2/4/2019 22:00,2751,2391,2465,4526,4474,4744,1775,2083,2279
2/4/2019 22:30,2751,2372,2477,4526,4474,4406,1775,2102,1929
2/4/2019 23:00,2502,2439,2463,4078,4067,4091,1576,1628,1628
2/4/2019 23:30,2502,2524,2536,4078,4067,3867,1576,1543,1331
3/4/2019 0:00,2506,2587,2575,3734,3720,3758,1228,1133,1183
3/4/2019 0:30,2506,2664,2573,3734,3720,3694,1228,1056,1121
3/4/2019 1:00,2539,2683,2666,3538,3525,3610,999,842,944
3/4/2019 1:30,2539,2635,2642,3538,3525,3505,999,890,863
3/4/2019 2:00,2601,2645,2667,3417,3406,3467,816,761,800
3/4/2019 2:30,2601,2628,2634,3417,3406,3414,816,778,780
3/4/2019 3:00,2611,2637,2531,3343,3331,3338,732,694,807
3/4/2019 3:30,2611,2603,2428,3343,3331,3291,732,728,863
3/4/2019 4:00,2585,2623,2405,3337,3326,3276,752,703,871
3/4/2019 4:30,2585,2623,2494,3337,3326,3298,752,703,804
3/4/2019 5:00,2560,2628,2606,3431,3423,3351,871,795,745
3/4/2019 5:30,2560,2692,2704,3431,3423,3452,871,731,748
3/4/2019 6:00,2568,2719,2886,3884,3882,3708,1316,1163,822
3/4/2019 6:30,2568,2657,2906,3884,3881,4041,1316,1224,1135
3/4/2019 7:00,2600,2726,2864,4622,4617,4413,2022,1891,1549
3/4/2019 7:30,2600,2601,2795,4622,4616,4798,2022,2015,2003
3/4/2019 8:00,2652,2692,2675,5045,5040,5021,2393,2348,2346
3/4/2019 8:30,2652,2787,2729,5045,5039,5057,2393,2252,2328
3/4/2019 9:00,2777,2898,3011,5211,5154,5147,2434,2256,2136
3/4/2019 9:30,2777,3067,3209,5211,5154,5194,2434,2087,1985
3/4/2019 10:00,2954,3171,3261,5215,5139,5172,2261,1968,1911
3/4/2019 10:30,2954,3140,3188,5215,5139,5176,2261,1999,1988
3/4/2019 11:00,3101,3253,3254,5194,5134,5199,2093,1881,1945
3/4/2019 11:30,3101,3092,3288,5194,5134,5212,2093,2042,1924
3/4/2019 12:00,3189,3196,3312,5198,5140,5232,2009,1944,1920
3/4/2019 12:30,3189,3402,3337,5198,5156,5250,2009,1754,1913
3/4/2019 13:00,3263,3423,3314,5132,5087,5216,1869,1664,1902
3/4/2019 13:30,3263,3418,3250,5132,5087,5132,1869,1669,1882
3/4/2019 14:00,3309,3408,3320,5079,5053,5153,1770,1645,1833
3/4/2019 14:30,3309,3390,3327,5079,5053,5155,1770,1663,1828
3/4/2019 15:00,3311,3393,3280,5103,5094,5180,1792,1701,1900
3/4/2019 15:30,3311,3378,3258,5103,5094,5233,1792,1716,1975
3/4/2019 16:00,3322,3358,3227,5216,5224,5301,1894,1866,2074
3/4/2019 16:30,3322,3389,3200,5216,5224,5427,1894,1835,2227
3/4/2019 17:00,3300,3332,3224,5382,5388,5534,2082,2056,2310
3/4/2019 17:30,3300,3280,3269,5382,5388,5601,2082,2108,2332
3/4/2019 18:00,3214,3173,3262,5355,5348,5575,2141,2175,2313
3/4/2019 18:30,3214,3129,3208,5355,5348,5513,2141,2219,2305
3/4/2019 19:00,3086,2991,3119,5290,5268,5426,2204,2277,2307
3/4/2019 19:30,3086,2994,3052,5290,5269,5392,2204,2275,2340
3/4/2019 20:00,2945,2809,2881,5223,5221,5421,2278,2412,2540
3/4/2019 20:30,2945,2788,2763,5223,5221,5448,2278,2433,2685
3/4/2019 21:00,2818,2613,2556,4987,4999,5263,2169,2386,2707
3/4/2019 21:30,2818,2694,2412,4987,4999,4993,2169,2305,2581
3/4/2019 22:00,2681,2553,2395,4513,4520,4724,1832,1967,2329
3/4/2019 22:30,2681,2516,2312,4513,4521,4416,1832,2005,2104
3/4/2019 23:00,2359,2401,2336,4085,4087,4175,1726,1686,1839
3/4/2019 23:30,2359,2377,2221,4085,4087,3941,1726,1710,1720
4/4/2019 0:00,2209,2247,2090,3755,3757,3827,1546,1510,1737
4/4/2019 0:30,2209,2170,2006,3755,3755,3765,1546,1585,1759
4/4/2019 1:00,2052,2028,1940,3553,3553,3654,1501,1525,1714
4/4/2019 1:30,2052,2013,1883,3553,3553,3567,1501,1540,1684
4/4/2019 2:00,1911,1839,1831,3420,3421,3533,1509,1582,1702
4/4/2019 2:30,1911,1881,1906,3420,3421,3483,1509,1540,1577
4/4/2019 3:00,1846,1769,1904,3337,3337,3410,1491,1568,1506
4/4/2019 3:30,1846,1717,1926,3337,3337,3373,1491,1620,1447
4/4/2019 4:00,1808,1653,1971,3334,3336,3392,1526,1683,1421
4/4/2019 4:30,1808,1635,1840,3334,3336,3386,1526,1701,1546
4/4/2019 5:00,1755,1578,1654,3427,3433,3422,1672,1855,1768
4/4/2019 5:30,1755,1479,1636,3427,3433,3525,1672,1954,1889
4/4/2019 6:00,1716,1445,1592,3872,3882,3759,2156,2437,2167
4/4/2019 6:30,1716,1630,1577,3872,3882,4069,2156,2252,2492
4/4/2019 7:00,1707,1653,1609,4608,4620,4511,2901,2967,2902
4/4/2019 7:30,1707,1760,1576,4608,4620,4945,2901,2860,3369
4/4/2019 8:00,1739,1809,1537,5030,5020,5186,3291,3211,3649
4/4/2019 8:30,1739,1704,1502,5030,5020,5256,3291,3316,3754
4/4/2019 9:00,1774,1775,1495,5186,5177,5287,3412,3402,3792
4/4/2019 9:30,1774,1669,1494,5186,5176,5299,3412,3507,3805
4/4/2019 10:00,1756,1654,1422,5185,5196,5239,3429,3542,3817
4/4/2019 10:30,1756,1612,1410,5185,5196,5221,3429,3584,3811
4/4/2019 11:00,1659,1484,1379,5174,5216,5192,3515,3732,3813
4/4/2019 11:30,1659,1438,1315,5174,5217,5153,3515,3779,3838
4/4/2019 12:00,1491,1304,1200,5181,5214,5173,3690,3910,3973
4/4/2019 12:30,1491,1254,1148,5181,5199,5173,3690,3945,4025
4/4/2019 13:00,1302,1157,1093,5110,5130,5124,3808,3973,4031
4/4/2019 13:30,1302,1081,1026,5110,5131,5029,3808,4050,4003
4/4/2019 14:00,1154,1015,994,5058,5076,5020,3904,4061,4026
4/4/2019 14:30,1154,1008,924,5058,5076,5016,3904,4068,4092
4/4/2019 15:00,1059,958,959,5075,5084,5006,4016,4126,4047
4/4/2019 15:30,1059,914,825,5075,5084,5049,4016,4170,4224
4/4/2019 16:00,1024,851,969,5183,5192,5145,4159,4341,4176
4/4/2019 16:30,1024,822,892,5183,5192,5270,4159,4370,4378
4/4/2019 17:00,981,843,806,5336,5372,5408,4355,4529,4602
4/4/2019 17:30,981,859,803,5336,5372,5509,4355,4513,4706
4/4/2019 18:00,923,913,845,5306,5378,5481,4383,4465,4636
4/4/2019 18:30,923,956,921,5306,5378,5429,4383,4422,4508
4/4/2019 19:00,909,1025,882,5244,5331,5356,4335,4306,4474
4/4/2019 19:30,909,1041,897,5244,5331,5311,4335,4290,4414
4/4/2019 20:00,937,1074,970,5188,5271,5339,4251,4197,4369
4/4/2019 20:30,937,990,867,5188,5271,5395,4251,4281,4528
4/4/2019 21:00,1007,988,935,4973,4990,5266,3966,4002,4331
4/4/2019 21:30,1007,966,1051,4973,4990,5042,3966,4024,3991
4/4/2019 22:00,1053,959,1017,4511,4517,4756,3458,3558,3739
4/4/2019 22:30,1053,990,1009,4511,4518,4453,3458,3528,3444
4/4/2019 23:00,1143,964,904,4106,4109,4153,2963,3145,3249
4/4/2019 23:30,1143,963,953,4106,4110,3930,2963,3147,2977
5/4/2019 0:00,1130,907,903,3796,3801,3816,2666,2894,2913
5/4/2019 0:30,1130,900,913,3796,3803,3765,2666,2903,2852
5/4/2019 1:00,1088,878,875,3590,3596,3675,2502,2718,2800
5/4/2019 1:30,1088,885,916,3590,3596,3591,2502,2711,2675
5/4/2019 2:00,1097,964,936,3452,3458,3544,2355,2494,2608
5/4/2019 2:30,1097,874,931,3452,3458,3504,2355,2584,2573
5/4/2019 3:00,1147,1031,882,3378,3383,3447,2231,2352,2565
5/4/2019 3:30,1147,1106,896,3378,3383,3407,2231,2277,2511
5/4/2019 4:00,1149,1251,892,3378,3387,3407,2229,2136,2515
5/4/2019 4:30,1149,1187,931,3378,3387,3418,2229,2200,2487
5/4/2019 5:00,1099,1203,1009,3453,3466,3476,2354,2263,2467
5/4/2019 5:30,1099,1198,1084,3453,3466,3556,2354,2268,2472
5/4/2019 6:00,1021,1189,1185,3872,3890,3790,2851,2701,2605
5/4/2019 6:30,1021,1102,1239,3872,3890,4098,2851,2788,2859
5/4/2019 7:00,946,1045,1213,4603,4623,4496,3657,3578,3283
5/4/2019 7:30,946,966,1111,4603,4623,4890,3657,3657,3779
5/4/2019 8:00,960,833,1037,5003,5045,5189,4043,4212,4152
5/4/2019 8:30,960,806,884,5003,5045,5266,4043,4239,4382
5/4/2019 9:00,1055,629,704,5147,5164,5298,4092,4535,4594
5/4/2019 9:30,1055,672,549,5147,5165,5336,4092,4493,4787
5/4/2019 10:00,1179,573,461,5163,5161,5292,3984,4588,4831
5/4/2019 10:30,1179,563,429,5163,5161,5258,3984,4598,4829
5/4/2019 11:00,1322,599,471,5169,5150,5255,3847,4551,4784
5/4/2019 11:30,1322,572,497,5169,5150,5215,3847,4578,4718
5/4/2019 12:00,1443,730,553,5158,5143,5213,3715,4413,4660
5/4/2019 12:30,1443,709,649,5158,5142,5222,3715,4433,4573
5/4/2019 13:00,1507,813,728,5078,5061,5172,3571,4248,4444
5/4/2019 13:30,1507,803,668,5078,5061,5076,3571,4258,4408
5/4/2019 14:00,1537,781,575,4994,4989,5056,3457,4208,4481
5/4/2019 14:30,1537,776,528,4994,4989,5026,3457,4213,4498
5/4/2019 15:00,1544,722,535,4974,4980,4989,3430,4258,4454
5/4/2019 15:30,1544,665,544,4974,4980,5005,3430,4315,4461
5/4/2019 16:00,1509,658,572,5028,5059,5019,3519,4401,4447
5/4/2019 16:30,1509,702,595,5028,5059,5092,3519,4357,4497
5/4/2019 17:00,1422,736,615,5175,5225,5133,3753,4489,4518
5/4/2019 17:30,1422,631,668,5175,5225,5154,3753,4594,4486
5/4/2019 18:00,1341,729,725,5180,5216,5131,3839,4487,4406
5/4/2019 18:30,1341,721,718,5180,5216,5075,3839,4495,4357
5/4/2019 19:00,1318,856,744,5136,5146,4995,3818,4290,4251
5/4/2019 19:30,1318,834,772,5136,5146,4965,3818,4312,4193
5/4/2019 20:00,1318,983,853,5067,5090,4996,3749,4107,4143
5/4/2019 20:30,1318,959,947,5067,5090,5105,3749,4131,4158
5/4/2019 21:00,1364,1119,1095,4823,4858,5009,3459,3739,3914
5/4/2019 21:30,1364,1113,1100,4823,4858,4765,3459,3745,3665
5/4/2019 22:00,1452,1281,1167,4394,4411,4574,2942,3130,3407
5/4/2019 22:30,1452,1247,1161,4394,4411,4335,2942,3164,3174
5/4/2019 23:00,1492,1477,1159,4007,4006,4104,2515,2529,2945
5/4/2019 23:30,1492,1472,1271,4007,4006,3893,2515,2534,2622
6/4/2019 0:00,1644,1627,1429,3769,3772,3804,2125,2145,2375
6/4/2019 0:30,1644,1682,1440,3769,3770,3702,2125,2088,2262
6/4/2019 1:00,1743,1737,1454,3534,3536,3596,1791,1799,2142
6/4/2019 1:30,1743,1724,1425,3534,3536,3483,1791,1812,2058
6/4/2019 2:00,1776,1690,1458,3342,3347,3437,1566,1657,1979
6/4/2019 2:30,1776,1486,1430,3342,3347,3376,1566,1861,1946
6/4/2019 3:00,1773,1415,1488,3252,3258,3331,1479,1843,1843
6/4/2019 3:30,1773,1519,1459,3252,3258,3281,1479,1739,1822
6/4/2019 4:00,1733,1489,1478,3239,3244,3241,1506,1755,1763
6/4/2019 4:30,1733,1489,1537,3239,3243,3242,1506,1754,1705
6/4/2019 5:00,1695,1476,1603,3235,3239,3272,1540,1763,1669
6/4/2019 5:30,1695,1496,1626,3235,3239,3290,1540,1743,1664
6/4/2019 6:00,1688,1508,1557,3411,3420,3400,1723,1912,1843
6/4/2019 6:30,1688,1464,1544,3411,3420,3483,1723,1956,1939
6/4/2019 7:00,1666,1486,1566,3804,3820,3629,2138,2334,2063
6/4/2019 7:30,1666,1481,1507,3804,3820,3836,2138,2339,2329
6/4/2019 8:00,1619,1445,1432,4180,4218,4099,2561,2773,2667
6/4/2019 8:30,1619,1554,1342,4180,4218,4340,2561,2664,2998
6/4/2019 9:00,1564,1495,1261,4454,4476,4479,2890,2981,3218
6/4/2019 9:30,1564,1489,1142,4454,4476,4553,2890,2987,3411
6/4/2019 10:00,1510,1368,1097,4600,4623,4599,3090,3255,3502
6/4/2019 10:30,1510,1315,1075,4600,4623,4613,3090,3308,3538
6/4/2019 11:00,1453,1158,1027,4588,4617,4620,3135,3459,3593
6/4/2019 11:30,1453,1087,1028,4588,4617,4614,3135,3530,3586
6/4/2019 12:00,1365,945,979,4581,4602,4601,3216,3657,3622
6/4/2019 12:30,1365,879,963,4581,4592,4572,3216,3713,3609
6/4/2019 13:00,1235,782,947,4489,4495,4511,3254,3713,3564
6/4/2019 13:30,1235,708,934,4489,4495,4425,3254,3787,3491
6/4/2019 14:00,1088,628,891,4383,4382,4348,3295,3754,3457
6/4/2019 14:30,1088,664,853,4383,4382,4265,3295,3718,3412
6/4/2019 15:00,945,545,779,4359,4348,4219,3414,3803,3440
6/4/2019 15:30,945,619,717,4359,4348,4209,3414,3729,3492
6/4/2019 16:00,801,514,622,4427,4404,4225,3626,3890,3603
6/4/2019 16:30,801,549,585,4427,4404,4300,3626,3855,3715
6/4/2019 17:00,689,472,612,4614,4546,4386,3925,4074,3774
6/4/2019 17:30,689,471,602,4614,4546,4436,3925,4075,3834
6/4/2019 18:00,609,400,584,4642,4563,4546,4033,4163,3962
6/4/2019 18:30,609,408,504,4642,4562,4535,4033,4154,4031
6/4/2019 19:00,557,385,464,4622,4536,4507,4065,4151,4043
6/4/2019 19:30,557,391,461,4622,4535,4464,4065,4144,4003
6/4/2019 20:00,557,436,512,4607,4565,4462,4050,4129,3950
6/4/2019 20:30,557,466,536,4607,4565,4601,4050,4099,4065
6/4/2019 21:00,581,498,564,4445,4422,4559,3864,3924,3995
6/4/2019 21:30,581,574,591,4445,4422,4396,3864,3848,3805
6/4/2019 22:00,579,527,568,4115,4112,4218,3536,3585,3650
6/4/2019 22:30,579,472,555,4115,4112,4040,3536,3640,3485
6/4/2019 23:00,395,379,540,3808,3804,3875,3413,3425,3335
6/4/2019 23:30,395,371,528,3808,3804,3718,3413,3433,3190
7/4/2019 0:00,360,306,455,3671,3667,3659,3311,3361,3204
7/4/2019 0:30,360,340,373,3671,3664,3592,3311,3324,3219
7/4/2019 1:00,333,315,349,3434,3428,3496,3101,3113,3147
7/4/2019 1:30,333,331,313,3434,3428,3414,3101,3097,3101
7/4/2019 2:00,316,327,254,3253,3250,3345,2937,2923,3091
7/4/2019 2:30,316,354,245,3253,3250,3284,2937,2896,3039
7/4/2019 3:00,322,370,258,3157,3152,3224,2835,2782,2966
7/4/2019 3:30,322,401,277,3157,3152,3178,2835,2751,2901
7/4/2019 4:00,339,422,276,3139,3132,3143,2800,2710,2867
7/4/2019 4:30,339,422,289,3139,3132,3149,2800,2710,2860
7/4/2019 5:00,357,434,296,3132,3126,3172,2775,2692,2876
7/4/2019 5:30,357,341,315,3132,3126,3181,2775,2785,2866
7/4/2019 6:00,371,348,302,3183,3184,3239,2812,2836,2937
7/4/2019 6:30,371,333,310,3183,3184,3264,2812,2851,2954
7/4/2019 7:00,379,356,323,3348,3353,3321,2969,2997,2998
7/4/2019 7:30,379,328,364,3348,3353,3458,2969,3025,3094
7/4/2019 8:00,365,350,387,3716,3753,3651,3351,3403,3264
7/4/2019 8:30,365,346,447,3716,3753,3846,3351,3407,3399
7/4/2019 9:00,345,362,454,4044,4061,4006,3699,3699,3552
7/4/2019 9:30,345,362,437,4044,4061,4136,3699,3699,3699
7/4/2019 10:00,387,435,470,4303,4288,4268,3916,3853,3798
7/4/2019 10:30,387,442,475,4303,4288,4346,3916,3846,3871
7/4/2019 11:00,529,581,509,4408,4399,4384,3879,3818,3875
7/4/2019 11:30,529,587,572,4408,4399,4393,3879,3812,3821
7/4/2019 12:00,704,737,598,4436,4419,4436,3732,3682,3838
7/4/2019 12:30,704,799,714,4436,4412,4499,3732,3613,3785
7/4/2019 13:00,815,868,819,4376,4343,4497,3561,3475,3678
7/4/2019 13:30,815,856,856,4376,4342,4421,3561,3486,3565
7/4/2019 14:00,843,860,886,4269,4218,4322,3426,3358,3436
7/4/2019 14:30,843,804,896,4269,4218,4248,3426,3414,3352
7/4/2019 15:00,827,803,931,4236,4169,4188,3409,3366,3257
7/4/2019 15:30,827,757,984,4236,4169,4179,3409,3412,3195
7/4/2019 16:00,818,779,958,4289,4218,4212,3471,3439,3254
7/4/2019 16:30,818,850,986,4289,4219,4306,3471,3369,3320
7/4/2019 17:00,834,886,1025,4438,4372,4430,3604,3486,3405
7/4/2019 17:30,834,887,1060,4438,4372,4497,3604,3485,3437
7/4/2019 18:00,871,942,1146,4462,4434,4525,3591,3492,3379
7/4/2019 18:30,871,1018,1149,4462,4434,4494,3591,3416,3345
7/4/2019 19:00,949,1100,1079,4458,4426,4494,3509,3326,3415
7/4/2019 19:30,949,1110,1062,4458,4426,4479,3509,3316,3417
7/4/2019 20:00,1084,1185,1108,4472,4442,4518,3388,3257,3410
7/4/2019 20:30,1084,1224,1172,4472,4442,4665,3388,3218,3493
7/4/2019 21:00,1224,1262,1256,4341,4335,4654,3117,3073,3398
7/4/2019 21:30,1224,1298,1289,4341,4335,4458,3117,3037,3169
7/4/2019 22:00,1324,1379,1316,4045,4035,4215,2721,2656,2899
7/4/2019 22:30,1324,1292,1360,4045,4035,3945,2721,2743,2585
7/4/2019 23:00,1411,1376,1432,3742,3739,3720,2331,2363,2288
7/4/2019 23:30,1411,1331,1443,3742,3739,3516,2331,2408,2073
8/4/2019 0:00,1519,1370,1460,3482,3478,3470,1963,2108,2010
8/4/2019 0:30,1519,1454,1446,3482,3484,3396,1963,2030,1950
8/4/2019 1:00,1578,1420,1416,3323,3329,3322,1745,1909,1906
8/4/2019 1:30,1578,1420,1348,3323,3329,3247,1745,1909,1899
8/4/2019 2:00,1562,1336,1341,3214,3222,3215,1652,1886,1874
8/4/2019 2:30,1562,1378,1320,3214,3222,3184,1652,1844,1864
8/4/2019 3:00,1484,1261,1333,3162,3171,3134,1678,1910,1801
8/4/2019 3:30,1484,1256,1313,3162,3171,3103,1678,1915,1790
8/4/2019 4:00,1393,1182,1290,3148,3156,3090,1755,1974,1800
8/4/2019 4:30,1393,1182,1221,3148,3156,3098,1755,1974,1877
8/4/2019 5:00,1351,1157,1149,3240,3251,3190,1889,2094,2041
8/4/2019 5:30,1351,1122,1142,3240,3251,3300,1889,2129,2158
8/4/2019 6:00,1381,1144,1131,3693,3704,3546,2312,2560,2415
8/4/2019 6:30,1381,1211,1166,3693,3703,3797,2312,2492,2631
8/4/2019 7:00,1460,1254,1209,4456,4471,4223,2996,3217,3014
8/4/2019 7:30,1460,1282,1202,4456,4471,4619,2996,3189,3417
8/4/2019 8:00,1563,1347,1247,4889,4907,4907,3326,3560,3660
8/4/2019 8:30,1563,1258,1219,4889,4907,5026,3326,3649,3807
8/4/2019 9:00,1687,1366,1198,5049,5068,5070,3362,3702,3872
8/4/2019 9:30,1687,1357,1237,5049,5068,5109,3362,3711,3872
8/4/2019 10:00,1805,1485,1211,5057,5081,5085,3252,3596,3874
8/4/2019 10:30,1805,1484,1320,5057,5081,5058,3252,3597,3738
8/4/2019 11:00,1851,1575,1437,5040,5058,5046,3189,3483,3609
8/4/2019 11:30,1851,1610,1503,5040,5058,5042,3189,3448,3539
8/4/2019 12:00,1863,1721,1545,5012,5059,5041,3149,3338,3496
8/4/2019 12:30,1863,1717,1604,5012,5069,5026,3149,3352,3422
8/4/2019 13:00,1879,1848,1668,4927,4994,4978,3048,3146,3310
8/4/2019 13:30,1879,1659,1762,4927,4994,4890,3048,3335,3128
8/4/2019 14:00,1867,1777,1822,4857,4917,4896,2990,3140,3074
8/4/2019 14:30,1867,1753,1863,4857,4917,4892,2990,3164,3029
8/4/2019 15:00,1792,1814,1847,4854,4907,4892,3062,3093,3045
8/4/2019 15:30,1792,1824,1806,4854,4907,4931,3062,3083,3125
8/4/2019 16:00,1635,1814,1823,4963,5015,5002,3328,3201,3179
8/4/2019 16:30,1635,1850,1810,4963,5015,5108,3328,3165,3298
8/4/2019 17:00,1425,1747,1773,5117,5185,5178,3692,3438,3405
8/4/2019 17:30,1425,1790,1768,5117,5153,5219,3692,3363,3451
8/4/2019 18:00,1209,1558,1608,5122,5133,5147,3913,3575,3539
8/4/2019 18:30,1209,1561,1495,5122,5133,5042,3913,3572,3547
8/4/2019 19:00,1031,1328,1395,5038,5066,4976,4007,3738,3581
8/4/2019 19:30,1031,1252,1353,5038,5066,4915,4007,3814,3562
8/4/2019 20:00,935,1130,1380,4977,5014,4958,4042,3884,3578
8/4/2019 20:30,935,1096,1416,4977,5014,5075,4042,3918,3659
8/4/2019 21:00,907,1030,1310,4772,4819,5028,3865,3789,3718
8/4/2019 21:30,907,1066,1200,4772,4819,4793,3865,3753,3593
8/4/2019 22:00,905,1014,1150,4360,4351,4494,3455,3337,3344
8/4/2019 22:30,905,1071,1133,4360,4351,4177,3455,3280,3044
8/4/2019 23:00,1035,1005,1099,3900,3898,3915,2865,2893,2816
8/4/2019 23:30,1035,1058,1171,3900,3898,3710,2865,2840,2539
9/4/2019 0:00,1005,1001,1150,3598,3593,3621,2593,2592,2471
9/4/2019 0:30,1005,1070,930,3598,3600,3559,2593,2530,2629
9/4/2019 1:00,989,1035,873,3408,3414,3478,2419,2379,2605
9/4/2019 1:30,989,972,878,3408,3414,3387,2419,2442,2509
9/4/2019 2:00,972,957,925,3287,3291,3359,2315,2334,2434
9/4/2019 2:30,972,991,1090,3287,3291,3328,2315,2300,2238
9/4/2019 3:00,959,981,1072,3223,3225,3284,2264,2244,2212
9/4/2019 3:30,959,1033,1052,3223,3225,3247,2264,2192,2195
9/4/2019 4:00,941,1015,1014,3221,3225,3234,2280,2210,2220
9/4/2019 4:30,941,1004,1018,3221,3225,3233,2280,2221,2215
9/4/2019 5:00,919,1011,1020,3322,3328,3289,2403,2317,2269
9/4/2019 5:30,919,879,1009,3322,3328,3377,2403,2449,2368
9/4/2019 6:00,894,903,987,3754,3753,3639,2860,2850,2652
9/4/2019 6:30,894,1022,990,3754,3753,3919,2860,2731,2929
9/4/2019 7:00,872,1002,1002,4495,4495,4340,3623,3493,3338
9/4/2019 7:30,872,975,1006,4495,4495,4735,3623,3520,3729
9/4/2019 8:00,858,936,945,4916,4928,4977,4058,3992,4032
9/4/2019 8:30,858,934,918,4916,4928,5071,4058,3994,4153
9/4/2019 9:00,864,914,899,5065,5056,5107,4201,4142,4208
9/4/2019 9:30,864,902,893,5065,5056,5120,4201,4154,4227
9/4/2019 10:00,853,881,811,5060,5038,5033,4207,4157,4222
9/4/2019 10:30,853,896,771,5060,5038,5021,4207,4142,4250
9/4/2019 11:00,816,927,816,5035,5023,5027,4219,4096,4211
9/4/2019 11:30,816,899,880,5035,5023,5012,4219,4124,4132
9/4/2019 12:00,776,921,905,5040,5010,4993,4264,4089,4088
9/4/2019 12:30,776,924,866,5040,5014,4986,4264,4090,4120
9/4/2019 13:00,742,913,865,4973,4943,4936,4231,4030,4071
9/4/2019 13:30,742,856,811,4973,4943,4822,4231,4087,4011
9/4/2019 14:00,708,844,786,4893,4889,4811,4185,4045,4025
9/4/2019 14:30,708,823,725,4893,4889,4805,4185,4066,4080
9/4/2019 15:00,668,767,665,4871,4896,4814,4203,4129,4149
9/4/2019 15:30,668,829,644,4871,4895,4864,4203,4066,4220
9/4/2019 16:00,624,720,553,4963,4984,4906,4339,4264,4353
9/4/2019 16:30,624,676,532,4963,4984,5016,4339,4308,4484
9/4/2019 17:00,571,583,531,5113,5126,5117,4542,4543,4586
9/4/2019 17:30,571,553,521,5113,5126,5161,4542,4573,4640
9/4/2019 18:00,533,487,508,5100,5074,5105,4567,4587,4597
9/4/2019 18:30,533,429,477,5100,5074,5017,4567,4645,4540
9/4/2019 19:00,520,413,425,5038,5002,4956,4518,4589,4531
9/4/2019 19:30,520,390,416,5038,5002,4916,4518,4612,4500
9/4/2019 20:00,554,434,447,5008,4979,4918,4454,4545,4471
9/4/2019 20:30,554,444,455,5008,4979,5075,4454,4535,4620
9/4/2019 21:00,625,512,485,4797,4794,5090,4172,4282,4605
9/4/2019 21:30,625,498,508,4797,4794,4842,4172,4296,4334
9/4/2019 22:00,677,533,537,4347,4336,4596,3670,3803,4059
9/4/2019 22:30,677,533,551,4347,4336,4272,3670,3803,3721
9/4/2019 23:00,643,554,561,3923,3917,3994,3280,3363,3433
9/4/2019 23:30,643,553,539,3923,3916,3775,3280,3363,3236
10/4/2019 0:00,609,568,581,3615,3610,3668,3006,3042,3087
10/4/2019 0:30,609,578,591,3615,3609,3579,3006,3031,2988
10/4/2019 1:00,575,575,528,3431,3425,3494,2856,2850,2966
10/4/2019 1:30,575,575,538,3431,3425,3434,2856,2850,2896
10/4/2019 2:00,533,528,541,3307,3301,3389,2774,2773,2848
10/4/2019 2:30,533,507,515,3307,3301,3340,2774,2794,2825
10/4/2019 3:00,477,451,478,3248,3241,3296,2771,2790,2818
10/4/2019 3:30,477,455,440,3248,3241,3278,2771,2786,2838
10/4/2019 4:00,429,399,407,3248,3242,3273,2819,2843,2866
10/4/2019 4:30,429,385,396,3248,3242,3302,2819,2857,2906
10/4/2019 5:00,395,337,354,3340,3337,3367,2945,3000,3013
10/4/2019 5:30,395,358,308,3340,3337,3448,2945,2979,3140
10/4/2019 6:00,362,315,291,3779,3782,3703,3417,3467,3412
10/4/2019 6:30,362,302,276,3779,3782,3947,3417,3480,3671
10/4/2019 7:00,338,274,294,4531,4536,4385,4193,4262,4091
10/4/2019 7:30,338,275,283,4531,4536,4779,4193,4261,4496
10/4/2019 8:00,328,261,259,4955,4964,5027,4627,4703,4768
10/4/2019 8:30,328,248,217,4955,4964,5098,4627,4716,4881
10/4/2019 9:00,324,266,196,5084,5069,5119,4760,4803,4923
10/4/2019 9:30,324,246,194,5084,5069,5109,4760,4823,4915
10/4/2019 10:00,331,270,258,5059,5035,5032,4728,4765,4774
10/4/2019 10:30,331,277,281,5059,5035,4996,4728,4758,4715
10/4/2019 11:00,329,265,282,5029,5015,4989,4700,4750,4707
10/4/2019 11:30,329,249,292,5029,5015,4959,4700,4766,4667
10/4/2019 12:00,308,242,294,5010,4996,4938,4702,4754,4644
10/4/2019 12:30,308,231,285,5010,4999,4928,4702,4768,4643
10/4/2019 13:00,288,229,269,4935,4916,4859,4647,4687,4590
10/4/2019 13:30,288,248,248,4935,4916,4765,4647,4668,4517
10/4/2019 14:00,270,232,224,4879,4848,4760,4609,4616,4536
10/4/2019 14:30,270,232,208,4879,4848,4747,4609,4616,4539
10/4/2019 15:00,257,223,204,4888,4865,4764,4631,4642,4560
10/4/2019 15:30,257,253,226,4888,4865,4791,4631,4612,4565
10/4/2019 16:00,247,240,237,4975,4955,4850,4728,4715,4613
10/4/2019 16:30,247,249,234,4975,4955,4962,4728,4706,4728
10/4/2019 17:00,236,247,237,5113,5097,5068,4877,4850,4831
10/4/2019 17:30,236,222,253,5113,5097,5120,4877,4875,4867
10/4/2019 18:00,233,247,261,5080,5067,5078,4847,4820,4817
10/4/2019 18:30,233,235,249,5080,5067,5002,4847,4832,4753
10/4/2019 19:00,251,278,235,5028,5015,4931,4777,4737,4696
10/4/2019 19:30,251,267,233,5028,4917,4910,4777,4650,4677
10/4/2019 20:00,311,331,216,4990,5064,4881,4679,4733,4665
10/4/2019 20:30,311,354,284,4990,5065,5081,4679,4711,4797
10/4/2019 21:00,392,419,295,4800,4912,5091,4408,4493,4796
10/4/2019 21:30,392,407,306,4800,4912,4850,4408,4505,4544
10/4/2019 22:00,439,456,311,4361,4427,4604,3922,3971,4293
10/4/2019 22:30,439,442,322,4361,4427,4298,3922,3985,3976
10/4/2019 23:00,400,444,318,3965,3964,4009,3565,3520,3691
10/4/2019 23:30,400,377,325,3965,3964,3766,3565,3587,3441
11/4/2019 0:00,397,376,326,3649,3673,3674,3252,3297,3348
11/4/2019 0:30,397,399,334,3649,3675,3612,3252,3276,3278
11/4/2019 1:00,397,406,323,3469,3475,3531,3072,3069,3208
11/4/2019 1:30,397,358,338,3469,3475,3443,3072,3117,3105
11/4/2019 2:00,396,374,345,3340,3339,3396,2944,2965,3051
11/4/2019 2:30,396,364,325,3340,3339,3353,2944,2975,3028
11/4/2019 3:00,396,376,317,3282,3269,3309,2886,2893,2992
11/4/2019 3:30,396,368,326,3282,3269,3295,2886,2901,2969
11/4/2019 4:00,385,366,325,3289,3265,3289,2904,2899,2964
11/4/2019 4:30,385,369,308,3289,3265,3304,2904,2896,2996
11/4/2019 5:00,366,351,318,3373,3368,3378,3007,3017,3060
11/4/2019 5:30,366,349,293,3373,3368,3539,3007,3019,3246
11/4/2019 6:00,345,330,288,3806,3812,3700,3461,3482,3412
11/4/2019 6:30,345,303,265,3806,3812,3941,3461,3509,3676
11/4/2019 7:00,319,283,247,4543,4507,4380,4224,4224,4133
11/4/2019 7:30,319,283,230,4543,4507,4787,4224,4224,4557
11/4/2019 8:00,297,265,238,4960,4951,5055,4663,4686,4817
11/4/2019 8:30,297,257,217,4960,4951,5117,4663,4694,4900
11/4/2019 9:00,282,242,221,5080,5084,5142,4798,4842,4921
11/4/2019 9:30,282,262,223,5080,5084,5137,4798,4822,4914
11/4/2019 10:00,290,269,242,5044,5040,5082,4754,4771,4840
11/4/2019 10:30,290,263,248,5044,5040,5051,4754,4777,4803
11/4/2019 11:00,317,276,256,5011,5008,5045,4694,4732,4789
11/4/2019 11:30,317,251,269,5011,5008,5020,4694,4757,4751
11/4/2019 12:00,355,271,299,4987,4987,5011,4632,4716,4712
11/4/2019 12:30,355,266,324,4987,4957,4998,4632,4691,4674
11/4/2019 13:00,388,289,319,4905,4861,4949,4517,4572,4630
11/4/2019 13:30,388,296,324,4905,4861,4864,4517,4565,4540
11/4/2019 14:00,402,314,313,4844,4814,4866,4442,4500,4553
11/4/2019 14:30,402,293,296,4844,4814,4852,4442,4521,4556
11/4/2019 15:00,402,296,301,4861,4838,4846,4459,4542,4545
11/4/2019 15:30,402,317,308,4861,4838,4905,4459,4521,4597
11/4/2019 16:00,395,305,308,4958,4968,4959,4563,4663,4651
11/4/2019 16:30,395,301,329,4958,4968,5058,4563,4667,4729
11/4/2019 17:00,390,305,333,5105,5136,5139,4715,4831,4806
11/4/2019 17:30,390,298,327,5105,5136,5193,4715,4838,4866
11/4/2019 18:00,407,339,347,5076,5075,5168,4669,4736,4821
11/4/2019 18:30,407,341,374,5076,5075,5096,4669,4734,4722
11/4/2019 19:00,454,414,363,5017,4933,5017,4563,4519,4654
11/4/2019 19:30,454,419,362,5017,4933,4968,4563,4514,4606
11/4/2019 20:00,548,524,371,4971,5030,4943,4423,4506,4572
11/4/2019 20:30,548,527,454,4971,5030,5083,4423,4503,4629
11/4/2019 21:00,673,634,523,4801,4865,5061,4128,4231,4538
11/4/2019 21:30,673,550,567,4801,4865,4834,4128,4315,4267
11/4/2019 22:00,771,643,623,4375,4397,4576,3604,3754,3953
11/4/2019 22:30,771,619,677,4375,4398,4273,3604,3779,3596
11/4/2019 23:00,717,705,744,3936,3932,3994,3219,3227,3250
11/4/2019 23:30,717,664,804,3936,3932,3785,3219,3268,2981
12/4/2019 0:00,748,716,789,3669,3667,3681,2921,2951,2892
12/4/2019 0:30,748,772,828,3669,3672,3592,2921,2900,2764
12/4/2019 1:00,784,777,858,3462,3465,3524,2678,2688,2666
12/4/2019 1:30,784,777,881,3462,3465,3438,2678,2688,2557
12/4/2019 2:00,818,772,883,3318,3320,3389,2500,2548,2506
12/4/2019 2:30,818,780,891,3318,3320,3343,2500,2540,2452
12/4/2019 3:00,848,790,867,3246,3247,3291,2398,2457,2424
12/4/2019 3:30,848,802,870,3246,3247,3263,2398,2445,2393
12/4/2019 4:00,901,866,873,3240,3243,3253,2339,2377,2380
12/4/2019 4:30,901,845,890,3240,3243,3262,2339,2398,2372
12/4/2019 5:00,976,958,971,3337,3339,3331,2361,2381,2360
12/4/2019 5:30,976,1013,1091,3337,3339,3427,2361,2326,2336
12/4/2019 6:00,1044,1120,1136,3767,3770,3690,2723,2650,2554
12/4/2019 6:30,1044,1123,1222,3767,3770,3909,2723,2647,2687
12/4/2019 7:00,1102,1211,1303,4425,4426,4306,3323,3215,3003
12/4/2019 7:30,1102,1202,1375,4425,4426,4695,3323,3224,3320
12/4/2019 8:00,1199,1272,1410,4916,4931,4940,3717,3659,3530
12/4/2019 8:30,1199,1257,1386,4916,4931,5031,3717,3674,3645
12/4/2019 9:00,1371,1405,1392,5048,5039,5058,3677,3634,3666
12/4/2019 9:30,1371,1383,1530,5048,5039,5099,3677,3656,3569
12/4/2019 10:00,1597,1617,1692,5004,4997,5031,3407,3380,3339
12/4/2019 10:30,1597,1638,1897,5004,4997,5026,3407,3359,3129
12/4/2019 11:00,1858,1909,2095,4966,4967,5048,3108,3058,2953
12/4/2019 11:30,1858,1952,2252,4966,4967,5044,3108,3015,2792
12/4/2019 12:00,2092,2204,2407,4943,4940,5005,2851,2736,2598
12/4/2019 12:30,2092,2210,2425,4943,4935,4986,2851,2725,2561
12/4/2019 13:00,2273,2389,2442,4844,4839,4922,2571,2450,2480
12/4/2019 13:30,2273,2469,2302,4844,4839,4810,2571,2370,2508
12/4/2019 14:00,2393,2537,2302,4770,4762,4754,2377,2225,2452
12/4/2019 14:30,2393,2605,2278,4770,4762,4726,2377,2157,2448
12/4/2019 15:00,2454,2619,2336,4766,4756,4726,2312,2137,2390
12/4/2019 15:30,2454,2712,2346,4766,4756,4746,2312,2044,2400
12/4/2019 16:00,2476,2681,2297,4845,4823,4745,2369,2142,2448
12/4/2019 16:30,2476,2724,2307,4845,4823,4806,2369,2099,2499
12/4/2019 17:00,2451,2688,2410,4984,4951,4897,2533,2263,2487
12/4/2019 17:30,2451,2492,2553,4984,4951,4949,2533,2459,2396
12/4/2019 18:00,2419,2481,2541,4949,4929,4925,2530,2448,2384
12/4/2019 18:30,2419,2437,2520,4949,4929,4855,2530,2492,2335
12/4/2019 19:00,2414,2457,2537,4813,4800,4782,2399,2343,2245
12/4/2019 19:30,2414,2382,2548,4813,4800,4717,2399,2418,2169
12/4/2019 20:00,2451,2472,2565,4864,4873,4673,2413,2401,2108
12/4/2019 20:30,2451,2563,2602,4864,4873,4809,2413,2310,2207
12/4/2019 21:00,2511,2635,2596,4727,4733,4806,2216,2098,2210
12/4/2019 21:30,2511,2650,2576,4727,4733,4640,2216,2083,2064
12/4/2019 22:00,2546,2688,2594,4288,4288,4424,1742,1600,1830
12/4/2019 22:30,2546,2667,2643,4288,4288,4242,1742,1621,1599
12/4/2019 23:00,2675,2705,2639,3893,3890,4027,1218,1185,1388
12/4/2019 23:30,2675,2714,2553,3893,3890,3808,1218,1176,1255
13/4/2019 0:00,2660,2726,2484,3665,3663,3683,1005,937,1199
13/4/2019 0:30,2660,2723,2425,3665,3664,3589,1005,941,1164
13/4/2019 1:00,2654,2729,2415,3437,3437,3455,783,708,1040
13/4/2019 1:30,2654,2688,2526,3437,3437,3369,783,749,843
13/4/2019 2:00,2692,2713,2655,3258,3259,3331,566,546,676
13/4/2019 2:30,2692,2713,2595,3258,3259,3265,566,546,670
13/4/2019 3:00,2734,2736,2616,3150,3151,3204,416,415,588
13/4/2019 3:30,2734,2654,2570,3150,3151,3161,416,497,591
13/4/2019 4:00,2763,2697,2575,3122,3124,3168,359,427,593
13/4/2019 4:30,2763,2705,2554,3122,3124,3155,359,419,601
13/4/2019 5:00,2821,2787,2565,3155,3157,3180,334,370,615
13/4/2019 5:30,2821,2817,2561,3155,3157,3178,334,340,617
13/4/2019 6:00,2925,2935,2577,3321,3325,3270,396,390,693
13/4/2019 6:30,2925,2886,2616,3321,3325,3330,396,439,714
13/4/2019 7:00,3073,3051,2630,3641,3646,3511,568,595,881
13/4/2019 7:30,3073,3000,2616,3641,3646,3715,568,646,1099
13/4/2019 8:00,3220,3153,2781,4119,4113,3983,899,960,1202
13/4/2019 8:30,3220,3121,3051,4119,4113,4210,899,992,1159
13/4/2019 9:00,3342,3239,3132,4374,4377,4399,1032,1138,1267
13/4/2019 9:30,3342,3191,3249,4374,4377,4495,1032,1186,1246
13/4/2019 10:00,3425,3288,3279,4492,4505,4559,1067,1217,1280
13/4/2019 10:30,3425,3196,3331,4492,4505,4578,1067,1309,1247
13/4/2019 11:00,3465,3265,3320,4513,4533,4571,1048,1268,1251
13/4/2019 11:30,3465,3196,3244,4513,4533,4570,1048,1337,1326
13/4/2019 12:00,3489,3254,3227,4515,4532,4547,1026,1278,1320
13/4/2019 12:30,3489,3358,3107,4515,4566,4505,1026,1208,1398
13/4/2019 13:00,3510,3395,3204,4395,4447,4484,885,1052,1280
13/4/2019 13:30,3510,3418,3164,4395,4448,4398,885,1030,1234
13/4/2019 14:00,3528,3440,3136,4254,4301,4322,726,861,1186
13/4/2019 14:30,3528,3441,3045,4254,4301,4262,726,860,1217
13/4/2019 15:00,3532,3446,3037,4219,4265,4241,687,819,1204
13/4/2019 15:30,3532,3364,3047,4219,4265,4227,687,901,1180
13/4/2019 16:00,3533,3387,3057,4279,4336,4275,746,949,1218
13/4/2019 16:30,3533,3336,3150,4279,4335,4373,746,999,1223
13/4/2019 17:00,3538,3373,3277,4435,4513,4499,897,1140,1222
13/4/2019 17:30,3538,3307,3352,4435,4513,4620,897,1206,1268
13/4/2019 18:00,3533,3349,3268,4454,4534,4622,921,1185,1354
13/4/2019 18:30,3533,3251,3311,4454,4534,4603,921,1283,1292
13/4/2019 19:00,3524,3286,3360,4388,4469,4572,864,1183,1212
13/4/2019 19:30,3524,3252,3356,4388,4469,4527,864,1217,1171
13/4/2019 20:00,3501,3274,3347,4454,4486,4496,953,1212,1149
13/4/2019 20:30,3501,3379,3357,4454,4486,4559,953,1107,1202
13/4/2019 21:00,3459,3355,3344,4363,4356,4501,904,1001,1157
13/4/2019 21:30,3459,3347,3265,4363,4356,4361,904,1009,1096
13/4/2019 22:00,3399,3290,3148,4007,4017,4182,608,727,1034
13/4/2019 22:30,3399,3291,3023,4007,4017,3963,608,726,940
13/4/2019 23:00,3269,3210,2931,3701,3699,3792,432,489,861
13/4/2019 23:30,3269,3203,2810,3701,3699,3624,432,496,814
14/4/2019 0:00,3186,3127,2859,3564,3563,3561,378,436,702
14/4/2019 0:30,3186,3126,2823,3564,3562,3498,378,436,675
14/4/2019 1:00,3113,3064,2732,3331,3332,3387,218,268,655
14/4/2019 1:30,3113,2973,2661,3331,3332,3305,218,359,644
14/4/2019 2:00,3055,2935,2592,3154,3158,3238,99,223,646
14/4/2019 2:30,3055,2833,2520,3154,3159,3174,99,326,654
14/4/2019 3:00,3007,2819,2477,3037,3040,3111,30,221,634
14/4/2019 3:30,3007,2744,2395,3037,3040,3054,30,296,659
14/4/2019 4:00,2975,2753,2328,2998,3000,3040,23,247,712
14/4/2019 4:30,2975,2776,2261,2998,3000,3032,23,224,771
14/4/2019 5:00,2984,2813,2205,2998,2999,3034,14,186,829
14/4/2019 5:30,2984,2710,2308,2998,2999,3052,14,289,744
14/4/2019 6:00,3045,2818,2329,3049,3048,3115,4,230,786
14/4/2019 6:30,3045,2721,2325,3049,3048,3125,4,327,800
14/4/2019 7:00,3147,2881,2329,3185,3189,3209,38,308,880
14/4/2019 7:30,3147,2805,2344,3185,3189,3336,38,384,992
14/4/2019 8:00,3235,2955,2535,3542,3525,3541,307,570,1006
14/4/2019 8:30,3235,2827,2769,3542,3525,3747,307,698,978
14/4/2019 9:00,3286,2928,2852,3918,3913,3920,632,985,1068
14/4/2019 9:30,3286,2914,3020,3918,3914,4077,632,1000,1057
14/4/2019 10:00,3314,2995,3130,4221,4233,4241,907,1238,1111
14/4/2019 10:30,3314,2901,3219,4221,4233,4370,907,1332,1151
14/4/2019 11:00,3319,2959,3272,4370,4395,4462,1051,1436,1190
14/4/2019 11:30,3319,2866,3207,4370,4396,4512,1051,1530,1305
14/4/2019 12:00,3321,2925,3280,4467,4489,4605,1146,1564,1325
14/4/2019 12:30,3321,3027,3297,4467,4487,4656,1146,1460,1359
14/4/2019 13:00,3324,3065,3326,4405,4430,4692,1081,1365,1366
14/4/2019 13:30,3324,3178,3279,4405,4432,4634,1081,1254,1355
14/4/2019 14:00,3314,3183,3305,4278,4306,4558,964,1123,1253
14/4/2019 14:30,3314,3255,3265,4278,4308,4468,964,1053,1203
14/4/2019 15:00,3282,3237,3171,4253,4283,4431,971,1046,1260
14/4/2019 15:30,3282,3188,3159,4253,4285,4412,971,1097,1253
14/4/2019 16:00,3247,3142,3127,4305,4343,4462,1058,1201,1335
14/4/2019 16:30,3247,3221,3111,4305,4345,4517,1058,1124,1406
14/4/2019 17:00,3213,3152,3071,4443,4511,4596,1230,1359,1525
14/4/2019 17:30,3213,3148,3046,4443,4512,4663,1230,1364,1617
14/4/2019 18:00,3166,3042,3058,4465,4538,4657,1299,1496,1599
14/4/2019 18:30,3166,2985,3100,4465,4539,4615,1299,1554,1515
14/4/2019 19:00,3126,2911,3104,4413,4491,4561,1287,1580,1457
14/4/2019 19:30,3126,2938,3010,4413,4491,4472,1287,1553,1462
14/4/2019 20:00,3095,2919,3031,4429,4475,4532,1334,1556,1501
14/4/2019 20:30,3095,2925,2957,4429,4476,4618,1334,1551,1661
14/4/2019 21:00,3067,2911,2980,4315,4357,4610,1248,1446,1630
14/4/2019 21:30,3067,2977,2912,4315,4358,4420,1248,1381,1508
14/4/2019 22:00,3042,3002,2909,3968,3991,4227,926,989,1318
14/4/2019 22:30,3042,3103,2895,3968,3991,4003,926,888,1108
14/4/2019 23:00,2823,3122,2841,3644,3647,3786,821,525,945
14/4/2019 23:30,2823,3130,2672,3644,3647,3581,821,517,909
15/4/2019 0:00,2868,3138,2681,3425,3426,3525,557,288,844
15/4/2019 0:30,2868,3076,2676,3425,3427,3433,557,351,757
15/4/2019 1:00,2919,3073,2656,3245,3250,3348,326,177,692
15/4/2019 1:30,2919,2996,2639,3245,3250,3282,326,254,643
15/4/2019 2:00,2965,2994,2636,3124,3132,3226,159,138,590
15/4/2019 2:30,2965,2967,2592,3124,3132,3171,159,165,579
15/4/2019 3:00,2999,2967,2577,3056,3063,3136,57,96,559
15/4/2019 3:30,2999,2818,2534,3056,3063,3117,57,245,583
15/4/2019 4:00,3032,2847,2522,3056,3063,3121,24,216,599
15/4/2019 4:30,3032,2867,2523,3056,3063,3129,24,196,606
15/4/2019 5:00,3081,2918,2590,3163,3170,3195,82,252,605
15/4/2019 5:30,3081,2797,2705,3163,3171,3287,82,374,582
15/4/2019 6:00,3174,2910,2881,3634,3643,3535,460,733,654
15/4/2019 6:30,3174,2842,2980,3634,3644,3761,460,802,781
15/4/2019 7:00,3294,3006,3169,4401,4408,4102,1107,1402,933
15/4/2019 7:30,3294,2947,3290,4401,4409,4442,1107,1462,1152
15/4/2019 8:00,3383,3086,3476,4850,4895,4806,1467,1809,1330
15/4/2019 8:30,3383,3045,3660,4850,4897,5062,1467,1852,1402
15/4/2019 9:00,3431,3139,3775,5076,5111,5234,1645,1972,1459
15/4/2019 9:30,3431,3299,3783,5076,5112,5333,1645,1813,1550
15/4/2019 10:00,3449,3338,3792,5122,5141,5362,1673,1803,1570
15/4/2019 10:30,3449,3417,3800,5122,5142,5419,1673,1725,1619
15/4/2019 11:00,3449,3417,3746,5146,5152,5464,1697,1735,1718
15/4/2019 11:30,3449,3509,3759,5146,5151,5491,1697,1642,1732
15/4/2019 12:00,3444,3492,3866,5153,5162,5540,1709,1670,1674
15/4/2019 12:30,3444,3492,3790,5153,5162,5566,1709,1670,1776
15/4/2019 13:00,3434,3482,3720,5082,5092,5493,1648,1610,1773
15/4/2019 13:30,3434,3673,3663,5082,5098,5410,1648,1425,1747
15/4/2019 14:00,3413,3631,3708,5036,5052,5398,1623,1421,1690
15/4/2019 14:30,3413,3620,3619,5036,5054,5393,1623,1434,1774
15/4/2019 15:00,3388,3587,3605,5058,5084,5386,1670,1497,1781
15/4/2019 15:30,3388,3682,3647,5058,5087,5417,1670,1405,1770
15/4/2019 16:00,3358,3645,3667,5159,5205,5456,1801,1560,1789
15/4/2019 16:30,3358,3578,3647,5159,5207,5544,1801,1629,1897
15/4/2019 17:00,3295,3490,3715,5309,5377,5614,2014,1887,1899
15/4/2019 17:30,3295,3522,3674,5309,5380,5623,2014,1858,1949
15/4/2019 18:00,3181,3310,3635,5251,5324,5520,2070,2014,1885
15/4/2019 18:30,3181,3299,3575,5251,5326,5404,2070,2027,1829
15/4/2019 19:00,3029,3044,3376,5075,5126,5292,2046,2082,1916
15/4/2019 19:30,3029,3039,3066,5075,5128,5140,2046,2089,2074
15/4/2019 20:00,2863,2738,2916,5027,5071,5069,2164,2333,2153
15/4/2019 20:30,2863,2802,2826,5027,5073,5097,2164,2271,2271
15/4/2019 21:00,2677,2465,2648,4849,4909,5033,2172,2444,2385
15/4/2019 21:30,2677,2591,2333,4849,4913,4797,2172,2322,2464
15/4/2019 22:00,2434,2206,2168,4361,4392,4542,1927,2186,2374
15/4/2019 22:30,2434,2234,1977,4361,4394,4287,1927,2160,2310
15/4/2019 23:00,1774,1879,1816,3888,3890,4076,2114,2011,2260
15/4/2019 23:30,1774,1778,1613,3888,3889,3845,2114,2111,2232
16/4/2019 0:00,1473,1475,1245,3636,3645,3742,2163,2170,2497
16/4/2019 0:30,1473,1494,1036,3636,3641,3653,2163,2147,2617
16/4/2019 1:00,1212,1205,889,3431,3444,3562,2219,2239,2673
16/4/2019 1:30,1212,1146,802,3431,3443,3478,2219,2297,2676
16/4/2019 2:00,1004,940,849,3307,3340,3448,2303,2400,2599
16/4/2019 2:30,1004,915,776,3307,3340,3416,2303,2425,2640
16/4/2019 3:00,847,781,679,3236,3261,3377,2389,2480,2698
16/4/2019 3:30,847,734,645,3236,3262,3354,2389,2528,2709
16/4/2019 4:00,712,625,603,3234,3261,3360,2522,2636,2757
16/4/2019 4:30,712,599,531,3234,3261,3364,2522,2662,2833
16/4/2019 5:00,594,515,468,3338,3381,3432,2744,2866,2964
16/4/2019 5:30,594,466,430,3338,3381,3520,2744,2915,3090
16/4/2019 6:00,504,406,375,3795,3853,3746,3291,3447,3371
16/4/2019 6:30,504,396,329,3795,3854,3952,3291,3458,3623
16/4/2019 7:00,442,370,308,4503,4538,4310,4061,4168,4002
16/4/2019 7:30,442,366,289,4503,4538,4644,4061,4172,4355
16/4/2019 8:00,404,360,272,4982,5082,4967,4578,4722,4695
16/4/2019 8:30,404,304,261,4982,5082,5182,4578,4778,4921
16/4/2019 9:00,382,332,263,5149,5202,5297,4767,4870,5034
16/4/2019 9:30,382,287,286,5149,5202,5325,4767,4915,5039
16/4/2019 10:00,372,309,337,5157,5207,5312,4785,4898,4975
16/4/2019 10:30,372,258,386,5157,5207,5324,4785,4949,4938
16/4/2019 11:00,379,270,417,5139,5204,5329,4760,4934,4912
16/4/2019 11:30,379,270,452,5139,5204,5308,4760,4934,4856
16/4/2019 12:00,399,303,481,5112,5181,5295,4713,4878,4814
16/4/2019 12:30,399,312,486,5112,5176,5305,4713,4864,4819
16/4/2019 13:00,413,358,477,5005,5089,5248,4592,4731,4771
16/4/2019 13:30,413,405,492,5005,5088,5145,4592,4683,4653
16/4/2019 14:00,418,441,528,4928,5020,5121,4510,4579,4593
16/4/2019 14:30,418,481,530,4928,5019,5110,4510,4538,4580
16/4/2019 15:00,414,505,533,4950,5030,5085,4536,4525,4552
16/4/2019 15:30,414,534,588,4950,5029,5096,4536,4495,4508
16/4/2019 16:00,414,536,593,5051,5114,5129,4637,4578,4536
16/4/2019 16:30,414,536,604,5051,5112,5192,4637,4576,4588
16/4/2019 17:00,441,543,624,5192,5249,5267,4751,4706,4643
16/4/2019 17:30,441,548,627,5192,5247,5289,4751,4699,4662
16/4/2019 18:00,506,608,690,5126,5167,5205,4620,4559,4515
16/4/2019 18:30,506,600,738,5126,5166,5117,4620,4566,4379
16/4/2019 19:00,595,709,762,4920,4991,5013,4325,4282,4251
16/4/2019 19:30,595,734,752,4920,4990,4926,4325,4256,4174
16/4/2019 20:00,717,854,844,4920,4973,4877,4203,4119,4033
16/4/2019 20:30,717,864,966,4920,4973,4966,4203,4109,4000
16/4/2019 21:00,857,965,1028,4913,4917,5062,4056,3952,4034
16/4/2019 21:30,857,960,1124,4913,4917,4885,4056,3957,3761
16/4/2019 22:00,982,1038,1255,4429,4446,4664,3447,3408,3409
16/4/2019 22:30,982,1039,1297,4429,4446,4385,3447,3407,3088
16/4/2019 23:00,1029,1093,1382,3971,3967,4137,2942,2874,2755
16/4/2019 23:30,1029,1072,1432,3971,3967,3924,2942,2895,2492
17/4/2019 0:00,1086,1110,1415,3685,3678,3814,2599,2568,2399
17/4/2019 0:30,1086,1187,1379,3685,3691,3719,2599,2504,2340
17/4/2019 1:00,1130,1201,1320,3484,3489,3598,2354,2288,2278
17/4/2019 1:30,1130,1294,1246,3484,3489,3504,2354,2195,2258
17/4/2019 2:00,1159,1294,1212,3372,3372,3448,2213,2078,2236
17/4/2019 2:30,1159,1355,1178,3372,3373,3403,2213,2018,2225
17/4/2019 3:00,1175,1321,1142,3291,3294,3362,2116,1973,2220
17/4/2019 3:30,1175,1353,1118,3291,3294,3344,2116,1941,2226
17/4/2019 4:00,1199,1301,1115,3285,3288,3327,2086,1987,2212
17/4/2019 4:30,1199,1249,1087,3285,3288,3326,2086,2039,2239
17/4/2019 5:00,1232,1233,1103,3401,3402,3388,2169,2169,2285
17/4/2019 5:30,1232,1130,1127,3401,3402,3480,2169,2272,2353
17/4/2019 6:00,1291,1175,1147,3855,3861,3683,2564,2686,2536
17/4/2019 6:30,1291,1148,1195,3855,3861,3884,2564,2713,2689
17/4/2019 7:00,1366,1239,1299,4487,4502,4243,3121,3263,2944
17/4/2019 7:30,1366,1274,1351,4487,4502,4602,3121,3228,3251
17/4/2019 8:00,1454,1377,1355,4985,5036,4911,3531,3659,3556
17/4/2019 8:30,1454,1394,1420,4985,5036,5095,3531,3642,3675
17/4/2019 9:00,1547,1462,1480,5117,5180,5203,3570,3718,3723
17/4/2019 9:30,1547,1469,1511,5117,5167,5233,3570,3698,3722
17/4/2019 10:00,1622,1507,1545,5095,5144,5199,3473,3637,3654
17/4/2019 10:30,1622,1537,1613,5095,5145,5190,3473,3608,3577
17/4/2019 11:00,1664,1548,1558,5074,5119,5187,3410,3571,3629
17/4/2019 11:30,1664,1533,1541,5074,5119,5175,3410,3586,3634
17/4/2019 12:00,1666,1544,1520,5051,5089,5154,3385,3545,3634
17/4/2019 12:30,1666,1563,1537,5051,5118,5133,3385,3555,3596
17/4/2019 13:00,1670,1571,1605,4944,4995,5064,3274,3424,3459
17/4/2019 13:30,1670,1563,1597,4944,4995,4935,3274,3432,3338
17/4/2019 14:00,1676,1542,1586,4863,4918,4910,3187,3376,3324
17/4/2019 14:30,1676,1555,1541,4863,4918,4854,3187,3363,3313
17/4/2019 15:00,1662,1528,1527,4872,4913,4837,3210,3385,3310
17/4/2019 15:30,1662,1547,1571,4872,4913,4841,3210,3366,3270
17/4/2019 16:00,1643,1508,1611,4971,4982,4890,3328,3474,3279
17/4/2019 16:30,1643,1548,1594,4971,4982,4962,3328,3434,3368
17/4/2019 17:00,1603,1464,1629,5120,5089,5023,3517,3625,3394
17/4/2019 17:30,1603,1440,1664,5120,5089,5105,3517,3649,3441
17/4/2019 18:00,1529,1361,1580,5060,4995,5080,3531,3634,3500
17/4/2019 18:30,1529,1346,1535,5060,4995,5023,3531,3649,3488
17/4/2019 19:00,1492,1310,1459,4897,4823,4939,3405,3513,3480
17/4/2019 19:30,1492,1378,1463,4897,4823,4905,3405,3445,3442
17/4/2019 20:00,1524,1391,1395,4923,4868,4864,3399,3477,3469
17/4/2019 20:30,1524,1438,1451,4923,4868,4960,3399,3430,3509
17/4/2019 21:00,1586,1465,1525,4902,4876,5065,3316,3411,3540
17/4/2019 21:30,1586,1515,1505,4902,4876,4836,3316,3361,3331
17/4/2019 22:00,1636,1509,1599,4440,4422,4604,2804,2913,3005
17/4/2019 22:30,1636,1458,1663,4440,4422,4355,2804,2964,2692
17/4/2019 23:00,1477,1453,1732,3959,3958,4109,2482,2505,2377
17/4/2019 23:30,1477,1422,1764,3959,3958,3892,2482,2536,2128
18/4/2019 0:00,1508,1430,1776,3672,3671,3754,2164,2241,1978
18/4/2019 0:30,1508,1521,1843,3672,3665,3638,2164,2144,1795
18/4/2019 1:00,1544,1498,1815,3466,3458,3535,1922,1960,1720
18/4/2019 1:30,1544,1513,1774,3466,3458,3469,1922,1945,1695
18/4/2019 2:00,1569,1479,1738,3358,3350,3411,1789,1871,1673
18/4/2019 2:30,1569,1598,1696,3358,3350,3362,1789,1752,1666
18/4/2019 3:00,1578,1551,1617,3282,3274,3283,1704,1723,1666
18/4/2019 3:30,1578,1584,1599,3282,3274,3261,1704,1690,1662
18/4/2019 4:00,1589,1574,1555,3280,3274,3249,1691,1700,1694
18/4/2019 4:30,1589,1566,1538,3280,3274,3286,1691,1708,1748
18/4/2019 5:00,1612,1586,1473,3386,3385,3342,1774,1799,1869
18/4/2019 5:30,1612,1627,1455,3386,3385,3418,1774,1758,1963
18/4/2019 6:00,1611,1620,1467,3803,3804,3599,2192,2184,2132
18/4/2019 6:30,1611,1599,1472,3803,3804,3786,2192,2205,2314
18/4/2019 7:00,1531,1513,1472,4440,4440,4137,2909,2927,2665
18/4/2019 7:30,1531,1496,1421,4440,4440,4444,2909,2944,3023
18/4/2019 8:00,1402,1342,1339,4919,4941,4730,3517,3599,3391
18/4/2019 8:30,1402,1304,1135,4919,4941,4893,3517,3637,3758
18/4/2019 9:00,1335,1202,1062,5049,5076,4989,3714,3874,3927
18/4/2019 9:30,1335,1169,1012,5049,5076,5002,3714,3907,3990
18/4/2019 10:00,1381,1186,1035,5048,5059,4973,3667,3873,3938
18/4/2019 10:30,1381,1173,1084,5048,5059,4963,3667,3886,3879
18/4/2019 11:00,1504,1249,1147,5031,5018,4955,3527,3769,3808
18/4/2019 11:30,1504,1250,1219,5031,5018,4950,3527,3768,3731
18/4/2019 12:00,1632,1316,1346,5012,4983,4938,3380,3667,3592
18/4/2019 12:30,1632,1249,1457,5012,4965,4929,3380,3716,3472
18/4/2019 13:00,1687,1311,1611,4891,4837,4884,3204,3526,3273
18/4/2019 13:30,1687,1300,1733,4891,4836,4786,3204,3536,3053
18/4/2019 14:00,1650,1318,1855,4807,4754,4760,3157,3436,2905
18/4/2019 14:30,1650,1316,1865,4807,4754,4700,3157,3438,2835
18/4/2019 15:00,1546,1248,1814,4797,4738,4694,3251,3490,2880
18/4/2019 15:30,1546,1320,1683,4797,4738,4660,3251,3418,2977
18/4/2019 16:00,1394,1232,1442,4870,4822,4663,3476,3590,3221
18/4/2019 16:30,1394,1338,1340,4870,4822,4732,3476,3484,3392
18/4/2019 17:00,1215,1259,1195,4991,4951,4831,3776,3692,3636
18/4/2019 17:30,1215,1413,1136,4991,4951,4903,3776,3538,3767
18/4/2019 18:00,1077,1314,998,4917,4908,4853,3840,3594,3855
18/4/2019 18:30,1077,1360,967,4917,4907,4811,3840,3547,3844
18/4/2019 19:00,1038,1279,918,4743,4765,4715,3705,3486,3797
18/4/2019 19:30,1038,1162,893,4743,4765,4649,3705,3603,3756
18/4/2019 20:00,1086,1188,1046,4731,4751,4608,3645,3563,3562
18/4/2019 20:30,1086,1129,1187,4731,4751,4695,3645,3622,3508
18/4/2019 21:00,1142,1177,1245,4829,4831,4875,3687,3654,3630
18/4/2019 21:30,1142,1055,1262,4829,4831,4753,3687,3776,3491
18/4/2019 22:00,1152,1066,1245,4400,4395,4500,3248,3329,3255
18/4/2019 22:30,1152,1057,1289,4400,4395,4245,3248,3338,2956
18/4/2019 23:00,1252,1026,1396,3958,3953,4044,2706,2927,2648
18/4/2019 23:30,1252,1022,1405,3958,3953,3839,2706,2931,2434
19/4/2019 0:00,1256,995,1363,3662,3662,3730,2406,2667,2367
19/4/2019 0:30,1256,1122,1271,3662,3657,3612,2406,2535,2341
19/4/2019 1:00,1230,1080,1200,3443,3436,3500,2213,2356,2300
19/4/2019 1:30,1230,1057,1174,3443,3436,3407,2213,2379,2233
19/4/2019 2:00,1194,1037,1161,3303,3298,3349,2109,2261,2188
19/4/2019 2:30,1194,1176,1175,3303,3298,3289,2109,2122,2114
19/4/2019 3:00,1192,1160,1227,3188,3183,3242,1996,2023,2015
19/4/2019 3:30,1192,1250,1221,3188,3183,3196,1996,1933,1975
19/4/2019 4:00,1267,1269,1242,3146,3145,3187,1879,1876,1945
19/4/2019 4:30,1267,1240,1271,3146,3145,3199,1879,1905,1928
19/4/2019 5:00,1376,1268,1369,3244,3247,3276,1868,1979,1907
19/4/2019 5:30,1376,1206,1368,3244,3246,3354,1868,2040,1986
19/4/2019 6:00,1425,1202,1404,3450,3447,3507,2025,2245,2103
19/4/2019 6:30,1425,1248,1445,3450,3447,3632,2025,2199,2187
19/4/2019 7:00,1346,1128,1494,3842,3835,3883,2496,2707,2389
19/4/2019 7:30,1346,1157,1407,3842,3835,4126,2496,2678,2719
19/4/2019 8:00,1139,895,1290,4423,4431,4366,3284,3536,3076
19/4/2019 8:30,1139,930,1108,4423,4431,4592,3284,3501,3484
19/4/2019 9:00,941,677,1004,4717,4678,4708,3776,4001,3704
19/4/2019 9:30,941,692,894,4717,4678,4758,3776,3986,3864
19/4/2019 10:00,884,590,824,4800,4731,4739,3916,4141,3915
19/4/2019 10:30,884,664,838,4800,4731,4742,3916,4067,3904
19/4/2019 11:00,927,691,795,4794,4709,4711,3867,4018,3916
19/4/2019 11:30,927,798,820,4794,4709,4696,3867,3911,3876
19/4/2019 12:00,972,881,848,4774,4684,4662,3802,3803,3814
19/4/2019 12:30,972,881,847,4774,4682,4649,3802,3801,3802
19/4/2019 13:00,978,936,886,4604,4535,4605,3626,3599,3719
19/4/2019 13:30,978,939,808,4604,4535,4508,3626,3596,3700
19/4/2019 14:00,951,898,797,4387,4313,4457,3436,3415,3660
19/4/2019 14:30,951,919,791,4387,4313,4399,3436,3394,3608
19/4/2019 15:00,886,832,731,4238,4160,4346,3352,3328,3615
19/4/2019 15:30,886,845,716,4238,4160,4302,3352,3315,3586
19/4/2019 16:00,755,728,724,4303,4228,4328,3548,3500,3604
19/4/2019 16:30,755,705,694,4303,4228,4420,3548,3523,3726
19/4/2019 17:00,586,566,634,4532,4499,4540,3946,3933,3906
19/4/2019 17:30,586,491,555,4532,4499,4622,3946,4008,4067
19/4/2019 18:00,447,384,399,4545,4528,4629,4098,4144,4230
19/4/2019 18:30,447,374,326,4545,4529,4596,4098,4155,4270
19/4/2019 19:00,382,318,287,4456,4412,4526,4074,4094,4239
19/4/2019 19:30,382,306,271,4456,4413,4462,4074,4107,4191
19/4/2019 20:00,379,286,247,4388,4366,4409,4009,4080,4162
19/4/2019 20:30,379,319,234,4388,4366,4483,4009,4047,4249
19/4/2019 21:00,387,311,221,4490,4444,4583,4103,4133,4362
19/4/2019 21:30,387,255,217,4490,4444,4456,4103,4189,4239
19/4/2019 22:00,362,236,233,4153,4090,4264,3791,3854,4031
19/4/2019 22:30,362,216,222,4153,4090,4041,3791,3874,3819
19/4/2019 23:00,245,174,207,3760,3756,3846,3515,3582,3639
19/4/2019 23:30,245,162,184,3760,3756,3670,3515,3594,3486
20/4/2019 0:00,187,118,155,3497,3496,3570,3310,3378,3415
20/4/2019 0:30,187,115,134,3497,3493,3456,3310,3378,3322
20/4/2019 1:00,149,93,115,3276,3271,3348,3127,3178,3233
20/4/2019 1:30,149,108,99,3276,3271,3249,3127,3163,3150
20/4/2019 2:00,114,91,77,3116,3115,3189,3002,3024,3112
20/4/2019 2:30,114,64,73,3116,3115,3131,3002,3051,3058
20/4/2019 3:00,84,49,63,3014,3013,3087,2930,2964,3024
20/4/2019 3:30,84,68,65,3014,3013,3042,2930,2945,2977
20/4/2019 4:00,64,59,68,3015,3021,3027,2951,2962,2959
20/4/2019 4:30,64,52,60,3015,3021,3025,2951,2969,2965
20/4/2019 5:00,51,47,0,3052,3057,3059,3001,3010,3059
20/4/2019 5:30,51,47,0,3052,3058,3097,3001,3011,3097
20/4/2019 6:00,43,45,0,3212,3215,3141,3169,3170,3141
20/4/2019 6:30,43,46,0,3212,3215,3182,3169,3169,3182
20/4/2019 7:00,37,43,0,3514,3523,3346,3477,3480,3346
20/4/2019 7:30,37,48,0,3514,3523,3560,3477,3475,3560
20/4/2019 8:00,30,42,0,3992,3983,3799,3962,3941,3799
20/4/2019 8:30,30,40,0,3992,3983,4023,3962,3943,4023
20/4/2019 9:00,25,36,0,4265,4273,4188,4240,4237,4188
20/4/2019 9:30,25,28,0,4265,4273,4290,4240,4245,4290
20/4/2019 10:00,24,28,0,4370,4372,4348,4346,4344,4348
20/4/2019 10:30,24,25,0,4370,4372,4386,4346,4347,4386
20/4/2019 11:00,24,27,0,4380,4388,4375,4356,4361,4375
20/4/2019 11:30,24,26,0,4380,4388,4366,4356,4362,4366
20/4/2019 12:00,28,29,0,4374,4366,4341,4346,4337,4341
20/4/2019 12:30,28,29,0,4374,4355,4303,4346,4326,4303
20/4/2019 13:00,35,35,42,4283,4263,4249,4248,4228,4207
20/4/2019 13:30,35,35,59,4283,4263,4167,4248,4228,4108
20/4/2019 14:00,44,43,75,4145,4154,4073,4101,4111,3998
20/4/2019 14:30,44,44,82,4145,4154,4024,4101,4110,3942
20/4/2019 15:00,57,54,91,4086,4110,3986,4029,4056,3895
20/4/2019 15:30,57,52,91,4086,4110,3973,4029,4058,3882
20/4/2019 16:00,74,63,89,4126,4135,4004,4052,4072,3915
20/4/2019 16:30,74,66,92,4126,4136,4068,4052,4070,3976
20/4/2019 17:00,91,74,87,4279,4231,4193,4188,4157,4106
20/4/2019 17:30,91,91,78,4279,4231,4305,4188,4140,4227
20/4/2019 18:00,103,102,78,4273,4219,4338,4170,4117,4260
20/4/2019 18:30,103,110,80,4273,4219,4317,4170,4109,4237
20/4/2019 19:00,110,118,92,4168,4132,4272,4058,4014,4180
20/4/2019 19:30,110,119,88,4168,4131,4183,4058,4012,4095
20/4/2019 20:00,109,130,100,4161,4147,4128,4052,4017,4028
20/4/2019 20:30,109,121,124,4161,4146,4136,4052,4025,4012
20/4/2019 21:00,108,130,157,4195,4203,4237,4087,4073,4080
20/4/2019 21:30,108,125,169,4195,4203,4166,4087,4078,3997
20/4/2019 22:00,111,139,193,3884,3884,4022,3773,3745,3829
20/4/2019 22:30,111,137,216,3884,3884,3855,3773,3747,3639
20/4/2019 23:00,84,141,212,3564,3559,3694,3480,3418,3482
20/4/2019 23:30,84,131,220,3564,3560,3530,3480,3429,3310
21/4/2019 0:00,98,141,226,3393,3392,3443,3295,3251,3217
21/4/2019 0:30,98,174,235,3393,3385,3341,3295,3211,3106
21/4/2019 1:00,127,192,239,3174,3163,3230,3047,2971,2991
21/4/2019 1:30,127,199,238,3174,3163,3130,3047,2964,2892
21/4/2019 2:00,167,216,247,3008,3003,3058,2841,2787,2811
21/4/2019 2:30,167,260,289,3008,3003,2985,2841,2743,2696
21/4/2019 3:00,199,273,313,2904,2906,2923,2705,2633,2610
21/4/2019 3:30,199,276,350,2904,2906,2875,2705,2630,2525
21/4/2019 4:00,227,292,377,2869,2882,2853,2642,2590,2476
21/4/2019 4:30,227,279,407,2869,2882,2856,2642,2603,2449
21/4/2019 5:00,265,298,420,2882,2901,2871,2617,2603,2451
21/4/2019 5:30,265,310,381,2882,2901,2886,2617,2591,2505
21/4/2019 6:00,309,333,359,2897,2909,2895,2588,2576,2536
21/4/2019 6:30,309,357,346,2897,2909,2898,2588,2552,2552
21/4/2019 7:00,358,378,354,3025,3038,3008,2667,2660,2654
21/4/2019 7:30,358,436,336,3025,3038,3164,2667,2602,2828
21/4/2019 8:00,417,445,321,3465,3447,3370,3048,3002,3049
21/4/2019 8:30,417,441,306,3465,3447,3572,3048,3006,3266
21/4/2019 9:00,512,491,294,3791,3781,3752,3279,3290,3458
21/4/2019 9:30,512,383,294,3791,3781,3909,3279,3398,3615
21/4/2019 10:00,657,508,324,4006,4016,4019,3349,3508,3695
21/4/2019 10:30,657,462,336,4006,4016,4075,3349,3554,3739
21/4/2019 11:00,845,623,355,4105,4120,4089,3260,3497,3734
21/4/2019 11:30,845,612,435,4105,4120,4099,3260,3508,3664
21/4/2019 12:00,1039,797,553,4148,4150,4133,3109,3353,3580
21/4/2019 12:30,1039,791,696,4148,4121,4142,3109,3330,3446
21/4/2019 13:00,1203,1004,810,4078,4027,4117,2875,3023,3307
21/4/2019 13:30,1203,977,914,4078,4027,4003,2875,3050,3089
21/4/2019 14:00,1315,1176,979,3965,3878,3864,2650,2702,2885
21/4/2019 14:30,1315,1075,1044,3965,3878,3760,2650,2803,2716
21/4/2019 15:00,1361,1254,1141,3920,3837,3677,2559,2583,2536
21/4/2019 15:30,1361,1265,1211,3920,3836,3604,2559,2571,2393
21/4/2019 16:00,1349,1382,1221,3949,3906,3604,2600,2524,2383
21/4/2019 16:30,1349,1397,1471,3949,3906,3631,2600,2509,2160
21/4/2019 17:00,1300,1403,1632,4044,4065,3697,2744,2662,2065
21/4/2019 17:30,1300,1352,1645,4044,4065,3754,2744,2713,2109
21/4/2019 18:00,1249,1290,1557,4054,4108,3764,2805,2818,2207
21/4/2019 18:30,1249,1240,1493,4054,4108,3775,2805,2868,2282
21/4/2019 19:00,1243,1171,1349,3997,4039,3766,2754,2868,2417
21/4/2019 19:30,1243,1218,1322,3997,4039,3735,2754,2821,2413
21/4/2019 20:00,1321,1178,1292,3984,3979,3699,2663,2801,2407
21/4/2019 20:30,1321,1358,1281,3984,3978,3711,2663,2620,2430
21/4/2019 21:00,1471,1423,1332,4071,4048,3859,2600,2625,2527
21/4/2019 21:30,1471,1479,1435,4071,4047,3811,2600,2568,2376
21/4/2019 22:00,1664,1657,1490,3763,3769,3691,2099,2112,2201
21/4/2019 22:30,1664,1549,1503,3763,3768,3534,2099,2219,2031
21/4/2019 23:00,1824,1778,1543,3444,3424,3354,1620,1646,1811
21/4/2019 23:30,1824,1782,1756,3444,3424,3227,1620,1642,1471
22/4/2019 0:00,1971,1960,1987,3160,3145,3198,1189,1185,1211
22/4/2019 0:30,1971,1979,2071,3160,3144,3114,1189,1165,1043
22/4/2019 1:00,2082,2088,1936,3010,2990,3034,928,902,1098
22/4/2019 1:30,2082,2099,1836,3010,2990,2958,928,891,1122
22/4/2019 2:00,2151,2153,1904,2906,2895,2898,755,742,994
22/4/2019 2:30,2151,2055,1878,2906,2895,2797,755,840,919
22/4/2019 3:00,2162,2086,2042,2800,2791,2783,638,705,741
22/4/2019 3:30,2162,2176,2107,2800,2790,2765,638,614,658
22/4/2019 4:00,2171,2199,2060,2763,2770,2769,592,571,709
22/4/2019 4:30,2171,2216,2081,2763,2770,2791,592,554,710
22/4/2019 5:00,2225,2258,2085,2806,2819,2826,581,561,741
22/4/2019 5:30,2225,2187,2112,2806,2819,2851,581,632,739
22/4/2019 6:00,2288,2227,2148,2875,2886,2866,587,659,718
22/4/2019 6:30,2288,2218,2135,2875,2886,2882,587,668,747
22/4/2019 7:00,2300,2190,2135,3065,3077,3011,765,887,876
22/4/2019 7:30,2300,2209,2151,3065,3077,3139,765,868,988
22/4/2019 8:00,2227,2117,2289,3438,3443,3330,1211,1326,1041
22/4/2019 8:30,2227,2090,2330,3438,3443,3508,1211,1353,1178
22/4/2019 9:00,2171,2034,2310,3693,3714,3662,1522,1680,1352
22/4/2019 9:30,2171,2077,2405,3693,3714,3792,1522,1637,1387
22/4/2019 10:00,2209,2135,2528,3899,3908,3904,1690,1773,1376
22/4/2019 10:30,2209,2154,2633,3899,3908,3960,1690,1754,1327
22/4/2019 11:00,2293,2250,2681,3968,3969,3985,1675,1719,1304
22/4/2019 11:30,2293,2324,2653,3968,3969,3955,1675,1645,1302
22/4/2019 12:00,2379,2396,2657,3986,3989,3929,1607,1593,1272
22/4/2019 12:30,2379,2484,2579,3986,3982,3896,1607,1498,1317
22/4/2019 13:00,2418,2492,2572,3888,3860,3843,1470,1368,1271
22/4/2019 13:30,2418,2596,2562,3888,3860,3771,1470,1264,1209
22/4/2019 14:00,2374,2492,2524,3741,3669,3723,1367,1177,1199
22/4/2019 14:30,2374,2539,2456,3741,3669,3675,1367,1130,1219
22/4/2019 15:00,2240,2369,2416,3664,3586,3653,1424,1217,1237
22/4/2019 15:30,2240,2308,2460,3664,3586,3667,1424,1278,1207
22/4/2019 16:00,2022,2106,2393,3751,3668,3718,1729,1562,1325
22/4/2019 16:30,2022,2046,2342,3751,3668,3794,1729,1622,1452
22/4/2019 17:00,1738,1822,2258,3975,3868,3897,2237,2046,1639
22/4/2019 17:30,1738,1822,2066,3975,3868,4020,2237,2046,1954
22/4/2019 18:00,1460,1623,1821,4016,3903,4049,2556,2280,2228
22/4/2019 18:30,1460,1673,1648,4016,3903,4022,2556,2230,2374
22/4/2019 19:00,1297,1563,1382,3945,3843,3986,2648,2280,2604
22/4/2019 19:30,1297,1628,1266,3945,3843,3939,2648,2215,2673
22/4/2019 20:00,1257,1562,1225,3910,3763,3893,2653,2201,2668
22/4/2019 20:30,1257,1644,1226,3910,3765,3935,2653,2121,2709
22/4/2019 21:00,1270,1606,1258,4100,4049,4075,2830,2443,2817
22/4/2019 21:30,1270,1445,1251,4100,4050,3962,2830,2605,2711
22/4/2019 22:00,1242,1404,1234,3774,3695,3791,2532,2291,2557
22/4/2019 22:30,1242,1305,1060,3774,3697,3584,2532,2392,2524
22/4/2019 23:00,1304,1232,923,3282,3277,3398,1978,2045,2475
22/4/2019 23:30,1304,1142,896,3282,3279,3228,1978,2137,2332
23/4/2019 0:00,1239,1057,873,3271,3264,3158,2032,2207,2285
23/4/2019 0:30,1239,1103,825,3271,3262,3068,2032,2159,2243
23/4/2019 1:00,1191,1064,839,3078,3069,2983,1887,2005,2144
23/4/2019 1:30,1191,1058,902,3078,3069,2927,1887,2011,2025
23/4/2019 2:00,1143,1070,902,2947,2939,2886,1804,1869,1984
23/4/2019 2:30,1143,859,906,2947,2939,2850,1804,2080,1944
23/4/2019 3:00,1065,852,878,2897,2892,2808,1832,2040,1930
23/4/2019 3:30,1065,791,825,2897,2892,2800,1832,2101,1975
23/4/2019 4:00,1020,788,800,2920,2914,2822,1900,2126,2022
23/4/2019 4:30,1020,751,724,2920,2914,2825,1900,2163,2101
23/4/2019 5:00,1066,782,713,2998,2996,2887,1932,2214,2174
23/4/2019 5:30,1066,834,802,2998,2996,2971,1932,2162,2169
23/4/2019 6:00,1141,909,859,3357,3356,3108,2216,2447,2249
23/4/2019 6:30,1141,913,943,3357,3356,3257,2216,2443,2314
23/4/2019 7:00,1154,966,972,4002,4002,3538,2848,3036,2566
23/4/2019 7:30,1154,953,959,4002,4002,3805,2848,3049,2846
23/4/2019 8:00,1127,900,973,4498,4467,4089,3371,3567,3116
23/4/2019 8:30,1127,854,951,4498,4466,4307,3371,3612,3356
23/4/2019 9:00,1140,785,993,4704,4704,4466,3564,3919,3473
23/4/2019 9:30,1140,927,976,4704,4704,4524,3564,3777,3548
23/4/2019 10:00,1225,950,988,4746,4756,4547,3521,3806,3559
23/4/2019 10:30,1225,956,1048,4746,4756,4581,3521,3800,3533
23/4/2019 11:00,1310,1096,1073,4747,4760,4617,3437,3664,3544
23/4/2019 11:30,1310,1073,1169,4747,4760,4639,3437,3687,3470
23/4/2019 12:00,1329,1188,1303,4751,4728,4640,3422,3540,3337
23/4/2019 12:30,1329,1237,1339,4751,4711,4631,3422,3474,3292
23/4/2019 13:00,1301,1269,1471,4647,4619,4607,3346,3350,3136
23/4/2019 13:30,1301,1283,1610,4647,4620,4523,3346,3337,2913
23/4/2019 14:00,1283,1326,1628,4560,4590,4469,3277,3264,2841
23/4/2019 14:30,1283,1342,1648,4560,4590,4385,3277,3248,2737
23/4/2019 15:00,1277,1423,1675,4564,4630,4337,3287,3207,2662
23/4/2019 15:30,1277,1483,1661,4564,4630,4320,3287,3147,2659
23/4/2019 16:00,1237,1531,1615,4655,4720,4353,3418,3189,2738
23/4/2019 16:30,1237,1639,1652,4655,4720,4419,3418,3081,2767
23/4/2019 17:00,1175,1571,1687,4794,4832,4545,3619,3261,2858
23/4/2019 17:30,1175,1669,1605,4794,4832,4616,3619,3163,3011
23/4/2019 18:00,1105,1529,1425,4714,4751,4603,3609,3222,3178
23/4/2019 18:30,1105,1525,1213,4714,4751,4497,3609,3226,3284
23/4/2019 19:00,1073,1401,1180,4523,4544,4412,3450,3143,3232
23/4/2019 19:30,1073,1295,1082,4523,4544,4355,3450,3249,3273
23/4/2019 20:00,1124,1253,1122,4390,4446,4313,3266,3193,3191
23/4/2019 20:30,1124,1330,1187,4390,4445,4340,3266,3115,3153
23/4/2019 21:00,1226,1315,1233,4502,4464,4475,3276,3149,3242
23/4/2019 21:30,1226,1104,1255,4502,4464,4402,3276,3360,3147
23/4/2019 22:00,1299,1142,1207,4107,4069,4181,2808,2927,2974
23/4/2019 22:30,1299,1152,1219,4107,4069,3917,2808,2917,2698
23/4/2019 23:00,1272,1195,1235,3696,3680,3672,2424,2485,2437
23/4/2019 23:30,1272,1128,1277,3696,3680,3475,2424,2552,2198
24/4/2019 0:00,1322,1157,1290,3289,3272,3336,1967,2115,2046
24/4/2019 0:30,1322,1253,1378,3289,3277,3250,1967,2024,1872
24/4/2019 1:00,1388,1311,1509,3099,3086,3164,1711,1775,1655
24/4/2019 1:30,1388,1330,1508,3099,3086,3081,1711,1756,1573
24/4/2019 2:00,1432,1433,1480,2988,2976,3040,1556,1543,1560
24/4/2019 2:30,1432,1406,1349,2988,2976,2984,1556,1570,1635
24/4/2019 3:00,1461,1479,1323,2935,2923,2968,1474,1444,1645
24/4/2019 3:30,1461,1434,1252,2935,2922,2939,1474,1488,1687
24/4/2019 4:00,1481,1491,1294,2937,2927,2939,1456,1436,1645
24/4/2019 4:30,1481,1491,1502,2937,2927,2967,1456,1436,1465
24/4/2019 5:00,1511,1540,1435,3034,3032,3016,1523,1492,1581
24/4/2019 5:30,1511,1614,1373,3034,3032,3067,1523,1418,1694
24/4/2019 6:00,1549,1606,1620,3416,3410,3236,1867,1804,1616
24/4/2019 6:30,1549,1462,1549,3416,3410,3396,1867,1948,1847
24/4/2019 7:00,1567,1445,1592,4060,4056,3693,2493,2611,2101
24/4/2019 7:30,1567,1366,1509,4060,4056,4015,2493,2690,2506
24/4/2019 8:00,1536,1370,1396,4549,4534,4294,3013,3164,2898
24/4/2019 8:30,1536,1484,1361,4549,4531,4494,3013,3047,3133
24/4/2019 9:00,1500,1495,1293,4755,4705,4606,3255,3210,3313
24/4/2019 9:30,1500,1525,1301,4755,4705,4671,3255,3180,3370
24/4/2019 10:00,1474,1561,1337,4792,4737,4679,3318,3176,3342
24/4/2019 10:30,1474,1598,1398,4792,4737,4714,3318,3139,3316
24/4/2019 11:00,1417,1595,1413,4779,4754,4752,3362,3159,3339
24/4/2019 11:30,1417,1498,1468,4779,4753,4751,3362,3255,3283
24/4/2019 12:00,1357,1485,1411,4749,4767,4733,3392,3282,3322
24/4/2019 12:30,1357,1371,1387,4749,4772,4738,3392,3401,3351
24/4/2019 13:00,1290,1376,1271,4675,4724,4721,3385,3348,3450
24/4/2019 13:30,1290,1380,1266,4675,4723,4643,3385,3343,3377
24/4/2019 14:00,1216,1361,1164,4644,4663,4634,3428,3302,3470
24/4/2019 14:30,1216,1439,1060,4644,4663,4611,3428,3224,3551
24/4/2019 15:00,1166,1319,1110,4690,4668,4613,3524,3349,3503
24/4/2019 15:30,1166,1307,1071,4690,4668,4635,3524,3361,3564
24/4/2019 16:00,1111,1146,1037,4806,4757,4693,3695,3611,3656
24/4/2019 16:30,1111,1036,896,4806,4757,4782,3695,3721,3886
24/4/2019 17:00,1071,855,875,4932,4878,4914,3861,4023,4039
24/4/2019 17:30,1071,810,817,4932,4878,4998,3861,4068,4181
24/4/2019 18:00,1076,712,832,4864,4793,4970,3788,4081,4138
24/4/2019 18:30,1076,682,929,4864,4793,4895,3788,4111,3966
24/4/2019 19:00,1122,627,1039,4675,4628,4795,3553,4001,3756
24/4/2019 19:30,1122,656,1078,4675,4628,4708,3553,3972,3630
24/4/2019 20:00,1198,582,1006,4630,4606,4643,3432,4024,3637
24/4/2019 20:30,1198,595,912,4630,4606,4645,3432,4011,3733
24/4/2019 21:00,1263,581,822,4525,4525,4664,3262,3944,3842
24/4/2019 21:30,1263,598,837,4525,4525,4499,3262,3927,3662
24/4/2019 22:00,1292,655,790,4115,4115,4299,2823,3460,3509
24/4/2019 22:30,1292,776,818,4115,4115,4044,2823,3339,3226
24/4/2019 23:00,824,868,787,3668,3667,3792,2844,2799,3005
24/4/2019 23:30,824,992,910,3668,3668,3559,2844,2676,2649
25/4/2019 0:00,955,1125,1017,3347,3347,3436,2392,2222,2419
25/4/2019 0:30,955,1097,1093,3347,3347,3335,2392,2250,2242
25/4/2019 1:00,1069,1211,1308,3154,3151,3261,2085,1940,1953
25/4/2019 1:30,1069,1174,1347,3154,3151,3170,2085,1977,1823
25/4/2019 2:00,1102,1174,1267,3027,3027,3154,1925,1853,1887
25/4/2019 2:30,1102,1134,1157,3027,3027,3094,1925,1893,1937
25/4/2019 3:00,1045,1016,1036,2964,2965,3043,1919,1949,2007
25/4/2019 3:30,1045,971,953,2964,2965,3020,1919,1994,2067
25/4/2019 4:00,965,861,887,2969,2968,3017,2004,2107,2130
25/4/2019 4:30,965,861,791,2969,2968,3036,2004,2107,2245
25/4/2019 5:00,920,799,745,3064,3067,3084,2144,2268,2339
25/4/2019 5:30,920,898,745,3064,3067,3163,2144,2169,2418
25/4/2019 6:00,921,830,736,3462,3468,3283,2541,2638,2547
25/4/2019 6:30,921,761,719,3462,3468,3487,2541,2707,2768
25/4/2019 7:00,920,667,693,4113,4118,3830,3193,3451,3137
25/4/2019 7:30,920,676,597,4113,4118,4124,3193,3442,3527
25/4/2019 8:00,900,594,518,4590,4614,4400,3690,4020,3882
25/4/2019 8:30,900,535,441,4590,4614,4615,3690,4079,4174
25/4/2019 9:00,904,516,402,4754,4766,4711,3850,4250,4309
25/4/2019 9:30,904,432,419,4754,4767,4767,3850,4335,4348
25/4/2019 10:00,912,409,436,4761,4771,4758,3849,4362,4322
25/4/2019 10:30,912,402,475,4761,4771,4793,3849,4369,4318
25/4/2019 11:00,928,399,462,4776,4786,4805,3848,4387,4343
25/4/2019 11:30,928,347,430,4776,4786,4823,3848,4439,4393
25/4/2019 12:00,948,368,440,4783,4775,4858,3835,4407,4418
25/4/2019 12:30,948,372,448,4783,4766,4879,3835,4394,4431
25/4/2019 13:00,941,378,409,4699,4691,4849,3758,4313,4440
25/4/2019 13:30,941,439,427,4699,4691,4777,3758,4252,4350
25/4/2019 14:00,923,407,382,4606,4638,4741,3683,4231,4359
25/4/2019 14:30,923,402,355,4606,4638,4736,3683,4236,4381
25/4/2019 15:00,883,380,385,4607,4653,4725,3724,4273,4340
25/4/2019 15:30,883,361,413,4607,4653,4702,3724,4292,4289
25/4/2019 16:00,805,361,418,4688,4753,4720,3883,4392,4302
25/4/2019 16:30,805,358,364,4688,4753,4790,3883,4395,4426
25/4/2019 17:00,713,384,343,4815,4885,4887,4102,4501,4544
25/4/2019 17:30,713,375,320,4815,4885,4941,4102,4510,4621
25/4/2019 18:00,619,445,356,4742,4809,4919,4123,4364,4563
25/4/2019 18:30,619,464,378,4742,4809,4826,4123,4345,4448
25/4/2019 19:00,530,523,423,4568,4629,4704,4038,4106,4281
25/4/2019 19:30,530,529,453,4568,4629,4609,4038,4100,4156
25/4/2019 20:00,488,558,472,4509,4512,4532,4021,3954,4060
25/4/2019 20:30,488,512,483,4509,4512,4566,4021,4000,4083
25/4/2019 21:00,500,561,545,4572,4590,4649,4072,4029,4104
25/4/2019 21:30,500,618,624,4572,4590,4544,4072,3972,3920
25/4/2019 22:00,527,707,679,4145,4170,4342,3618,3463,3663
25/4/2019 22:30,527,712,738,4145,4170,4077,3618,3458,3339
25/4/2019 23:00,940,815,750,3720,3730,3813,2780,2915,3063
25/4/2019 23:30,940,828,784,3720,3731,3609,2780,2903,2825
26/4/2019 0:00,1087,972,845,3400,3407,3488,2313,2435,2643
26/4/2019 0:30,1087,960,1060,3400,3405,3379,2313,2445,2319
26/4/2019 1:00,1206,1134,1268,3208,3214,3291,2002,2080,2023
26/4/2019 1:30,1206,1155,1451,3208,3214,3219,2002,2059,1768
26/4/2019 2:00,1374,1364,1465,3086,3092,3175,1712,1728,1710
26/4/2019 2:30,1374,1316,1553,3086,3092,3122,1712,1776,1569
26/4/2019 3:00,1583,1548,1668,3008,3015,3072,1425,1467,1404
26/4/2019 3:30,1583,1454,1756,3008,3015,3051,1425,1561,1295
26/4/2019 4:00,1686,1631,1818,3014,3018,3058,1328,1387,1240
26/4/2019 4:30,1686,1631,1870,3014,3018,3077,1328,1387,1207
26/4/2019 5:00,1718,1782,1884,3102,3108,3101,1384,1326,1217
26/4/2019 5:30,1718,2020,1857,3102,3108,3129,1384,1088,1272
26/4/2019 6:00,1788,2025,1918,3485,3490,3295,1697,1465,1377
26/4/2019 6:30,1788,1977,1887,3485,3490,3493,1697,1513,1606
26/4/2019 7:00,1816,1959,1844,4104,4103,3801,2288,2144,1957
26/4/2019 7:30,1816,1969,1859,4104,4103,4123,2288,2134,2264
26/4/2019 8:00,1829,1958,1725,4564,4559,4375,2735,2601,2650
26/4/2019 8:30,1829,1948,1754,4564,4559,4556,2735,2611,2802
26/4/2019 9:00,1901,1994,1780,4739,4753,4665,2838,2759,2885
26/4/2019 9:30,1901,1949,1809,4739,4753,4720,2838,2804,2911
26/4/2019 10:00,1977,2001,1943,4757,4797,4765,2780,2796,2822
26/4/2019 10:30,1977,1970,2021,4757,4797,4774,2780,2827,2753
26/4/2019 11:00,2020,2045,2065,4769,4831,4793,2749,2786,2728
26/4/2019 11:30,2020,1962,1998,4769,4831,4798,2749,2869,2800
26/4/2019 12:00,2077,2083,2079,4767,4860,4803,2690,2777,2724
26/4/2019 12:30,2077,2092,2225,4767,4848,4793,2690,2756,2568
26/4/2019 13:00,2138,2147,2319,4684,4771,4762,2546,2624,2443
26/4/2019 13:30,2138,2240,2421,4684,4771,4726,2546,2531,2305
26/4/2019 14:00,2223,2318,2481,4606,4684,4717,2383,2366,2236
26/4/2019 14:30,2223,2329,2498,4606,4684,4673,2383,2355,2175
26/4/2019 15:00,2338,2484,2606,4597,4653,4623,2259,2169,2017
26/4/2019 15:30,2338,2458,2752,4597,4653,4621,2259,2195,1869
26/4/2019 16:00,2445,2606,2847,4696,4705,4641,2251,2099,1794
26/4/2019 16:30,2445,2709,2916,4696,4705,4707,2251,1996,1791
26/4/2019 17:00,2531,2803,2974,4868,4843,4808,2337,2040,1834
26/4/2019 17:30,2531,2851,2919,4868,4843,4854,2337,1992,1935
26/4/2019 18:00,2518,2851,2817,4844,4808,4812,2326,1957,1995
26/4/2019 18:30,2518,2855,2751,4844,4808,4765,2326,1953,2014
26/4/2019 19:00,2370,2706,2629,4642,4616,4678,2272,1910,2049
26/4/2019 19:30,2370,2768,2408,4642,4616,4563,2272,1848,2155
26/4/2019 20:00,2142,2499,2068,4559,4512,4499,2417,2013,2431
26/4/2019 20:30,2142,2534,1742,4559,4512,4475,2417,1978,2733
26/4/2019 21:00,1947,2259,1680,4522,4509,4530,2575,2250,2850
26/4/2019 21:30,1947,2135,1500,4522,4509,4398,2575,2374,2898
26/4/2019 22:00,1818,1961,1413,4119,4111,4231,2301,2150,2818
26/4/2019 22:30,1818,1894,1452,4119,4111,4021,2301,2217,2569
26/4/2019 23:00,1945,1895,1553,3730,3720,3839,1785,1825,2286
26/4/2019 23:30,1945,1721,1689,3730,3720,3698,1785,1999,2009
27/4/2019 0:00,2175,1967,1830,3501,3493,3582,1326,1526,1752
27/4/2019 0:30,2175,1807,1941,3501,3496,3463,1326,1689,1522
27/4/2019 1:00,2425,2107,2141,3278,3275,3360,853,1168,1219
27/4/2019 1:30,2425,2066,2343,3278,3274,3294,853,1208,951
27/4/2019 2:00,2584,2249,2480,3115,3115,3211,531,866,731
27/4/2019 2:30,2584,2303,2457,3115,3115,3161,531,812,704
27/4/2019 3:00,2645,2390,2431,3009,3009,3105,364,619,674
27/4/2019 3:30,2645,2449,2427,3009,3009,3050,364,560,623
27/4/2019 4:00,2673,2472,2409,2984,2984,3031,311,512,622
27/4/2019 4:30,2673,2472,2409,2984,2984,3026,311,512,617
27/4/2019 5:00,2710,2512,2427,3019,3021,3048,309,509,621
27/4/2019 5:30,2710,2661,2432,3019,3021,3050,309,360,618
27/4/2019 6:00,2763,2726,2420,3117,3118,3067,354,392,647
27/4/2019 6:30,2763,2609,2497,3117,3118,3159,354,509,662
27/4/2019 7:00,2839,2747,2658,3442,3452,3333,603,705,675
27/4/2019 7:30,2839,2729,2707,3442,3452,3538,603,723,831
27/4/2019 8:00,2912,2855,2811,3916,3943,3760,1004,1088,949
27/4/2019 8:30,2912,2844,2995,3916,3943,3987,1004,1099,992
27/4/2019 9:00,2959,2915,3134,4240,4260,4185,1281,1345,1051
27/4/2019 9:30,2959,2912,3166,4240,4260,4324,1281,1348,1158
27/4/2019 10:00,3009,2967,3226,4408,4411,4407,1399,1444,1181
27/4/2019 10:30,3009,2996,3314,4408,4411,4460,1399,1415,1146
27/4/2019 11:00,3042,3033,3328,4464,4455,4490,1422,1422,1162
27/4/2019 11:30,3042,3042,3295,4464,4455,4498,1422,1413,1203
27/4/2019 12:00,3062,3071,3294,4492,4464,4514,1430,1393,1220
27/4/2019 12:30,3062,3164,3292,4492,4460,4520,1430,1296,1228
27/4/2019 13:00,3087,3167,3252,4387,4364,4470,1300,1197,1218
27/4/2019 13:30,3087,3204,3239,4387,4364,4397,1300,1160,1158
27/4/2019 14:00,3107,3198,3156,4243,4230,4302,1136,1032,1146
27/4/2019 14:30,3107,3283,3068,4243,4230,4234,1136,947,1166
27/4/2019 15:00,3116,3250,3078,4195,4175,4196,1079,925,1118
27/4/2019 15:30,3116,3257,3078,4195,4175,4179,1079,918,1101
27/4/2019 16:00,3090,3206,3073,4242,4231,4199,1152,1025,1126
27/4/2019 16:30,3090,3182,3080,4242,4232,4249,1152,1050,1169
27/4/2019 17:00,3010,3085,3104,4365,4351,4340,1355,1266,1236
27/4/2019 17:30,3010,3048,3191,4365,4351,4410,1355,1303,1219
27/4/2019 18:00,2826,2863,3217,4341,4307,4421,1515,1444,1204
27/4/2019 18:30,2826,2794,3110,4341,4307,4366,1515,1513,1256
27/4/2019 19:00,2480,2498,3035,4191,4189,4291,1711,1691,1256
27/4/2019 19:30,2480,2504,2867,4191,4189,4218,1711,1685,1351
27/4/2019 20:00,2020,2093,2599,4115,4104,4138,2095,2011,1539
27/4/2019 20:30,2020,2165,2321,4115,4104,4094,2095,1939,1773
27/4/2019 21:00,1566,1699,2043,4223,4197,4179,2657,2498,2136
27/4/2019 21:30,1566,1887,1885,4223,4197,4171,2657,2310,2286
27/4/2019 22:00,1194,1431,1532,3893,3878,4000,2699,2447,2468
27/4/2019 22:30,1194,1460,1243,3893,3879,3814,2699,2419,2571
27/4/2019 23:00,827,1073,1106,3583,3572,3659,2756,2499,2553
27/4/2019 23:30,827,1093,942,3583,3572,3515,2756,2479,2573
28/4/2019 0:00,625,805,839,3450,3436,3433,2825,2631,2594
28/4/2019 0:30,625,751,744,3450,3440,3346,2825,2689,2602
28/4/2019 1:00,494,577,700,3231,3222,3255,2737,2645,2555
28/4/2019 1:30,494,565,609,3231,3222,3150,2737,2657,2541
28/4/2019 2:00,418,467,534,3060,3053,3091,2642,2586,2557
28/4/2019 2:30,418,434,470,3060,3053,3033,2642,2619,2563
28/4/2019 3:00,379,372,447,2943,2934,2971,2564,2562,2524
28/4/2019 3:30,379,363,412,2943,2934,2946,2564,2571,2534
28/4/2019 4:00,345,326,374,2905,2899,2930,2560,2573,2556
28/4/2019 4:30,345,321,356,2905,2899,2930,2560,2578,2574
28/4/2019 5:00,314,292,350,2937,2934,2961,2623,2642,2611
28/4/2019 5:30,314,363,327,2937,2934,2949,2623,2571,2622
28/4/2019 6:00,300,340,370,2978,2975,2945,2678,2635,2575
28/4/2019 6:30,300,321,464,2978,2976,2993,2678,2655,2529
28/4/2019 7:00,325,324,499,3135,3138,3087,2810,2814,2588
28/4/2019 7:30,325,291,499,3135,3138,3220,2810,2847,2721
28/4/2019 8:00,372,335,475,3528,3517,3404,3156,3182,2929
28/4/2019 8:30,372,373,463,3528,3517,3573,3156,3144,3110
28/4/2019 9:00,422,429,482,3859,3866,3741,3437,3437,3259
28/4/2019 9:30,422,426,458,3859,3866,3911,3437,3440,3453
28/4/2019 10:00,480,481,499,4108,4118,4077,3628,3637,3578
28/4/2019 10:30,480,543,549,4108,4118,4168,3628,3575,3619
28/4/2019 11:00,547,576,588,4248,4252,4251,3701,3676,3663
28/4/2019 11:30,547,576,607,4248,4252,4317,3701,3676,3710
28/4/2019 12:00,625,617,622,4312,4317,4394,3687,3700,3772
28/4/2019 12:30,625,609,581,4312,4332,4453,3687,3723,3872
28/4/2019 13:00,697,665,583,4250,4267,4470,3553,3602,3887
28/4/2019 13:30,697,647,568,4250,4267,4381,3553,3620,3813
28/4/2019 14:00,733,698,618,4127,4130,4310,3394,3432,3692
28/4/2019 14:30,733,716,631,4127,4129,4235,3394,3413,3604
28/4/2019 15:00,713,709,622,4073,4074,4205,3360,3365,3583
28/4/2019 15:30,713,714,601,4073,4074,4174,3360,3360,3573
28/4/2019 16:00,655,650,545,4126,4117,4214,3471,3467,3669
28/4/2019 16:30,655,599,508,4126,4117,4279,3471,3518,3771
28/4/2019 17:00,578,538,457,4259,4251,4355,3681,3713,3898
28/4/2019 17:30,578,532,474,4259,4252,4420,3681,3720,3946
28/4/2019 18:00,510,492,482,4244,4253,4434,3734,3761,3952
28/4/2019 18:30,510,488,503,4244,4253,4414,3734,3765,3911
28/4/2019 19:00,488,484,499,4168,4154,4360,3680,3670,3861
28/4/2019 19:30,488,453,521,4168,4154,4281,3680,3701,3760
28/4/2019 20:00,513,477,543,4129,4092,4242,3616,3615,3699
28/4/2019 20:30,513,467,552,4129,4092,4235,3616,3625,3683
28/4/2019 21:00,560,515,573,4200,4179,4333,3640,3664,3760
28/4/2019 21:30,560,545,612,4200,4180,4260,3640,3635,3648
28/4/2019 22:00,600,595,618,3873,3863,4065,3273,3268,3447
28/4/2019 22:30,600,607,673,3873,3864,3834,3273,3257,3161
28/4/2019 23:00,683,615,703,3521,3519,3585,2838,2904,2882
28/4/2019 23:30,683,618,640,3521,3519,3383,2838,2901,2743
29/4/2019 0:00,676,579,656,3235,3226,3311,2559,2647,2655
29/4/2019 0:30,676,581,628,3235,3238,3209,2559,2657,2581
29/4/2019 1:00,660,550,631,3069,3073,3128,2409,2523,2497
29/4/2019 1:30,660,562,631,3069,3074,3055,2409,2512,2424
29/4/2019 2:00,646,543,633,2961,2966,3002,2315,2423,2369
29/4/2019 2:30,646,562,631,2961,2966,2955,2315,2404,2324
29/4/2019 3:00,636,559,548,2905,2911,2932,2269,2352,2384
29/4/2019 3:30,636,454,517,2905,2910,2913,2269,2456,2396
29/4/2019 4:00,640,480,523,2911,2918,2911,2271,2438,2388
29/4/2019 4:30,640,480,597,2911,2918,2932,2271,2438,2335
29/4/2019 5:00,672,547,600,3002,3009,2999,2330,2462,2399
29/4/2019 5:30,672,620,650,3002,3009,3081,2330,2389,2431
29/4/2019 6:00,731,695,722,3456,3461,3269,2725,2766,2547
29/4/2019 6:30,731,688,687,3456,3461,3527,2725,2773,2840
29/4/2019 7:00,802,773,730,4184,4193,3979,3382,3420,3249
29/4/2019 7:30,802,725,803,4184,4193,4383,3382,3468,3580
29/4/2019 8:00,874,830,962,4642,4638,4647,3768,3808,3685
29/4/2019 8:30,874,840,1112,4642,4638,4761,3768,3798,3649
29/4/2019 9:00,967,992,1148,4837,4835,4829,3870,3843,3681
29/4/2019 9:30,967,1041,1311,4837,4835,4890,3870,3794,3579
29/4/2019 10:00,1111,1245,1509,4885,4900,4881,3774,3655,3372
29/4/2019 10:30,1111,1191,1599,4885,4900,4897,3774,3709,3298
29/4/2019 11:00,1290,1395,1670,4898,4933,4911,3608,3538,3241
29/4/2019 11:30,1290,1456,1747,4898,4933,4938,3608,3477,3191
29/4/2019 12:00,1466,1625,1755,4908,4964,4928,3442,3339,3173
29/4/2019 12:30,1466,1720,1822,4908,4953,4949,3442,3233,3127
29/4/2019 13:00,1610,1839,1850,4830,4877,4898,3220,3038,3048
29/4/2019 13:30,1610,1979,1838,4830,4877,4777,3220,2898,2939
29/4/2019 14:00,1700,2015,1916,4765,4814,4762,3065,2799,2846
29/4/2019 14:30,1700,1992,1921,4765,4814,4747,3065,2822,2826
29/4/2019 15:00,1740,1971,1943,4774,4827,4773,3034,2856,2830
29/4/2019 15:30,1740,2093,1932,4774,4827,4804,3034,2734,2872
29/4/2019 16:00,1746,2056,1935,4858,4895,4844,3112,2839,2909
29/4/2019 16:30,1746,2048,1918,4858,4895,4987,3112,2847,3069
29/4/2019 17:00,1725,2057,1945,4989,5019,5079,3264,2962,3134
29/4/2019 17:30,1725,2036,2037,4989,5019,5113,3264,2983,3076
29/4/2019 18:00,1698,2056,2000,4908,4917,5055,3210,2861,3055
29/4/2019 18:30,1698,2056,2091,4908,4917,4970,3210,2861,2879
29/4/2019 19:00,1686,2057,2024,4717,4731,4813,3031,2674,2789
29/4/2019 19:30,1686,2043,1987,4717,4730,4745,3031,2687,2758
29/4/2019 20:00,1702,2071,2001,4634,4683,4691,2932,2612,2690
29/4/2019 20:30,1702,2039,2026,4634,4683,4701,2932,2644,2675
29/4/2019 21:00,1733,2064,2163,4635,4669,4735,2902,2605,2572
29/4/2019 21:30,1733,2141,2235,4635,4669,4605,2902,2528,2370
29/4/2019 22:00,1754,2187,2213,4187,4195,4363,2433,2008,2150
29/4/2019 22:30,1754,2147,2314,4187,4195,4112,2433,2048,1798
29/4/2019 23:00,1988,2175,2373,3698,3695,3864,1710,1520,1491
29/4/2019 23:30,1988,2197,2369,3698,3695,3621,1710,1498,1252
30/4/2019 0:00,1984,2192,2317,3406,3405,3521,1422,1213,1204
30/4/2019 0:30,1984,2240,2350,3406,3405,3452,1422,1165,1102
30/4/2019 1:00,1959,2145,2242,3221,3220,3346,1262,1075,1104
30/4/2019 1:30,1959,2149,2181,3221,3220,3276,1262,1071,1095
30/4/2019 2:00,1894,1987,2148,3089,3089,3207,1195,1102,1059
30/4/2019 2:30,1894,2092,2155,3089,3091,3157,1195,999,1002
30/4/2019 3:00,1775,1914,2075,3030,3032,3075,1255,1118,1000
30/4/2019 3:30,1775,1922,2037,3030,3032,3050,1255,1110,1013
30/4/2019 4:00,1632,1787,2006,3032,3034,3055,1400,1247,1049
30/4/2019 4:30,1632,1788,1985,3032,3034,3077,1400,1246,1092
30/4/2019 5:00,1532,1706,2029,3139,3143,3143,1607,1437,1114
30/4/2019 5:30,1532,1690,2008,3139,3143,3225,1607,1453,1217
30/4/2019 6:00,1428,1576,1943,3563,3565,3403,2135,1989,1460
30/4/2019 6:30,1428,1653,1868,3563,3565,3674,2135,1912,1806
30/4/2019 7:00,1308,1445,1768,4280,4292,4121,2972,2847,2353
30/4/2019 7:30,1308,1530,1618,4280,4292,4534,2972,2762,2916
30/4/2019 8:00,1212,1266,1504,4716,4737,4802,3504,3471,3298
30/4/2019 8:30,1212,1369,1353,4716,4725,4894,3504,3356,3541
30/4/2019 9:00,1099,1116,1127,4897,4883,4955,3798,3767,3828
30/4/2019 9:30,1099,1269,1013,4897,4883,5004,3798,3614,3991
30/4/2019 10:00,928,1039,933,4942,4913,4980,4014,3874,4047
30/4/2019 10:30,928,1017,840,4942,4913,4976,4014,3896,4136
30/4/2019 11:00,723,818,760,4951,4926,4992,4228,4108,4232
30/4/2019 11:30,723,766,653,4951,4926,4983,4228,4160,4330
30/4/2019 12:00,583,632,576,4972,4923,4970,4389,4291,4394
30/4/2019 12:30,583,554,499,4972,4924,4985,4389,4370,4486
30/4/2019 13:00,526,518,456,4902,4839,4946,4376,4321,4490
30/4/2019 13:30,526,522,429,4902,4839,4870,4376,4317,4441
30/4/2019 14:00,500,522,398,4845,4784,4882,4345,4262,4484
30/4/2019 14:30,500,493,413,4845,4784,4862,4345,4291,4449
30/4/2019 15:00,496,496,411,4856,4810,4866,4360,4314,4455
30/4/2019 15:30,496,437,423,4856,4812,4926,4360,4375,4503
30/4/2019 16:00,478,429,399,4936,4939,4994,4458,4510,4595
30/4/2019 16:30,478,394,415,4936,4939,5107,4458,4545,4692
30/4/2019 17:00,427,372,461,5051,5069,5191,4624,4697,4730
30/4/2019 17:30,427,341,452,5051,5069,5227,4624,4728,4775
30/4/2019 18:00,381,311,456,4950,4969,5154,4569,4658,4698
30/4/2019 18:30,381,295,440,4950,4969,5035,4569,4674,4595
30/4/2019 19:00,325,254,409,4746,4762,4930,4421,4508,4521
30/4/2019 19:30,325,285,366,4746,4762,4861,4421,4477,4495
30/4/2019 20:00,264,224,336,4626,4656,4772,4362,4432,4436
30/4/2019 20:30,264,267,334,4626,4656,4746,4362,4389,4412
30/4/2019 21:00,229,220,309,4714,4682,4826,4485,4462,4517
30/4/2019 21:30,229,224,310,4714,4682,4781,4485,4458,4471
30/4/2019 22:00,209,207,280,4248,4234,4569,4039,4027,4289
30/4/2019 22:30,209,210,269,4248,4234,4267,4039,4024,3998
30/4/2019 23:00,185,197,257,3771,3773,3986,3586,3576,3729
30/4/2019 23:30,185,189,251,3771,3773,3768,3586,3584,3517
1/5/2019 0:00,181,185,230,3455,3457,3640,3274,3272,3410
1/5/2019 0:30,181,238,184,3455,3455,3500,3274,3217,3316
1/5/2019 1:00,201,240,194,3270,3270,3409,3069,3030,3215
1/5/2019 1:30,201,244,192,3270,3270,3317,3069,3026,3125
1/5/2019 2:00,210,252,200,3152,3151,3258,2942,2899,3058
1/5/2019 2:30,210,237,224,3152,3151,3205,2942,2914,2981
1/5/2019 3:00,215,243,241,3082,3082,3159,2867,2839,2918
1/5/2019 3:30,215,266,248,3082,3082,3144,2867,2816,2896
1/5/2019 4:00,213,259,245,3097,3098,3135,2884,2839,2890
1/5/2019 4:30,213,246,259,3097,3098,3150,2884,2852,2891
1/5/2019 5:00,202,229,259,3201,3201,3203,2999,2972,2944
1/5/2019 5:30,202,215,245,3201,3201,3274,2999,2986,3029
1/5/2019 6:00,195,218,253,3634,3634,3434,3439,3416,3181
1/5/2019 6:30,195,228,241,3634,3634,3697,3439,3406,3456
1/5/2019 7:00,195,236,228,4400,4403,4161,4205,4167,3933
1/5/2019 7:30,195,246,223,4400,4403,4551,4205,4157,4328
1/5/2019 8:00,225,273,201,4811,4822,4813,4586,4549,4612
1/5/2019 8:30,225,271,200,4811,4822,4865,4586,4551,4665
1/5/2019 9:00,288,351,216,4932,4951,4877,4644,4600,4661
1/5/2019 9:30,288,352,244,4932,4951,4893,4644,4599,4649
1/5/2019 10:00,342,424,293,4898,4928,4833,4556,4504,4540
1/5/2019 10:30,342,378,307,4898,4928,4806,4556,4550,4499
1/5/2019 11:00,378,457,345,4852,4876,4762,4474,4419,4417
1/5/2019 11:30,378,425,404,4852,4876,4732,4474,4451,4328
1/5/2019 12:00,420,536,428,4826,4842,4723,4406,4306,4295
1/5/2019 12:30,420,525,448,4826,4821,4721,4406,4296,4273
1/5/2019 13:00,494,644,576,4720,4715,4665,4226,4071,4089
1/5/2019 13:30,494,641,582,4720,4715,4608,4226,4074,4026
1/5/2019 14:00,564,752,635,4671,4670,4600,4107,3918,3965
1/5/2019 14:30,564,694,762,4671,4670,4592,4107,3976,3830
1/5/2019 15:00,647,813,738,4695,4699,4598,4048,3886,3860
1/5/2019 15:30,647,764,816,4695,4699,4649,4048,3935,3833
1/5/2019 16:00,713,876,843,4820,4824,4702,4107,3948,3859
1/5/2019 16:30,713,857,896,4820,4824,4817,4107,3967,3921
1/5/2019 17:00,735,907,973,4968,4975,4908,4233,4068,3935
1/5/2019 17:30,735,878,967,4968,4975,4993,4233,4097,4026
1/5/2019 18:00,738,868,986,4896,4908,4944,4158,4040,3958
1/5/2019 18:30,738,916,945,4896,4908,4861,4158,3992,3916
1/5/2019 19:00,686,852,897,4705,4738,4772,4019,3886,3875
1/5/2019 19:30,686,842,796,4705,4738,4697,4019,3896,3901
1/5/2019 20:00,605,753,777,4612,4658,4619,4007,3905,3842
1/5/2019 20:30,605,785,703,4612,4658,4579,4007,3873,3876
1/5/2019 21:00,521,705,680,4710,4727,4680,4189,4022,4000
1/5/2019 21:30,521,655,681,4710,4727,4618,4189,4072,3937
1/5/2019 22:00,473,600,717,4266,4267,4416,3793,3667,3699
1/5/2019 22:30,473,599,787,4266,4267,4179,3793,3668,3392
1/5/2019 23:00,666,603,785,3812,3802,3905,3146,3199,3120
1/5/2019 23:30,666,532,818,3812,3802,3666,3146,3270,2848
2/5/2019 0:00,686,583,835,3494,3481,3528,2808,2898,2693
2/5/2019 0:30,686,625,856,3494,3490,3417,2808,2865,2561
2/5/2019 1:00,717,668,814,3302,3297,3318,2585,2629,2504
2/5/2019 1:30,717,731,760,3302,3297,3241,2585,2566,2481
2/5/2019 2:00,740,754,789,3175,3171,3195,2435,2417,2406
2/5/2019 2:30,740,808,802,3175,3171,3148,2435,2363,2346
2/5/2019 3:00,758,804,796,3104,3100,3097,2346,2296,2301
2/5/2019 3:30,758,868,840,3104,3100,3089,2346,2232,2249
2/5/2019 4:00,739,821,816,3107,3104,3082,2368,2283,2266
2/5/2019 4:30,739,787,828,3107,3104,3084,2368,2317,2256
2/5/2019 5:00,693,736,771,3198,3196,3124,2505,2460,2353
2/5/2019 5:30,693,671,791,3198,3196,3197,2505,2525,2406
2/5/2019 6:00,650,637,808,3597,3593,3379,2947,2956,2571
2/5/2019 6:30,650,646,827,3597,3593,3656,2947,2947,2829
2/5/2019 7:00,653,637,756,4334,4328,4089,3681,3691,3333
2/5/2019 7:30,653,610,676,4334,4328,4458,3681,3718,3782
2/5/2019 8:00,707,636,650,4758,4741,4696,4051,4105,4046
2/5/2019 8:30,707,684,633,4758,4741,4773,4051,4057,4140
2/5/2019 9:00,773,708,620,4889,4843,4825,4116,4135,4205
2/5/2019 9:30,773,776,622,4889,4843,4842,4116,4067,4220
2/5/2019 10:00,816,723,609,4890,4842,4803,4074,4119,4194
2/5/2019 10:30,816,705,568,4890,4842,4786,4074,4137,4218
2/5/2019 11:00,822,631,478,4882,4837,4797,4060,4206,4319
2/5/2019 11:30,822,561,427,4882,4837,4793,4060,4276,4366
2/5/2019 12:00,771,522,426,4874,4837,4808,4103,4315,4382
2/5/2019 12:30,771,502,464,4874,4822,4820,4103,4320,4356
2/5/2019 13:00,693,495,463,4797,4749,4762,4104,4254,4299
2/5/2019 13:30,693,487,435,4797,4749,4681,4104,4262,4246
2/5/2019 14:00,651,488,434,4757,4705,4676,4106,4217,4242
2/5/2019 14:30,651,454,388,4757,4701,4680,4106,4247,4292
2/5/2019 15:00,615,449,362,4785,4711,4690,4170,4262,4328
2/5/2019 15:30,615,394,321,4785,4738,4727,4170,4344,4406
2/5/2019 16:00,543,378,287,4875,4784,4775,4332,4406,4488
2/5/2019 16:30,543,397,267,4875,4852,4867,4332,4455,4600
2/5/2019 17:00,458,372,257,4987,4930,4926,4529,4558,4669
2/5/2019 17:30,458,325,240,4987,4952,4974,4529,4627,4734
2/5/2019 18:00,409,305,238,4918,4908,4918,4509,4603,4680
2/5/2019 18:30,409,247,221,4918,4830,4832,4509,4583,4611
2/5/2019 19:00,380,231,204,4724,4726,4726,4344,4495,4522
2/5/2019 19:30,380,171,212,4724,4612,4654,4344,4441,4442
2/5/2019 20:00,360,169,212,4602,4518,4583,4242,4349,4371
2/5/2019 20:30,360,189,193,4602,4554,4546,4242,4365,4353
2/5/2019 21:00,357,200,201,4705,4679,4611,4348,4479,4410
2/5/2019 21:30,357,224,219,4705,4621,4642,4348,4397,4423
2/5/2019 22:00,351,237,285,4259,4364,4448,3908,4127,4163
2/5/2019 22:30,351,228,283,4259,4095,4190,3908,3867,3907
2/5/2019 23:00,373,230,273,3771,3863,3923,3398,3633,3650
2/5/2019 23:30,373,238,269,3771,3671,3689,3398,3433,3420
3/5/2019 0:00,376,241,285,3462,3517,3546,3086,3276,3261
3/5/2019 0:30,376,251,303,3462,3399,3444,3086,3148,3141
3/5/2019 1:00,389,259,308,3266,3302,3338,2877,3043,3030
3/5/2019 1:30,389,292,284,3266,3224,3254,2877,2932,2970
3/5/2019 2:00,414,296,291,3135,3160,3197,2721,2864,2906
3/5/2019 2:30,414,291,308,3135,3110,3147,2721,2819,2839
3/5/2019 3:00,442,313,295,3066,3075,3118,2624,2762,2823
3/5/2019 3:30,442,369,317,3066,3059,3088,2624,2690,2771
3/5/2019 4:00,477,408,420,3060,3059,3108,2583,2651,2688
3/5/2019 4:30,477,460,474,3060,3069,3125,2583,2609,2651
3/5/2019 5:00,545,505,511,3142,3097,3163,2597,2592,2652
3/5/2019 5:30,545,538,547,3142,3195,3226,2597,2657,2679
3/5/2019 6:00,667,570,561,3540,3384,3391,2873,2814,2830
3/5/2019 6:30,667,574,550,3540,3698,3655,2873,3124,3105
3/5/2019 7:00,792,624,592,4269,4102,4088,3477,3478,3496
3/5/2019 7:30,792,703,668,4269,4422,4477,3477,3719,3809
3/5/2019 8:00,881,780,719,4714,4627,4732,3833,3847,4013
3/5/2019 8:30,881,894,799,4714,4758,4831,3833,3864,4032
3/5/2019 9:00,1012,960,889,4863,4829,4860,3851,3869,3971
3/5/2019 9:30,1012,971,952,4863,4858,4861,3851,3887,3909
3/5/2019 10:00,1141,1000,933,4869,4855,4791,3728,3855,3858
3/5/2019 10:30,1141,971,989,4869,4842,4780,3728,3871,3791
3/5/2019 11:00,1194,983,932,4857,4829,4756,3663,3846,3824
3/5/2019 11:30,1194,974,989,4857,4828,4752,3663,3854,3763
3/5/2019 12:00,1220,990,1013,4853,4836,4742,3633,3846,3729
3/5/2019 12:30,1220,1045,992,4853,4776,4713,3633,3731,3721
3/5/2019 13:00,1300,1084,1035,4751,4719,4633,3451,3635,3598
3/5/2019 13:30,1300,1112,1048,4751,4664,4525,3451,3552,3477
3/5/2019 14:00,1405,1170,1078,4650,4624,4483,3245,3454,3405
3/5/2019 14:30,1405,1205,1129,4650,4603,4451,3245,3398,3322
3/5/2019 15:00,1467,1268,1167,4642,4605,4433,3175,3337,3266
3/5/2019 15:30,1467,1375,1283,4642,4622,4508,3175,3247,3225
3/5/2019 16:00,1512,1426,1370,4707,4653,4524,3195,3227,3154
3/5/2019 16:30,1512,1450,1404,4707,4705,4571,3195,3255,3167
3/5/2019 17:00,1563,1474,1428,4818,4764,4662,3255,3290,3234
3/5/2019 17:30,1563,1473,1495,4818,4779,4711,3255,3306,3216
3/5/2019 18:00,1605,1504,1531,4761,4739,4670,3156,3235,3139
3/5/2019 18:30,1605,1506,1603,4761,4669,4618,3156,3163,3015
3/5/2019 19:00,1566,1520,1530,4585,4576,4540,3019,3056,3010
3/5/2019 19:30,1566,1546,1479,4585,4482,4433,3019,2936,2954
3/5/2019 20:00,1453,1529,1416,4476,4410,4356,3023,2881,2940
3/5/2019 20:30,1453,1490,1345,4476,4442,4319,3023,2952,2974
3/5/2019 21:00,1356,1465,1371,4545,4540,4375,3189,3075,3004
3/5/2019 21:30,1356,1442,1300,4545,4492,4402,3189,3050,3102
3/5/2019 22:00,1301,1422,1310,4166,4280,4258,2865,2858,2948
3/5/2019 22:30,1301,1421,1357,4166,4048,4068,2865,2627,2711
3/5/2019 23:00,1463,1417,1470,3855,3843,3896,2392,2426,2426
3/5/2019 23:30,1469,1388,1391,3697,3686,3730,2228,2298,2339
4/5/2019 0:00,1467,1398,1402,3583,3571,3626,2116,2173,2224
4/5/2019 0:30,1457,1374,1409,3472,3454,3516,2015,2080,2107
4/5/2019 1:00,1443,1388,1413,3359,3343,3373,1916,1955,1960
4/5/2019 1:30,1425,1385,1445,3260,3247,3269,1835,1862,1824
4/5/2019 2:00,1406,1377,1396,3180,3164,3217,1774,1787,1821
4/5/2019 2:30,1386,1432,1462,3114,3099,3166,1728,1667,1704
4/5/2019 3:00,1360,1400,1431,3065,3051,3119,1705,1651,1688
4/5/2019 3:30,1327,1394,1427,3036,3024,3105,1709,1630,1678
4/5/2019 4:00,1292,1367,1431,3028,3019,3098,1736,1652,1667
4/5/2019 4:30,1256,1336,1430,3037,3032,3102,1781,1696,1672
4/5/2019 5:00,1225,1308,1417,3057,3056,3140,1832,1748,1723
4/5/2019 5:30,1199,1266,1467,3074,3076,3141,1875,1810,1674
4/5/2019 6:00,1164,1239,1399,3103,3106,3163,1939,1867,1764
4/5/2019 6:30,1121,1238,1328,3230,3236,3247,2109,1998,1919
4/5/2019 7:00,1108,1223,1185,3455,3465,3413,2347,2242,2228
4/5/2019 7:30,1124,1229,1117,3696,3715,3617,2572,2486,2500
4/5/2019 8:00,1146,1232,1099,3923,3952,3853,2777,2720,2754
4/5/2019 8:30,1172,1263,1315,4104,4123,4056,2932,2860,2741
4/5/2019 9:00,1170,1249,1354,4232,4221,4205,3062,2972,2851
4/5/2019 9:30,1138,1398,1282,4316,4283,4286,3178,2885,3004
4/5/2019 10:00,1089,1339,1356,4359,4320,4341,3270,2981,2985
4/5/2019 10:30,1023,1169,1277,4368,4331,4354,3345,3162,3077
4/5/2019 11:00,961,1077,1219,4353,4327,4353,3392,3250,3134
4/5/2019 11:30,903,902,1080,4350,4326,4329,3447,3424,3249
4/5/2019 12:00,841,815,952,4353,4324,4314,3512,3509,3362
4/5/2019 12:30,776,817,907,4303,4273,4294,3527,3456,3387
4/5/2019 13:00,722,731,806,4199,4210,4251,3477,3479,3445
4/5/2019 13:30,681,653,691,4107,4131,4153,3426,3478,3462
4/5/2019 14:00,645,594,603,4045,4052,4085,3400,3458,3482
4/5/2019 14:30,614,592,549,4022,4007,4036,3408,3415,3487
4/5/2019 15:00,588,563,528,4034,4005,4000,3446,3442,3472
4/5/2019 15:30,567,583,513,4062,4018,4005,3495,3435,3492
4/5/2019 16:00,547,560,510,4102,4050,4017,3555,3490,3507
4/5/2019 16:30,527,558,493,4167,4120,4097,3640,3562,3604
4/5/2019 17:00,511,535,465,4245,4220,4201,3734,3685,3736
4/5/2019 17:30,496,471,467,4283,4269,4282,3787,3798,3815
4/5/2019 18:00,479,452,457,4272,4259,4299,3793,3807,3842
4/5/2019 18:30,459,412,457,4228,4216,4268,3769,3804,3811
4/5/2019 19:00,437,394,403,4157,4153,4207,3720,3759,3804
4/5/2019 19:30,415,377,367,4078,4072,4133,3663,3695,3766
4/5/2019 20:00,391,364,317,4019,4004,4057,3628,3640,3740
4/5/2019 20:30,364,349,294,4079,4054,4026,3715,3705,3732
4/5/2019 21:00,341,329,310,4222,4190,4035,3881,3861,3725
4/5/2019 21:30,323,308,316,4211,4176,4142,3888,3868,3826
4/5/2019 22:00,303,283,326,4025,3998,4053,3722,3715,3727
4/5/2019 22:30,282,253,350,3827,3810,3883,3545,3557,3533
4/5/2019 23:00,224,239,331,3665,3665,3707,3441,3426,3376
4/5/2019 23:30,221,199,329,3581,3581,3564,3360,3382,3235
5/5/2019 0:00,218,195,298,3542,3542,3489,3324,3347,3191
5/5/2019 0:30,215,201,269,3458,3456,3396,3243,3255,3127
5/5/2019 1:00,207,188,253,3324,3321,3303,3117,3133,3050
5/5/2019 1:30,193,200,234,3210,3211,3207,3017,3011,2973
5/5/2019 2:00,179,187,221,3131,3134,3148,2952,2947,2927
5/5/2019 2:30,165,210,224,3066,3071,3086,2901,2861,2862
5/5/2019 3:00,154,196,216,3012,3019,3038,2858,2823,2822
5/5/2019 3:30,148,176,196,2977,2988,3002,2829,2812,2806
5/5/2019 4:00,139,165,171,2963,2973,3003,2824,2808,2832
5/5/2019 4:30,127,156,141,2965,2978,3010,2838,2822,2869
5/5/2019 5:00,116,149,120,2977,2990,3018,2861,2841,2898
5/5/2019 5:30,106,150,127,2968,2983,2953,2862,2833,2826
5/5/2019 6:00,101,145,121,2946,2960,2961,2845,2815,2840
5/5/2019 6:30,100,151,109,2968,2981,3027,2868,2830,2918
5/5/2019 7:00,98,145,106,3057,3065,3143,2959,2920,3037
5/5/2019 7:30,95,127,87,3238,3239,3282,3143,3112,3195
5/5/2019 8:00,96,125,76,3490,3480,3465,3394,3355,3389
5/5/2019 8:30,101,98,67,3694,3682,3650,3593,3584,3583
5/5/2019 9:00,113,108,70,3830,3828,3815,3717,3720,3745
5/5/2019 9:30,131,129,82,3946,3951,3956,3815,3822,3874
5/5/2019 10:00,148,139,50,4050,4059,4074,3902,3920,4024
5/5/2019 10:30,164,135,124,4127,4140,4159,3963,4005,4035
5/5/2019 11:00,174,146,146,4181,4198,4201,4007,4052,4055
5/5/2019 11:30,180,135,179,4228,4245,4210,4048,4110,4031
5/5/2019 12:00,183,145,185,4265,4280,4253,4082,4135,4068
5/5/2019 12:30,183,152,216,4261,4270,4291,4078,4118,4075
5/5/2019 13:00,185,156,212,4214,4225,4276,4029,4069,4064
5/5/2019 13:30,188,159,217,4147,4161,4191,3959,4002,3974
5/5/2019 14:00,190,158,205,4073,4091,4099,3883,3933,3894
5/5/2019 14:30,190,170,225,4024,4043,4018,3834,3873,3793
5/5/2019 15:00,191,172,229,4006,4021,3981,3815,3849,3752
5/5/2019 15:30,194,204,222,4009,4015,3947,3815,3811,3725
5/5/2019 16:00,199,207,221,4034,4025,3971,3835,3818,3750
5/5/2019 16:30,206,225,238,4088,4072,4007,3882,3847,3769
5/5/2019 17:00,213,231,236,4161,4150,4069,3948,3919,3833
5/5/2019 17:30,222,230,235,4200,4194,4127,3978,3964,3892
5/5/2019 18:00,230,242,260,4195,4199,4133,3965,3957,3873
5/5/2019 18:30,237,276,290,4164,4173,4099,3927,3897,3809
5/5/2019 19:00,240,277,293,4114,4124,4023,3874,3847,3730
5/5/2019 19:30,240,262,320,4055,4071,3969,3815,3809,3649
5/5/2019 20:00,238,256,326,4010,4032,3940,3772,3776,3614
5/5/2019 20:30,236,246,332,4059,4066,3918,3823,3820,3586
5/5/2019 21:00,234,243,364,4170,4147,3971,3936,3904,3607
5/5/2019 21:30,232,308,379,4148,4122,4019,3916,3814,3640
5/5/2019 22:00,224,303,361,3975,3974,3919,3751,3671,3558
5/5/2019 22:30,211,290,332,3782,3789,3782,3571,3499,3450
5/5/2019 23:00,182,263,316,3610,3608,3623,3428,3345,3307
5/5/2019 23:30,171,242,304,3491,3491,3455,3320,3249,3151
6/5/2019 0:00,161,213,303,3434,3431,3381,3273,3218,3078
6/5/2019 0:30,149,218,282,3370,3367,3297,3221,3149,3015
6/5/2019 1:00,139,196,291,3292,3290,3207,3153,3094,2916
6/5/2019 1:30,129,173,260,3227,3227,3118,3098,3054,2858
6/5/2019 2:00,117,156,222,3179,3179,3067,3062,3023,2845
6/5/2019 2:30,104,141,193,3124,3126,3011,3020,2985,2818
6/5/2019 3:00,96,129,166,3066,3067,2973,2970,2938,2807
6/5/2019 3:30,94,131,147,3031,3034,2945,2937,2903,2798
6/5/2019 4:00,93,124,130,3021,3027,2937,2928,2903,2807
6/5/2019 4:30,92,119,115,3021,3030,2946,2929,2911,2831
6/5/2019 5:00,90,113,108,3024,3031,2982,2934,2918,2874
6/5/2019 5:30,87,136,108,3010,3019,2953,2923,2883,2845
6/5/2019 6:00,86,131,102,2997,3009,3012,2911,2878,2910
6/5/2019 6:30,87,117,101,3084,3099,3098,2997,2982,2997
6/5/2019 7:00,85,113,106,3270,3285,3250,3185,3172,3144
6/5/2019 7:30,81,86,87,3456,3462,3397,3375,3376,3310
6/5/2019 8:00,80,85,78,3622,3606,3564,3542,3521,3486
6/5/2019 8:30,82,82,68,3781,3756,3723,3699,3674,3655
6/5/2019 9:00,84,87,73,3933,3910,3883,3849,3823,3810
6/5/2019 9:30,86,103,92,4071,4048,4002,3985,3945,3910
6/5/2019 10:00,87,108,118,4189,4165,4109,4102,4057,3991
6/5/2019 10:30,87,105,166,4269,4242,4185,4182,4137,4019
6/5/2019 11:00,87,108,180,4314,4284,4235,4227,4176,4055
6/5/2019 11:30,87,96,213,4353,4323,4264,4266,4227,4051
6/5/2019 12:00,88,103,232,4386,4360,4291,4298,4257,4059
6/5/2019 12:30,92,114,193,4378,4341,4318,4286,4227,4125
6/5/2019 13:00,96,118,198,4328,4301,4291,4232,4183,4093
6/5/2019 13:30,99,144,180,4267,4242,4229,4168,4098,4049
6/5/2019 14:00,103,144,206,4205,4174,4169,4102,4030,3963
6/5/2019 14:30,107,167,192,4154,4117,4118,4047,3950,3926
6/5/2019 15:00,114,168,188,4121,4079,4102,4007,3911,3914
6/5/2019 15:30,123,195,186,4119,4079,4104,3996,3884,3918
6/5/2019 16:00,127,192,183,4156,4125,4154,4029,3933,3971
6/5/2019 16:30,125,184,191,4255,4223,4248,4130,4039,4057
6/5/2019 17:00,124,184,200,4394,4356,4373,4270,4172,4173
6/5/2019 17:30,124,187,211,4474,4430,4483,4350,4243,4272
6/5/2019 18:00,126,192,237,4477,4433,4505,4351,4241,4268
6/5/2019 18:30,129,195,257,4440,4394,4469,4311,4199,4212
6/5/2019 19:00,131,191,268,4379,4332,4433,4248,4141,4165
6/5/2019 19:30,133,179,246,4328,4283,4394,4195,4104,4148
6/5/2019 20:00,134,165,212,4299,4263,4365,4165,4098,4153
6/5/2019 20:30,135,163,201,4316,4290,4302,4181,4127,4101
6/5/2019 21:00,138,152,213,4360,4341,4330,4222,4189,4117
6/5/2019 21:30,143,113,215,4327,4305,4297,4184,4192,4082
6/5/2019 22:00,145,115,221,4192,4160,4152,4047,4045,3931
6/5/2019 22:30,145,157,224,3952,3918,3889,3807,3761,3665
6/5/2019 23:00,142,158,236,3633,3634,3638,3491,3476,3402
6/5/2019 23:30,135,153,231,3489,3488,3435,3354,3335,3204
7/5/2019 0:00,131,151,222,3484,3484,3333,3353,3333,3111
7/5/2019 0:30,131,173,228,3437,3440,3236,3306,3267,3008
7/5/2019 1:00,130,166,220,3323,3327,3168,3193,3161,2948
7/5/2019 1:30,128,176,201,3231,3235,3087,3103,3059,2886
7/5/2019 2:00,126,169,194,3176,3182,3042,3050,3013,2848
7/5/2019 2:30,123,175,183,3133,3140,2996,3010,2965,2813
7/5/2019 3:00,123,170,176,3097,3106,2966,2974,2936,2790
7/5/2019 3:30,127,147,170,3084,3094,2953,2957,2947,2783
7/5/2019 4:00,133,152,184,3091,3100,2962,2958,2948,2778
7/5/2019 4:30,141,162,191,3105,3114,2990,2964,2952,2799
7/5/2019 5:00,152,174,204,3136,3145,3046,2984,2971,2842
7/5/2019 5:30,167,218,237,3244,3254,3099,3077,3036,2862
7/5/2019 6:00,184,232,237,3450,3459,3303,3266,3227,3066
7/5/2019 6:30,202,240,251,3768,3779,3587,3566,3539,3336
7/5/2019 7:00,222,256,258,4164,4174,4029,3942,3918,3771
7/5/2019 7:30,243,275,237,4479,4484,4412,4236,4209,4175
7/5/2019 8:00,269,307,227,4684,4678,4687,4415,4371,4460
7/5/2019 8:30,300,347,247,4819,4807,4799,4519,4460,4552
7/5/2019 9:00,334,386,266,4900,4885,4872,4566,4499,4606
7/5/2019 9:30,373,405,318,4940,4916,4916,4567,4511,4598
7/5/2019 10:00,418,464,358,4949,4909,4901,4531,4445,4543
7/5/2019 10:30,469,507,364,4942,4899,4906,4473,4392,4542
7/5/2019 11:00,519,566,424,4929,4880,4917,4410,4314,4493
7/5/2019 11:30,569,583,494,4929,4878,4918,4360,4295,4424
7/5/2019 12:00,622,647,567,4938,4886,4920,4316,4239,4353
7/5/2019 12:30,680,718,685,4924,4869,4937,4244,4151,4252
7/5/2019 13:00,739,783,853,4884,4830,4918,4145,4047,4065
7/5/2019 13:30,799,848,1008,4846,4801,4856,4047,3953,3848
7/5/2019 14:00,854,909,1035,4818,4791,4855,3964,3882,3820
7/5/2019 14:30,904,906,969,4800,4776,4836,3896,3870,3867
7/5/2019 15:00,958,968,1009,4797,4788,4850,3839,3820,3841
7/5/2019 15:30,1015,1053,1017,4819,4822,4889,3804,3769,3872
7/5/2019 16:00,1065,1095,1028,4870,4877,4921,3805,3782,3893
7/5/2019 16:30,1108,1180,1061,4955,4958,5028,3847,3778,3967
7/5/2019 17:00,1145,1212,1092,5052,5047,5127,3907,3835,4035
7/5/2019 17:30,1176,1322,1069,5078,5071,5175,3902,3749,4106
7/5/2019 18:00,1207,1338,1026,5023,5021,5105,3816,3683,4079
7/5/2019 18:30,1240,1249,1000,4933,4935,4982,3693,3686,3982
7/5/2019 19:00,1275,1267,1020,4829,4829,4870,3554,3562,3850
7/5/2019 19:30,1313,1247,1003,4740,4741,4771,3427,3494,3768
7/5/2019 20:00,1359,1289,1022,4682,4683,4642,3323,3394,3620
7/5/2019 20:30,1415,1251,1231,4689,4685,4581,3274,3434,3350
7/5/2019 21:00,1468,1311,1329,4728,4712,4649,3260,3401,3320
7/5/2019 21:30,1516,1400,1419,4639,4611,4575,3123,3211,3156
7/5/2019 22:00,1561,1477,1502,4411,4375,4401,2850,2898,2899
7/5/2019 22:30,1601,1504,1584,4162,4122,4125,2561,2618,2541
7/5/2019 23:00,1762,1544,1659,3901,3894,3816,2139,2350,2157
7/5/2019 23:30,1814,1488,1714,3707,3699,3591,1893,2211,1877
8/5/2019 0:00,1844,1508,1747,3554,3545,3459,1710,2037,1712
8/5/2019 0:30,1851,1625,1775,3437,3438,3361,1586,1813,1586
8/5/2019 1:00,1849,1625,1775,3350,3351,3268,1501,1726,1493
8/5/2019 1:30,1838,1616,1687,3277,3277,3190,1439,1661,1503
8/5/2019 2:00,1817,1604,1666,3213,3214,3138,1396,1610,1472
8/5/2019 2:30,1787,1632,1604,3164,3165,3080,1377,1533,1476
8/5/2019 3:00,1758,1621,1580,3132,3132,3052,1374,1511,1472
8/5/2019 3:30,1730,1680,1607,3119,3120,3015,1389,1440,1408
8/5/2019 4:00,1708,1695,1689,3124,3126,3003,1416,1431,1314
8/5/2019 4:30,1690,1718,1810,3142,3146,3018,1452,1428,1208
8/5/2019 5:00,1692,1741,1920,3182,3186,3093,1490,1445,1173
8/5/2019 5:30,1714,1765,1886,3288,3293,3113,1574,1528,1227
8/5/2019 6:00,1747,1805,1983,3481,3485,3295,1734,1680,1312
8/5/2019 6:30,1790,1836,1983,3802,3807,3564,2012,1971,1581
8/5/2019 7:00,1826,1888,2210,4215,4219,4047,2389,2331,1837
8/5/2019 7:30,1854,1973,2315,4544,4548,4453,2690,2575,2138
8/5/2019 8:00,1877,2011,2286,4757,4757,4720,2880,2746,2434
8/5/2019 8:30,1893,2153,2276,4900,4894,4813,3007,2741,2537
8/5/2019 9:00,1906,2158,2298,4989,4973,4900,3083,2815,2602
8/5/2019 9:30,1917,2296,2282,5035,5007,4942,3118,2711,2660
8/5/2019 10:00,1915,2276,2257,5048,5007,4917,3133,2731,2660
8/5/2019 10:30,1898,2265,2227,5048,5004,4922,3150,2739,2695
8/5/2019 11:00,1874,2225,2134,5044,5008,4904,3170,2783,2770
8/5/2019 11:30,1840,2192,2081,5050,5022,4897,3210,2830,2816
8/5/2019 12:00,1823,2134,2051,5062,5040,4912,3239,2906,2861
8/5/2019 12:30,1823,2044,2043,5047,5004,4938,3224,2960,2895
8/5/2019 13:00,1840,2011,2052,5003,4965,4913,3163,2954,2861
8/5/2019 13:30,1873,2006,2084,4962,4930,4849,3089,2924,2765
8/5/2019 14:00,1904,2011,2084,4934,4908,4838,3030,2897,2754
8/5/2019 14:30,1933,1973,2074,4925,4906,4818,2992,2933,2744
8/5/2019 15:00,1959,2010,2102,4938,4922,4850,2979,2912,2748
8/5/2019 15:30,1982,2151,2150,4968,4951,4905,2986,2800,2755
8/5/2019 16:00,1988,2165,2159,5015,4993,4958,3027,2828,2799
8/5/2019 16:30,1976,2156,2113,5077,5063,5055,3101,2907,2942
8/5/2019 17:00,1951,2141,2136,5141,5140,5160,3190,2999,3024
8/5/2019 17:30,1911,2130,2132,5153,5154,5195,3242,3024,3063
8/5/2019 18:00,1868,2079,2043,5106,5093,5141,3238,3014,3098
8/5/2019 18:30,1822,2002,1854,5021,5002,5039,3199,3000,3185
8/5/2019 19:00,1771,1911,1657,4912,4891,4912,3141,2980,3255
8/5/2019 19:30,1716,1815,1490,4816,4787,4815,3100,2972,3325
8/5/2019 20:00,1655,1715,1375,4748,4704,4713,3093,2989,3338
8/5/2019 20:30,1590,1586,1265,4739,4685,4647,3149,3099,3382
8/5/2019 21:00,1519,1480,1193,4757,4701,4653,3238,3221,3460
8/5/2019 21:30,1441,1213,1156,4654,4608,4578,3213,3395,3422
8/5/2019 22:00,1368,1134,1110,4422,4399,4367,3054,3265,3257
8/5/2019 22:30,1299,1061,1058,4176,4160,4122,2877,3099,3064
8/5/2019 23:00,1093,987,1006,3931,3925,3829,2838,2938,2823
8/5/2019 23:30,1018,846,1003,3728,3719,3608,2710,2873,2605
9/5/2019 0:00,957,786,928,3564,3553,3487,2607,2767,2559
9/5/2019 0:30,911,722,833,3441,3431,3401,2530,2709,2568
9/5/2019 1:00,864,682,786,3354,3346,3296,2490,2664,2510
9/5/2019 1:30,817,678,785,3281,3272,3211,2464,2594,2426
9/5/2019 2:00,777,653,751,3217,3208,3193,2440,2555,2442
9/5/2019 2:30,744,656,704,3169,3159,3145,2425,2503,2441
9/5/2019 3:00,715,630,659,3137,3126,3109,2422,2496,2450
9/5/2019 3:30,690,633,619,3125,3114,3095,2435,2481,2476
9/5/2019 4:00,667,592,606,3131,3120,3093,2464,2528,2487
9/5/2019 4:30,645,553,601,3150,3141,3118,2505,2588,2517
9/5/2019 5:00,631,522,569,3188,3180,3167,2557,2658,2598
9/5/2019 5:30,626,511,560,3283,3275,3196,2657,2764,2636
9/5/2019 6:00,613,483,543,3462,3452,3381,2849,2969,2838
9/5/2019 6:30,592,436,534,3796,3787,3682,3204,3351,3148
9/5/2019 7:00,576,413,517,4244,4236,4147,3668,3823,3630
9/5/2019 7:30,565,413,483,4580,4570,4561,4015,4157,4078
9/5/2019 8:00,573,411,421,4768,4750,4831,4195,4339,4410
9/5/2019 8:30,601,412,444,4892,4866,4909,4291,4454,4465
9/5/2019 9:00,618,423,485,4972,4940,4983,4354,4517,4498
9/5/2019 9:30,624,564,546,5004,4967,4988,4380,4403,4442
9/5/2019 10:00,625,565,539,4995,4955,4936,4370,4390,4397
9/5/2019 10:30,620,538,522,4982,4940,4923,4362,4402,4401
9/5/2019 11:00,626,543,548,4974,4931,4923,4348,4388,4375
9/5/2019 11:30,642,503,533,4979,4931,4926,4337,4428,4393
9/5/2019 12:00,657,525,552,4989,4936,4924,4332,4411,4372
9/5/2019 12:30,671,569,549,4971,4943,4933,4300,4374,4384
9/5/2019 13:00,694,601,564,4925,4898,4889,4231,4297,4325
9/5/2019 13:30,726,659,584,4880,4854,4784,4154,4195,4200
9/5/2019 14:00,756,693,515,4847,4825,4778,4091,4132,4263
9/5/2019 14:30,783,730,527,4836,4818,4772,4053,4088,4245
9/5/2019 15:00,799,746,481,4849,4835,4792,4050,4089,4311
9/5/2019 15:30,802,706,501,4875,4872,4834,4073,4166,4333
9/5/2019 16:00,802,694,567,4915,4927,4915,4113,4233,4348
9/5/2019 16:30,800,643,577,4980,5000,5016,4180,4357,4439
9/5/2019 17:00,794,634,606,5055,5075,5089,4261,4441,4483
9/5/2019 17:30,784,566,595,5069,5088,5128,4285,4522,4533
9/5/2019 18:00,769,550,547,5012,5030,5056,4243,4480,4509
9/5/2019 18:30,748,453,530,4925,4941,4949,4177,4488,4419
9/5/2019 19:00,715,418,510,4819,4829,4829,4104,4411,4319
9/5/2019 19:30,670,403,476,4709,4717,4770,4039,4314,4294
9/5/2019 20:00,620,363,428,4614,4623,4707,3994,4260,4279
9/5/2019 20:30,565,339,367,4606,4606,4667,4041,4267,4300
9/5/2019 21:00,526,310,366,4657,4640,4677,4131,4330,4311
9/5/2019 21:30,503,319,357,4594,4570,4691,4091,4251,4334
9/5/2019 22:00,478,304,356,4398,4381,4539,3920,4077,4183
9/5/2019 22:30,451,267,340,4171,4153,4247,3720,3886,3907
9/5/2019 23:00,364,250,284,3931,3926,4000,3567,3676,3716
9/5/2019 23:30,338,265,260,3740,3734,3760,3402,3469,3500
10/5/2019 0:00,320,243,228,3594,3588,3618,3274,3345,3390
10/5/2019 0:30,311,219,214,3477,3470,3505,3166,3251,3291
10/5/2019 1:00,297,202,201,3384,3379,3410,3087,3177,3209
10/5/2019 1:30,279,201,173,3306,3299,3326,3027,3098,3153
10/5/2019 2:00,261,192,153,3241,3236,3269,2980,3044,3116
10/5/2019 2:30,245,174,150,3193,3187,3226,2948,3013,3076
10/5/2019 3:00,235,169,157,3162,3157,3186,2927,2988,3029
10/5/2019 3:30,233,157,159,3149,3143,3166,2916,2986,3007
10/5/2019 4:00,227,154,155,3151,3146,3164,2924,2992,3009
10/5/2019 4:30,217,151,137,3170,3166,3194,2953,3015,3057
10/5/2019 5:00,209,148,114,3210,3207,3247,3001,3059,3133
10/5/2019 5:30,203,138,116,3300,3297,3245,3097,3159,3129
10/5/2019 6:00,197,132,101,3467,3463,3437,3270,3331,3336
10/5/2019 6:30,192,127,93,3791,3788,3719,3599,3661,3626
10/5/2019 7:00,181,116,54,4233,4234,4154,4052,4118,4100
10/5/2019 7:30,165,73,22,4565,4574,4536,4400,4501,4514
10/5/2019 8:00,161,69,0,4747,4766,4791,4586,4697,4791
10/5/2019 8:30,168,63,0,4854,4875,4870,4686,4812,4870
10/5/2019 9:00,164,66,0,4908,4920,4931,4744,4854,4931
10/5/2019 9:30,148,55,0,4921,4924,4953,4773,4869,4953
10/5/2019 10:00,136,60,30,4903,4894,4902,4767,4834,4872
10/5/2019 10:30,127,50,72,4882,4870,4880,4755,4820,4808
10/5/2019 11:00,124,61,85,4865,4859,4873,4741,4798,4788
10/5/2019 11:30,126,67,129,4859,4859,4859,4733,4792,4730
10/5/2019 12:00,130,89,142,4858,4864,4848,4728,4775,4706
10/5/2019 12:30,136,126,154,4831,4820,4826,4695,4694,4672
10/5/2019 13:00,143,145,155,4777,4764,4752,4634,4619,4597
10/5/2019 13:30,151,163,153,4720,4706,4652,4569,4543,4499
10/5/2019 14:00,166,175,199,4670,4660,4640,4504,4485,4441
10/5/2019 14:30,186,178,174,4642,4633,4601,4456,4455,4427
10/5/2019 15:00,211,199,185,4639,4630,4607,4428,4431,4422
10/5/2019 15:30,240,266,191,4652,4647,4606,4412,4381,4415
10/5/2019 16:00,268,301,223,4683,4686,4649,4415,4385,4426
10/5/2019 16:30,295,351,261,4741,4749,4711,4446,4398,4450
10/5/2019 17:00,329,393,301,4814,4820,4780,4485,4427,4479
10/5/2019 17:30,369,423,362,4839,4840,4827,4470,4417,4465
10/5/2019 18:00,397,466,383,4802,4796,4791,4405,4330,4408
10/5/2019 18:30,411,491,417,4725,4720,4706,4314,4229,4289
10/5/2019 19:00,427,524,425,4620,4622,4635,4193,4098,4210
10/5/2019 19:30,446,524,451,4516,4530,4555,4070,4006,4104
10/5/2019 20:00,459,542,462,4434,4462,4458,3975,3920,3996
10/5/2019 20:30,465,525,515,4427,4468,4400,3962,3943,3885
10/5/2019 21:00,484,546,562,4473,4522,4386,3989,3976,3824
10/5/2019 21:30,514,605,625,4425,4476,4418,3911,3871,3793
10/5/2019 22:00,535,636,634,4265,4309,4310,3730,3673,3676
10/5/2019 22:30,547,662,589,4069,4098,4108,3522,3436,3519
10/5/2019 23:00,605,696,589,3882,3878,3881,3277,3182,3292
10/5/2019 23:30,612,706,652,3715,3711,3670,3103,3005,3018
11/5/2019 0:00,628,721,687,3604,3600,3540,2976,2879,2853
11/5/2019 0:30,652,752,700,3496,3495,3422,2844,2743,2722
11/5/2019 1:00,675,763,703,3381,3380,3296,2706,2617,2593
11/5/2019 1:30,696,794,661,3279,3278,3217,2583,2484,2556
11/5/2019 2:00,712,814,681,3194,3193,3147,2482,2379,2466
11/5/2019 2:30,726,734,696,3125,3124,3092,2399,2390,2396
11/5/2019 3:00,731,750,720,3074,3073,3047,2343,2323,2327
11/5/2019 3:30,729,786,780,3045,3045,3023,2316,2259,2243
11/5/2019 4:00,719,778,789,3039,3037,3011,2320,2259,2222
11/5/2019 4:30,699,753,794,3045,3044,3024,2346,2291,2230
11/5/2019 5:00,674,718,789,3057,3056,3028,2383,2338,2239
11/5/2019 5:30,644,632,744,3059,3058,2980,2415,2426,2236
11/5/2019 6:00,615,596,752,3073,3072,3059,2458,2476,2307
11/5/2019 6:30,587,562,696,3212,3209,3186,2625,2647,2490
11/5/2019 7:00,575,536,621,3470,3466,3401,2895,2930,2780
11/5/2019 7:30,581,542,542,3721,3718,3625,3140,3176,3083
11/5/2019 8:00,597,541,452,3932,3929,3857,3335,3388,3405
11/5/2019 8:30,623,576,490,4092,4086,4056,3469,3510,3566
11/5/2019 9:00,627,586,527,4203,4192,4198,3576,3606,3671
11/5/2019 9:30,608,610,538,4276,4262,4280,3668,3652,3742
11/5/2019 10:00,584,592,511,4315,4299,4322,3731,3707,3811
11/5/2019 10:30,554,558,480,4326,4310,4331,3772,3752,3851
11/5/2019 11:00,523,534,473,4316,4304,4321,3793,3770,3848
11/5/2019 11:30,493,438,465,4314,4303,4317,3821,3865,3852
11/5/2019 12:00,463,415,421,4318,4305,4295,3855,3890,3874
11/5/2019 12:30,435,392,385,4289,4277,4294,3854,3885,3909
11/5/2019 13:00,409,376,318,4224,4214,4238,3815,3838,3920
11/5/2019 13:30,385,377,337,4155,4146,4182,3770,3769,3845
11/5/2019 14:00,363,362,354,4093,4086,4115,3730,3724,3761
11/5/2019 14:30,341,308,412,4051,4045,4059,3710,3737,3647
11/5/2019 15:00,324,292,397,4034,4029,4019,3710,3737,3622
11/5/2019 15:30,310,261,386,4045,4037,3999,3735,3776,3613
11/5/2019 16:00,298,248,350,4086,4069,4013,3788,3821,3663
11/5/2019 16:30,290,227,335,4151,4124,4073,3861,3897,3738
11/5/2019 17:00,283,220,320,4228,4190,4145,3945,3970,3825
11/5/2019 17:30,278,229,312,4265,4222,4213,3987,3993,3901
11/5/2019 18:00,273,225,282,4252,4212,4235,3979,3987,3953
11/5/2019 18:30,268,282,270,4206,4170,4177,3938,3888,3907
11/5/2019 19:00,261,277,256,4136,4106,4149,3875,3829,3893
11/5/2019 19:30,252,286,221,4062,4034,4085,3810,3748,3864
11/5/2019 20:00,248,275,164,4004,3973,4022,3756,3698,3858
11/5/2019 20:30,249,238,147,4022,3980,3980,3773,3742,3833
11/5/2019 21:00,248,225,157,4097,4040,3944,3849,3815,3787
11/5/2019 21:30,244,196,169,4098,4045,4037,3854,3849,3868
11/5/2019 22:00,232,184,179,4000,3972,4008,3768,3788,3829
11/5/2019 22:30,212,150,175,3841,3826,3854,3629,3676,3679
11/5/2019 23:00,160,144,160,3647,3640,3683,3487,3496,3523
11/5/2019 23:30,150,129,139,3525,3516,3520,3375,3387,3381
12/5/2019 0:00,144,138,129,3469,3459,3439,3325,3321,3310
12/5/2019 0:30,142,153,118,3386,3372,3331,3244,3219,3213
12/5/2019 1:00,145,161,111,3265,3251,3226,3120,3090,3115
12/5/2019 1:30,152,177,108,3158,3143,3148,3006,2966,3040
12/5/2019 2:00,164,184,123,3074,3060,3088,2910,2876,2965
12/5/2019 2:30,180,206,127,3009,2993,3024,2829,2787,2897
12/5/2019 3:00,200,215,142,2960,2944,2967,2760,2729,2825
12/5/2019 3:30,224,200,157,2931,2916,2933,2707,2716,2776
12/5/2019 4:00,251,223,187,2922,2905,2908,2671,2682,2721
12/5/2019 4:30,280,251,225,2926,2907,2911,2646,2656,2686
12/5/2019 5:00,309,290,271,2931,2909,2897,2622,2619,2626
12/5/2019 5:30,340,325,330,2899,2882,2813,2559,2557,2483
12/5/2019 6:00,367,369,388,2848,2840,2844,2481,2471,2456
12/5/2019 6:30,388,397,421,2886,2882,2907,2498,2485,2486
12/5/2019 7:00,414,432,490,3027,3022,3036,2613,2590,2546
12/5/2019 7:30,444,490,586,3222,3215,3176,2778,2725,2590
12/5/2019 8:00,470,531,631,3444,3433,3371,2974,2902,2740
12/5/2019 8:30,493,571,677,3633,3622,3555,3140,3051,2878
12/5/2019 9:00,536,616,704,3778,3771,3706,3242,3155,3002
12/5/2019 9:30,598,694,842,3891,3886,3850,3293,3192,3008
12/5/2019 10:00,656,747,935,3979,3975,3969,3323,3228,3034
12/5/2019 10:30,709,781,1060,4054,4044,4037,3345,3263,2977
12/5/2019 11:00,764,839,1177,4118,4099,4075,3354,3260,2898
12/5/2019 11:30,820,922,1261,4168,4141,4110,3348,3219,2849
12/5/2019 12:00,870,975,1341,4197,4168,4145,3327,3193,2804
12/5/2019 12:30,916,1050,1328,4182,4139,4171,3266,3089,2843
12/5/2019 13:00,946,1086,1337,4124,4084,4174,3178,2998,2837
12/5/2019 13:30,960,1194,1339,4046,4011,4106,3086,2817,2767
12/5/2019 14:00,978,1192,1351,3962,3931,4036,2984,2739,2685
12/5/2019 14:30,998,1240,1366,3909,3876,3949,2911,2636,2583
12/5/2019 15:00,1015,1206,1341,3890,3848,3912,2875,2642,2571
12/5/2019 15:30,1027,1137,1350,3888,3837,3885,2861,2700,2535
12/5/2019 16:00,1037,1108,1355,3902,3844,3893,2865,2736,2538
12/5/2019 16:30,1047,1098,1325,3946,3892,3925,2899,2794,2600
12/5/2019 17:00,1059,1084,1291,4011,3970,4010,2952,2886,2719
12/5/2019 17:30,1074,1113,1275,4046,4017,4081,2972,2904,2806
12/5/2019 18:00,1094,1119,1247,4044,4023,4106,2950,2904,2859
12/5/2019 18:30,1118,1198,1254,4023,4002,4084,2905,2804,2830
12/5/2019 19:00,1144,1225,1293,3988,3963,4059,2844,2738,2766
12/5/2019 19:30,1170,1268,1273,3943,3916,4033,2773,2648,2760
12/5/2019 20:00,1211,1317,1274,3903,3877,4008,2692,2560,2734
12/5/2019 20:30,1267,1396,1299,3913,3890,3968,2646,2494,2669
12/5/2019 21:00,1336,1474,1459,3963,3942,3968,2627,2468,2509
12/5/2019 21:30,1418,1553,1583,3966,3946,4011,2548,2393,2428
12/5/2019 22:00,1482,1624,1683,3898,3881,3918,2416,2257,2235
12/5/2019 22:30,1527,1668,1808,3758,3746,3720,2231,2078,1912
12/5/2019 23:00,1617,1713,1986,3565,3562,3508,1948,1849,1522
12/5/2019 23:30,1631,1738,2002,3393,3391,3292,1762,1653,1290
13/5/2019 0:00,1639,1757,2021,3253,3252,3201,1614,1495,1180
13/5/2019 0:30,1641,1770,1880,3147,3144,3106,1506,1374,1226
13/5/2019 1:00,1654,1779,1865,3070,3066,3017,1416,1287,1152
13/5/2019 1:30,1676,1835,1829,3008,3001,2938,1332,1166,1109
13/5/2019 2:00,1691,1837,1843,2956,2948,2919,1265,1111,1076
13/5/2019 2:30,1699,1957,1814,2916,2908,2889,1217,951,1075
13/5/2019 3:00,1708,1949,1805,2890,2880,2860,1182,931,1055
13/5/2019 3:30,1719,2019,1796,2880,2872,2835,1161,853,1039
13/5/2019 4:00,1734,2005,1778,2885,2878,2821,1151,873,1043
13/5/2019 4:30,1752,1996,1804,2896,2889,2846,1144,893,1042
13/5/2019 5:00,1768,1995,1831,2924,2915,2866,1156,920,1035
13/5/2019 5:30,1782,1886,1865,3024,3017,2880,1242,1131,1015
13/5/2019 6:00,1786,1892,2038,3222,3219,3114,1436,1327,1076
13/5/2019 6:30,1781,1848,2069,3575,3569,3384,1794,1721,1315
13/5/2019 7:00,1769,1846,2134,4036,4024,3835,2267,2178,1701
13/5/2019 7:30,1749,1828,2134,4376,4357,4231,2627,2529,2097
13/5/2019 8:00,1753,1848,2226,4558,4530,4490,2805,2682,2264
13/5/2019 8:30,1780,1896,2180,4670,4639,4565,2890,2743,2385
13/5/2019 9:00,1803,1931,2077,4734,4706,4594,2931,2775,2517
13/5/2019 9:30,1824,2115,2112,4755,4736,4620,2931,2621,2508
13/5/2019 10:00,1844,2122,2209,4740,4735,4583,2896,2613,2374
13/5/2019 10:30,1864,2135,2221,4723,4745,4569,2859,2610,2348
13/5/2019 11:00,1884,2152,2276,4710,4721,4569,2826,2569,2293
13/5/2019 11:30,1902,2281,2299,4700,4714,4544,2798,2433,2245
13/5/2019 12:00,1917,2294,2369,4686,4717,4535,2769,2423,2166
13/5/2019 12:30,1929,2195,2575,4647,4680,4549,2718,2485,1974
13/5/2019 13:00,1933,2191,2539,4588,4625,4480,2655,2434,1941
13/5/2019 13:30,1930,2252,2589,4542,4578,4439,2612,2326,1850
13/5/2019 14:00,1912,2211,2595,4516,4548,4434,2604,2337,1839
13/5/2019 14:30,1879,2177,2586,4506,4532,4406,2627,2355,1820
13/5/2019 15:00,1837,2101,2542,4511,4529,4422,2674,2428,1880
13/5/2019 15:30,1784,2124,2413,4535,4547,4432,2751,2423,2019
13/5/2019 16:00,1719,2034,2276,4583,4588,4484,2864,2554,2208
13/5/2019 16:30,1640,2024,2139,4664,4666,4590,3024,2642,2451
13/5/2019 17:00,1555,1929,1940,4760,4762,4682,3205,2833,2742
13/5/2019 17:30,1461,1917,1783,4791,4794,4737,3330,2877,2954
13/5/2019 18:00,1381,1812,1724,4745,4751,4668,3364,2939,2944
13/5/2019 18:30,1314,1753,1626,4661,4669,4554,3347,2916,2928
13/5/2019 19:00,1276,1678,1567,4557,4564,4450,3281,2886,2883
13/5/2019 19:30,1267,1604,1447,4464,4471,4383,3197,2867,2936
13/5/2019 20:00,1280,1587,1373,4396,4400,4329,3116,2813,2956
13/5/2019 20:30,1317,1494,1314,4378,4385,4295,3061,2891,2981
13/5/2019 21:00,1368,1537,1339,4393,4400,4277,3025,2863,2938
13/5/2019 21:30,1433,1595,1407,4359,4354,4284,2926,2759,2877
13/5/2019 22:00,1479,1642,1468,4251,4220,4201,2772,2578,2733
13/5/2019 22:30,1506,1660,1604,4059,4011,3965,2553,2351,2361
13/5/2019 23:00,1674,1683,1760,3750,3748,3712,2076,2065,1952
13/5/2019 23:30,1676,1637,1822,3531,3541,3499,1855,1904,1677
14/5/2019 0:00,1669,1632,1847,3370,3376,3361,1701,1744,1514
14/5/2019 0:30,1651,1556,1889,3246,3250,3232,1595,1694,1343
14/5/2019 1:00,1629,1535,1943,3153,3157,3148,1524,1622,1205
14/5/2019 1:30,1603,1508,2041,3081,3084,3080,1478,1576,1039
14/5/2019 2:00,1585,1502,1958,3026,3030,3022,1441,1528,1064
14/5/2019 2:30,1575,1672,1887,2983,2985,2969,1408,1313,1082
14/5/2019 3:00,1570,1664,1901,2951,2951,2939,1381,1287,1038
14/5/2019 3:30,1569,1663,1904,2936,2936,2935,1367,1273,1031
14/5/2019 4:00,1567,1655,1919,2938,2938,2951,1371,1283,1032
14/5/2019 4:30,1563,1652,1956,2955,2954,2963,1392,1302,1007
14/5/2019 5:00,1554,1650,1944,2994,2992,2975,1440,1342,1031
14/5/2019 5:30,1540,1798,1916,3085,3085,2984,1545,1287,1068
14/5/2019 6:00,1534,1780,1898,3254,3259,3197,1720,1479,1299
14/5/2019 6:30,1535,1765,1867,3579,3583,3480,2044,1818,1613
14/5/2019 7:00,1527,1730,1854,4023,4023,3911,2496,2293,2057
14/5/2019 7:30,1511,1736,1795,4365,4372,4282,2854,2636,2487
14/5/2019 8:00,1511,1699,1757,4566,4576,4542,3055,2877,2785
14/5/2019 8:30,1527,1688,1639,4693,4702,4598,3166,3014,2959
14/5/2019 9:00,1562,1690,1582,4765,4768,4630,3203,3078,3048
14/5/2019 9:30,1615,1757,1581,4791,4788,4619,3176,3031,3038
14/5/2019 10:00,1656,1769,1666,4782,4773,4571,3126,3004,2905
14/5/2019 10:30,1687,1776,1744,4767,4754,4557,3080,2978,2813
14/5/2019 11:00,1718,1793,1832,4755,4742,4565,3037,2949,2733
14/5/2019 11:30,1751,1837,1836,4752,4729,4544,3001,2892,2708
14/5/2019 12:00,1784,1869,1804,4752,4726,4527,2968,2857,2723
14/5/2019 12:30,1819,1803,1803,4724,4676,4530,2905,2873,2727
14/5/2019 13:00,1843,1842,1824,4669,4584,4462,2826,2742,2638
14/5/2019 13:30,1857,1889,1939,4618,4522,4405,2761,2633,2466
14/5/2019 14:00,1863,1909,1984,4581,4502,4419,2718,2593,2435
14/5/2019 14:30,1862,2014,1961,4560,4494,4401,2698,2480,2440
14/5/2019 15:00,1853,2009,1981,4558,4495,4418,2705,2486,2437
14/5/2019 15:30,1838,1909,2014,4577,4518,4458,2739,2609,2444
14/5/2019 16:00,1811,1885,2037,4620,4568,4512,2809,2683,2475
14/5/2019 16:30,1771,1823,2044,4693,4644,4605,2922,2821,2561
14/5/2019 17:00,1728,1795,2058,4779,4730,4715,3051,2935,2657
14/5/2019 17:30,1682,1842,2023,4806,4754,4776,3124,2912,2753
14/5/2019 18:00,1648,1812,1961,4765,4708,4713,3117,2896,2752
14/5/2019 18:30,1626,1779,1864,4688,4630,4618,3062,2851,2754
14/5/2019 19:00,1611,1756,1857,4589,4533,4525,2978,2777,2668
14/5/2019 19:30,1602,1813,1928,4495,4437,4460,2893,2624,2532
14/5/2019 20:00,1612,1797,1914,4419,4357,4375,2807,2560,2461
14/5/2019 20:30,1640,1850,1745,4396,4337,4307,2756,2487,2562
14/5/2019 21:00,1670,1850,1662,4411,4363,4289,2741,2513,2627
14/5/2019 21:30,1704,1834,1818,4367,4334,4350,2663,2500,2532
14/5/2019 22:00,1725,1833,1992,4241,4224,4278,2516,2391,2286
14/5/2019 22:30,1735,1833,1883,4041,4034,4016,2306,2201,2133
14/5/2019 23:00,1750,1825,1789,3792,3787,3739,2042,1962,1950
14/5/2019 23:30,1763,1677,1673,3571,3564,3521,1808,1887,1848
15/5/2019 0:00,1760,1673,1664,3396,3386,3387,1636,1713,1723
15/5/2019 0:30,1741,1675,1779,3267,3257,3307,1526,1582,1528
15/5/2019 1:00,1716,1660,1661,3177,3168,3208,1461,1508,1547
15/5/2019 1:30,1682,1818,1559,3101,3092,3125,1419,1274,1566
15/5/2019 2:00,1660,1766,1475,3035,3026,3064,1375,1260,1589
15/5/2019 2:30,1647,1618,1449,2986,2978,3009,1339,1360,1560
15/5/2019 3:00,1621,1589,1432,2957,2951,2966,1336,1362,1534
15/5/2019 3:30,1582,1410,1448,2948,2942,2947,1366,1532,1499
15/5/2019 4:00,1546,1391,1484,2954,2949,2945,1408,1558,1461
15/5/2019 4:30,1513,1373,1550,2964,2959,2956,1451,1586,1406
15/5/2019 5:00,1486,1365,1586,2988,2982,2968,1502,1617,1382
15/5/2019 5:30,1465,1350,1635,3074,3066,2964,1609,1716,1329
15/5/2019 6:00,1444,1356,1601,3249,3238,3195,1805,1882,1594
15/5/2019 6:30,1422,1374,1624,3564,3552,3519,2142,2178,1895
15/5/2019 7:00,1404,1384,1632,3985,3973,3970,2581,2589,2338
15/5/2019 7:30,1391,1437,1511,4313,4304,4321,2922,2867,2810
15/5/2019 8:00,1394,1443,1464,4514,4508,4548,3120,3065,3084
15/5/2019 8:30,1413,1557,1431,4640,4632,4610,3227,3075,3179
15/5/2019 9:00,1436,1581,1463,4709,4696,4634,3273,3115,3171
15/5/2019 9:30,1462,1615,1422,4732,4718,4637,3270,3103,3215
15/5/2019 10:00,1486,1632,1466,4721,4711,4603,3235,3079,3137
15/5/2019 10:30,1508,1654,1575,4704,4698,4578,3196,3044,3003
15/5/2019 11:00,1529,1670,1590,4689,4688,4577,3160,3018,2987
15/5/2019 11:30,1548,1600,1593,4685,4681,4538,3137,3081,2945
15/5/2019 12:00,1566,1614,1598,4684,4686,4536,3118,3072,2938
15/5/2019 12:30,1583,1616,1589,4656,4660,4553,3073,3044,2964
15/5/2019 13:00,1584,1620,1583,4601,4604,4499,3017,2984,2916
15/5/2019 13:30,1569,1593,1584,4558,4558,4432,2989,2965,2848
15/5/2019 14:00,1549,1570,1563,4536,4531,4451,2987,2961,2888
15/5/2019 14:30,1523,1557,1461,4527,4518,4452,3004,2961,2991
15/5/2019 15:00,1482,1498,1434,4533,4521,4458,3051,3023,3024
15/5/2019 15:30,1425,1388,1441,4561,4546,4493,3136,3158,3052
15/5/2019 16:00,1357,1337,1424,4612,4597,4541,3255,3260,3117
15/5/2019 16:30,1279,1318,1451,4687,4677,4641,3408,3359,3190
15/5/2019 17:00,1206,1277,1398,4769,4767,4709,3563,3490,3311
15/5/2019 17:30,1138,1223,1418,4789,4788,4740,3651,3565,3322
15/5/2019 18:00,1078,1197,1295,4740,4732,4693,3662,3535,3398
15/5/2019 18:30,1026,1141,1206,4655,4645,4621,3629,3504,3415
15/5/2019 19:00,985,1146,1146,4549,4540,4525,3564,3394,3379
15/5/2019 19:30,953,1257,1074,4449,4429,4439,3496,3172,3365
15/5/2019 20:00,938,1274,1002,4370,4329,4368,3432,3055,3366
15/5/2019 20:30,940,1292,1036,4337,4295,4326,3397,3003,3290
15/5/2019 21:00,941,1301,1129,4337,4312,4302,3396,3011,3173
15/5/2019 21:30,941,1212,1165,4298,4283,4311,3357,3071,3146
15/5/2019 22:00,925,1199,1188,4197,4180,4229,3272,2981,3041
15/5/2019 22:30,895,1147,1126,4015,3995,3986,3120,2848,2860
15/5/2019 23:00,1110,1098,1028,3753,3749,3717,2643,2651,2689
15/5/2019 23:30,1044,944,956,3536,3543,3490,2492,2599,2534
16/5/2019 0:00,969,877,894,3367,3365,3336,2398,2488,2442
16/5/2019 0:30,887,844,876,3241,3234,3235,2354,2390,2359
16/5/2019 1:00,812,766,780,3152,3144,3149,2340,2378,2369
16/5/2019 1:30,745,719,663,3075,3069,3064,2330,2350,2401
16/5/2019 2:00,681,648,576,3009,3002,3020,2328,2354,2444
16/5/2019 2:30,622,519,479,2960,2953,2980,2338,2434,2501
16/5/2019 3:00,566,472,385,2929,2922,2953,2363,2450,2568
16/5/2019 3:30,514,409,332,2917,2912,2951,2403,2503,2619
16/5/2019 4:00,479,386,281,2920,2916,2944,2441,2530,2663
16/5/2019 4:30,461,372,223,2928,2926,2961,2467,2554,2738
16/5/2019 5:00,453,370,216,2950,2947,2975,2497,2577,2759
16/5/2019 5:30,454,386,259,3035,3032,2993,2581,2646,2734
16/5/2019 6:00,460,391,333,3209,3207,3211,2749,2816,2878
16/5/2019 6:30,471,348,372,3527,3525,3510,3056,3177,3138
16/5/2019 7:00,462,352,448,3951,3950,3927,3489,3598,3479
16/5/2019 7:30,434,328,492,4278,4280,4311,3844,3952,3819
16/5/2019 8:00,412,328,572,4474,4476,4566,4062,4148,3994
16/5/2019 8:30,394,244,576,4603,4598,4650,4209,4354,4074
16/5/2019 9:00,389,244,537,4683,4663,4679,4294,4419,4142
16/5/2019 9:30,397,363,447,4712,4684,4694,4315,4321,4247
16/5/2019 10:00,415,360,428,4701,4674,4644,4286,4314,4216
16/5/2019 10:30,444,352,455,4688,4663,4628,4244,4311,4173
16/5/2019 11:00,476,374,504,4685,4663,4611,4209,4289,4107
16/5/2019 11:30,511,500,520,4689,4695,4610,4178,4195,4090
16/5/2019 12:00,544,530,587,4693,4692,4600,4149,4162,4013
16/5/2019 12:30,577,584,649,4671,4667,4611,4094,4083,3962
16/5/2019 13:00,598,608,626,4626,4620,4546,4028,4012,3920
16/5/2019 13:30,608,602,587,4588,4578,4463,3980,3976,3876
16/5/2019 14:00,604,608,560,4567,4552,4472,3963,3944,3912
16/5/2019 14:30,585,631,498,4559,4543,4474,3974,3912,3976
16/5/2019 15:00,566,617,469,4566,4549,4491,4000,3932,4022
16/5/2019 15:30,547,622,493,4592,4572,4535,4045,3950,4042
16/5/2019 16:00,521,611,414,4638,4613,4571,4117,4002,4157
16/5/2019 16:30,489,619,399,4711,4680,4658,4222,4061,4259
16/5/2019 17:00,466,614,415,4793,4755,4737,4327,4141,4322
16/5/2019 17:30,452,580,409,4810,4770,4792,4358,4190,4383
16/5/2019 18:00,441,570,404,4753,4715,4736,4312,4145,4332
16/5/2019 18:30,433,492,392,4668,4631,4652,4235,4139,4260
16/5/2019 19:00,424,481,387,4570,4533,4560,4146,4052,4173
16/5/2019 19:30,414,453,399,4483,4450,4484,4069,3997,4085
16/5/2019 20:00,411,458,404,4413,4391,4421,4002,3933,4017
16/5/2019 20:30,416,459,382,4371,4350,4402,3955,3891,4020
16/5/2019 21:00,425,491,407,4344,4319,4368,3919,3828,3961
16/5/2019 21:30,436,473,466,4278,4254,4367,3842,3781,3901
16/5/2019 22:00,447,494,485,4158,4139,4287,3711,3645,3802
16/5/2019 22:30,457,488,510,3968,3950,4041,3511,3462,3531
16/5/2019 23:00,598,503,538,3710,3707,3773,3112,3204,3235
16/5/2019 23:30,611,523,556,3502,3508,3556,2891,2985,3000
17/5/2019 0:00,623,536,546,3346,3347,3376,2723,2811,2830
17/5/2019 0:30,636,538,549,3224,3223,3275,2588,2685,2726
17/5/2019 1:00,646,553,571,3129,3130,3174,2483,2577,2603
17/5/2019 1:30,655,587,562,3052,3053,3056,2397,2466,2494
17/5/2019 2:00,656,586,552,2991,2993,2992,2335,2407,2440
17/5/2019 2:30,648,570,539,2947,2948,2963,2299,2378,2424
17/5/2019 3:00,637,567,534,2919,2921,2938,2282,2354,2404
17/5/2019 3:30,621,565,529,2908,2910,2915,2287,2345,2386
17/5/2019 4:00,608,568,506,2911,2911,2922,2303,2343,2416
17/5/2019 4:30,600,605,493,2914,2914,2950,2314,2309,2457
17/5/2019 5:00,593,603,468,2927,2927,2967,2334,2324,2499
17/5/2019 5:30,588,566,468,3007,3006,2980,2419,2440,2512
17/5/2019 6:00,564,542,467,3181,3176,3202,2617,2634,2735
17/5/2019 6:30,520,487,427,3494,3492,3488,2974,3005,3061
17/5/2019 7:00,468,445,402,3912,3917,3898,3444,3472,3496
17/5/2019 7:30,406,398,315,4242,4255,4280,3836,3857,3965
17/5/2019 8:00,357,352,248,4450,4463,4545,4093,4111,4297
17/5/2019 8:30,320,246,238,4584,4587,4649,4264,4341,4411
17/5/2019 9:00,289,220,215,4660,4643,4713,4371,4423,4498
17/5/2019 9:30,266,208,221,4689,4663,4734,4423,4455,4513
17/5/2019 10:00,245,202,233,4680,4656,4694,4435,4454,4461
17/5/2019 10:30,227,208,229,4664,4640,4681,4437,4432,4452
17/5/2019 11:00,214,206,252,4650,4624,4681,4436,4418,4429
17/5/2019 11:30,208,147,237,4641,4632,4681,4433,4485,4444
17/5/2019 12:00,204,139,216,4632,4621,4701,4428,4482,4485
17/5/2019 12:30,203,157,223,4601,4589,4718,4398,4432,4495
17/5/2019 13:00,209,151,211,4547,4536,4679,4338,4385,4468
17/5/2019 13:30,221,181,235,4490,4486,4591,4269,4305,4356
17/5/2019 14:00,232,184,235,4438,4455,4572,4206,4271,4337
17/5/2019 14:30,242,195,241,4408,4440,4545,4166,4245,4304
17/5/2019 15:00,257,212,265,4401,4442,4523,4144,4230,4258
17/5/2019 15:30,275,306,293,4409,4457,4528,4134,4151,4235
17/5/2019 16:00,291,322,351,4434,4487,4555,4143,4165,4204
17/5/2019 16:30,305,336,391,4489,4543,4605,4184,4207,4214
17/5/2019 17:00,318,355,411,4561,4613,4654,4243,4258,4243
17/5/2019 17:30,331,389,352,4586,4635,4693,4255,4246,4341
17/5/2019 18:00,351,402,372,4552,4601,4660,4201,4199,4288
17/5/2019 18:30,377,387,414,4483,4526,4600,4106,4139,4186
17/5/2019 19:00,391,390,413,4393,4425,4502,4002,4035,4089
17/5/2019 19:30,391,449,384,4312,4330,4423,3921,3881,4039
17/5/2019 20:00,404,452,373,4249,4256,4346,3845,3804,3973
17/5/2019 20:30,427,452,402,4206,4218,4284,3779,3766,3882
17/5/2019 21:00,451,478,403,4174,4206,4253,3723,3728,3850
17/5/2019 21:30,475,458,417,4117,4161,4252,3642,3703,3835
17/5/2019 22:00,493,489,459,4021,4067,4173,3528,3578,3714
17/5/2019 22:30,504,548,515,3864,3907,3994,3360,3359,3479
17/5/2019 23:00,483,568,513,3695,3697,3790,3212,3129,3277
17/5/2019 23:30,498,536,544,3513,3524,3607,3015,2988,3063
18/5/2019 0:00,511,550,615,3372,3375,3433,2861,2825,2818
18/5/2019 0:30,522,571,684,3244,3244,3299,2722,2673,2615
18/5/2019 1:00,535,583,712,3126,3129,3181,2591,2546,2469
18/5/2019 1:30,550,581,712,3028,3033,3085,2478,2452,2373
18/5/2019 2:00,561,596,700,2950,2957,3012,2389,2361,2312
18/5/2019 2:30,565,617,680,2888,2895,2967,2323,2278,2287
18/5/2019 3:00,569,627,676,2841,2849,2921,2272,2222,2245
18/5/2019 3:30,570,635,656,2816,2825,2885,2246,2190,2229
18/5/2019 4:00,568,635,658,2810,2821,2885,2242,2186,2227
18/5/2019 4:30,561,652,686,2813,2825,2897,2252,2173,2211
18/5/2019 5:00,556,651,699,2819,2830,2887,2263,2179,2188
18/5/2019 5:30,554,688,722,2821,2832,2851,2267,2144,2129
18/5/2019 6:00,554,686,747,2844,2853,2949,2290,2167,2202
18/5/2019 6:30,557,651,780,2985,2995,3066,2428,2344,2286
18/5/2019 7:00,554,662,800,3241,3253,3263,2687,2591,2463
18/5/2019 7:30,544,681,813,3497,3511,3497,2953,2830,2684
18/5/2019 8:00,546,707,846,3723,3735,3765,3177,3028,2919
18/5/2019 8:30,560,760,809,3910,3919,3979,3350,3159,3170
18/5/2019 9:00,569,785,847,4054,4059,4159,3485,3274,3312
18/5/2019 9:30,574,834,820,4149,4152,4265,3575,3318,3445
18/5/2019 10:00,579,857,832,4199,4201,4319,3620,3344,3487
18/5/2019 10:30,585,899,854,4224,4232,4320,3639,3333,3466
18/5/2019 11:00,590,897,842,4233,4257,4341,3643,3360,3499
18/5/2019 11:30,594,890,795,4240,4299,4339,3646,3409,3544
18/5/2019 12:00,601,875,747,4242,4310,4338,3641,3435,3591
18/5/2019 12:30,611,858,705,4217,4295,4347,3606,3437,3642
18/5/2019 13:00,625,849,693,4163,4250,4277,3538,3401,3584
18/5/2019 13:30,643,805,705,4102,4196,4197,3459,3391,3492
18/5/2019 14:00,670,821,669,4046,4144,4133,3376,3323,3464
18/5/2019 14:30,708,860,708,4012,4110,4077,3304,3250,3369
18/5/2019 15:00,751,894,758,4004,4097,4050,3253,3203,3292
18/5/2019 15:30,801,830,776,4014,4098,4050,3213,3268,3274
18/5/2019 16:00,854,883,876,4042,4114,4089,3188,3231,3213
18/5/2019 16:30,910,927,941,4098,4160,4184,3188,3233,3243
18/5/2019 17:00,958,963,993,4170,4224,4287,3212,3261,3294
18/5/2019 17:30,999,1020,1053,4201,4252,4339,3202,3232,3286
18/5/2019 18:00,1022,1040,1076,4180,4231,4371,3158,3191,3295
18/5/2019 18:30,1028,1031,1049,4121,4178,4292,3093,3147,3243
18/5/2019 19:00,1013,1027,1027,4037,4099,4242,3024,3072,3215
18/5/2019 19:30,976,980,979,3959,4025,4166,2983,3045,3187
18/5/2019 20:00,931,945,912,3898,3963,4081,2967,3018,3169
18/5/2019 20:30,877,914,870,3869,3925,4001,2992,3011,3131
18/5/2019 21:00,836,874,830,3866,3904,3941,3030,3030,3111
18/5/2019 21:30,809,800,801,3850,3876,3957,3041,3076,3156
18/5/2019 22:00,786,763,769,3799,3822,3920,3013,3059,3151
18/5/2019 22:30,767,739,743,3671,3695,3785,2904,2956,3042
18/5/2019 23:00,841,727,738,3512,3513,3640,2671,2786,2902
18/5/2019 23:30,817,660,678,3377,3379,3495,2560,2719,2817
19/5/2019 0:00,804,663,657,3298,3300,3402,2494,2637,2745
19/5/2019 0:30,803,693,683,3197,3196,3272,2394,2503,2589
19/5/2019 1:00,803,695,668,3067,3068,3144,2264,2373,2476
19/5/2019 1:30,804,720,686,2960,2962,3057,2156,2242,2371
19/5/2019 2:00,806,723,662,2883,2887,2976,2077,2164,2314
19/5/2019 2:30,809,739,697,2820,2823,2926,2011,2084,2229
19/5/2019 3:00,811,741,711,2767,2771,2882,1956,2030,2171
19/5/2019 3:30,813,689,698,2735,2741,2843,1922,2052,2145
19/5/2019 4:00,813,695,763,2725,2732,2835,1912,2037,2072
19/5/2019 4:30,810,699,808,2725,2732,2836,1915,2033,2028
19/5/2019 5:00,810,707,821,2724,2730,2806,1914,2023,1985
19/5/2019 5:30,811,698,812,2681,2691,2739,1870,1993,1927
19/5/2019 6:00,809,711,823,2619,2638,2794,1810,1927,1971
19/5/2019 6:30,804,766,793,2672,2691,2857,1868,1925,2064
19/5/2019 7:00,804,775,761,2852,2863,2950,2048,2088,2189
19/5/2019 7:30,811,793,699,3073,3082,3094,2262,2289,2395
19/5/2019 8:00,812,799,701,3304,3315,3274,2492,2516,2573
19/5/2019 8:30,807,831,735,3506,3517,3469,2699,2686,2734
19/5/2019 9:00,798,823,722,3670,3677,3651,2872,2854,2929
19/5/2019 9:30,785,768,701,3799,3807,3809,3014,3039,3108
19/5/2019 10:00,773,730,711,3896,3912,3935,3123,3182,3224
19/5/2019 10:30,765,637,723,3973,3992,4012,3208,3355,3289
19/5/2019 11:00,756,601,676,4036,4052,4066,3280,3451,3390
19/5/2019 11:30,746,546,653,4091,4106,4106,3345,3560,3453
19/5/2019 12:00,753,537,621,4132,4146,4169,3379,3609,3548
19/5/2019 12:30,776,548,614,4137,4142,4239,3361,3594,3625
19/5/2019 13:00,793,571,604,4101,4094,4227,3308,3523,3623
19/5/2019 13:30,804,628,596,4043,4022,4141,3239,3394,3545
19/5/2019 14:00,823,667,618,3973,3942,4061,3150,3275,3443
19/5/2019 14:30,848,728,595,3927,3886,4006,3079,3158,3411
19/5/2019 15:00,873,767,612,3908,3864,3983,3035,3097,3371
19/5/2019 15:30,899,700,609,3905,3868,3968,3006,3168,3359
19/5/2019 16:00,914,725,626,3916,3898,3983,3002,3173,3357
19/5/2019 16:30,918,755,665,3956,3957,4037,3038,3202,3372
19/5/2019 17:00,916,775,646,4015,4034,4123,3099,3259,3477
19/5/2019 17:30,909,750,616,4047,4078,4190,3138,3328,3574
19/5/2019 18:00,895,758,612,4044,4080,4223,3149,3322,3611
19/5/2019 18:30,874,741,623,4018,4054,4183,3144,3313,3560
19/5/2019 19:00,843,734,648,3975,4005,4144,3132,3271,3496
19/5/2019 19:30,802,692,619,3919,3948,4103,3117,3256,3484
19/5/2019 20:00,756,641,611,3861,3888,4055,3105,3247,3444
19/5/2019 20:30,706,478,577,3831,3848,4016,3125,3370,3439
19/5/2019 21:00,664,421,521,3828,3823,3970,3164,3402,3449
19/5/2019 21:30,632,348,473,3816,3806,3957,3184,3458,3484
19/5/2019 22:00,605,323,450,3771,3774,3921,3166,3451,3471
19/5/2019 22:30,583,320,396,3645,3654,3739,3062,3334,3343
19/5/2019 23:00,472,299,361,3454,3455,3518,2982,3156,3157
19/5/2019 23:30,449,298,331,3280,3292,3312,2831,2994,2981
20/5/2019 0:00,429,288,322,3151,3159,3189,2722,2871,2867
20/5/2019 0:30,415,332,306,3045,3052,3096,2630,2720,2790
20/5/2019 1:00,406,322,305,2957,2964,3009,2551,2642,2704
20/5/2019 1:30,402,308,291,2886,2895,2937,2484,2587,2646
20/5/2019 2:00,395,297,278,2831,2842,2905,2436,2545,2627
20/5/2019 2:30,385,269,292,2791,2803,2859,2406,2534,2567
20/5/2019 3:00,373,261,271,2767,2779,2831,2394,2518,2560
20/5/2019 3:30,361,235,243,2760,2774,2817,2399,2539,2574
20/5/2019 4:00,350,226,226,2769,2782,2824,2419,2556,2598
20/5/2019 4:30,342,213,227,2785,2798,2840,2443,2585,2613
20/5/2019 5:00,336,200,217,2816,2829,2866,2480,2629,2649
20/5/2019 5:30,332,197,174,2917,2932,2893,2585,2735,2719
20/5/2019 6:00,318,179,155,3113,3129,3140,2795,2950,2985
20/5/2019 6:30,295,171,135,3456,3474,3429,3161,3303,3294
20/5/2019 7:00,268,154,107,3908,3924,3859,3640,3770,3752
20/5/2019 7:30,237,129,88,4257,4272,4243,4020,4143,4155
20/5/2019 8:00,220,121,78,4467,4482,4496,4247,4361,4418
20/5/2019 8:30,217,105,66,4609,4621,4598,4392,4516,4532
20/5/2019 9:00,213,100,62,4700,4708,4660,4487,4608,4598
20/5/2019 9:30,207,68,63,4741,4747,4693,4534,4679,4630
20/5/2019 10:00,201,67,76,4741,4750,4673,4540,4683,4597
20/5/2019 10:30,196,58,78,4737,4744,4684,4541,4686,4606
20/5/2019 11:00,192,63,91,4739,4738,4709,4547,4675,4618
20/5/2019 11:30,189,61,101,4746,4750,4703,4557,4689,4602
20/5/2019 12:00,190,76,116,4751,4765,4706,4561,4689,4590
20/5/2019 12:30,196,94,123,4725,4752,4713,4529,4658,4590
20/5/2019 13:00,211,120,143,4670,4710,4670,4459,4590,4527
20/5/2019 13:30,234,169,190,4627,4676,4578,4393,4507,4388
20/5/2019 14:00,263,214,239,4606,4653,4586,4343,4439,4347
20/5/2019 14:30,297,312,240,4596,4647,4580,4299,4335,4340
20/5/2019 15:00,323,369,258,4599,4653,4598,4276,4284,4340
20/5/2019 15:30,341,341,281,4631,4679,4639,4290,4338,4358
20/5/2019 16:00,360,371,324,4694,4723,4683,4334,4352,4359
20/5/2019 16:30,378,385,370,4779,4798,4788,4401,4413,4418
20/5/2019 17:00,400,390,382,4867,4885,4880,4467,4495,4498
20/5/2019 17:30,424,398,405,4887,4908,4918,4463,4510,4513
20/5/2019 18:00,429,391,421,4830,4853,4847,4401,4462,4426
20/5/2019 18:30,416,344,433,4734,4758,4719,4318,4414,4286
20/5/2019 19:00,399,336,400,4617,4633,4574,4218,4297,4174
20/5/2019 19:30,380,345,355,4505,4523,4468,4125,4178,4113
20/5/2019 20:00,358,327,315,4410,4433,4371,4052,4106,4056
20/5/2019 20:30,334,318,260,4354,4381,4307,4020,4063,4047
20/5/2019 21:00,318,296,246,4328,4351,4260,4010,4055,4014
20/5/2019 21:30,310,286,260,4277,4300,4218,3967,4014,3958
20/5/2019 22:00,297,263,264,4179,4200,4212,3882,3937,3948
20/5/2019 22:30,280,225,275,3991,4007,4018,3711,3782,3743
20/5/2019 23:00,199,196,245,3736,3738,3765,3537,3542,3520
20/5/2019 23:30,173,130,222,3509,3512,3547,3336,3382,3325
21/5/2019 0:00,155,112,189,3348,3354,3400,3193,3242,3211
21/5/2019 0:30,147,103,163,3229,3235,3285,3082,3132,3122
21/5/2019 1:00,136,94,121,3141,3146,3197,3005,3052,3076
21/5/2019 1:30,121,104,96,3071,3077,3114,2950,2973,3018
21/5/2019 2:00,109,96,74,3015,3021,3061,2906,2925,2987
21/5/2019 2:30,99,119,61,2971,2978,3026,2872,2859,2965
21/5/2019 3:00,91,112,59,2942,2948,2992,2851,2836,2933
21/5/2019 3:30,87,96,53,2936,2944,2972,2849,2848,2919
21/5/2019 4:00,83,92,24,2950,2958,2981,2867,2866,2957
21/5/2019 4:30,82,90,48,2961,2970,3000,2879,2880,2952
21/5/2019 5:00,80,87,48,2982,2989,2980,2902,2902,2932
21/5/2019 5:30,77,61,52,3078,3087,3006,3001,3026,2954
21/5/2019 6:00,75,61,49,3276,3288,3231,3201,3227,3182
21/5/2019 6:30,74,56,46,3608,3620,3521,3534,3564,3475
21/5/2019 7:00,73,55,42,4035,4044,3982,3962,3989,3940
21/5/2019 7:30,70,42,33,4363,4375,4379,4293,4333,4346
21/5/2019 8:00,71,41,31,4561,4575,4615,4490,4534,4584
21/5/2019 8:30,74,38,29,4689,4690,4711,4615,4652,4682
21/5/2019 9:00,75,41,28,4765,4739,4749,4690,4698,4721
21/5/2019 9:30,74,39,35,4793,4750,4769,4719,4711,4734
21/5/2019 10:00,73,43,36,4785,4738,4717,4712,4695,4681
21/5/2019 10:30,73,42,32,4771,4727,4702,4698,4685,4670
21/5/2019 11:00,74,50,76,4761,4727,4702,4687,4677,4626
21/5/2019 11:30,76,58,87,4761,4749,4701,4685,4691,4614
21/5/2019 12:00,81,71,97,4763,4743,4705,4682,4672,4608
21/5/2019 12:30,89,89,125,4741,4708,4709,4652,4619,4584
21/5/2019 13:00,98,107,153,4696,4649,4658,4598,4542,4505
21/5/2019 13:30,111,131,189,4662,4609,4577,4551,4478,4388
21/5/2019 14:00,127,150,204,4646,4599,4579,4519,4449,4375
21/5/2019 14:30,148,196,252,4641,4601,4572,4493,4405,4320
21/5/2019 15:00,167,210,285,4647,4614,4578,4480,4404,4293
21/5/2019 15:30,185,232,283,4674,4649,4615,4489,4417,4332
21/5/2019 16:00,198,233,292,4724,4706,4668,4526,4473,4376
21/5/2019 16:30,204,230,289,4800,4788,4773,4596,4558,4484
21/5/2019 17:00,211,228,277,4885,4872,4855,4674,4644,4578
21/5/2019 17:30,217,234,304,4906,4882,4904,4689,4648,4600
21/5/2019 18:00,222,235,331,4854,4810,4817,4632,4575,4486
21/5/2019 18:30,226,268,378,4764,4705,4719,4538,4437,4341
21/5/2019 19:00,231,268,376,4652,4582,4599,4421,4314,4223
21/5/2019 19:30,238,291,351,4545,4475,4517,4307,4184,4166
21/5/2019 20:00,239,299,335,4455,4392,4433,4216,4093,4098
21/5/2019 20:30,235,300,345,4402,4336,4391,4167,4036,4046
21/5/2019 21:00,232,310,315,4380,4306,4340,4148,3996,4025
21/5/2019 21:30,229,364,315,4345,4275,4310,4116,3911,3995
21/5/2019 22:00,220,355,324,4270,4220,4284,4050,3865,3960
21/5/2019 22:30,205,344,316,4094,4059,4079,3889,3715,3763
21/5/2019 23:00,308,321,304,3807,3805,3817,3499,3484,3513
21/5/2019 23:30,280,263,297,3584,3592,3581,3304,3329,3284
22/5/2019 0:00,249,242,292,3418,3423,3425,3169,3181,3133
22/5/2019 0:30,215,230,255,3295,3298,3305,3080,3068,3050
22/5/2019 1:00,191,213,229,3206,3210,3211,3015,2997,2982
22/5/2019 1:30,176,187,206,3134,3140,3140,2958,2953,2934
22/5/2019 2:00,158,171,164,3075,3081,3082,2917,2910,2918
22/5/2019 2:30,138,168,132,3031,3037,3038,2893,2869,2906
22/5/2019 3:00,122,151,112,3002,3007,3001,2880,2856,2889
22/5/2019 3:30,109,115,93,2995,3001,2989,2886,2886,2896
22/5/2019 4:00,99,101,88,3005,3010,2993,2906,2909,2905
22/5/2019 4:30,92,92,83,3009,3014,3006,2917,2922,2923
22/5/2019 5:00,86,86,78,3021,3022,3019,2935,2936,2941
22/5/2019 5:30,80,80,61,3109,3113,3050,3029,3033,2989
22/5/2019 6:00,77,78,56,3299,3308,3259,3222,3230,3203
22/5/2019 6:30,76,66,52,3629,3636,3542,3553,3570,3490
22/5/2019 7:00,74,67,42,4061,4059,3982,3987,3992,3940
22/5/2019 7:30,72,65,37,4394,4393,4386,4322,4328,4349
22/5/2019 8:00,71,63,32,4594,4600,4628,4523,4537,4596
22/5/2019 8:30,70,52,28,4720,4724,4695,4650,4672,4667
22/5/2019 9:00,72,54,26,4789,4777,4743,4717,4723,4717
22/5/2019 9:30,76,44,27,4805,4785,4761,4729,4741,4734
22/5/2019 10:00,80,49,24,4782,4760,4714,4702,4711,4690
22/5/2019 10:30,84,49,24,4761,4737,4713,4677,4688,4689
22/5/2019 11:00,87,56,24,4750,4727,4702,4663,4671,4678
22/5/2019 11:30,90,63,21,4744,4724,4687,4654,4661,4666
22/5/2019 12:00,95,72,56,4735,4726,4684,4640,4654,4628
22/5/2019 12:30,101,83,70,4700,4714,4702,4599,4631,4632
22/5/2019 13:00,109,97,79,4643,4656,4657,4534,4559,4578
22/5/2019 13:30,119,116,109,4603,4608,4581,4484,4492,4472
22/5/2019 14:00,130,130,128,4587,4582,4586,4457,4452,4458
22/5/2019 14:30,140,149,182,4584,4571,4620,4444,4422,4438
22/5/2019 15:00,151,161,187,4594,4574,4630,4443,4413,4443
22/5/2019 15:30,162,140,189,4626,4602,4658,4464,4462,4469
22/5/2019 16:00,173,144,199,4684,4656,4736,4511,4512,4537
22/5/2019 16:30,184,153,203,4766,4736,4835,4582,4583,4632
22/5/2019 17:00,193,158,202,4854,4823,4918,4661,4665,4716
22/5/2019 17:30,201,181,204,4874,4843,4960,4673,4662,4756
22/5/2019 18:00,212,191,195,4817,4784,4899,4605,4593,4704
22/5/2019 18:30,226,218,187,4722,4691,4775,4496,4473,4588
22/5/2019 19:00,234,222,170,4607,4583,4651,4373,4361,4481
22/5/2019 19:30,235,229,161,4514,4502,4562,4279,4273,4401
22/5/2019 20:00,240,225,139,4451,4456,4497,4211,4231,4358
22/5/2019 20:30,249,198,140,4409,4422,4455,4160,4224,4315
22/5/2019 21:00,256,193,144,4381,4392,4423,4125,4199,4279
22/5/2019 21:30,263,183,133,4339,4336,4388,4076,4153,4255
22/5/2019 22:00,264,185,124,4263,4241,4334,3999,4056,4210
22/5/2019 22:30,260,160,121,4096,4059,4125,3836,3899,4004
22/5/2019 23:00,192,152,103,3811,3809,3857,3619,3657,3754
22/5/2019 23:30,186,126,83,3585,3584,3617,3399,3458,3534
23/5/2019 0:00,176,110,84,3413,3410,3452,3237,3300,3368
23/5/2019 0:30,162,95,88,3286,3284,3335,3124,3189,3247
23/5/2019 1:00,153,83,90,3196,3194,3225,3043,3111,3135
23/5/2019 1:30,148,55,94,3123,3121,3141,2975,3066,3047
23/5/2019 2:00,141,54,94,3061,3060,3092,2920,3006,2998
23/5/2019 2:30,134,43,86,3013,3013,3052,2879,2970,2966
23/5/2019 3:00,128,44,73,2981,2982,3016,2853,2938,2943
23/5/2019 3:30,123,34,69,2972,2973,3000,2849,2939,2931
23/5/2019 4:00,120,36,61,2981,2980,2992,2861,2944,2931
23/5/2019 4:30,117,37,71,2989,2990,3011,2872,2953,2940
23/5/2019 5:00,118,38,78,3007,3010,3035,2889,2972,2957
23/5/2019 5:30,121,55,82,3094,3097,3055,2973,3042,2973
23/5/2019 6:00,125,54,87,3276,3274,3258,3151,3220,3171
23/5/2019 6:30,128,56,93,3592,3593,3538,3464,3537,3445
23/5/2019 7:00,135,57,84,4007,4017,3973,3872,3960,3889
23/5/2019 7:30,147,62,79,4342,4352,4355,4195,4290,4276
23/5/2019 8:00,156,61,78,4560,4559,4592,4404,4498,4514
23/5/2019 8:30,161,72,74,4697,4680,4695,4536,4608,4621
23/5/2019 9:00,162,72,72,4767,4727,4758,4605,4655,4686
23/5/2019 9:30,161,80,73,4790,4742,4777,4629,4662,4704
23/5/2019 10:00,156,83,45,4780,4736,4742,4624,4653,4697
23/5/2019 10:30,148,77,88,4764,4724,4727,4616,4647,4639
23/5/2019 11:00,139,81,97,4753,4718,4739,4614,4637,4642
23/5/2019 11:30,130,87,98,4760,4751,4747,4630,4664,4649
23/5/2019 12:00,122,93,111,4776,4751,4760,4654,4658,4649
23/5/2019 12:30,116,100,105,4760,4727,4779,4644,4627,4674
23/5/2019 13:00,109,108,97,4710,4681,4758,4601,4573,4661
23/5/2019 13:30,101,126,110,4670,4648,4672,4569,4522,4562
23/5/2019 14:00,95,140,132,4650,4640,4669,4555,4500,4537
23/5/2019 14:30,92,152,135,4643,4644,4667,4551,4492,4532
23/5/2019 15:00,91,164,149,4651,4658,4689,4560,4494,4540
23/5/2019 15:30,92,181,164,4680,4690,4724,4588,4509,4560
23/5/2019 16:00,92,188,173,4732,4740,4751,4640,4552,4578
23/5/2019 16:30,93,185,213,4805,4812,4861,4712,4627,4648
23/5/2019 17:00,97,188,208,4880,4888,4934,4783,4700,4726
23/5/2019 17:30,104,192,207,4892,4899,4989,4788,4707,4782
23/5/2019 18:00,115,195,230,4832,4835,4943,4717,4640,4713
23/5/2019 18:30,131,197,248,4736,4735,4852,4605,4538,4604
23/5/2019 19:00,141,198,249,4622,4615,4732,4481,4417,4483
23/5/2019 19:30,146,196,198,4525,4513,4618,4379,4317,4420
23/5/2019 20:00,149,195,153,4453,4440,4535,4304,4245,4382
23/5/2019 20:30,150,204,133,4406,4393,4478,4256,4189,4345
23/5/2019 21:00,152,198,146,4377,4368,4426,4225,4170,4280
23/5/2019 21:30,154,157,177,4330,4329,4378,4176,4172,4201
23/5/2019 22:00,160,156,195,4246,4256,4337,4086,4100,4142
23/5/2019 22:30,172,183,208,4074,4083,4143,3902,3900,3935
23/5/2019 23:00,177,182,196,3826,3827,3897,3649,3645,3701
23/5/2019 23:30,178,147,211,3604,3617,3667,3426,3470,3456
24/5/2019 0:00,178,152,241,3440,3446,3509,3262,3294,3268
24/5/2019 0:30,177,167,247,3311,3315,3382,3134,3148,3135
24/5/2019 1:00,187,174,298,3210,3216,3270,3023,3042,2972
24/5/2019 1:30,208,208,334,3129,3137,3173,2921,2929,2839
24/5/2019 2:00,230,213,349,3066,3075,3124,2836,2862,2775
24/5/2019 2:30,253,211,321,3017,3027,3077,2764,2816,2756
24/5/2019 3:00,265,216,305,2982,2994,3043,2717,2778,2738
24/5/2019 3:30,267,217,307,2968,2981,3026,2701,2764,2719
24/5/2019 4:00,273,222,293,2972,2983,3023,2699,2761,2730
24/5/2019 4:30,282,231,286,2978,2988,3041,2696,2757,2755
24/5/2019 5:00,294,239,312,2996,3005,3038,2702,2766,2726
24/5/2019 5:30,307,325,351,3082,3095,3068,2775,2770,2717
24/5/2019 6:00,314,321,372,3262,3278,3280,2948,2957,2908
24/5/2019 6:30,316,296,391,3577,3585,3545,3261,3289,3154
24/5/2019 7:00,309,292,380,3991,3986,3954,3682,3694,3574
24/5/2019 7:30,293,299,393,4322,4320,4318,4029,4021,3925
24/5/2019 8:00,280,295,359,4534,4548,4595,4254,4253,4236
24/5/2019 8:30,271,287,344,4669,4688,4746,4398,4401,4402
24/5/2019 9:00,272,288,352,4742,4750,4845,4470,4462,4493
24/5/2019 9:30,284,296,368,4768,4767,4882,4484,4471,4514
24/5/2019 10:00,297,308,351,4758,4753,4855,4461,4445,4504
24/5/2019 10:30,311,320,372,4745,4742,4847,4434,4422,4475
24/5/2019 11:00,324,348,430,4735,4746,4832,4411,4398,4402
24/5/2019 11:30,335,407,442,4732,4757,4822,4397,4350,4380
24/5/2019 12:00,343,441,421,4728,4773,4822,4385,4332,4401
24/5/2019 12:30,349,492,448,4702,4749,4813,4353,4257,4365
24/5/2019 13:00,361,532,451,4655,4707,4749,4294,4175,4298
24/5/2019 13:30,378,590,461,4612,4662,4667,4234,4072,4206
24/5/2019 14:00,395,619,489,4580,4627,4649,4185,4008,4160
24/5/2019 14:30,414,660,504,4562,4606,4620,4148,3946,4116
24/5/2019 15:00,431,662,512,4561,4601,4591,4130,3939,4079
24/5/2019 15:30,449,519,475,4570,4606,4590,4121,4087,4115
24/5/2019 16:00,455,501,428,4593,4625,4608,4138,4124,4180
24/5/2019 16:30,450,465,417,4644,4677,4671,4194,4212,4254
24/5/2019 17:00,436,430,404,4710,4749,4730,4274,4319,4326
24/5/2019 17:30,412,364,388,4728,4772,4770,4316,4408,4382
24/5/2019 18:00,392,326,339,4684,4735,4718,4292,4409,4379
24/5/2019 18:30,374,298,316,4598,4655,4640,4224,4357,4324
24/5/2019 19:00,354,261,270,4482,4546,4532,4128,4285,4262
24/5/2019 19:30,331,203,243,4374,4445,4441,4043,4242,4198
24/5/2019 20:00,309,186,227,4287,4361,4328,3978,4175,4101
24/5/2019 20:30,287,192,193,4229,4297,4265,3942,4105,4072
24/5/2019 21:00,267,179,195,4195,4247,4213,3928,4068,4018
24/5/2019 21:30,248,139,195,4163,4197,4184,3915,4058,3989
24/5/2019 22:00,228,127,197,4109,4126,4190,3881,3999,3993
24/5/2019 22:30,206,112,191,3967,3978,4058,3761,3866,3867
24/5/2019 23:00,145,101,186,3757,3764,3870,3612,3663,3684
24/5/2019 23:30,125,92,191,3573,3582,3683,3448,3490,3492
25/5/2019 0:00,109,84,187,3440,3448,3522,3331,3364,3335
25/5/2019 0:30,98,105,169,3314,3324,3370,3216,3219,3201
25/5/2019 1:00,90,97,157,3191,3203,3247,3101,3106,3090
25/5/2019 1:30,86,100,159,3091,3104,3141,3005,3004,2982
25/5/2019 2:00,81,93,152,3016,3028,3078,2935,2935,2926
25/5/2019 2:30,78,104,145,2953,2966,3027,2875,2862,2882
25/5/2019 3:00,77,106,134,2903,2917,2976,2826,2811,2842
25/5/2019 3:30,78,129,147,2878,2892,2945,2800,2763,2798
25/5/2019 4:00,81,139,146,2876,2887,2925,2795,2748,2779
25/5/2019 4:30,86,149,164,2877,2887,2924,2791,2738,2760
25/5/2019 5:00,92,160,203,2877,2888,2904,2785,2728,2701
25/5/2019 5:30,100,192,226,2880,2896,2881,2780,2704,2655
25/5/2019 6:00,109,211,244,2907,2928,2972,2798,2717,2728
25/5/2019 6:30,120,232,274,3042,3068,3091,2922,2836,2817
25/5/2019 7:00,136,257,283,3282,3312,3298,3146,3055,3015
25/5/2019 7:30,158,309,322,3534,3565,3503,3376,3256,3181
25/5/2019 8:00,182,344,370,3769,3792,3742,3587,3448,3372
25/5/2019 8:30,208,393,440,3962,3978,3978,3754,3585,3538
25/5/2019 9:00,241,439,495,4108,4119,4168,3867,3680,3673
25/5/2019 9:30,281,489,517,4214,4228,4275,3933,3739,3758
25/5/2019 10:00,330,545,562,4283,4304,4355,3953,3759,3793
25/5/2019 10:30,388,592,698,4321,4348,4388,3933,3756,3690
25/5/2019 11:00,449,663,894,4335,4367,4399,3886,3704,3505
25/5/2019 11:30,512,759,940,4354,4393,4391,3842,3634,3451
25/5/2019 12:00,587,852,926,4374,4403,4375,3787,3551,3449
25/5/2019 12:30,673,1000,1042,4363,4382,4387,3690,3382,3345
25/5/2019 13:00,751,1084,1121,4319,4330,4344,3568,3246,3223
25/5/2019 13:30,820,1135,1121,4263,4272,4243,3443,3137,3122
25/5/2019 14:00,884,1187,1138,4207,4221,4165,3323,3034,3027
25/5/2019 14:30,942,1360,1201,4170,4184,4114,3228,2824,2913
25/5/2019 15:00,988,1381,1261,4155,4163,4059,3167,2782,2798
25/5/2019 15:30,1021,1418,1272,4156,4159,4017,3135,2741,2745
25/5/2019 16:00,1060,1462,1239,4176,4172,4020,3116,2710,2781
25/5/2019 16:30,1105,1502,1364,4227,4218,4095,3122,2716,2731
25/5/2019 17:00,1130,1524,1346,4299,4283,4177,3169,2759,2831
25/5/2019 17:30,1136,1466,1386,4330,4304,4267,3194,2838,2881
25/5/2019 18:00,1140,1460,1406,4308,4272,4256,3168,2812,2850
25/5/2019 18:30,1141,1439,1331,4248,4210,4182,3107,2771,2851
25/5/2019 19:00,1129,1424,1286,4164,4130,4108,3035,2706,2822
25/5/2019 19:30,1105,1327,1273,4091,4063,4037,2986,2736,2764
25/5/2019 20:00,1071,1305,1288,4036,4011,3953,2965,2706,2665
25/5/2019 20:30,1026,1292,1320,3986,3965,3876,2960,2673,2556
25/5/2019 21:00,994,1261,1411,3941,3921,3855,2947,2660,2444
25/5/2019 21:30,975,1259,1428,3908,3899,3819,2933,2640,2391
25/5/2019 22:00,979,1284,1467,3871,3878,3802,2892,2594,2335
25/5/2019 22:30,1006,1305,1510,3752,3769,3704,2746,2464,2194
25/5/2019 23:00,1257,1333,1543,3582,3580,3558,2325,2247,2015
25/5/2019 23:30,1260,1388,1491,3435,3428,3396,2175,2040,1905
26/5/2019 0:00,1286,1415,1578,3343,3339,3272,2057,1924,1694
26/5/2019 0:30,1336,1536,1518,3239,3237,3138,1903,1701,1620
26/5/2019 1:00,1391,1566,1454,3117,3115,3049,1726,1549,1595
26/5/2019 1:30,1453,1631,1551,3016,3016,2974,1563,1385,1423
26/5/2019 2:00,1514,1663,1697,2942,2941,2910,1428,1278,1213
26/5/2019 2:30,1572,1773,1804,2881,2882,2870,1309,1109,1066
26/5/2019 3:00,1647,1806,1829,2832,2832,2802,1185,1026,973
26/5/2019 3:30,1738,1805,1807,2802,2805,2796,1064,1000,989
26/5/2019 4:00,1810,1841,1796,2789,2790,2775,979,949,979
26/5/2019 4:30,1863,1888,1698,2776,2778,2767,913,890,1069
26/5/2019 5:00,1910,1945,1449,2761,2758,2713,851,813,1264
26/5/2019 5:30,1951,2016,1258,2746,2748,2643,795,732,1385
26/5/2019 6:00,1988,2083,1229,2744,2751,2678,756,668,1449
26/5/2019 6:30,2020,2190,1275,2790,2798,2739,770,608,1464
26/5/2019 7:00,2068,2248,1578,2899,2901,2844,831,653,1266
26/5/2019 7:30,2131,2301,1900,3083,3086,2991,952,785,1091
26/5/2019 8:00,2190,2343,2128,3323,3329,3209,1133,986,1081
26/5/2019 8:30,2245,1813,2369,3529,3531,3439,1284,1718,1070
26/5/2019 9:00,2302,1895,2551,3684,3678,3657,1382,1783,1106
26/5/2019 9:30,2361,2060,2754,3818,3808,3775,1457,1748,1021
26/5/2019 10:00,2421,2130,2801,3935,3923,3927,1514,1793,1126
26/5/2019 10:30,2482,2127,2755,4018,4005,4008,1536,1878,1253
26/5/2019 11:00,2525,2180,2846,4070,4060,4097,1545,1880,1251
26/5/2019 11:30,2549,2434,2863,4116,4106,4133,1567,1672,1270
26/5/2019 12:00,2567,2457,2840,4154,4144,4158,1587,1687,1318
26/5/2019 12:30,2577,2568,2878,4147,4129,4213,1570,1561,1335
26/5/2019 13:00,2578,2588,2837,4094,4071,4198,1516,1483,1361
26/5/2019 13:30,2571,2824,2887,4023,3988,4138,1452,1164,1251
26/5/2019 14:00,2565,2828,2759,3949,3897,3989,1384,1069,1230
26/5/2019 14:30,2561,2842,2586,3899,3829,3894,1338,987,1308
26/5/2019 15:00,2562,2853,2674,3875,3795,3867,1313,942,1193
26/5/2019 15:30,2567,2840,2774,3868,3787,3856,1301,947,1082
26/5/2019 16:00,2565,2858,2803,3876,3810,3869,1311,952,1066
26/5/2019 16:30,2555,2882,2770,3915,3861,3910,1360,979,1140
26/5/2019 17:00,2537,2879,2806,3975,3934,3983,1438,1055,1177
26/5/2019 17:30,2511,2814,2754,4003,3971,4046,1492,1157,1292
26/5/2019 18:00,2469,2773,2700,3990,3965,4065,1521,1192,1365
26/5/2019 18:30,2413,2728,2704,3950,3926,4041,1537,1198,1337
26/5/2019 19:00,2337,2667,2604,3892,3867,4015,1555,1200,1411
26/5/2019 19:30,2242,2592,2583,3840,3809,3979,1598,1217,1396
26/5/2019 20:00,2142,2504,2493,3799,3764,3949,1657,1260,1456
26/5/2019 20:30,2037,2396,2433,3763,3728,3913,1726,1332,1480
26/5/2019 21:00,1945,2317,2389,3736,3706,3878,1791,1389,1489
26/5/2019 21:30,1868,2151,2295,3735,3699,3824,1867,1548,1529
26/5/2019 22:00,1831,2099,2281,3741,3692,3841,1910,1593,1560
26/5/2019 22:30,1835,2068,2198,3650,3603,3686,1815,1535,1488
26/5/2019 23:00,2174,2047,2075,3433,3434,3474,1259,1387,1399
26/5/2019 23:30,2161,1996,2032,3257,3271,3277,1096,1275,1245
27/5/2019 0:00,2138,1981,1842,3099,3105,3140,961,1124,1298
27/5/2019 0:30,2105,2062,1834,2981,2984,3035,876,922,1201
27/5/2019 1:00,2070,2057,1672,2901,2907,2914,831,850,1242
27/5/2019 1:30,2035,2131,1544,2842,2849,2832,807,718,1288
27/5/2019 2:00,1974,2102,1433,2797,2807,2800,823,705,1367
27/5/2019 2:30,1888,2008,1357,2762,2772,2766,874,764,1409
27/5/2019 3:00,1811,1965,1322,2737,2746,2728,926,781,1406
27/5/2019 3:30,1744,1735,1321,2728,2738,2701,984,1003,1380
27/5/2019 4:00,1682,1676,1491,2732,2741,2724,1050,1065,1233
27/5/2019 4:30,1625,1645,1464,2721,2726,2762,1096,1081,1298
27/5/2019 5:00,1566,1593,1494,2711,2710,2778,1145,1117,1284
27/5/2019 5:30,1505,1233,1474,2798,2800,2808,1293,1567,1334
27/5/2019 6:00,1450,1212,1409,3003,3014,3003,1553,1802,1594
27/5/2019 6:30,1400,1126,1286,3313,3326,3241,1913,2200,1955
27/5/2019 7:00,1359,1158,1183,3694,3706,3618,2335,2548,2435
27/5/2019 7:30,1329,1344,1183,4026,4041,3957,2697,2697,2774
27/5/2019 8:00,1305,1364,1222,4281,4296,4208,2976,2932,2986
27/5/2019 8:30,1287,1394,1313,4464,4478,4346,3177,3084,3033
27/5/2019 9:00,1258,1403,1403,4581,4591,4468,3323,3188,3065
27/5/2019 9:30,1219,1404,1375,4645,4651,4533,3426,3247,3158
27/5/2019 10:00,1209,1458,1422,4669,4669,4535,3460,3211,3113
27/5/2019 10:30,1227,1447,1568,4686,4685,4557,3459,3238,2989
27/5/2019 11:00,1268,1525,1668,4704,4707,4574,3436,3182,2906
27/5/2019 11:30,1331,1620,1753,4727,4732,4610,3396,3112,2857
27/5/2019 12:00,1393,1716,1808,4746,4754,4638,3353,3038,2830
27/5/2019 12:30,1454,1887,1913,4730,4744,4679,3276,2857,2766
27/5/2019 13:00,1521,1982,1911,4680,4703,4661,3159,2721,2750
27/5/2019 13:30,1595,2029,1948,4637,4667,4580,3042,2638,2632
27/5/2019 14:00,1661,2088,2031,4609,4640,4601,2948,2552,2570
27/5/2019 14:30,1719,2191,2044,4588,4627,4589,2869,2436,2545
27/5/2019 15:00,1774,2240,2129,4576,4628,4604,2802,2388,2475
27/5/2019 15:30,1826,2235,2191,4598,4653,4657,2772,2418,2466
27/5/2019 16:00,1853,2261,2148,4655,4702,4707,2802,2441,2559
27/5/2019 16:30,1854,2168,2149,4735,4780,4772,2881,2612,2623
27/5/2019 17:00,1834,2169,2083,4818,4864,4871,2984,2695,2788
27/5/2019 17:30,1793,2209,2109,4828,4874,4939,3035,2665,2830
27/5/2019 18:00,1739,2184,2099,4759,4799,4888,3020,2615,2789
27/5/2019 18:30,1671,2145,1999,4662,4700,4797,2991,2555,2798
27/5/2019 19:00,1593,2083,1896,4554,4590,4632,2961,2507,2736
27/5/2019 19:30,1504,1995,1792,4446,4484,4543,2942,2489,2751
27/5/2019 20:00,1416,1886,1650,4347,4390,4426,2931,2504,2776
27/5/2019 20:30,1328,1678,1505,4286,4323,4347,2958,2645,2842
27/5/2019 21:00,1256,1592,1505,4258,4280,4276,3002,2688,2771
27/5/2019 21:30,1201,1542,1439,4210,4233,4197,3009,2691,2758
27/5/2019 22:00,1162,1486,1380,4120,4159,4171,2958,2673,2791
27/5/2019 22:30,1137,1387,1364,3951,3984,3975,2814,2597,2611
27/5/2019 23:00,1426,1362,1402,3725,3721,3743,2299,2359,2341
27/5/2019 23:30,1401,1271,1435,3479,3476,3536,2078,2205,2101
28/5/2019 0:00,1383,1279,1420,3280,3277,3366,1897,1998,1946
28/5/2019 0:30,1372,1338,1382,3136,3131,3235,1764,1793,1853
28/5/2019 1:00,1361,1360,1343,3042,3037,3121,1681,1677,1778
28/5/2019 1:30,1350,1388,1434,2974,2969,3053,1624,1581,1619
28/5/2019 2:00,1329,1413,1455,2922,2916,3000,1593,1503,1545
28/5/2019 2:30,1298,1492,1264,2876,2870,2954,1578,1378,1690
28/5/2019 3:00,1263,1487,1173,2837,2832,2901,1574,1345,1728
28/5/2019 3:30,1225,1468,1114,2825,2821,2874,1600,1353,1760
28/5/2019 4:00,1174,1412,1075,2838,2834,2880,1664,1422,1805
28/5/2019 4:30,1108,1292,1014,2852,2847,2885,1744,1555,1871
28/5/2019 5:00,1033,1187,1130,2874,2872,2901,1841,1685,1771
28/5/2019 5:30,946,1060,1020,2964,2966,2974,2018,1906,1954
28/5/2019 6:00,869,952,858,3144,3149,3195,2275,2197,2337
28/5/2019 6:30,801,663,780,3447,3452,3482,2646,2789,2702
28/5/2019 7:00,760,624,685,3840,3841,3868,3080,3217,3183
28/5/2019 7:30,746,605,649,4150,4156,4249,3404,3551,3600
28/5/2019 8:00,735,599,663,4350,4361,4502,3615,3762,3839
28/5/2019 8:30,728,681,641,4489,4485,4608,3761,3804,3967
28/5/2019 9:00,719,670,607,4581,4545,4674,3862,3875,4067
28/5/2019 9:30,710,586,591,4621,4569,4723,3911,3983,4132
28/5/2019 10:00,680,554,516,4619,4563,4681,3939,4009,4165
28/5/2019 10:30,629,487,497,4619,4567,4694,3990,4080,4197
28/5/2019 11:00,583,453,444,4629,4580,4687,4046,4127,4243
28/5/2019 11:30,540,395,449,4644,4622,4698,4104,4227,4249
28/5/2019 12:00,494,360,390,4654,4634,4732,4160,4274,4342
28/5/2019 12:30,442,356,366,4637,4623,4752,4195,4267,4386
28/5/2019 13:00,411,333,381,4594,4592,4716,4183,4259,4335
28/5/2019 13:30,399,307,345,4557,4564,4632,4158,4257,4287
28/5/2019 14:00,385,296,303,4533,4552,4614,4148,4256,4311
28/5/2019 14:30,371,264,290,4523,4552,4609,4152,4288,4319
28/5/2019 15:00,354,259,286,4527,4566,4633,4173,4307,4347
28/5/2019 15:30,334,286,263,4551,4593,4651,4217,4307,4388
28/5/2019 16:00,320,283,317,4595,4638,4682,4275,4355,4365
28/5/2019 16:30,312,306,329,4670,4715,4797,4358,4409,4468
28/5/2019 17:00,302,296,297,4758,4806,4889,4456,4510,4592
28/5/2019 17:30,290,242,307,4777,4827,4930,4487,4585,4623
28/5/2019 18:00,278,230,281,4720,4767,4871,4442,4537,4590
28/5/2019 18:30,266,225,248,4629,4670,4779,4363,4445,4531
28/5/2019 19:00,247,207,233,4522,4555,4648,4275,4348,4415
28/5/2019 19:30,222,167,233,4430,4463,4578,4208,4296,4345
28/5/2019 20:00,200,144,186,4360,4398,4499,4160,4254,4313
28/5/2019 20:30,181,146,168,4301,4341,4455,4120,4195,4287
28/5/2019 21:00,174,129,142,4251,4283,4404,4077,4154,4262
28/5/2019 21:30,177,105,181,4212,4221,4353,4035,4116,4172
28/5/2019 22:00,186,117,199,4160,4140,4319,3974,4023,4120
28/5/2019 22:30,202,133,242,3998,3975,4125,3796,3842,3883
28/5/2019 23:00,236,196,258,3735,3737,3867,3499,3541,3609
28/5/2019 23:30,308,297,317,3521,3530,3631,3213,3233,3314
29/5/2019 0:00,394,386,477,3354,3366,3443,2960,2980,2966
29/5/2019 0:30,492,495,584,3225,3238,3305,2733,2743,2721
29/5/2019 1:00,572,548,536,3131,3143,3191,2559,2595,2655
29/5/2019 1:30,632,604,492,3057,3069,3106,2425,2465,2614
29/5/2019 2:00,687,636,481,2999,3012,3047,2312,2376,2566
29/5/2019 2:30,735,622,516,2953,2966,3020,2218,2344,2504
29/5/2019 3:00,802,684,574,2919,2933,2992,2117,2249,2418
29/5/2019 3:30,887,792,605,2906,2923,2976,2019,2131,2371
29/5/2019 4:00,925,827,624,2913,2932,2950,1988,2105,2326
29/5/2019 4:30,917,790,659,2928,2948,2973,2011,2158,2314
29/5/2019 5:00,924,784,748,2958,2978,3019,2034,2194,2271
29/5/2019 5:30,947,755,769,3050,3072,3044,2103,2317,2275
29/5/2019 6:00,978,776,796,3227,3254,3257,2249,2478,2461
29/5/2019 6:30,1017,825,768,3534,3562,3539,2517,2737,2771
29/5/2019 7:00,1060,849,767,3940,3966,3956,2880,3117,3189
29/5/2019 7:30,1109,775,794,4276,4301,4349,3167,3526,3555
29/5/2019 8:00,1164,826,844,4507,4529,4608,3343,3703,3764
29/5/2019 8:30,1227,973,886,4663,4678,4699,3436,3705,3813
29/5/2019 9:00,1296,1056,898,4755,4762,4780,3459,3706,3882
29/5/2019 9:30,1372,1150,955,4800,4805,4819,3428,3655,3864
29/5/2019 10:00,1440,1230,1054,4808,4820,4781,3368,3590,3727
29/5/2019 10:30,1501,1209,1068,4807,4829,4799,3306,3620,3731
29/5/2019 11:00,1551,1282,1085,4807,4842,4798,3256,3560,3713
29/5/2019 11:30,1591,1369,1130,4820,4866,4807,3229,3497,3677
29/5/2019 12:00,1619,1423,1138,4840,4883,4845,3221,3460,3707
29/5/2019 12:30,1634,1443,1213,4833,4871,4858,3199,3428,3645
29/5/2019 13:00,1660,1471,1281,4797,4833,4813,3137,3362,3532
29/5/2019 13:30,1697,1470,1337,4765,4800,4737,3068,3330,3400
29/5/2019 14:00,1735,1493,1384,4747,4780,4726,3012,3287,3342
29/5/2019 14:30,1773,1423,1497,4744,4774,4729,2971,3351,3232
29/5/2019 15:00,1820,1463,1487,4756,4782,4699,2936,3319,3212
29/5/2019 15:30,1875,1415,1561,4784,4810,4768,2909,3395,3207
29/5/2019 16:00,1916,1472,1526,4828,4856,4812,2912,3384,3286
29/5/2019 16:30,1943,1548,1604,4899,4926,4925,2956,3378,3321
29/5/2019 17:00,1962,1628,1684,4979,5002,4985,3017,3374,3301
29/5/2019 17:30,1973,1760,1703,4996,5017,5013,3023,3257,3310
29/5/2019 18:00,1985,1865,1862,4939,4958,4944,2954,3093,3082
29/5/2019 18:30,1996,2117,2002,4845,4864,4848,2849,2747,2846
29/5/2019 19:00,2017,2216,2313,4732,4744,4760,2715,2528,2447
29/5/2019 19:30,2048,2219,2444,4637,4640,4635,2589,2421,2191
29/5/2019 20:00,2077,2279,2598,4563,4553,4538,2486,2274,1940
29/5/2019 20:30,2105,2342,2543,4486,4484,4440,2381,2142,1897
29/5/2019 21:00,2133,2356,2504,4402,4423,4373,2269,2067,1869
29/5/2019 21:30,2163,2428,2484,4316,4349,4271,2153,1921,1787
29/5/2019 22:00,2192,2437,2422,4216,4247,4217,2024,1810,1795
29/5/2019 22:30,2221,2485,2500,4051,4077,4027,1830,1592,1527
29/5/2019 23:00,2329,2465,2559,3841,3841,3779,1512,1376,1220
29/5/2019 23:30,2327,2555,2639,3610,3611,3551,1283,1056,912
30/5/2019 0:00,2324,2520,2589,3407,3407,3398,1083,887,809
30/5/2019 0:30,2320,2394,2473,3261,3257,3282,941,863,809
30/5/2019 1:00,2298,2369,2377,3170,3167,3156,872,798,779
30/5/2019 1:30,2257,2287,2302,3099,3098,3072,842,811,770
30/5/2019 2:00,2210,2266,2253,3039,3039,3022,829,773,769
30/5/2019 2:30,2157,2325,2227,2996,2997,2993,839,672,766
30/5/2019 3:00,2102,2280,2166,2968,2969,2947,866,689,781
30/5/2019 3:30,2044,2291,2183,2955,2957,2944,911,666,761
30/5/2019 4:00,1983,2233,2049,2953,2954,2941,970,721,892
30/5/2019 4:30,1918,2165,1995,2957,2958,2947,1039,793,952
30/5/2019 5:00,1856,2105,1959,2978,2978,2954,1122,873,995
30/5/2019 5:30,1797,1949,1954,3070,3072,2975,1273,1123,1021
30/5/2019 6:00,1758,1920,2100,3253,3258,3155,1495,1338,1055
30/5/2019 6:30,1739,1891,2180,3553,3560,3459,1814,1669,1279
30/5/2019 7:00,1744,1897,2210,3940,3947,3881,2196,2050,1671
30/5/2019 7:30,1773,1909,2214,4266,4276,4266,2493,2367,2052
30/5/2019 8:00,1810,1952,2211,4500,4513,4522,2690,2561,2311
30/5/2019 8:30,1857,2028,2132,4660,4669,4624,2803,2641,2492
30/5/2019 9:00,1913,2096,2109,4756,4751,4681,2843,2655,2572
30/5/2019 9:30,1981,2169,2187,4806,4790,4736,2825,2621,2549
30/5/2019 10:00,2044,2212,2265,4822,4794,4724,2778,2582,2459
30/5/2019 10:30,2103,2279,2323,4825,4791,4741,2722,2512,2418
30/5/2019 11:00,2163,2298,2341,4824,4791,4762,2661,2493,2421
30/5/2019 11:30,2223,2318,2416,4835,4815,4759,2612,2497,2343
30/5/2019 12:00,2275,2334,2445,4852,4833,4756,2577,2499,2311
30/5/2019 12:30,2321,2297,2486,4843,4818,4791,2522,2521,2305
30/5/2019 13:00,2345,2311,2471,4807,4768,4740,2462,2457,2269
30/5/2019 13:30,2348,2351,2397,4773,4727,4657,2425,2376,2260
30/5/2019 14:00,2349,2333,2402,4750,4702,4674,2401,2369,2272
30/5/2019 14:30,2350,2376,2395,4740,4691,4664,2390,2315,2269
30/5/2019 15:00,2327,2329,2303,4747,4695,4662,2420,2366,2359
30/5/2019 15:30,2280,2275,2305,4770,4722,4700,2490,2447,2395
30/5/2019 16:00,2221,2202,2277,4810,4772,4754,2589,2570,2477
30/5/2019 16:30,2151,2115,2142,4874,4844,4838,2723,2729,2696
30/5/2019 17:00,2064,2032,1967,4945,4918,4906,2881,2886,2939
30/5/2019 17:30,1960,1926,1847,4956,4925,4941,2996,2999,3094
30/5/2019 18:00,1872,1833,1746,4898,4856,4900,3026,3023,3154
30/5/2019 18:30,1802,1734,1664,4802,4763,4807,3000,3029,3143
30/5/2019 19:00,1736,1634,1617,4684,4660,4703,2948,3026,3086
30/5/2019 19:30,1674,1573,1499,4571,4559,4615,2897,2986,3116
30/5/2019 20:00,1619,1489,1454,4474,4464,4520,2855,2975,3066
30/5/2019 20:30,1569,1271,1383,4400,4381,4441,2831,3110,3058
30/5/2019 21:00,1528,1228,1408,4347,4308,4396,2819,3080,2988
30/5/2019 21:30,1496,1212,1494,4292,4243,4367,2796,3031,2873
30/5/2019 22:00,1484,1183,1558,4214,4170,4321,2730,2987,2763
30/5/2019 22:30,1490,1185,1475,4062,4015,4102,2572,2830,2627
30/5/2019 23:00,1366,1186,1386,3785,3785,3839,2419,2599,2453
30/5/2019 23:30,1384,1190,1440,3571,3570,3601,2187,2380,2161
31/5/2019 0:00,1398,1221,1501,3398,3398,3424,2000,2177,1923
31/5/2019 0:30,1410,1306,1516,3264,3263,3287,1854,1957,1771
31/5/2019 1:00,1425,1343,1598,3167,3167,3166,1742,1824,1568
31/5/2019 1:30,1444,1508,1692,3091,3092,3063,1647,1584,1371
31/5/2019 2:00,1461,1533,1715,3032,3033,3012,1571,1500,1297
31/5/2019 2:30,1476,1553,1748,2987,2986,2955,1511,1433,1207
31/5/2019 3:00,1501,1576,1751,2957,2955,2921,1456,1379,1170
31/5/2019 3:30,1537,1616,1720,2945,2944,2910,1408,1328,1190
31/5/2019 4:00,1566,1645,1769,2947,2946,2933,1381,1301,1164
31/5/2019 4:30,1590,1657,1895,2945,2942,2940,1355,1285,1045
31/5/2019 5:00,1626,1706,1851,2948,2943,2951,1322,1237,1100
31/5/2019 5:30,1673,1807,1834,3018,3019,2946,1345,1212,1112
31/5/2019 6:00,1737,1868,1982,3179,3191,3160,1442,1323,1178
31/5/2019 6:30,1819,1958,2101,3472,3483,3426,1653,1525,1325
31/5/2019 7:00,1906,2033,2215,3863,3864,3805,1957,1831,1590
31/5/2019 7:30,2000,2145,2380,4182,4183,4209,2182,2038,1829
31/5/2019 8:00,2097,2233,2362,4395,4406,4488,2298,2173,2126
31/5/2019 8:30,2197,2380,2426,4550,4553,4640,2353,2173,2214
31/5/2019 9:00,2286,2438,2445,4659,4635,4719,2373,2197,2274
31/5/2019 9:30,2364,2501,2461,4723,4686,4748,2359,2185,2287
31/5/2019 10:00,2436,2534,2548,4748,4717,4733,2312,2183,2185
31/5/2019 10:30,2502,2604,2578,4760,4736,4731,2258,2132,2153
31/5/2019 11:00,2548,2625,2578,4768,4752,4747,2220,2127,2169
31/5/2019 11:30,2575,2657,2613,4782,4784,4744,2207,2127,2131
31/5/2019 12:00,2569,2645,2671,4797,4789,4746,2228,2144,2075
31/5/2019 12:30,2529,2594,2685,4777,4766,4744,2248,2172,2059
31/5/2019 13:00,2467,2516,2694,4723,4715,4713,2256,2199,2019
31/5/2019 13:30,2381,2374,2700,4669,4661,4595,2288,2287,1895
31/5/2019 14:00,2280,2241,2486,4624,4617,4527,2344,2376,2041
31/5/2019 14:30,2163,2207,2309,4594,4589,4520,2431,2382,2211
31/5/2019 15:00,2036,2062,2207,4580,4578,4473,2544,2516,2266
31/5/2019 15:30,1901,1958,2112,4583,4581,4485,2682,2623,2373
31/5/2019 16:00,1765,1822,2059,4606,4598,4506,2841,2776,2447
31/5/2019 16:30,1628,1711,2163,4656,4646,4598,3028,2935,2435
31/5/2019 17:00,1481,1526,2002,4719,4714,4670,3238,3188,2668
31/5/2019 17:30,1323,1326,1723,4734,4739,4706,3411,3413,2983
31/5/2019 18:00,1190,1171,1549,4688,4706,4638,3498,3535,3089
31/5/2019 18:30,1082,1050,1310,4598,4624,4553,3516,3574,3243
31/5/2019 19:00,978,957,1144,4476,4502,4431,3498,3545,3287
31/5/2019 19:30,877,912,986,4364,4390,4323,3487,3478,3337
31/5/2019 20:00,775,830,824,4268,4295,4204,3493,3465,3380
31/5/2019 20:30,671,850,710,4178,4217,4123,3507,3367,3413
31/5/2019 21:00,587,778,664,4100,4153,4045,3513,3375,3381
31/5/2019 21:30,523,822,639,4060,4114,3985,3537,3292,3346
31/5/2019 22:00,483,763,614,4037,4073,3996,3554,3310,3382
31/5/2019 22:30,467,641,600,3919,3936,3929,3452,3295,3329
31/5/2019 23:00,541,610,621,3704,3703,3776,3163,3093,3155
31/5/2019 23:30,536,515,575,3507,3491,3598,2971,2976,3023
1/6/2019 0:00,529,507,541,3365,3357,3437,2836,2850,2896
1/6/2019 0:30,520,501,540,3233,3227,3291,2713,2726,2751
1/6/2019 1:00,508,495,538,3105,3096,3170,2597,2601,2632
1/6/2019 1:30,495,504,548,3000,2990,3064,2505,2486,2516
1/6/2019 2:00,471,496,563,2920,2909,3012,2449,2413,2449
1/6/2019 2:30,438,506,528,2858,2846,2951,2420,2340,2423
1/6/2019 3:00,412,481,537,2813,2804,2895,2401,2323,2358
1/6/2019 3:30,395,470,540,2793,2786,2873,2398,2316,2333
1/6/2019 4:00,382,451,570,2794,2791,2878,2412,2340,2308
1/6/2019 4:30,371,448,553,2794,2792,2861,2423,2344,2308
1/6/2019 5:00,366,445,556,2790,2788,2828,2424,2343,2272
1/6/2019 5:30,366,450,467,2787,2787,2812,2421,2337,2345
1/6/2019 6:00,366,438,379,2809,2814,2923,2443,2376,2544
1/6/2019 6:30,365,419,330,2951,2960,3028,2586,2541,2698
1/6/2019 7:00,369,414,324,3206,3222,3211,2837,2808,2887
1/6/2019 7:30,378,455,306,3464,3487,3419,3086,3032,3113
1/6/2019 8:00,390,464,267,3694,3721,3649,3304,3257,3382
1/6/2019 8:30,404,490,261,3885,3911,3878,3481,3421,3617
1/6/2019 9:00,418,496,281,4033,4052,4064,3615,3556,3783
1/6/2019 9:30,431,401,320,4135,4143,4175,3704,3742,3855
1/6/2019 10:00,458,423,339,4194,4189,4232,3736,3766,3893
1/6/2019 10:30,499,397,398,4229,4219,4277,3730,3822,3879
1/6/2019 11:00,536,425,429,4248,4242,4271,3712,3817,3842
1/6/2019 11:30,569,424,429,4263,4266,4268,3694,3842,3839
1/6/2019 12:00,591,453,438,4271,4275,4253,3680,3822,3815
1/6/2019 12:30,600,479,437,4255,4261,4249,3655,3782,3812
1/6/2019 13:00,605,508,445,4213,4221,4201,3608,3713,3756
1/6/2019 13:30,606,539,473,4161,4168,4103,3555,3629,3630
1/6/2019 14:00,604,562,512,4109,4114,4054,3505,3552,3542
1/6/2019 14:30,600,591,536,4077,4078,3999,3477,3487,3463
1/6/2019 15:00,587,603,542,4067,4066,3964,3480,3463,3422
1/6/2019 15:30,567,576,620,4070,4067,3960,3503,3491,3340
1/6/2019 16:00,551,582,665,4086,4086,3989,3535,3504,3324
1/6/2019 16:30,538,549,629,4130,4136,4049,3592,3587,3420
1/6/2019 17:00,537,568,567,4194,4205,4191,3657,3637,3624
1/6/2019 17:30,548,607,559,4225,4229,4285,3677,3622,3726
1/6/2019 18:00,570,654,675,4210,4197,4298,3640,3543,3623
1/6/2019 18:30,601,719,859,4160,4139,4234,3559,3420,3375
1/6/2019 19:00,654,803,968,4083,4064,4156,3429,3261,3188
1/6/2019 19:30,726,953,1084,4017,3998,4052,3291,3045,2968
1/6/2019 20:00,810,1079,1209,3968,3945,3934,3158,2866,2725
1/6/2019 20:30,904,1273,1386,3930,3898,3841,3026,2625,2455
1/6/2019 21:00,1015,1471,1539,3900,3855,3815,2885,2384,2276
1/6/2019 21:30,1143,1665,1749,3869,3817,3752,2726,2152,2003
1/6/2019 22:00,1258,1870,1930,3822,3776,3734,2564,1906,1804
1/6/2019 22:30,1360,2141,2221,3704,3683,3656,2344,1542,1435
1/6/2019 23:00,1945,2286,2210,3544,3543,3489,1599,1257,1279
1/6/2019 23:30,2071,2411,2205,3413,3400,3318,1342,989,1113
2/6/2019 0:00,2182,2485,2248,3300,3297,3221,1118,812,973
2/6/2019 0:30,2278,2538,2249,3183,3184,3116,905,646,867
2/6/2019 1:00,2345,2566,2161,3061,3061,3008,716,495,847
2/6/2019 1:30,2382,2567,2064,2962,2962,2923,580,395,859
2/6/2019 2:00,2394,2541,1998,2887,2887,2856,493,346,858
2/6/2019 2:30,2381,2469,1936,2827,2830,2804,446,361,868
2/6/2019 3:00,2356,2424,1881,2780,2784,2743,424,360,862
2/6/2019 3:30,2318,2307,1814,2755,2761,2697,437,454,883
2/6/2019 4:00,2271,2272,1750,2749,2753,2658,478,481,908
2/6/2019 4:30,2216,2258,1722,2740,2743,2652,524,485,930
2/6/2019 5:00,2173,2224,1770,2725,2725,2610,552,501,840
2/6/2019 5:30,2143,2015,1692,2709,2709,2571,566,694,879
2/6/2019 6:00,2115,2011,1725,2705,2704,2620,590,693,895
2/6/2019 6:30,2089,1959,1857,2756,2756,2684,667,797,827
2/6/2019 7:00,2096,1975,1874,2873,2874,2781,777,899,907
2/6/2019 7:30,2136,1945,1860,3053,3056,2916,917,1111,1056
2/6/2019 8:00,2201,1994,1774,3279,3279,3094,1078,1285,1320
2/6/2019 8:30,2293,2049,2016,3482,3481,3260,1189,1432,1244
2/6/2019 9:00,2383,2158,2297,3646,3646,3470,1263,1488,1173
2/6/2019 9:30,2472,2329,2561,3781,3789,3630,1309,1460,1069
2/6/2019 10:00,2558,2471,2652,3889,3906,3797,1331,1435,1145
2/6/2019 10:30,2642,2636,2654,3970,3988,3841,1328,1352,1187
2/6/2019 11:00,2724,2745,2771,4025,4037,3908,1301,1292,1137
2/6/2019 11:30,2804,2781,2860,4073,4079,3925,1269,1298,1065
2/6/2019 12:00,2881,2870,2898,4109,4109,3991,1228,1239,1093
2/6/2019 12:30,2954,3045,2951,4103,4093,4009,1149,1048,1058
2/6/2019 13:00,3032,3116,2947,4054,4036,3995,1022,920,1048
2/6/2019 13:30,3115,3252,2920,3977,3957,3936,862,705,1016
2/6/2019 14:00,3188,3300,2837,3887,3871,3851,699,571,1014
2/6/2019 14:30,3249,3251,2780,3829,3814,3774,580,563,994
2/6/2019 15:00,3300,3284,2769,3808,3791,3723,508,507,954
2/6/2019 15:30,3341,3289,2748,3805,3786,3710,464,497,962
2/6/2019 16:00,3372,3301,2776,3819,3801,3731,447,500,955
2/6/2019 16:30,3394,3253,2823,3863,3857,3794,469,604,971
2/6/2019 17:00,3404,3260,2888,3926,3942,3870,522,682,982
2/6/2019 17:30,3402,3173,2909,3953,3988,3940,551,815,1031
2/6/2019 18:00,3390,3173,2944,3936,3983,3958,546,810,1014
2/6/2019 18:30,3369,3065,2928,3894,3943,3928,525,878,1000
2/6/2019 19:00,3339,3056,2901,3834,3872,3861,495,816,960
2/6/2019 19:30,3303,2982,2860,3775,3799,3777,472,817,917
2/6/2019 20:00,3261,2963,2830,3722,3725,3714,461,762,884
2/6/2019 20:30,3214,2938,2770,3672,3659,3641,458,721,871
2/6/2019 21:00,3162,2899,2719,3634,3608,3562,472,709,843
2/6/2019 21:30,3105,2820,2661,3634,3604,3521,529,784,860
2/6/2019 22:00,3047,2772,2634,3651,3627,3546,604,855,912
2/6/2019 22:30,2988,2706,2586,3579,3546,3476,591,840,890
2/6/2019 23:00,2845,2662,2464,3369,3365,3311,524,703,847
2/6/2019 23:30,2797,2604,2333,3213,3207,3151,416,603,818
3/6/2019 0:00,2745,2551,2218,3102,3096,3032,357,545,814
3/6/2019 0:30,2686,2454,2170,2996,2989,2943,310,535,773
3/6/2019 1:00,2623,2411,2077,2892,2886,2855,269,475,778
3/6/2019 1:30,2555,2379,1990,2815,2811,2776,260,432,786
3/6/2019 2:00,2498,2339,1952,2764,2760,2738,266,421,786
3/6/2019 2:30,2451,2251,1926,2715,2714,2692,264,463,766
3/6/2019 3:00,2404,2212,1877,2667,2665,2652,263,453,775
3/6/2019 3:30,2356,2100,1870,2637,2635,2657,281,535,787
3/6/2019 4:00,2315,2058,1842,2621,2617,2646,306,559,804
3/6/2019 4:30,2279,2015,1834,2595,2590,2646,316,575,812
3/6/2019 5:00,2238,1960,1807,2566,2558,2603,328,598,796
3/6/2019 5:30,2189,1806,1840,2587,2576,2621,398,770,781
3/6/2019 6:00,2154,1779,1933,2673,2661,2763,519,882,830
3/6/2019 6:30,2132,1755,2023,2828,2817,2902,696,1062,879
3/6/2019 7:00,2149,1777,1977,3040,3034,3114,891,1257,1137
3/6/2019 7:30,2206,1841,1935,3255,3246,3314,1049,1405,1379
3/6/2019 8:00,2262,1887,1952,3459,3438,3519,1197,1551,1567
3/6/2019 8:30,2316,1924,2059,3641,3607,3647,1325,1683,1588
3/6/2019 9:00,2343,1940,2108,3799,3757,3796,1456,1817,1688
3/6/2019 9:30,2341,1947,2116,3928,3882,3878,1587,1935,1762
3/6/2019 10:00,2317,1925,1979,4029,3988,3942,1712,2063,1963
3/6/2019 10:30,2272,1984,2067,4106,4065,4015,1834,2081,1948
3/6/2019 11:00,2217,1947,2076,4163,4124,4099,1946,2177,2023
3/6/2019 11:30,2153,1870,1997,4209,4170,4116,2056,2300,2119
3/6/2019 12:00,2095,1841,1897,4240,4207,4133,2145,2366,2236
3/6/2019 12:30,2043,1854,1882,4231,4201,4164,2188,2347,2282
3/6/2019 13:00,2008,1843,1827,4185,4166,4130,2177,2323,2303
3/6/2019 13:30,1991,1827,1724,4132,4120,4049,2141,2293,2325
3/6/2019 14:00,1964,1818,1674,4082,4077,4009,2118,2259,2335
3/6/2019 14:30,1927,1829,1737,4047,4041,3990,2120,2212,2253
3/6/2019 15:00,1861,1784,1657,4031,4022,3963,2170,2238,2306
3/6/2019 15:30,1764,1721,1635,4046,4031,4030,2282,2310,2395
3/6/2019 16:00,1643,1637,1426,4096,4076,4057,2453,2439,2631
3/6/2019 16:30,1498,1537,1293,4192,4162,4138,2694,2625,2845
3/6/2019 17:00,1370,1398,1212,4312,4273,4253,2942,2875,3041
3/6/2019 17:30,1261,1125,1113,4366,4321,4356,3105,3196,3243
3/6/2019 18:00,1128,984,1050,4340,4296,4368,3212,3312,3318
3/6/2019 18:30,973,824,902,4276,4236,4307,3303,3412,3405
3/6/2019 19:00,815,683,718,4186,4152,4214,3371,3469,3496
3/6/2019 19:30,656,523,619,4084,4059,4160,3428,3536,3541
3/6/2019 20:00,518,418,439,3978,3964,4093,3460,3546,3654
3/6/2019 20:30,401,311,382,3901,3890,4046,3500,3579,3664
3/6/2019 21:00,316,250,277,3856,3840,3974,3540,3590,3697
3/6/2019 21:30,262,291,231,3837,3812,3880,3575,3521,3649
3/6/2019 22:00,223,264,216,3814,3784,3842,3591,3520,3626
3/6/2019 22:30,200,215,206,3680,3651,3720,3480,3436,3514
3/6/2019 23:00,201,202,182,3436,3431,3529,3235,3229,3347
3/6/2019 23:30,189,180,174,3284,3277,3327,3095,3097,3153
4/6/2019 0:00,184,176,171,3216,3209,3188,3032,3033,3017
4/6/2019 0:30,186,189,161,3139,3133,3074,2953,2944,2913
4/6/2019 1:00,182,189,154,3038,3034,2985,2856,2845,2831
4/6/2019 1:30,173,166,145,2955,2952,2903,2782,2786,2758
4/6/2019 2:00,167,166,131,2896,2895,2864,2729,2729,2733
4/6/2019 2:30,164,154,57,2856,2857,2837,2692,2703,2780
4/6/2019 3:00,165,149,41,2833,2835,2813,2668,2686,2772
4/6/2019 3:30,171,133,74,2830,2830,2797,2659,2697,2723
4/6/2019 4:00,172,128,69,2841,2837,2804,2669,2709,2735
4/6/2019 4:30,168,96,63,2847,2845,2806,2679,2749,2743
4/6/2019 5:00,171,105,66,2862,2862,2818,2691,2757,2752
4/6/2019 5:30,182,122,94,2956,2958,2873,2774,2836,2779
4/6/2019 6:00,200,145,128,3152,3151,3099,2952,3006,2971
4/6/2019 6:30,226,156,184,3475,3475,3362,3249,3319,3178
4/6/2019 7:00,250,191,231,3888,3892,3749,3638,3701,3518
4/6/2019 7:30,271,227,287,4220,4228,4094,3949,4001,3807
4/6/2019 8:00,295,269,336,4438,4444,4402,4143,4175,4066
4/6/2019 8:30,322,350,0,4582,4593,4597,4260,4243,4597
4/6/2019 9:00,353,397,451,4668,4684,4674,4315,4287,4223
4/6/2019 9:30,388,460,478,4712,4726,4730,4324,4266,4252
4/6/2019 10:00,417,492,525,4723,4731,4745,4306,4239,4220
4/6/2019 10:30,443,534,576,4724,4746,4778,4281,4212,4202
4/6/2019 11:00,476,568,642,4724,4774,4809,4248,4206,4167
4/6/2019 11:30,517,601,680,4735,4776,4843,4218,4175,4163
4/6/2019 12:00,575,646,707,4753,4783,4878,4178,4137,4171
4/6/2019 12:30,651,694,789,4745,4769,4907,4094,4075,4118
4/6/2019 13:00,723,754,841,4711,4737,4867,3988,3983,4026
4/6/2019 13:30,792,847,954,4682,4708,4790,3890,3861,3836
4/6/2019 14:00,863,919,980,4667,4693,4782,3804,3774,3802
4/6/2019 14:30,938,1022,1071,4658,4692,4770,3720,3670,3699
4/6/2019 15:00,1016,1101,1145,4657,4707,4782,3641,3606,3637
4/6/2019 15:30,1097,1199,1179,4678,4732,4815,3581,3533,3636
4/6/2019 16:00,1172,1292,1247,4724,4772,4872,3552,3480,3625
4/6/2019 16:30,1239,1494,1367,4792,4836,4967,3553,3342,3600
4/6/2019 17:00,1319,1584,1411,4865,4913,5039,3546,3329,3628
4/6/2019 17:30,1412,1670,1457,4877,4929,5088,3465,3259,3631
4/6/2019 18:00,1483,1728,1444,4818,4880,5028,3335,3152,3584
4/6/2019 18:30,1532,1760,1487,4719,4793,4897,3187,3033,3410
4/6/2019 19:00,1569,1792,1524,4598,4688,4794,3029,2896,3270
4/6/2019 19:30,1592,1774,1658,4490,4606,4700,2898,2832,3042
4/6/2019 20:00,1600,1803,1750,4402,4549,4624,2802,2746,2874
4/6/2019 20:30,1593,1783,1819,4321,4478,4556,2728,2695,2737
4/6/2019 21:00,1577,1790,1858,4245,4385,4460,2668,2595,2602
4/6/2019 21:30,1551,1801,1877,4181,4279,4319,2630,2478,2442
4/6/2019 22:00,1522,1767,1898,4109,4154,4233,2587,2387,2335
4/6/2019 22:30,1489,1657,1845,3950,3973,4030,2461,2316,2185
4/6/2019 23:00,1490,1616,1872,3741,3743,3775,2251,2127,1903
4/6/2019 23:30,1451,1632,1822,3515,3526,3544,2064,1894,1722
5/6/2019 0:00,1417,1589,1827,3314,3323,3396,1897,1734,1569
5/6/2019 0:30,1389,1535,1869,3174,3182,3322,1785,1647,1453
5/6/2019 1:00,1374,1477,1867,3092,3101,3238,1718,1624,1371
5/6/2019 1:30,1371,1452,1811,3024,3031,3143,1653,1579,1332
5/6/2019 2:00,1359,1399,1778,2962,2970,3097,1603,1571,1319
5/6/2019 2:30,1337,1485,1716,2915,2923,3058,1578,1438,1342
5/6/2019 3:00,1325,1450,1654,2886,2893,3040,1561,1443,1386
5/6/2019 3:30,1324,1418,1562,2876,2882,3001,1552,1464,1439
5/6/2019 4:00,1322,1369,1492,2881,2888,3005,1559,1519,1513
5/6/2019 4:30,1318,1364,1474,2889,2895,3008,1571,1531,1534
5/6/2019 5:00,1318,1339,1448,2913,2919,2995,1595,1580,1547
5/6/2019 5:30,1322,1403,1386,3013,3019,3025,1691,1616,1639
5/6/2019 6:00,1322,1381,1430,3209,3220,3265,1887,1839,1835
5/6/2019 6:30,1317,1359,1407,3529,3543,3517,2212,2184,2110
5/6/2019 7:00,1306,1325,1392,3939,3956,3915,2633,2631,2523
5/6/2019 7:30,1289,1272,1302,4275,4293,4271,2986,3021,2969
5/6/2019 8:00,1271,1217,1212,4504,4522,4530,3233,3305,3318
5/6/2019 8:30,1253,1167,1099,4658,4672,4607,3405,3505,3508
5/6/2019 9:00,1231,1129,1116,4748,4758,4679,3517,3629,3563
5/6/2019 9:30,1205,1121,1109,4788,4799,4716,3583,3678,3607
5/6/2019 10:00,1175,1072,1006,4789,4807,4700,3614,3735,3694
5/6/2019 10:30,1140,1018,1009,4789,4811,4710,3649,3793,3701
5/6/2019 11:00,1115,971,1021,4794,4817,4759,3679,3846,3738
5/6/2019 11:30,1100,858,989,4800,4829,4733,3700,3971,3744
5/6/2019 12:00,1086,863,1041,4801,4843,4706,3715,3980,3665
5/6/2019 12:30,1073,900,983,4777,4826,4722,3704,3926,3739
5/6/2019 13:00,1067,916,993,4731,4780,4707,3664,3864,3714
5/6/2019 13:30,1068,946,1009,4691,4740,4641,3623,3794,3632
5/6/2019 14:00,1063,962,856,4665,4712,4638,3602,3750,3782
5/6/2019 14:30,1050,936,818,4657,4701,4636,3607,3765,3818
5/6/2019 15:00,1040,920,919,4665,4705,4676,3625,3785,3757
5/6/2019 15:30,1034,942,878,4687,4733,4712,3653,3791,3834
5/6/2019 16:00,1015,933,846,4724,4783,4777,3709,3850,3931
5/6/2019 16:30,983,927,790,4786,4856,4859,3803,3929,4069
5/6/2019 17:00,962,906,789,4857,4932,4945,3895,4026,4156
5/6/2019 17:30,951,798,810,4876,4947,4978,3925,4149,4168
5/6/2019 18:00,936,766,784,4830,4888,4917,3894,4122,4133
5/6/2019 18:30,915,755,760,4740,4786,4840,3825,4031,4080
5/6/2019 19:00,882,718,722,4623,4657,4679,3741,3939,3957
5/6/2019 19:30,838,666,651,4522,4549,4576,3684,3883,3925
5/6/2019 20:00,782,623,606,4443,4465,4514,3661,3842,3908
5/6/2019 20:30,715,564,591,4364,4389,4455,3649,3825,3864
5/6/2019 21:00,657,516,513,4285,4316,4376,3628,3800,3863
5/6/2019 21:30,610,488,456,4220,4255,4246,3610,3767,3790
5/6/2019 22:00,568,442,409,4152,4186,4185,3584,3744,3776
5/6/2019 22:30,532,405,392,4000,4020,4053,3468,3615,3661
5/6/2019 23:00,484,370,387,3766,3765,3830,3282,3395,3443
5/6/2019 23:30,461,312,360,3546,3554,3602,3085,3242,3242
6/6/2019 0:00,443,297,324,3384,3390,3432,2941,3093,3108
6/6/2019 0:30,431,302,303,3261,3265,3302,2830,2963,2999
6/6/2019 1:00,418,301,291,3167,3171,3195,2749,2870,2904
6/6/2019 1:30,402,300,274,3093,3097,3106,2691,2797,2832
6/6/2019 2:00,392,308,265,3035,3039,3054,2643,2731,2789
6/6/2019 2:30,388,282,243,2991,2996,3015,2603,2714,2772
6/6/2019 3:00,387,281,115,2963,2967,2966,2576,2686,2851
6/6/2019 3:30,388,269,0,2955,2960,2950,2567,2691,2950
6/6/2019 4:00,395,268,0,2966,2970,2948,2571,2702,2948
6/6/2019 4:30,407,263,0,2973,2979,2958,2566,2716,2958
6/6/2019 5:00,408,262,247,2990,2995,2948,2582,2733,2701
6/6/2019 5:30,397,245,250,3087,3093,2988,2690,2848,2738
6/6/2019 6:00,385,250,255,3286,3290,3214,2901,3040,2959
6/6/2019 6:30,370,243,240,3603,3605,3491,3233,3362,3251
6/6/2019 7:00,361,263,216,4000,4001,3904,3639,3738,3688
6/6/2019 7:30,358,296,203,4318,4324,4282,3960,4028,4079
6/6/2019 8:00,364,327,191,4526,4536,4561,4162,4209,4370
6/6/2019 8:30,379,359,236,4659,4666,4681,4280,4307,4445
6/6/2019 9:00,394,410,242,4732,4728,4739,4338,4318,4497
6/6/2019 9:30,409,439,268,4763,4748,4797,4354,4309,4529
6/6/2019 10:00,417,476,317,4764,4741,4774,4347,4265,4457
6/6/2019 10:30,420,468,348,4762,4735,4765,4342,4267,4417
6/6/2019 11:00,431,512,223,4767,4738,4848,4336,4226,4625
6/6/2019 11:30,450,517,419,4776,4753,4755,4326,4236,4336
6/6/2019 12:00,468,575,474,4783,4750,4753,4315,4175,4279
6/6/2019 12:30,485,628,496,4763,4725,4757,4278,4097,4261
6/6/2019 13:00,513,697,507,4718,4679,4689,4205,3982,4182
6/6/2019 13:30,552,764,539,4678,4639,4599,4126,3875,4060
6/6/2019 14:00,590,817,611,4650,4616,4609,4060,3799,3998
6/6/2019 14:30,629,787,671,4639,4613,4589,4010,3826,3918
6/6/2019 15:00,683,841,701,4644,4628,4563,3961,3787,3862
6/6/2019 15:30,752,886,683,4666,4653,4552,3914,3767,3869
6/6/2019 16:00,803,905,651,4704,4690,4574,3901,3785,3923
6/6/2019 16:30,833,849,732,4766,4750,4642,3933,3901,3910
6/6/2019 17:00,831,832,744,4837,4819,4735,4006,3987,3991
6/6/2019 17:30,795,779,742,4854,4835,4771,4059,4056,4029
6/6/2019 18:00,771,742,719,4806,4784,4709,4035,4042,3990
6/6/2019 18:30,759,686,713,4716,4690,4621,3957,4004,3908
6/6/2019 19:00,738,644,606,4598,4566,4528,3860,3922,3922
6/6/2019 19:30,710,506,525,4498,4468,4438,3788,3962,3913
6/6/2019 20:00,673,483,467,4419,4397,4360,3746,3914,3893
6/6/2019 20:30,628,483,447,4345,4325,4354,3717,3842,3907
6/6/2019 21:00,599,481,437,4276,4250,4261,3677,3769,3824
6/6/2019 21:30,587,485,432,4237,4205,4130,3650,3720,3698
6/6/2019 22:00,582,497,480,4203,4167,4074,3621,3670,3594
6/6/2019 22:30,585,513,510,4054,4024,4003,3469,3511,3493
6/6/2019 23:00,797,532,501,3781,3781,3775,2984,3249,3274
6/6/2019 23:30,807,532,544,3569,3569,3553,2762,3037,3009
7/6/2019 0:00,810,544,605,3413,3414,3394,2603,2870,2789
7/6/2019 0:30,804,559,645,3290,3292,3263,2486,2733,2618
7/6/2019 1:00,800,566,689,3190,3191,3139,2390,2625,2450
7/6/2019 1:30,796,586,701,3111,3113,3033,2315,2527,2332
7/6/2019 2:00,791,580,705,3049,3051,2967,2258,2471,2262
7/6/2019 2:30,785,529,667,3000,3002,2921,2215,2473,2254
7/6/2019 3:00,773,512,596,2964,2967,2880,2191,2455,2284
7/6/2019 3:30,755,521,563,2951,2954,2870,2196,2433,2307
7/6/2019 4:00,722,507,540,2957,2959,2877,2235,2452,2337
7/6/2019 4:30,673,500,491,2963,2965,2877,2290,2465,2386
7/6/2019 5:00,639,487,433,2980,2984,2885,2341,2497,2452
7/6/2019 5:30,622,527,405,3082,3084,2940,2460,2557,2535
7/6/2019 6:00,602,497,399,3287,3284,3173,2685,2787,2774
7/6/2019 6:30,580,444,393,3607,3604,3442,3027,3160,3049
7/6/2019 7:00,554,423,399,4005,4008,3868,3451,3585,3469
7/6/2019 7:30,524,378,372,4321,4328,4222,3797,3950,3850
7/6/2019 8:00,495,373,339,4524,4529,4492,4029,4156,4153
7/6/2019 8:30,467,361,293,4650,4652,4613,4183,4291,4320
7/6/2019 9:00,447,367,291,4712,4711,4659,4265,4344,4368
7/6/2019 9:30,436,360,326,4729,4732,4677,4293,4372,4351
7/6/2019 10:00,434,375,344,4713,4720,4646,4279,4345,4302
7/6/2019 10:30,442,374,342,4695,4707,4654,4253,4333,4312
7/6/2019 11:00,455,377,303,4682,4697,4665,4227,4320,4362
7/6/2019 11:30,471,380,284,4672,4692,4662,4201,4312,4378
7/6/2019 12:00,493,387,333,4660,4685,4684,4167,4298,4351
7/6/2019 12:30,520,383,361,4634,4648,4667,4114,4265,4306
7/6/2019 13:00,562,421,380,4595,4594,4616,4033,4173,4236
7/6/2019 13:30,620,468,443,4554,4544,4543,3934,4076,4100
7/6/2019 14:00,674,527,548,4519,4505,4518,3845,3978,3970
7/6/2019 14:30,725,584,621,4501,4474,4494,3776,3890,3873
7/6/2019 15:00,788,660,670,4501,4456,4489,3713,3796,3819
7/6/2019 15:30,865,756,739,4516,4461,4503,3651,3705,3764
7/6/2019 16:00,933,830,821,4548,4494,4517,3615,3664,3696
7/6/2019 16:30,993,886,921,4612,4555,4581,3619,3669,3660
7/6/2019 17:00,1047,936,1030,4694,4630,4659,3647,3694,3629
7/6/2019 17:30,1097,989,1045,4725,4657,4689,3628,3668,3644
7/6/2019 18:00,1150,1027,1104,4692,4625,4650,3542,3598,3546
7/6/2019 18:30,1206,1076,1075,4614,4549,4553,3408,3473,3478
7/6/2019 19:00,1247,1095,1094,4510,4445,4465,3263,3350,3371
7/6/2019 19:30,1273,1086,1035,4432,4357,4357,3159,3271,3322
7/6/2019 20:00,1276,1090,1075,4383,4292,4262,3107,3202,3187
7/6/2019 20:30,1255,1097,1075,4319,4220,4196,3064,3123,3121
7/6/2019 21:00,1245,1089,1025,4237,4144,4085,2992,3055,3060
7/6/2019 21:30,1245,1067,985,4170,4101,3984,2925,3034,2999
7/6/2019 22:00,1249,1069,1037,4105,4072,3975,2856,3003,2938
7/6/2019 22:30,1257,1077,1100,3963,3941,3924,2706,2864,2824
7/6/2019 23:00,1021,1083,1129,3729,3717,3749,2708,2634,2620
7/6/2019 23:30,1041,1050,1094,3549,3535,3553,2508,2485,2459
8/6/2019 0:00,1049,1070,1057,3428,3417,3400,2379,2347,2343
8/6/2019 0:30,1047,1106,1100,3311,3307,3264,2264,2201,2164
8/6/2019 1:00,1046,1132,1160,3190,3185,3153,2144,2053,1993
8/6/2019 1:30,1048,1151,1108,3086,3081,3058,2038,1930,1950
8/6/2019 2:00,1055,1154,1052,3003,2998,2997,1948,1844,1945
8/6/2019 2:30,1066,1116,1083,2939,2932,2930,1873,1816,1847
8/6/2019 3:00,1070,1096,1052,2891,2884,2868,1821,1788,1816
8/6/2019 3:30,1068,1020,1043,2865,2859,2840,1797,1839,1797
8/6/2019 4:00,1057,994,1035,2857,2852,2846,1800,1858,1811
8/6/2019 4:30,1036,960,1063,2857,2854,2828,1821,1894,1765
8/6/2019 5:00,1012,934,1092,2860,2858,2790,1848,1924,1698
8/6/2019 5:30,984,916,1012,2866,2862,2784,1882,1946,1772
8/6/2019 6:00,971,906,943,2895,2886,2858,1924,1980,1915
8/6/2019 6:30,972,901,898,3029,3017,2969,2057,2116,2071
8/6/2019 7:00,983,903,782,3266,3257,3166,2283,2354,2384
8/6/2019 7:30,1004,915,765,3518,3521,3372,2514,2606,2607
8/6/2019 8:00,1036,934,896,3757,3773,3618,2721,2839,2722
8/6/2019 8:30,1079,1009,1105,3952,3964,3850,2873,2955,2745
8/6/2019 9:00,1113,1025,1178,4097,4091,4051,2984,3066,2873
8/6/2019 9:30,1138,943,1213,4203,4184,4158,3065,3241,2945
8/6/2019 10:00,1168,981,1307,4271,4249,4234,3103,3268,2927
8/6/2019 10:30,1203,995,1306,4309,4286,4259,3106,3291,2953
8/6/2019 11:00,1245,1050,1306,4322,4301,4256,3077,3251,2950
8/6/2019 11:30,1295,1110,1430,4336,4319,4263,3041,3209,2833
8/6/2019 12:00,1335,1171,1445,4348,4334,4287,3013,3163,2842
8/6/2019 12:30,1366,1377,1507,4329,4316,4271,2963,2939,2764
8/6/2019 13:00,1398,1435,1486,4276,4263,4219,2878,2828,2733
8/6/2019 13:30,1433,1533,1529,4217,4203,4142,2784,2670,2613
8/6/2019 14:00,1462,1567,1648,4160,4146,4084,2698,2579,2436
8/6/2019 14:30,1485,1550,1671,4117,4110,4027,2632,2560,2356
8/6/2019 15:00,1504,1568,1560,4093,4098,3960,2589,2530,2400
8/6/2019 15:30,1520,1570,1530,4092,4101,3947,2572,2531,2417
8/6/2019 16:00,1524,1557,1577,4115,4119,3956,2591,2562,2379
8/6/2019 16:30,1516,1508,1544,4166,4166,4016,2650,2658,2472
8/6/2019 17:00,1484,1465,1509,4233,4230,4081,2749,2765,2572
8/6/2019 17:30,1428,1476,1493,4259,4253,4140,2831,2777,2647
8/6/2019 18:00,1372,1404,1523,4233,4222,4169,2861,2818,2646
8/6/2019 18:30,1316,1317,1416,4167,4155,4127,2851,2838,2711
8/6/2019 19:00,1237,1243,1330,4073,4061,4070,2836,2818,2740
8/6/2019 19:30,1134,1166,1258,3991,3975,3960,2857,2809,2702
8/6/2019 20:00,1045,1062,1064,3926,3903,3871,2881,2841,2807
8/6/2019 20:30,969,917,872,3858,3834,3777,2889,2917,2905
8/6/2019 21:00,889,816,767,3796,3775,3716,2907,2959,2949
8/6/2019 21:30,806,744,718,3788,3768,3662,2982,3024,2944
8/6/2019 22:00,743,688,650,3811,3790,3658,3068,3102,3008
8/6/2019 22:30,700,655,675,3714,3701,3655,3014,3046,2980
8/6/2019 23:00,614,647,712,3511,3509,3518,2897,2862,2806
8/6/2019 23:30,607,643,684,3373,3367,3356,2766,2724,2672
9/6/2019 0:00,612,659,690,3307,3304,3240,2695,2645,2550
9/6/2019 0:30,631,658,718,3215,3212,3122,2584,2554,2404
9/6/2019 1:00,642,675,733,3086,3081,2999,2444,2406,2266
9/6/2019 1:30,646,690,676,2975,2968,2903,2329,2278,2227
9/6/2019 2:00,651,691,676,2892,2886,2857,2241,2195,2181
9/6/2019 2:30,658,636,687,2825,2820,2795,2167,2184,2108
9/6/2019 3:00,653,624,631,2774,2767,2751,2121,2143,2120
9/6/2019 3:30,639,577,607,2742,2736,2735,2103,2159,2128
9/6/2019 4:00,626,577,589,2729,2723,2721,2103,2146,2132
9/6/2019 4:30,615,589,553,2727,2720,2691,2112,2131,2138
9/6/2019 5:00,602,592,551,2725,2716,2622,2123,2124,2071
9/6/2019 5:30,587,616,504,2690,2680,2612,2103,2064,2108
9/6/2019 6:00,570,586,454,2641,2632,2681,2071,2046,2227
9/6/2019 6:30,550,537,395,2694,2686,2747,2144,2149,2352
9/6/2019 7:00,537,496,347,2861,2855,2870,2324,2359,2523
9/6/2019 7:30,532,470,293,3077,3070,3011,2545,2600,2718
9/6/2019 8:00,526,448,252,3310,3301,3209,2784,2853,2957
9/6/2019 8:30,521,402,280,3510,3499,3402,2989,3097,3122
9/6/2019 9:00,516,393,279,3666,3658,3586,3150,3265,3307
9/6/2019 9:30,511,340,301,3798,3790,3746,3287,3450,3445
9/6/2019 10:00,511,337,331,3908,3898,3879,3397,3561,3548
9/6/2019 10:30,514,325,333,3993,3977,3951,3479,3652,3618
9/6/2019 11:00,520,342,325,4055,4034,4011,3535,3692,3686
9/6/2019 11:30,531,330,378,4109,4086,4065,3578,3756,3687
9/6/2019 12:00,543,356,416,4151,4125,4112,3608,3769,3696
9/6/2019 12:30,556,395,457,4150,4123,4148,3594,3728,3691
9/6/2019 13:00,571,413,411,4104,4080,4143,3533,3667,3732
9/6/2019 13:30,589,441,446,4041,4016,4082,3452,3575,3636
9/6/2019 14:00,602,446,407,3974,3946,3998,3372,3500,3591
9/6/2019 14:30,609,404,437,3928,3897,3961,3319,3493,3524
9/6/2019 15:00,611,383,431,3908,3877,3933,3297,3494,3502
9/6/2019 15:30,607,373,392,3903,3874,3908,3296,3501,3516
9/6/2019 16:00,600,348,345,3916,3890,3949,3316,3542,3604
9/6/2019 16:30,592,340,305,3958,3940,3998,3366,3600,3693
9/6/2019 17:00,570,300,323,4021,4014,4099,3451,3714,3776
9/6/2019 17:30,532,244,287,4052,4050,4198,3520,3806,3911
9/6/2019 18:00,489,212,274,4041,4040,4227,3552,3828,3953
9/6/2019 18:30,441,220,286,4001,4001,4202,3560,3781,3916
9/6/2019 19:00,395,197,221,3943,3945,4145,3548,3748,3924
9/6/2019 19:30,349,149,175,3886,3883,4094,3537,3734,3919
9/6/2019 20:00,301,132,160,3834,3822,4020,3533,3690,3860
9/6/2019 20:30,249,118,104,3781,3766,3964,3532,3648,3860
9/6/2019 21:00,213,103,68,3736,3723,3884,3523,3620,3816
9/6/2019 21:30,194,104,45,3732,3717,3781,3538,3613,3736
9/6/2019 22:00,178,102,0,3747,3730,3751,3569,3628,3751
9/6/2019 22:30,164,116,0,3659,3641,3692,3495,3525,3692
9/6/2019 23:00,62,113,0,3452,3454,3513,3390,3341,3513
9/6/2019 23:30,62,103,0,3274,3274,3329,3212,3171,3329
10/6/2019 0:00,64,104,0,3132,3134,3198,3068,3030,3198
10/6/2019 0:30,68,91,0,3021,3025,3082,2953,2934,3082
10/6/2019 1:00,72,96,0,2935,2940,2975,2863,2844,2975
10/6/2019 1:30,75,86,0,2866,2869,2898,2791,2783,2898
10/6/2019 2:00,80,92,0,2812,2814,2855,2732,2722,2855
10/6/2019 2:30,88,82,0,2773,2774,2810,2685,2692,2810
10/6/2019 3:00,94,86,0,2751,2752,2774,2657,2666,2774
10/6/2019 3:30,97,93,0,2751,2750,2764,2654,2657,2764
10/6/2019 4:00,102,102,0,2765,2764,2773,2663,2662,2773
10/6/2019 4:30,111,111,26,2762,2760,2760,2651,2649,2734
10/6/2019 5:00,120,118,66,2763,2762,2746,2643,2644,2680
10/6/2019 5:30,129,118,69,2895,2895,2817,2766,2777,2748
10/6/2019 6:00,139,128,89,3174,3175,3054,3035,3047,2965
10/6/2019 6:30,151,152,105,3536,3535,3321,3385,3383,3216
10/6/2019 7:00,156,160,112,3933,3931,3713,3777,3771,3601
10/6/2019 7:30,156,132,107,4245,4244,4084,4089,4112,3977
10/6/2019 8:00,162,146,109,4449,4446,4375,4287,4300,4266
10/6/2019 8:30,173,136,132,4582,4580,4496,4409,4444,4364
10/6/2019 9:00,190,163,162,4657,4659,4574,4467,4496,4412
10/6/2019 9:30,212,158,204,4692,4696,4613,4480,4538,4409
10/6/2019 10:00,231,182,236,4696,4703,4588,4465,4521,4352
10/6/2019 10:30,248,210,268,4696,4705,4588,4448,4495,4320
10/6/2019 11:00,262,239,305,4699,4708,4597,4437,4469,4292
10/6/2019 11:30,274,257,343,4704,4712,4594,4430,4455,4251
10/6/2019 12:00,290,291,361,4706,4717,4605,4416,4426,4244
10/6/2019 12:30,310,344,411,4680,4697,4636,4370,4353,4225
10/6/2019 13:00,343,383,432,4629,4654,4574,4286,4271,4142
10/6/2019 13:30,389,448,460,4590,4618,4497,4201,4170,4037
10/6/2019 14:00,442,509,537,4571,4594,4486,4129,4085,3949
10/6/2019 14:30,501,584,617,4562,4581,4447,4061,3997,3830
10/6/2019 15:00,573,651,740,4563,4578,4464,3990,3927,3724
10/6/2019 15:30,659,746,795,4586,4601,4506,3927,3855,3711
10/6/2019 16:00,738,799,853,4632,4648,4517,3894,3849,3664
10/6/2019 16:30,811,872,983,4702,4723,4595,3891,3851,3612
10/6/2019 17:00,892,947,1029,4777,4804,4678,3885,3857,3649
10/6/2019 17:30,980,1046,1066,4790,4823,4686,3810,3777,3620
10/6/2019 18:00,1046,1118,1093,4732,4765,4618,3686,3647,3525
10/6/2019 18:30,1089,1190,1022,4632,4668,4494,3543,3478,3472
10/6/2019 19:00,1126,1223,1025,4509,4543,4381,3383,3320,3356
10/6/2019 19:30,1155,1242,1038,4402,4442,4286,3247,3200,3248
10/6/2019 20:00,1169,1258,1016,4317,4361,4195,3148,3103,3179
10/6/2019 20:30,1168,1294,981,4234,4281,4138,3066,2987,3157
10/6/2019 21:00,1180,1298,1071,4158,4198,4063,2978,2900,2992
10/6/2019 21:30,1206,1282,1146,4126,4154,3948,2920,2872,2802
10/6/2019 22:00,1235,1325,1202,4110,4123,3876,2875,2798,2674
10/6/2019 22:30,1268,1323,1294,3969,3975,3819,2701,2652,2525
10/6/2019 23:00,1438,1373,1351,3713,3712,3620,2275,2339,2269
10/6/2019 23:30,1460,1387,1403,3487,3485,3407,2027,2098,2004
11/6/2019 0:00,1469,1413,1454,3326,3324,3247,1857,1911,1793
11/6/2019 0:30,1465,1409,1475,3199,3203,3145,1734,1794,1670
11/6/2019 1:00,1460,1417,1408,3098,3101,3062,1638,1684,1654
11/6/2019 1:30,1453,1431,1374,3019,3023,2977,1566,1592,1603
11/6/2019 2:00,1456,1430,1323,2958,2961,2909,1502,1531,1586
11/6/2019 2:30,1468,1422,1281,2910,2913,2854,1442,1491,1573
11/6/2019 3:00,1473,1404,1180,2874,2879,2826,1401,1475,1646
11/6/2019 3:30,1473,1424,1214,2862,2868,2804,1389,1444,1590
11/6/2019 4:00,1480,1411,1204,2869,2873,2798,1389,1462,1594
11/6/2019 4:30,1493,1398,1199,2865,2870,2798,1372,1472,1599
11/6/2019 5:00,1511,1404,1219,2870,2874,2797,1359,1470,1578
11/6/2019 5:30,1534,1340,1249,2983,2986,2878,1449,1646,1629
11/6/2019 6:00,1567,1380,1267,3222,3224,3121,1655,1844,1854
11/6/2019 6:30,1609,1387,1351,3559,3559,3409,1950,2172,2058
11/6/2019 7:00,1664,1461,1355,3952,3951,3812,2288,2490,2457
11/6/2019 7:30,1732,1546,1420,4270,4271,4192,2538,2725,2772
11/6/2019 8:00,1807,1629,1492,4484,4489,4444,2677,2860,2952
11/6/2019 8:30,1891,1701,1522,4618,4618,4513,2727,2917,2991
11/6/2019 9:00,1963,1755,1562,4685,4671,4567,2722,2916,3005
11/6/2019 9:30,2023,1706,1557,4714,4689,4607,2691,2983,3050
11/6/2019 10:00,2055,1727,1467,4719,4686,4574,2664,2959,3107
11/6/2019 10:30,2057,1706,1463,4723,4685,4588,2666,2979,3125
11/6/2019 11:00,2048,1705,1522,4732,4691,4573,2684,2986,3051
11/6/2019 11:30,2029,1671,1593,4744,4705,4579,2715,3034,2986
11/6/2019 12:00,2004,1659,1641,4755,4721,4590,2751,3062,2949
11/6/2019 12:30,1976,1617,1647,4742,4708,4602,2766,3091,2955
11/6/2019 13:00,1951,1617,1668,4706,4666,4592,2755,3049,2924
11/6/2019 13:30,1928,1562,1585,4672,4630,4471,2744,3068,2886
11/6/2019 14:00,1912,1593,1555,4648,4607,4447,2736,3014,2892
11/6/2019 14:30,1902,1671,1623,4636,4598,4443,2734,2927,2820
11/6/2019 15:00,1898,1699,1581,4638,4602,4440,2740,2903,2859
11/6/2019 15:30,1902,1775,1591,4657,4624,4488,2755,2849,2897
11/6/2019 16:00,1904,1787,1583,4698,4666,4530,2794,2879,2947
11/6/2019 16:30,1905,1867,1600,4767,4733,4608,2862,2866,3008
11/6/2019 17:00,1900,1854,1596,4848,4806,4678,2948,2952,3082
11/6/2019 17:30,1889,1728,1536,4865,4818,4707,2976,3090,3171
11/6/2019 18:00,1858,1709,1520,4808,4760,4618,2950,3051,3098
11/6/2019 18:30,1806,1660,1512,4713,4664,4512,2907,3004,3000
11/6/2019 19:00,1758,1643,1635,4596,4548,4405,2838,2905,2770
11/6/2019 19:30,1715,1606,1533,4503,4447,4327,2788,2841,2794
11/6/2019 20:00,1668,1585,1441,4436,4367,4271,2768,2782,2830
11/6/2019 20:30,1619,1542,1357,4369,4297,4230,2750,2755,2873
11/6/2019 21:00,1574,1509,1270,4299,4235,4159,2725,2726,2889
11/6/2019 21:30,1533,1419,1207,4239,4185,4049,2706,2766,2842
11/6/2019 22:00,1506,1405,1169,4171,4128,4004,2665,2723,2835
11/6/2019 22:30,1493,1407,1099,4012,3975,3913,2519,2568,2814
11/6/2019 23:00,1486,1387,1020,3735,3733,3677,2249,2346,2657
11/6/2019 23:30,1456,1282,1076,3509,3512,3456,2053,2230,2380
12/6/2019 0:00,1428,1265,1121,3327,3329,3291,1899,2064,2170
12/6/2019 0:30,1402,1233,1132,3192,3195,3162,1790,1962,2030
12/6/2019 1:00,1389,1237,1170,3101,3104,3070,1712,1867,1900
12/6/2019 1:30,1388,1206,1169,3027,3030,2969,1639,1824,1800
12/6/2019 2:00,1385,1222,1146,2964,2966,2924,1579,1744,1778
12/6/2019 2:30,1379,1168,1173,2916,2917,2892,1537,1749,1719
12/6/2019 3:00,1376,1189,1223,2884,2883,2854,1508,1694,1631
12/6/2019 3:30,1378,1257,1276,2875,2872,2849,1497,1615,1573
12/6/2019 4:00,1381,1281,1295,2882,2879,2843,1501,1598,1548
12/6/2019 4:30,1384,1308,1330,2880,2879,2850,1496,1571,1520
12/6/2019 5:00,1396,1320,1335,2884,2886,2847,1488,1566,1512
12/6/2019 5:30,1417,1287,1376,2983,2986,2883,1566,1699,1507
12/6/2019 6:00,1450,1308,1368,3198,3200,3102,1748,1892,1734
12/6/2019 6:30,1495,1386,1233,3526,3535,3350,2031,2149,2117
12/6/2019 7:00,1548,1436,1306,3927,3943,3735,2379,2507,2429
12/6/2019 7:30,1611,1518,1396,4245,4263,4094,2634,2745,2698
12/6/2019 8:00,1680,1589,1559,4452,4464,4390,2772,2875,2831
12/6/2019 8:30,1755,1671,1585,4594,4596,4488,2839,2925,2903
12/6/2019 9:00,1843,1747,1615,4685,4675,4560,2842,2928,2945
12/6/2019 9:30,1945,1801,1682,4729,4712,4601,2784,2911,2919
12/6/2019 10:00,2037,1861,1816,4736,4721,4580,2699,2860,2764
12/6/2019 10:30,2121,1818,1876,4743,4728,4593,2622,2910,2717
12/6/2019 11:00,2185,1884,1974,4756,4740,4622,2571,2856,2648
12/6/2019 11:30,2229,1981,2006,4775,4753,4638,2546,2772,2632
12/6/2019 12:00,2264,2035,2033,4793,4768,4634,2529,2733,2601
12/6/2019 12:30,2291,2057,1964,4783,4752,4665,2492,2695,2701
12/6/2019 13:00,2307,2099,1957,4744,4707,4624,2437,2608,2667
12/6/2019 13:30,2312,2184,1887,4709,4673,4465,2397,2489,2578
12/6/2019 14:00,2310,2196,1964,4687,4657,4551,2377,2461,2587
12/6/2019 14:30,2299,2169,1946,4681,4651,4558,2382,2482,2612
12/6/2019 15:00,2279,2121,1841,4693,4654,4560,2414,2533,2719
12/6/2019 15:30,2250,2026,1707,4720,4682,4593,2470,2656,2886
12/6/2019 16:00,2199,1947,1635,4764,4735,4685,2565,2788,3050
12/6/2019 16:30,2127,1737,1651,4830,4806,4798,2703,3069,3147
12/6/2019 17:00,2063,1687,1665,4903,4879,4858,2840,3192,3193
12/6/2019 17:30,2005,1641,1712,4916,4893,4910,2911,3252,3198
12/6/2019 18:00,1960,1637,1626,4862,4840,4857,2902,3203,3231
12/6/2019 18:30,1926,1616,1616,4773,4749,4762,2847,3133,3146
12/6/2019 19:00,1904,1634,1587,4670,4636,4640,2766,3002,3053
12/6/2019 19:30,1893,1596,1626,4591,4546,4562,2698,2950,2936
12/6/2019 20:00,1888,1631,1612,4539,4482,4454,2651,2851,2842
12/6/2019 20:30,1890,1697,1615,4472,4422,4386,2582,2725,2771
12/6/2019 21:00,1895,1742,1745,4385,4358,4328,2490,2616,2583
12/6/2019 21:30,1905,1877,1777,4293,4278,4177,2388,2401,2400
12/6/2019 22:00,1914,1909,1705,4187,4173,4082,2273,2264,2377
12/6/2019 22:30,1923,1882,1612,4016,4000,3884,2093,2118,2272
12/6/2019 23:00,1780,1861,1537,3771,3768,3648,1991,1907,2111
12/6/2019 23:30,1762,1822,1414,3550,3542,3432,1788,1720,2018
13/6/2019 0:00,1748,1797,1219,3362,3358,3259,1614,1561,2040
13/6/2019 0:30,1738,1726,1283,3224,3221,3155,1486,1495,1872
13/6/2019 1:00,1724,1719,1315,3130,3126,3080,1406,1407,1765
13/6/2019 1:30,1706,1699,1251,3056,3051,2987,1350,1352,1736
13/6/2019 2:00,1686,1705,1214,2994,2990,2918,1308,1285,1704
13/6/2019 2:30,1661,1633,1228,2948,2944,2878,1287,1311,1650
13/6/2019 3:00,1643,1653,1281,2918,2913,2836,1275,1260,1555
13/6/2019 3:30,1632,1576,1396,2907,2900,2835,1275,1324,1439
13/6/2019 4:00,1632,1608,1464,2910,2903,2851,1278,1295,1387
13/6/2019 4:30,1643,1599,1495,2910,2903,2845,1267,1304,1350
13/6/2019 5:00,1661,1628,1506,2920,2915,2873,1259,1287,1367
13/6/2019 5:30,1686,1542,1503,3014,3012,2897,1328,1470,1394
13/6/2019 6:00,1703,1570,1541,3213,3215,3106,1510,1645,1565
13/6/2019 6:30,1713,1590,1690,3531,3536,3386,1818,1946,1696
13/6/2019 7:00,1721,1625,1802,3931,3939,3805,2210,2314,2003
13/6/2019 7:30,1730,1721,1956,4254,4262,4172,2524,2541,2216
13/6/2019 8:00,1727,1745,1976,4469,4475,4456,2742,2730,2480
13/6/2019 8:30,1713,1764,1982,4610,4611,4596,2897,2847,2614
13/6/2019 9:00,1698,1756,1990,4691,4687,4684,2993,2931,2694
13/6/2019 9:30,1682,1705,1858,4730,4723,4699,3048,3018,2841
13/6/2019 10:00,1671,1691,1757,4738,4730,4688,3067,3039,2931
13/6/2019 10:30,1664,1754,1674,4739,4733,4691,3075,2979,3017
13/6/2019 11:00,1655,1724,1650,4740,4738,4737,3085,3014,3087
13/6/2019 11:30,1644,1670,1715,4748,4749,4733,3104,3079,3018
13/6/2019 12:00,1628,1602,1654,4757,4760,4761,3129,3158,3107
13/6/2019 12:30,1608,1548,1536,4736,4740,4748,3128,3192,3212
13/6/2019 13:00,1587,1484,1442,4688,4691,4731,3101,3207,3289
13/6/2019 13:30,1566,1361,1336,4647,4648,4601,3081,3287,3265
13/6/2019 14:00,1521,1327,1258,4622,4624,4614,3101,3297,3356
13/6/2019 14:30,1451,1287,1199,4610,4610,4606,3159,3323,3407
13/6/2019 15:00,1395,1237,1064,4613,4612,4638,3218,3375,3574
13/6/2019 15:30,1353,1238,921,4635,4642,4673,3282,3404,3752
13/6/2019 16:00,1318,1165,842,4679,4703,4735,3361,3538,3893
13/6/2019 16:30,1290,1087,859,4743,4775,4814,3453,3688,3955
13/6/2019 17:00,1259,1047,816,4811,4843,4893,3552,3796,4077
13/6/2019 17:30,1225,1007,785,4823,4856,4921,3598,3849,4136
13/6/2019 18:00,1171,989,739,4771,4806,4853,3600,3817,4114
13/6/2019 18:30,1097,920,733,4679,4718,4743,3582,3798,4010
13/6/2019 19:00,1024,869,734,4563,4608,4634,3539,3739,3900
13/6/2019 19:30,950,697,762,4464,4504,4557,3514,3807,3795
13/6/2019 20:00,868,619,703,4389,4416,4484,3521,3797,3781
13/6/2019 20:30,778,517,595,4315,4343,4432,3537,3826,3837
13/6/2019 21:00,694,434,513,4242,4281,4363,3548,3847,3850
13/6/2019 21:30,616,310,414,4185,4213,4239,3569,3903,3825
13/6/2019 22:00,541,268,330,4126,4125,4185,3585,3857,3855
13/6/2019 22:30,471,226,324,3969,3954,4081,3498,3728,3757
13/6/2019 23:00,289,205,275,3717,3715,3855,3428,3510,3580
13/6/2019 23:30,278,252,253,3510,3521,3629,3232,3269,3376
14/6/2019 0:00,271,239,255,3355,3361,3458,3084,3122,3203
14/6/2019 0:30,266,261,253,3232,3236,3341,2966,2975,3088
14/6/2019 1:00,269,261,236,3135,3138,3215,2866,2877,2979
14/6/2019 1:30,280,231,251,3057,3060,3122,2777,2829,2871
14/6/2019 2:00,292,242,283,2997,3002,3057,2705,2760,2774
14/6/2019 2:30,305,255,303,2952,2959,3017,2647,2704,2714
14/6/2019 3:00,312,267,325,2922,2931,2979,2610,2664,2654
14/6/2019 3:30,312,264,300,2913,2923,2960,2601,2659,2660
14/6/2019 4:00,310,265,337,2920,2931,2949,2610,2666,2612
14/6/2019 4:30,304,244,332,2923,2933,2941,2619,2689,2609
14/6/2019 5:00,297,237,343,2935,2947,2939,2638,2710,2596
14/6/2019 5:30,290,250,315,3038,3049,2994,2748,2799,2679
14/6/2019 6:00,276,239,312,3251,3261,3224,2975,3022,2912
14/6/2019 6:30,257,253,294,3571,3577,3480,3314,3324,3186
14/6/2019 7:00,241,245,270,3961,3966,3862,3720,3721,3592
14/6/2019 7:30,227,238,231,4280,4284,4227,4053,4046,3996
14/6/2019 8:00,223,237,188,4497,4501,4516,4274,4264,4328
14/6/2019 8:30,228,243,191,4630,4631,4637,4402,4388,4446
14/6/2019 9:00,234,252,210,4692,4687,4708,4458,4435,4498
14/6/2019 9:30,241,238,223,4717,4709,4751,4476,4471,4528
14/6/2019 10:00,251,243,240,4720,4709,4730,4469,4466,4490
14/6/2019 10:30,264,246,274,4719,4713,4740,4455,4467,4466
14/6/2019 11:00,279,263,271,4720,4726,4760,4441,4463,4489
14/6/2019 11:30,298,264,260,4725,4740,4786,4427,4476,4526
14/6/2019 12:00,314,279,286,4731,4744,4791,4417,4465,4505
14/6/2019 12:30,326,289,294,4710,4721,4804,4384,4432,4510
14/6/2019 13:00,330,296,329,4661,4672,4754,4331,4376,4425
14/6/2019 13:30,326,300,385,4612,4622,4667,4286,4322,4282
14/6/2019 14:00,323,302,365,4569,4583,4643,4246,4281,4278
14/6/2019 14:30,321,273,347,4541,4565,4629,4220,4292,4282
14/6/2019 15:00,319,276,345,4532,4570,4625,4213,4294,4280
14/6/2019 15:30,317,286,355,4548,4584,4647,4231,4298,4292
14/6/2019 16:00,322,289,275,4590,4611,4652,4268,4322,4377
14/6/2019 16:30,335,312,240,4653,4667,4699,4318,4355,4459
14/6/2019 17:00,347,296,233,4723,4739,4755,4376,4443,4522
14/6/2019 17:30,357,297,213,4747,4757,4784,4390,4460,4571
14/6/2019 18:00,370,279,210,4715,4710,4766,4345,4431,4556
14/6/2019 18:30,384,258,169,4638,4626,4667,4254,4368,4498
14/6/2019 19:00,402,254,161,4530,4521,4555,4128,4267,4394
14/6/2019 19:30,422,217,181,4439,4436,4453,4017,4219,4272
14/6/2019 20:00,440,222,183,4370,4377,4361,3930,4155,4178
14/6/2019 20:30,454,181,174,4299,4310,4285,3845,4129,4111
14/6/2019 21:00,480,192,161,4221,4233,4184,3741,4041,4023
14/6/2019 21:30,516,217,157,4146,4168,4053,3630,3951,3896
14/6/2019 22:00,545,224,164,4064,4100,4015,3519,3876,3851
14/6/2019 22:30,566,210,153,3914,3956,3983,3348,3746,3830
14/6/2019 23:00,400,221,143,3745,3745,3817,3345,3524,3674
14/6/2019 23:30,435,229,136,3564,3561,3630,3129,3332,3494
15/6/2019 0:00,454,234,134,3428,3433,3491,2974,3199,3357
15/6/2019 0:30,456,234,119,3303,3311,3360,2847,3077,3241
15/6/2019 1:00,455,233,119,3180,3188,3229,2725,2955,3110
15/6/2019 1:30,451,215,116,3077,3084,3121,2626,2869,3005
15/6/2019 2:00,443,215,147,2994,3000,3066,2551,2785,2919
15/6/2019 2:30,432,160,169,2931,2937,3011,2499,2777,2842
15/6/2019 3:00,429,171,174,2885,2892,2949,2456,2721,2775
15/6/2019 3:30,434,168,183,2857,2864,2916,2423,2696,2733
15/6/2019 4:00,437,174,200,2842,2851,2910,2405,2677,2710
15/6/2019 4:30,438,164,198,2834,2841,2895,2396,2677,2697
15/6/2019 5:00,435,159,197,2831,2835,2862,2396,2676,2665
15/6/2019 5:30,428,150,200,2834,2842,2844,2406,2692,2644
15/6/2019 6:00,417,144,197,2864,2883,2947,2447,2739,2750
15/6/2019 6:30,402,151,172,3000,3023,3054,2598,2872,2882
15/6/2019 7:00,398,143,136,3241,3263,3241,2843,3120,3105
15/6/2019 7:30,404,130,45,3506,3527,3454,3102,3397,3409
15/6/2019 8:00,414,122,83,3764,3785,3707,3350,3663,3624
15/6/2019 8:30,428,113,98,3965,3983,3933,3537,3870,3835
15/6/2019 9:00,441,119,103,4100,4117,4118,3659,3998,4015
15/6/2019 9:30,452,133,106,4191,4208,4229,3739,4075,4123
15/6/2019 10:00,464,146,111,4245,4264,4302,3781,4118,4191
15/6/2019 10:30,478,152,138,4274,4294,4326,3796,4142,4188
15/6/2019 11:00,495,175,184,4285,4309,4351,3790,4134,4167
15/6/2019 11:30,514,193,175,4292,4319,4352,3778,4126,4177
15/6/2019 12:00,538,233,208,4294,4330,4341,3756,4097,4133
15/6/2019 12:30,569,287,215,4270,4309,4299,3701,4022,4084
15/6/2019 13:00,592,313,253,4218,4255,4264,3626,3942,4011
15/6/2019 13:30,608,318,264,4156,4192,4184,3548,3874,3920
15/6/2019 14:00,607,328,287,4094,4129,4095,3487,3801,3808
15/6/2019 14:30,588,357,272,4057,4089,4041,3469,3732,3769
15/6/2019 15:00,581,372,313,4049,4074,4000,3468,3702,3687
15/6/2019 15:30,584,388,365,4053,4073,3969,3469,3685,3604
15/6/2019 16:00,570,386,370,4069,4086,3985,3499,3700,3615
15/6/2019 16:30,538,351,342,4116,4126,4066,3578,3775,3724
15/6/2019 17:00,500,345,364,4184,4183,4167,3684,3838,3803
15/6/2019 17:30,457,350,334,4212,4207,4240,3755,3857,3906
15/6/2019 18:00,422,335,328,4186,4185,4249,3764,3850,3921
15/6/2019 18:30,394,286,329,4124,4125,4201,3730,3839,3872
15/6/2019 19:00,366,268,285,4039,4036,4140,3673,3768,3855
15/6/2019 19:30,339,244,239,3975,3964,4062,3636,3720,3823
15/6/2019 20:00,314,228,204,3931,3911,3957,3617,3683,3753
15/6/2019 20:30,291,215,201,3873,3844,3883,3582,3629,3682
15/6/2019 21:00,274,206,180,3806,3767,3814,3532,3561,3634
15/6/2019 21:30,264,216,146,3788,3750,3745,3524,3534,3599
15/6/2019 22:00,261,209,129,3801,3774,3723,3540,3565,3594
15/6/2019 22:30,264,193,152,3709,3694,3695,3445,3501,3543
15/6/2019 23:00,194,196,165,3517,3516,3572,3323,3320,3407
15/6/2019 23:30,200,166,171,3386,3385,3423,3186,3219,3252
16/6/2019 0:00,215,184,186,3317,3317,3316,3102,3133,3130
16/6/2019 0:30,240,226,186,3220,3220,3209,2980,2994,3023
16/6/2019 1:00,255,245,189,3086,3086,3109,2831,2841,2920
16/6/2019 1:30,260,243,198,2974,2974,3018,2714,2731,2820
16/6/2019 2:00,265,255,238,2895,2895,2943,2630,2640,2705
16/6/2019 2:30,270,263,282,2830,2830,2889,2560,2567,2607
16/6/2019 3:00,277,269,290,2778,2776,2834,2501,2507,2544
16/6/2019 3:30,283,284,300,2747,2746,2796,2464,2462,2496
16/6/2019 4:00,291,294,307,2736,2734,2771,2445,2440,2464
16/6/2019 4:30,299,289,292,2727,2725,2730,2428,2436,2438
16/6/2019 5:00,316,299,267,2711,2708,2684,2395,2409,2417
16/6/2019 5:30,340,298,243,2677,2673,2676,2337,2375,2433
16/6/2019 6:00,363,310,250,2645,2638,2730,2282,2328,2480
16/6/2019 6:30,384,345,253,2704,2697,2800,2320,2352,2547
16/6/2019 7:00,416,366,241,2865,2859,2909,2449,2493,2668
16/6/2019 7:30,458,381,253,3069,3066,3043,2611,2685,2790
16/6/2019 8:00,517,424,260,3292,3289,3219,2775,2865,2959
16/6/2019 8:30,595,467,352,3484,3486,3411,2889,3019,3059
16/6/2019 9:00,671,526,409,3639,3650,3593,2968,3124,3184
16/6/2019 9:30,746,521,519,3777,3789,3744,3031,3268,3225
16/6/2019 10:00,798,586,612,3899,3909,3882,3101,3323,3270
16/6/2019 10:30,828,631,720,3994,3999,3955,3166,3368,3235
16/6/2019 11:00,861,693,832,4063,4064,4013,3202,3371,3181
16/6/2019 11:30,895,729,955,4120,4110,4056,3225,3381,3101
16/6/2019 12:00,925,787,1002,4162,4144,4122,3237,3357,3120
16/6/2019 12:30,953,852,1069,4165,4144,4167,3212,3292,3098
16/6/2019 13:00,972,907,1156,4130,4110,4150,3158,3203,2994
16/6/2019 13:30,984,977,1212,4072,4054,4082,3088,3077,2870
16/6/2019 14:00,1009,1055,1208,4006,3985,4008,2997,2930,2800
16/6/2019 14:30,1046,1270,1287,3962,3938,3972,2916,2668,2685
16/6/2019 15:00,1104,1327,1403,3947,3920,3951,2843,2593,2548
16/6/2019 15:30,1182,1366,1533,3947,3919,3942,2765,2553,2409
16/6/2019 16:00,1228,1392,1598,3962,3939,3989,2734,2547,2391
16/6/2019 16:30,1244,1360,1697,4002,3992,4057,2758,2632,2360
16/6/2019 17:00,1248,1365,1751,4059,4070,4111,2811,2705,2360
16/6/2019 17:30,1241,1362,1718,4088,4113,4125,2847,2751,2407
16/6/2019 18:00,1232,1372,1656,4079,4113,4145,2847,2741,2489
16/6/2019 18:30,1222,1410,1602,4040,4080,4118,2818,2670,2516
16/6/2019 19:00,1193,1402,1556,3979,4024,4052,2786,2622,2496
16/6/2019 19:30,1146,1498,1575,3929,3970,4039,2783,2472,2464
16/6/2019 20:00,1104,1466,1547,3892,3920,3975,2788,2454,2428
16/6/2019 20:30,1066,1496,1445,3838,3863,3897,2772,2367,2452
16/6/2019 21:00,1041,1484,1384,3776,3804,3804,2735,2320,2420
16/6/2019 21:30,1029,1360,1382,3757,3773,3687,2728,2413,2305
16/6/2019 22:00,1028,1379,1377,3766,3758,3643,2738,2379,2266
16/6/2019 22:30,1039,1402,1401,3679,3663,3601,2640,2261,2200
16/6/2019 23:00,1233,1423,1418,3486,3486,3438,2253,2063,2020
16/6/2019 23:30,1281,1474,1480,3306,3308,3245,2025,1834,1765
17/6/2019 0:00,1350,1521,1456,3148,3149,3122,1798,1628,1666
17/6/2019 0:30,1441,1593,1380,3028,3029,3022,1587,1436,1642
17/6/2019 1:00,1516,1640,1435,2946,2947,2946,1430,1307,1511
17/6/2019 1:30,1575,1653,1461,2882,2883,2853,1307,1230,1392
17/6/2019 2:00,1617,1684,1529,2831,2832,2794,1214,1148,1265
17/6/2019 2:30,1643,1645,1619,2792,2795,2735,1149,1150,1116
17/6/2019 3:00,1675,1679,1636,2767,2769,2695,1092,1090,1059
17/6/2019 3:30,1713,1735,1666,2755,2758,2668,1042,1023,1002
17/6/2019 4:00,1735,1771,1723,2753,2755,2683,1018,984,960
17/6/2019 4:30,1739,1766,1712,2744,2745,2654,1005,979,942
17/6/2019 5:00,1753,1788,1700,2750,2750,2645,997,962,945
17/6/2019 5:30,1777,1725,1687,2874,2875,2712,1097,1150,1025
17/6/2019 6:00,1806,1762,1766,3133,3134,2940,1327,1372,1174
17/6/2019 6:30,1839,1850,1791,3484,3486,3210,1645,1636,1419
17/6/2019 7:00,1886,1897,1905,3885,3885,3615,1999,1988,1710
17/6/2019 7:30,1948,2000,1915,4203,4203,3965,2255,2203,2050
17/6/2019 8:00,2013,2056,1952,4413,4409,4228,2400,2353,2276
17/6/2019 8:30,2081,2081,2047,4552,4548,4401,2471,2467,2354
17/6/2019 9:00,2126,2130,2203,4631,4630,4484,2505,2500,2281
17/6/2019 9:30,2146,2096,2289,4669,4669,4513,2523,2573,2224
17/6/2019 10:00,2148,2101,2269,4679,4675,4498,2531,2574,2229
17/6/2019 10:30,2132,2103,2270,4686,4678,4528,2554,2575,2258
17/6/2019 11:00,2105,2082,2293,4698,4682,4562,2593,2600,2269
17/6/2019 11:30,2067,2049,2248,4710,4692,4574,2643,2643,2326
17/6/2019 12:00,2030,2024,2175,4716,4712,4584,2686,2688,2409
17/6/2019 12:30,1993,2056,2005,4691,4697,4580,2698,2641,2575
17/6/2019 13:00,1951,2002,1952,4639,4646,4550,2688,2644,2598
17/6/2019 13:30,1905,1940,1856,4595,4604,4471,2690,2664,2615
17/6/2019 14:00,1848,1866,1726,4567,4580,4479,2719,2714,2753
17/6/2019 14:30,1779,1757,1602,4554,4571,4482,2775,2814,2880
17/6/2019 15:00,1703,1668,1522,4559,4576,4494,2856,2908,2972
17/6/2019 15:30,1618,1564,1485,4583,4602,4550,2965,3038,3065
17/6/2019 16:00,1533,1478,1405,4628,4649,4593,3095,3171,3188
17/6/2019 16:30,1447,1381,1379,4703,4720,4681,3256,3339,3302
17/6/2019 17:00,1358,1303,1281,4789,4795,4765,3431,3492,3484
17/6/2019 17:30,1266,1201,1219,4813,4812,4810,3547,3611,3591
17/6/2019 18:00,1181,1121,1138,4764,4758,4725,3583,3637,3587
17/6/2019 18:30,1102,1017,1042,4668,4663,4625,3566,3646,3583
17/6/2019 19:00,1019,944,1000,4546,4542,4515,3527,3598,3515
17/6/2019 19:30,930,841,900,4439,4441,4396,3509,3600,3496
17/6/2019 20:00,841,766,779,4353,4360,4305,3512,3594,3526
17/6/2019 20:30,750,705,662,4262,4266,4242,3512,3561,3580
17/6/2019 21:00,682,656,605,4169,4160,4162,3487,3504,3557
17/6/2019 21:30,636,619,575,4121,4102,4028,3485,3483,3453
17/6/2019 22:00,600,605,593,4097,4071,3949,3497,3466,3356
17/6/2019 22:30,573,613,655,3962,3930,3900,3389,3317,3245
17/6/2019 23:00,624,633,718,3683,3681,3702,3059,3048,2984
17/6/2019 23:30,647,640,728,3460,3462,3481,2813,2822,2753
18/6/2019 0:00,677,675,764,3293,3294,3312,2616,2619,2548
18/6/2019 0:30,714,701,805,3165,3166,3178,2451,2465,2373
18/6/2019 1:00,746,738,829,3068,3068,3097,2322,2330,2268
18/6/2019 1:30,772,772,826,2990,2991,3024,2218,2219,2198
18/6/2019 2:00,791,794,853,2927,2928,2991,2136,2134,2138
18/6/2019 2:30,803,841,880,2878,2880,2961,2075,2039,2081
18/6/2019 3:00,813,840,851,2845,2847,2899,2032,2007,2048
18/6/2019 3:30,820,837,810,2834,2835,2891,2014,1998,2081
18/6/2019 4:00,816,817,824,2840,2840,2884,2024,2023,2060
18/6/2019 4:30,800,776,775,2837,2837,2856,2037,2061,2081
18/6/2019 5:00,793,747,767,2843,2842,2850,2050,2095,2083
18/6/2019 5:30,794,709,765,2949,2950,2917,2155,2241,2152
18/6/2019 6:00,787,677,708,3174,3182,3117,2387,2505,2409
18/6/2019 6:30,771,656,655,3507,3514,3372,2736,2858,2717
18/6/2019 7:00,754,639,624,3906,3912,3774,3152,3273,3150
18/6/2019 7:30,735,628,545,4224,4230,4137,3489,3602,3592
18/6/2019 8:00,720,626,515,4432,4443,4414,3712,3817,3899
18/6/2019 8:30,710,591,455,4568,4574,4465,3858,3983,4010
18/6/2019 9:00,697,584,435,4647,4641,4587,3950,4057,4152
18/6/2019 9:30,683,580,419,4683,4663,4612,4000,4083,4193
18/6/2019 10:00,664,572,419,4689,4656,4588,4025,4084,4169
18/6/2019 10:30,638,565,439,4691,4656,4606,4053,4091,4167
18/6/2019 11:00,618,543,427,4698,4668,4627,4080,4125,4200
18/6/2019 11:30,602,472,412,4710,4682,4638,4108,4210,4226
18/6/2019 12:00,581,445,409,4722,4689,4661,4141,4244,4252
18/6/2019 12:30,554,396,393,4702,4661,4689,4148,4265,4296
18/6/2019 13:00,531,375,400,4651,4612,4627,4120,4237,4227
18/6/2019 13:30,511,344,419,4609,4572,4557,4098,4228,4138
18/6/2019 14:00,489,334,405,4585,4548,4550,4096,4214,4145
18/6/2019 14:30,464,336,405,4578,4543,4543,4114,4207,4138
18/6/2019 15:00,447,335,396,4587,4556,4536,4140,4221,4140
18/6/2019 15:30,438,360,370,4615,4585,4602,4177,4225,4232
18/6/2019 16:00,420,359,392,4663,4632,4661,4243,4273,4269
18/6/2019 16:30,394,375,393,4730,4701,4746,4336,4326,4353
18/6/2019 17:00,375,370,393,4802,4777,4833,4427,4407,4440
18/6/2019 17:30,363,374,347,4814,4789,4865,4451,4415,4518
18/6/2019 18:00,359,368,363,4757,4728,4805,4398,4360,4442
18/6/2019 18:30,363,349,338,4661,4630,4704,4298,4281,4366
18/6/2019 19:00,360,339,308,4544,4513,4577,4184,4174,4269
18/6/2019 19:30,348,327,294,4446,4414,4479,4098,4087,4185
18/6/2019 20:00,331,305,292,4370,4336,4391,4039,4031,4099
18/6/2019 20:30,311,272,299,4282,4253,4339,3971,3981,4040
18/6/2019 21:00,296,255,282,4186,4170,4252,3890,3915,3970
18/6/2019 21:30,287,274,288,4138,4119,4135,3851,3845,3847
18/6/2019 22:00,278,275,288,4117,4083,4051,3839,3808,3763
18/6/2019 22:30,267,256,277,3986,3951,4008,3719,3695,3731
18/6/2019 23:00,265,259,284,3729,3725,3810,3464,3466,3526
18/6/2019 23:30,258,260,288,3507,3513,3587,3249,3253,3299
19/6/2019 0:00,259,272,289,3323,3326,3419,3064,3054,3130
19/6/2019 0:30,268,312,298,3188,3189,3274,2920,2877,2976
19/6/2019 1:00,284,331,310,3097,3098,3159,2813,2767,2849
19/6/2019 1:30,307,353,335,3026,3026,3064,2719,2673,2729
19/6/2019 2:00,327,369,357,2968,2967,2998,2641,2598,2641
19/6/2019 2:30,343,345,379,2922,2921,2965,2579,2576,2586
19/6/2019 3:00,353,363,414,2889,2887,2926,2536,2524,2512
19/6/2019 3:30,358,391,425,2873,2871,2900,2515,2480,2475
19/6/2019 4:00,358,393,436,2871,2869,2899,2513,2476,2463
19/6/2019 4:30,356,397,455,2866,2864,2877,2510,2467,2422
19/6/2019 5:00,352,386,423,2876,2874,2854,2524,2488,2431
19/6/2019 5:30,346,373,420,2976,2973,2913,2630,2600,2493
19/6/2019 6:00,343,362,406,3186,3182,3136,2843,2820,2730
19/6/2019 6:30,343,348,443,3505,3500,3434,3162,3152,2991
19/6/2019 7:00,345,346,423,3896,3891,3836,3551,3545,3413
19/6/2019 7:30,347,364,381,4213,4211,4140,3866,3847,3759
19/6/2019 8:00,360,384,375,4426,4429,4412,4066,4045,4037
19/6/2019 8:30,384,412,443,4565,4569,4526,4181,4157,4083
19/6/2019 9:00,414,452,521,4641,4640,4571,4227,4188,4050
19/6/2019 9:30,448,471,602,4669,4668,4582,4221,4197,3980
19/6/2019 10:00,481,520,722,4663,4666,4572,4182,4146,3850
19/6/2019 10:30,512,587,783,4663,4667,4570,4151,4080,3787
19/6/2019 11:00,560,643,811,4675,4677,4612,4115,4034,3801
19/6/2019 11:30,625,675,863,4691,4689,4603,4066,4014,3740
19/6/2019 12:00,691,751,941,4702,4704,4644,4011,3953,3703
19/6/2019 12:30,757,879,941,4683,4688,4657,3926,3809,3716
19/6/2019 13:00,828,958,1091,4637,4641,4612,3809,3683,3521
19/6/2019 13:30,903,1061,1094,4599,4605,4512,3696,3544,3418
19/6/2019 14:00,986,1141,1083,4576,4588,4530,3590,3447,3447
19/6/2019 14:30,1076,1212,1185,4568,4583,4532,3492,3371,3347
19/6/2019 15:00,1169,1290,1180,4575,4591,4519,3406,3301,3339
19/6/2019 15:30,1264,1356,1197,4601,4620,4557,3337,3264,3360
19/6/2019 16:00,1328,1406,1271,4647,4672,4615,3319,3266,3344
19/6/2019 16:30,1361,1385,1227,4716,4747,4737,3355,3362,3510
19/6/2019 17:00,1372,1390,1261,4791,4825,4834,3419,3435,3573
19/6/2019 17:30,1360,1361,1236,4803,4838,4892,3443,3477,3656
19/6/2019 18:00,1332,1335,1264,4743,4777,4810,3411,3442,3546
19/6/2019 18:30,1286,1293,1163,4646,4677,4716,3360,3384,3553
19/6/2019 19:00,1236,1255,1146,4529,4557,4590,3293,3302,3444
19/6/2019 19:30,1181,1144,1068,4426,4454,4521,3245,3310,3453
19/6/2019 20:00,1120,1092,1073,4343,4374,4465,3223,3282,3392
19/6/2019 20:30,1054,1000,1068,4263,4299,4386,3209,3299,3318
19/6/2019 21:00,990,949,1016,4188,4225,4302,3198,3276,3286
19/6/2019 21:30,928,935,900,4138,4164,4135,3210,3229,3235
19/6/2019 22:00,887,885,874,4093,4101,4044,3206,3216,3170
19/6/2019 22:30,866,804,856,3957,3959,3978,3091,3155,3122
19/6/2019 23:00,855,778,912,3739,3738,3789,2884,2960,2877
19/6/2019 23:30,839,773,900,3518,3521,3582,2679,2748,2682
20/6/2019 0:00,831,770,867,3324,3324,3390,2493,2554,2523
20/6/2019 0:30,829,797,866,3182,3181,3228,2353,2384,2362
20/6/2019 1:00,829,802,828,3089,3089,3104,2260,2287,2276
20/6/2019 1:30,830,797,783,3015,3016,3009,2185,2219,2226
20/6/2019 2:00,833,797,745,2954,2954,2967,2121,2157,2222
20/6/2019 2:30,838,794,758,2907,2907,2928,2069,2113,2170
20/6/2019 3:00,836,780,758,2877,2877,2904,2041,2097,2146
20/6/2019 3:30,828,806,748,2863,2863,2895,2035,2057,2147
20/6/2019 4:00,813,788,725,2861,2861,2880,2048,2073,2155
20/6/2019 4:30,792,749,719,2857,2857,2871,2065,2108,2152
20/6/2019 5:00,768,738,712,2867,2867,2862,2099,2129,2150
20/6/2019 5:30,742,699,678,2967,2966,2909,2225,2267,2231
20/6/2019 6:00,716,688,631,3176,3174,3128,2460,2486,2497
20/6/2019 6:30,690,683,591,3493,3491,3381,2803,2808,2790
20/6/2019 7:00,679,677,575,3882,3882,3781,3203,3205,3206
20/6/2019 7:30,684,676,533,4202,4203,4133,3518,3527,3600
20/6/2019 8:00,710,683,548,4422,4422,4417,3712,3739,3869
20/6/2019 8:30,758,673,615,4556,4552,4538,3798,3879,3923
20/6/2019 9:00,803,681,668,4618,4608,4596,3815,3927,3928
20/6/2019 9:30,843,651,711,4643,4629,4622,3800,3978,3911
20/6/2019 10:00,879,674,804,4644,4629,4592,3765,3955,3788
20/6/2019 10:30,909,673,803,4644,4630,4592,3735,3957,3789
20/6/2019 11:00,953,713,867,4649,4638,4610,3696,3925,3743
20/6/2019 11:30,1009,813,843,4662,4652,4606,3653,3839,3763
20/6/2019 12:00,1055,862,915,4675,4666,4629,3620,3804,3714
20/6/2019 12:30,1090,911,878,4657,4648,4629,3567,3737,3751
20/6/2019 13:00,1123,977,920,4609,4599,4609,3486,3622,3689
20/6/2019 13:30,1153,1084,1056,4570,4560,4537,3417,3476,3481
20/6/2019 14:00,1204,1137,1045,4546,4540,4480,3342,3403,3435
20/6/2019 14:30,1275,1176,1069,4537,4534,4504,3262,3358,3435
20/6/2019 15:00,1326,1215,1148,4543,4542,4534,3217,3327,3386
20/6/2019 15:30,1357,1244,1201,4566,4565,4570,3209,3321,3369
20/6/2019 16:00,1365,1259,1115,4606,4607,4570,3241,3348,3455
20/6/2019 16:30,1350,1246,1197,4669,4673,4686,3319,3427,3489
20/6/2019 17:00,1336,1248,1186,4740,4748,4742,3404,3500,3556
20/6/2019 17:30,1323,1259,1182,4754,4764,4770,3431,3505,3588
20/6/2019 18:00,1299,1220,1167,4703,4712,4740,3404,3492,3573
20/6/2019 18:30,1266,1134,1112,4613,4621,4642,3347,3487,3530
20/6/2019 19:00,1210,1042,1012,4499,4506,4545,3289,3464,3533
20/6/2019 19:30,1132,861,894,4399,4410,4450,3267,3549,3556
20/6/2019 20:00,1039,770,929,4319,4336,4379,3280,3566,3450
20/6/2019 20:30,930,707,759,4236,4250,4297,3306,3543,3538
20/6/2019 21:00,832,628,680,4155,4157,4204,3323,3529,3524
20/6/2019 21:30,746,589,599,4112,4103,4052,3366,3514,3453
20/6/2019 22:00,681,548,561,4086,4071,3993,3405,3523,3432
20/6/2019 22:30,639,521,570,3957,3941,3972,3318,3420,3402
20/6/2019 23:00,470,510,605,3716,3714,3781,3246,3204,3176
20/6/2019 23:30,458,516,604,3505,3502,3568,3047,2986,2964
21/6/2019 0:00,451,513,563,3336,3333,3374,2885,2820,2811
21/6/2019 0:30,448,523,560,3201,3198,3237,2753,2675,2677
21/6/2019 1:00,439,517,526,3098,3094,3126,2659,2577,2600
21/6/2019 1:30,423,483,467,3019,3016,3024,2596,2533,2557
21/6/2019 2:00,404,473,433,2960,2958,2954,2556,2485,2521
21/6/2019 2:30,383,465,422,2915,2914,2907,2532,2449,2485
21/6/2019 3:00,357,434,400,2883,2882,2883,2526,2448,2483
21/6/2019 3:30,327,405,388,2868,2867,2866,2541,2462,2478
21/6/2019 4:00,296,362,370,2866,2864,2864,2570,2502,2494
21/6/2019 4:30,263,300,330,2860,2858,2845,2597,2558,2515
21/6/2019 5:00,235,263,293,2866,2864,2838,2631,2601,2545
21/6/2019 5:30,210,213,289,2974,2973,2914,2764,2760,2625
21/6/2019 6:00,190,190,245,3199,3198,3154,3009,3008,2909
21/6/2019 6:30,173,170,193,3513,3512,3412,3340,3342,3219
21/6/2019 7:00,159,153,143,3882,3881,3793,3723,3728,3650
21/6/2019 7:30,148,129,108,4190,4192,4144,4042,4063,4036
21/6/2019 8:00,142,121,91,4411,4418,4427,4269,4297,4336
21/6/2019 8:30,140,124,98,4546,4553,4559,4406,4429,4461
21/6/2019 9:00,139,121,106,4604,4607,4630,4465,4486,4524
21/6/2019 9:30,141,111,101,4625,4625,4658,4484,4514,4557
21/6/2019 10:00,143,107,97,4623,4619,4635,4480,4512,4538
21/6/2019 10:30,148,85,111,4619,4615,4630,4471,4530,4519
21/6/2019 11:00,154,87,113,4618,4616,4629,4464,4529,4516
21/6/2019 11:30,163,83,117,4626,4618,4602,4463,4535,4485
21/6/2019 12:00,172,89,113,4634,4622,4612,4462,4533,4499
21/6/2019 12:30,182,109,132,4614,4602,4616,4432,4493,4484
21/6/2019 13:00,191,120,147,4567,4557,4579,4376,4437,4432
21/6/2019 13:30,198,128,156,4519,4508,4476,4321,4380,4320
21/6/2019 14:00,205,144,163,4479,4464,4456,4274,4320,4293
21/6/2019 14:30,211,173,191,4456,4442,4439,4245,4269,4248
21/6/2019 15:00,217,183,195,4450,4443,4396,4233,4260,4201
21/6/2019 15:30,223,165,207,4457,4451,4418,4234,4286,4211
21/6/2019 16:00,222,168,253,4478,4470,4438,4256,4302,4185
21/6/2019 16:30,215,173,228,4533,4521,4487,4318,4348,4259
21/6/2019 17:00,209,173,241,4607,4592,4552,4398,4419,4311
21/6/2019 17:30,205,166,231,4629,4615,4607,4424,4449,4376
21/6/2019 18:00,210,175,210,4586,4578,4559,4376,4403,4349
21/6/2019 18:30,223,200,227,4503,4499,4495,4280,4299,4268
21/6/2019 19:00,235,223,241,4393,4392,4393,4158,4169,4152
21/6/2019 19:30,246,290,254,4300,4297,4284,4054,4007,4030
21/6/2019 20:00,254,300,268,4226,4220,4185,3972,3920,3917
21/6/2019 20:30,256,296,267,4147,4141,4123,3891,3845,3856
21/6/2019 21:00,272,315,266,4066,4062,4029,3794,3747,3763
21/6/2019 21:30,299,296,276,4026,4021,3903,3727,3725,3627
21/6/2019 22:00,324,325,293,4009,3999,3838,3685,3674,3545
21/6/2019 22:30,346,339,322,3901,3888,3848,3555,3549,3526
21/6/2019 23:00,436,373,364,3689,3689,3708,3253,3316,3344
21/6/2019 23:30,459,410,393,3504,3504,3522,3045,3094,3129
22/6/2019 0:00,490,444,446,3353,3356,3361,2863,2912,2915
22/6/2019 0:30,530,487,461,3220,3224,3211,2690,2737,2750
22/6/2019 1:00,561,516,516,3099,3102,3096,2538,2586,2580
22/6/2019 1:30,582,518,561,2996,3000,3006,2414,2482,2445
22/6/2019 2:00,598,536,561,2912,2917,2934,2314,2381,2373
22/6/2019 2:30,609,530,537,2849,2856,2882,2240,2326,2345
22/6/2019 3:00,618,538,577,2805,2814,2836,2187,2276,2259
22/6/2019 3:30,624,548,617,2778,2787,2805,2154,2239,2188
22/6/2019 4:00,633,555,608,2764,2771,2794,2131,2216,2186
22/6/2019 4:30,643,514,580,2758,2764,2755,2115,2250,2175
22/6/2019 5:00,655,526,580,2758,2764,2732,2103,2238,2152
22/6/2019 5:30,667,567,616,2764,2769,2743,2097,2202,2127
22/6/2019 6:00,676,580,640,2794,2800,2829,2118,2220,2189
22/6/2019 6:30,679,589,631,2933,2939,2947,2254,2350,2316
22/6/2019 7:00,692,605,611,3178,3186,3134,2486,2581,2523
22/6/2019 7:30,714,652,636,3437,3447,3363,2723,2795,2727
22/6/2019 8:00,753,691,669,3679,3692,3605,2926,3001,2936
22/6/2019 8:30,809,737,768,3870,3881,3814,3061,3144,3046
22/6/2019 9:00,864,803,839,4007,4013,4012,3143,3210,3173
22/6/2019 9:30,918,846,905,4105,4111,4113,3187,3265,3208
22/6/2019 10:00,969,898,974,4169,4177,4155,3200,3279,3181
22/6/2019 10:30,1016,923,1084,4198,4209,4179,3182,3286,3095
22/6/2019 11:00,1055,969,1243,4200,4211,4199,3145,3242,2956
22/6/2019 11:30,1086,1062,1261,4205,4229,4186,3119,3167,2925
22/6/2019 12:00,1117,1092,1317,4213,4245,4185,3096,3153,2868
22/6/2019 12:30,1147,1118,1364,4193,4227,4172,3046,3109,2808
22/6/2019 13:00,1175,1164,1372,4140,4173,4103,2965,3009,2731
22/6/2019 13:30,1200,1224,1336,4073,4106,3995,2873,2882,2659
22/6/2019 14:00,1218,1275,1363,4004,4038,3931,2786,2763,2568
22/6/2019 14:30,1228,1393,1349,3962,3995,3873,2734,2602,2524
22/6/2019 15:00,1240,1406,1303,3951,3978,3840,2711,2572,2537
22/6/2019 15:30,1254,1471,1314,3951,3976,3801,2697,2505,2487
22/6/2019 16:00,1261,1472,1427,3962,3988,3846,2701,2516,2419
22/6/2019 16:30,1261,1514,1500,4005,4030,3924,2744,2516,2424
22/6/2019 17:00,1253,1510,1546,4070,4091,4027,2817,2581,2481
22/6/2019 17:30,1240,1461,1578,4100,4119,4114,2860,2658,2536
22/6/2019 18:00,1237,1456,1616,4085,4102,4132,2848,2646,2516
22/6/2019 18:30,1246,1410,1566,4034,4050,4067,2788,2640,2501
22/6/2019 19:00,1264,1424,1480,3958,3974,3987,2694,2550,2507
22/6/2019 19:30,1289,1402,1430,3890,3901,3880,2601,2499,2450
22/6/2019 20:00,1325,1418,1409,3832,3837,3804,2507,2419,2395
22/6/2019 20:30,1372,1552,1492,3765,3772,3735,2393,2220,2243
22/6/2019 21:00,1425,1583,1501,3699,3712,3678,2274,2129,2177
22/6/2019 21:30,1486,1558,1504,3686,3694,3635,2200,2136,2131
22/6/2019 22:00,1538,1586,1609,3709,3702,3658,2171,2116,2049
22/6/2019 22:30,1580,1566,1658,3640,3628,3604,2060,2062,1946
22/6/2019 23:00,1651,1596,1641,3475,3473,3474,1824,1877,1833
22/6/2019 23:30,1681,1609,1660,3336,3328,3339,1655,1719,1679
23/6/2019 0:00,1708,1637,1750,3229,3221,3223,1521,1584,1473
23/6/2019 0:30,1731,1697,1741,3117,3109,3096,1386,1412,1355
23/6/2019 1:00,1751,1716,1720,2997,2988,3004,1246,1272,1284
23/6/2019 1:30,1767,1743,1782,2896,2886,2929,1129,1143,1147
23/6/2019 2:00,1772,1750,1835,2818,2809,2891,1046,1059,1056
23/6/2019 2:30,1766,1778,1808,2757,2751,2837,991,973,1029
23/6/2019 3:00,1758,1772,1812,2710,2707,2779,952,935,967
23/6/2019 3:30,1749,1781,1849,2681,2679,2734,932,898,885
23/6/2019 4:00,1751,1791,1836,2665,2662,2713,914,871,877
23/6/2019 4:30,1765,1789,1836,2655,2651,2702,890,862,866
23/6/2019 5:00,1781,1812,1848,2645,2642,2674,864,830,826
23/6/2019 5:30,1799,1870,1800,2632,2628,2632,833,758,832
23/6/2019 6:00,1825,1887,1808,2626,2622,2665,801,735,857
23/6/2019 6:30,1858,1899,1794,2672,2668,2699,814,769,905
23/6/2019 7:00,1871,1908,1859,2783,2782,2802,912,874,943
23/6/2019 7:30,1864,1930,1809,2958,2959,2936,1094,1029,1127
23/6/2019 8:00,1867,1943,1835,3180,3182,3138,1313,1239,1303
23/6/2019 8:30,1881,1974,1836,3382,3387,3300,1501,1413,1464
23/6/2019 9:00,1879,1981,1815,3550,3559,3486,1671,1578,1671
23/6/2019 9:30,1862,1889,1789,3698,3702,3633,1836,1813,1844
23/6/2019 10:00,1868,1914,1769,3829,3818,3792,1961,1904,2023
23/6/2019 10:30,1899,1966,1782,3930,3909,3859,2031,1943,2077
23/6/2019 11:00,1913,2008,1850,4004,3979,3917,2091,1971,2067
23/6/2019 11:30,1910,2031,1870,4066,4037,3967,2156,2006,2097
23/6/2019 12:00,1916,2073,1987,4113,4081,4050,2197,2008,2063
23/6/2019 12:30,1932,2085,2046,4125,4085,4111,2193,2000,2065
23/6/2019 13:00,1931,2091,2025,4099,4048,4092,2168,1957,2067
23/6/2019 13:30,1913,2034,2006,4050,3992,4049,2137,1958,2043
23/6/2019 14:00,1893,2003,1941,3990,3928,3963,2097,1925,2022
23/6/2019 14:30,1871,1946,1968,3949,3885,3926,2078,1939,1958
23/6/2019 15:00,1859,1893,1945,3933,3872,3886,2074,1979,1941
23/6/2019 15:30,1860,1819,1947,3937,3878,3876,2077,2059,1929
23/6/2019 16:00,1849,1768,1927,3960,3906,3916,2111,2138,1989
23/6/2019 16:30,1828,1808,1933,4010,3969,4002,2182,2161,2069
23/6/2019 17:00,1793,1780,1883,4076,4054,4106,2283,2274,2223
23/6/2019 17:30,1742,1737,1825,4105,4093,4197,2363,2356,2372
23/6/2019 18:00,1690,1704,1634,4089,4080,4198,2399,2376,2564
23/6/2019 18:30,1636,1699,1504,4049,4040,4138,2413,2341,2634
23/6/2019 19:00,1587,1643,1501,3992,3983,4077,2405,2340,2576
23/6/2019 19:30,1544,1660,1398,3935,3927,3995,2391,2267,2597
23/6/2019 20:00,1502,1586,1411,3882,3876,3921,2380,2290,2510
23/6/2019 20:30,1462,1498,1328,3839,3833,3842,2377,2335,2514
23/6/2019 21:00,1413,1388,1271,3804,3798,3770,2391,2410,2499
23/6/2019 21:30,1353,1235,1209,3768,3757,3655,2415,2522,2446
23/6/2019 22:00,1291,1160,1201,3717,3702,3596,2426,2542,2395
23/6/2019 22:30,1227,1065,1222,3613,3596,3517,2386,2531,2295
23/6/2019 23:00,1018,1005,1106,3449,3443,3364,2431,2438,2258
23/6/2019 23:30,961,899,1039,3275,3272,3189,2314,2373,2150
24/6/2019 0:00,900,844,1023,3104,3100,3084,2204,2256,2061
24/6/2019 0:30,834,819,960,2977,2972,2992,2143,2153,2032
24/6/2019 1:00,783,775,917,2895,2890,2900,2112,2115,1983
24/6/2019 1:30,747,773,870,2834,2830,2818,2087,2057,1948
24/6/2019 2:00,705,740,814,2785,2782,2765,2080,2042,1951
24/6/2019 2:30,656,661,732,2745,2743,2748,2089,2082,2016
24/6/2019 3:00,613,630,666,2714,2711,2716,2101,2081,2050
24/6/2019 3:30,575,605,606,2701,2700,2703,2126,2095,2097
24/6/2019 4:00,532,581,546,2703,2704,2729,2171,2123,2183
24/6/2019 4:30,485,484,535,2700,2701,2747,2215,2217,2212
24/6/2019 5:00,437,470,500,2707,2706,2751,2270,2236,2251
24/6/2019 5:30,390,510,453,2805,2805,2799,2415,2295,2346
24/6/2019 6:00,344,484,461,3015,3016,3031,2671,2532,2570
24/6/2019 6:30,299,461,398,3336,3336,3302,3037,2875,2904
24/6/2019 7:00,256,429,343,3734,3731,3676,3478,3302,3333
24/6/2019 7:30,216,368,244,4072,4066,4033,3856,3698,3789
24/6/2019 8:00,181,328,191,4322,4308,4357,4141,3980,4166
24/6/2019 8:30,151,276,143,4500,4480,4540,4349,4204,4397
24/6/2019 9:00,126,237,138,4614,4592,4637,4488,4355,4499
24/6/2019 9:30,106,220,122,4678,4658,4714,4572,4438,4592
24/6/2019 10:00,89,186,99,4703,4692,4725,4614,4506,4626
24/6/2019 10:30,74,132,100,4720,4710,4752,4646,4578,4652
24/6/2019 11:00,65,115,81,4739,4720,4786,4674,4605,4705
24/6/2019 11:30,61,76,71,4758,4753,4802,4697,4677,4731
24/6/2019 12:00,61,74,53,4771,4773,4823,4710,4699,4770
24/6/2019 12:30,64,64,0,4755,4765,4851,4691,4701,4851
24/6/2019 13:00,69,66,0,4713,4727,4808,4644,4661,4808
24/6/2019 13:30,77,70,0,4680,4693,4728,4603,4623,4728
24/6/2019 14:00,83,74,0,4664,4673,4732,4581,4599,4732
24/6/2019 14:30,88,82,0,4658,4663,4722,4570,4581,4722
24/6/2019 15:00,95,87,47,4662,4667,4734,4567,4580,4687
24/6/2019 15:30,105,94,59,4684,4691,4749,4579,4597,4690
24/6/2019 16:00,112,106,84,4728,4738,4781,4616,4632,4697
24/6/2019 16:30,118,116,85,4798,4810,4852,4680,4694,4767
24/6/2019 17:00,122,131,105,4878,4891,4918,4756,4760,4813
24/6/2019 17:30,127,146,130,4890,4903,4958,4763,4757,4828
24/6/2019 18:00,133,156,159,4826,4837,4874,4693,4681,4715
24/6/2019 18:30,140,147,163,4717,4731,4713,4577,4584,4550
24/6/2019 19:00,143,151,173,4584,4601,4590,4441,4450,4417
24/6/2019 19:30,143,143,166,4465,4484,4485,4322,4341,4319
24/6/2019 20:00,143,159,191,4368,4383,4402,4225,4224,4211
24/6/2019 20:30,143,177,231,4275,4279,4327,4132,4102,4096
24/6/2019 21:00,146,197,259,4188,4175,4233,4042,3978,3974
24/6/2019 21:30,151,237,272,4133,4112,4099,3982,3875,3827
24/6/2019 22:00,154,245,293,4091,4071,4029,3937,3826,3736
24/6/2019 22:30,156,242,289,3956,3933,3992,3800,3691,3703
24/6/2019 23:00,277,249,272,3700,3698,3806,3423,3449,3534
24/6/2019 23:30,272,255,303,3469,3470,3576,3197,3215,3273
25/6/2019 0:00,268,262,334,3274,3272,3389,3006,3010,3055
25/6/2019 0:30,266,289,313,3131,3129,3244,2865,2840,2931
25/6/2019 1:00,261,292,331,3039,3036,3133,2778,2744,2802
25/6/2019 1:30,254,298,315,2966,2962,3042,2712,2664,2727
25/6/2019 2:00,245,295,312,2904,2900,3007,2659,2605,2695
25/6/2019 2:30,234,281,302,2858,2854,2968,2624,2573,2666
25/6/2019 3:00,232,268,293,2829,2825,2936,2597,2557,2643
25/6/2019 3:30,238,266,324,2818,2814,2890,2580,2548,2566
25/6/2019 4:00,243,255,336,2821,2818,2890,2578,2563,2554
25/6/2019 4:30,245,248,381,2819,2816,2882,2574,2568,2501
25/6/2019 5:00,244,238,398,2826,2825,2886,2582,2587,2488
25/6/2019 5:30,240,244,377,2919,2921,2940,2679,2677,2563
25/6/2019 6:00,233,233,362,3118,3124,3161,2885,2891,2799
25/6/2019 6:30,223,224,337,3425,3435,3429,3202,3211,3092
25/6/2019 7:00,219,213,284,3808,3824,3807,3589,3611,3523
25/6/2019 7:30,221,202,251,4142,4157,4167,3921,3955,3916
25/6/2019 8:00,225,193,225,4395,4405,4463,4170,4212,4238
25/6/2019 8:30,230,229,238,4566,4577,4633,4336,4348,4395
25/6/2019 9:00,235,229,233,4663,4678,4707,4428,4449,4474
25/6/2019 9:30,241,249,232,4714,4729,4755,4473,4480,4523
25/6/2019 10:00,248,251,240,4733,4742,4755,4485,4491,4515
25/6/2019 10:30,257,245,246,4744,4752,4799,4487,4507,4553
25/6/2019 11:00,266,250,251,4753,4766,4813,4487,4516,4562
25/6/2019 11:30,274,240,244,4769,4785,4804,4495,4545,4560
25/6/2019 12:00,284,246,249,4787,4802,4807,4503,4556,4558
25/6/2019 12:30,295,262,272,4775,4791,4850,4480,4529,4578
25/6/2019 13:00,304,272,282,4733,4752,4818,4429,4480,4536
25/6/2019 13:30,310,281,276,4697,4716,4742,4387,4435,4466
25/6/2019 14:00,319,300,270,4674,4691,4734,4355,4391,4464
25/6/2019 14:30,329,331,254,4662,4679,4715,4333,4348,4461
25/6/2019 15:00,339,354,265,4665,4684,4733,4326,4330,4468
25/6/2019 15:30,351,401,298,4686,4707,4758,4335,4306,4460
25/6/2019 16:00,359,414,306,4729,4749,4783,4370,4335,4477
25/6/2019 16:30,364,433,347,4794,4805,4850,4430,4372,4503
25/6/2019 17:00,365,435,396,4865,4862,4930,4500,4427,4534
25/6/2019 17:30,362,418,434,4875,4864,4949,4513,4446,4515
25/6/2019 18:00,357,426,507,4815,4802,4877,4458,4376,4370
25/6/2019 18:30,350,397,512,4710,4698,4739,4360,4301,4227
25/6/2019 19:00,344,408,504,4579,4571,4602,4235,4163,4098
25/6/2019 19:30,339,394,504,4467,4467,4499,4128,4073,3995
25/6/2019 20:00,337,408,514,4376,4389,4409,4039,3981,3895
25/6/2019 20:30,336,441,514,4278,4297,4354,3942,3856,3840
25/6/2019 21:00,338,455,548,4177,4196,4255,3839,3741,3707
25/6/2019 21:30,341,477,562,4126,4135,4120,3785,3658,3558
25/6/2019 22:00,342,481,580,4106,4103,4030,3764,3622,3450
25/6/2019 22:30,341,494,585,3990,3986,3990,3649,3492,3405
25/6/2019 23:00,483,496,599,3778,3778,3797,3295,3282,3198
25/6/2019 23:30,483,490,623,3551,3553,3592,3068,3063,2969
26/6/2019 0:00,485,488,595,3339,3341,3398,2854,2853,2803
26/6/2019 0:30,490,512,602,3187,3190,3280,2697,2678,2678
26/6/2019 1:00,493,505,609,3097,3101,3174,2604,2596,2565
26/6/2019 1:30,492,515,613,3026,3032,3095,2534,2517,2482
26/6/2019 2:00,494,508,615,2963,2972,3056,2469,2464,2441
26/6/2019 2:30,497,549,629,2914,2925,3021,2417,2376,2392
26/6/2019 3:00,499,545,657,2880,2890,2981,2381,2345,2324
26/6/2019 3:30,501,549,770,2867,2877,2957,2366,2328,2187
26/6/2019 4:00,498,552,801,2871,2879,2947,2373,2327,2146
26/6/2019 4:30,490,589,794,2862,2871,2919,2372,2282,2125
26/6/2019 5:00,487,599,846,2859,2869,2912,2372,2270,2066
26/6/2019 5:30,489,614,880,2957,2967,2963,2468,2353,2083
26/6/2019 6:00,491,609,791,3175,3184,3209,2684,2575,2418
26/6/2019 6:30,493,631,723,3491,3501,3493,2998,2870,2770
26/6/2019 7:00,503,622,657,3871,3881,3856,3368,3259,3199
26/6/2019 7:30,519,707,624,4190,4203,4189,3671,3496,3565
26/6/2019 8:00,547,701,616,4422,4438,4470,3875,3737,3854
26/6/2019 8:30,586,723,620,4582,4595,4595,3996,3872,3975
26/6/2019 9:00,621,740,625,4676,4682,4668,4055,3942,4043
26/6/2019 9:30,651,753,650,4717,4721,4711,4066,3968,4061
26/6/2019 10:00,685,767,636,4717,4724,4664,4032,3957,4028
26/6/2019 10:30,725,732,696,4713,4721,4683,3988,3989,3987
26/6/2019 11:00,759,764,779,4716,4721,4724,3957,3957,3945
26/6/2019 11:30,787,778,823,4726,4733,4699,3939,3955,3876
26/6/2019 12:00,816,841,875,4736,4743,4701,3920,3902,3826
26/6/2019 12:30,846,922,914,4718,4727,4727,3872,3805,3813
26/6/2019 13:00,880,988,945,4674,4685,4680,3794,3697,3735
26/6/2019 13:30,917,1027,1066,4633,4646,4604,3716,3619,3538
26/6/2019 14:00,955,1088,1207,4604,4616,4590,3649,3528,3383
26/6/2019 14:30,994,1162,1250,4593,4607,4576,3599,3445,3326
26/6/2019 15:00,1031,1210,1263,4599,4616,4557,3568,3406,3294
26/6/2019 15:30,1068,1256,1318,4621,4637,4567,3553,3381,3249
26/6/2019 16:00,1098,1315,1433,4656,4668,4585,3558,3353,3152
26/6/2019 16:30,1120,1259,1575,4709,4719,4675,3589,3460,3100
26/6/2019 17:00,1154,1301,1656,4767,4777,4758,3613,3476,3102
26/6/2019 17:30,1201,1405,1708,4774,4782,4787,3573,3377,3079
26/6/2019 18:00,1238,1435,1737,4722,4724,4685,3484,3289,2948
26/6/2019 18:30,1266,1473,1819,4626,4626,4618,3360,3153,2799
26/6/2019 19:00,1289,1519,1880,4502,4500,4499,3213,2981,2619
26/6/2019 19:30,1308,1609,1894,4398,4398,4398,3090,2789,2504
26/6/2019 20:00,1345,1673,1921,4316,4322,4314,2971,2649,2393
26/6/2019 20:30,1398,1843,1876,4227,4237,4279,2829,2394,2403
26/6/2019 21:00,1443,1890,1849,4134,4146,4214,2691,2256,2365
26/6/2019 21:30,1480,1856,1888,4090,4093,4077,2610,2237,2189
26/6/2019 22:00,1509,1876,1966,4076,4065,3998,2567,2189,2032
26/6/2019 22:30,1530,1943,1985,3970,3956,3995,2440,2013,2010
26/6/2019 23:00,1740,1920,2001,3761,3760,3836,2021,1840,1835
26/6/2019 23:30,1732,1901,2028,3547,3558,3626,1815,1657,1598
27/6/2019 0:00,1713,1863,1991,3346,3356,3391,1633,1493,1400
27/6/2019 0:30,1684,1787,1984,3199,3209,3247,1515,1422,1263
27/6/2019 1:00,1659,1751,1958,3108,3119,3128,1449,1368,1170
27/6/2019 1:30,1637,1711,1899,3036,3047,3051,1399,1336,1152
27/6/2019 2:00,1612,1670,1854,2975,2983,2999,1363,1313,1145
27/6/2019 2:30,1585,1673,1847,2925,2935,2962,1340,1262,1115
27/6/2019 3:00,1564,1626,1812,2891,2902,2937,1327,1276,1125
27/6/2019 3:30,1549,1618,1782,2879,2889,2936,1330,1271,1154
27/6/2019 4:00,1530,1570,1824,2884,2891,2950,1354,1321,1126
27/6/2019 4:30,1507,1496,1776,2876,2882,2920,1369,1386,1144
27/6/2019 5:00,1484,1459,1777,2870,2877,2917,1386,1418,1140
27/6/2019 5:30,1461,1427,1707,2961,2968,2951,1500,1541,1244
27/6/2019 6:00,1430,1388,1726,3169,3172,3206,1739,1784,1480
27/6/2019 6:30,1390,1404,1726,3478,3475,3497,2088,2071,1771
27/6/2019 7:00,1353,1356,1737,3851,3841,3849,2498,2485,2112
27/6/2019 7:30,1319,1393,1674,4164,4155,4181,2845,2762,2507
27/6/2019 8:00,1272,1339,1685,4390,4386,4456,3118,3047,2771
27/6/2019 8:30,1212,1335,1560,4545,4546,4569,3333,3211,3009
27/6/2019 9:00,1177,1301,1403,4638,4639,4641,3461,3338,3238
27/6/2019 9:30,1168,1269,1331,4679,4678,4648,3511,3409,3317
27/6/2019 10:00,1160,1264,1372,4679,4676,4605,3519,3412,3233
27/6/2019 10:30,1153,1335,1397,4674,4673,4610,3521,3338,3213
27/6/2019 11:00,1157,1361,1493,4671,4679,4619,3514,3318,3126
27/6/2019 11:30,1170,1450,1709,4674,4681,4639,3504,3231,2930
27/6/2019 12:00,1187,1472,1827,4676,4676,4624,3489,3204,2797
27/6/2019 12:30,1209,1454,1864,4652,4647,4651,3443,3193,2787
27/6/2019 13:00,1257,1484,1872,4602,4597,4566,3345,3113,2694
27/6/2019 13:30,1333,1534,1913,4556,4555,4491,3223,3021,2578
27/6/2019 14:00,1398,1574,1971,4522,4527,4467,3124,2953,2496
27/6/2019 14:30,1452,1634,2077,4506,4509,4469,3054,2875,2392
27/6/2019 15:00,1497,1676,2112,4509,4501,4482,3012,2825,2370
27/6/2019 15:30,1532,1867,2186,4533,4520,4509,3001,2653,2323
27/6/2019 16:00,1558,1878,2151,4576,4567,4532,3018,2689,2381
27/6/2019 16:30,1574,1791,2131,4638,4635,4567,3064,2844,2436
27/6/2019 17:00,1594,1800,2168,4705,4709,4628,3111,2909,2460
27/6/2019 17:30,1616,1842,2243,4720,4725,4669,3104,2883,2426
27/6/2019 18:00,1641,1865,2257,4675,4676,4645,3034,2811,2388
27/6/2019 18:30,1669,1987,2283,4585,4585,4587,2916,2598,2304
27/6/2019 19:00,1715,2027,2267,4468,4467,4489,2753,2440,2222
27/6/2019 19:30,1781,2125,2199,4368,4367,4412,2587,2242,2213
27/6/2019 20:00,1855,2166,2213,4288,4287,4337,2433,2121,2124
27/6/2019 20:30,1939,2224,2242,4199,4197,4288,2260,1973,2046
27/6/2019 21:00,2022,2261,2229,4107,4102,4182,2085,1841,1953
27/6/2019 21:30,2107,2275,2287,4071,4062,4034,1964,1787,1747
27/6/2019 22:00,2175,2307,2349,4072,4059,3950,1897,1752,1601
27/6/2019 22:30,2225,2403,2395,3978,3968,3987,1753,1565,1592
27/6/2019 23:00,2288,2432,2442,3779,3779,3814,1491,1347,1372
27/6/2019 23:30,2324,2417,2497,3575,3579,3627,1251,1162,1130
28/6/2019 0:00,2354,2445,2416,3384,3388,3439,1030,943,1023
28/6/2019 0:30,2375,2450,2395,3240,3243,3268,865,793,873
28/6/2019 1:00,2387,2461,2513,3143,3145,3120,756,684,607
28/6/2019 1:30,2388,2466,2556,3068,3071,3055,680,605,499
28/6/2019 2:00,2374,2446,2535,3010,3013,3033,636,567,498
28/6/2019 2:30,2345,2394,2510,2965,2969,2993,620,575,483
28/6/2019 3:00,2318,2358,2438,2934,2940,2924,616,582,486
28/6/2019 3:30,2294,2330,2399,2922,2930,2901,628,600,502
28/6/2019 4:00,2271,2316,2387,2925,2932,2907,654,616,520
28/6/2019 4:30,2250,2316,2374,2916,2923,2873,666,607,499
28/6/2019 5:00,2226,2302,2329,2913,2918,2873,687,616,544
28/6/2019 5:30,2198,2318,2319,3003,3012,2929,805,694,610
28/6/2019 6:00,2166,2291,2332,3203,3219,3120,1037,928,788
28/6/2019 6:30,2131,2287,2340,3490,3506,3369,1359,1219,1029
28/6/2019 7:00,2096,2261,2330,3833,3841,3695,1737,1580,1365
28/6/2019 7:30,2061,2232,2391,4132,4137,4025,2071,1905,1634
28/6/2019 8:00,2021,2213,2381,4364,4367,4272,2343,2154,1891
28/6/2019 8:30,1977,2192,2384,4526,4525,4416,2549,2333,2032
28/6/2019 9:00,1931,2145,2272,4622,4612,4512,2691,2467,2240
28/6/2019 9:30,1885,2169,2205,4663,4647,4544,2778,2478,2339
28/6/2019 10:00,1837,2095,2212,4662,4640,4570,2825,2545,2358
28/6/2019 10:30,1787,2020,2118,4660,4636,4576,2873,2616,2458
28/6/2019 11:00,1731,1920,2044,4665,4643,4557,2934,2723,2513
28/6/2019 11:30,1668,1826,2059,4670,4649,4550,3002,2823,2491
28/6/2019 12:00,1615,1734,1975,4671,4658,4555,3056,2924,2580
28/6/2019 12:30,1570,1664,1906,4650,4641,4572,3080,2977,2666
28/6/2019 13:00,1526,1579,1751,4606,4597,4516,3080,3018,2765
28/6/2019 13:30,1480,1506,1697,4554,4546,4442,3074,3040,2745
28/6/2019 14:00,1437,1422,1636,4503,4498,4460,3066,3076,2824
28/6/2019 14:30,1397,1356,1504,4473,4473,4408,3076,3117,2904
28/6/2019 15:00,1351,1280,1343,4467,4472,4350,3116,3192,3007
28/6/2019 15:30,1301,1320,1235,4473,4477,4356,3172,3157,3121
28/6/2019 16:00,1244,1222,1181,4491,4490,4371,3247,3268,3190
28/6/2019 16:30,1179,1131,1144,4537,4533,4424,3358,3402,3280
28/6/2019 17:00,1114,1065,1047,4601,4594,4500,3487,3529,3453
28/6/2019 17:30,1050,1019,967,4623,4613,4560,3573,3594,3593
28/6/2019 18:00,988,963,949,4592,4578,4545,3604,3615,3596
28/6/2019 18:30,927,850,839,4516,4504,4483,3589,3654,3644
28/6/2019 19:00,870,810,730,4409,4404,4386,3539,3594,3656
28/6/2019 19:30,817,790,658,4313,4318,4294,3496,3528,3636
28/6/2019 20:00,770,755,630,4233,4246,4191,3463,3491,3561
28/6/2019 20:30,729,731,641,4140,4157,4135,3411,3426,3494
28/6/2019 21:00,693,706,581,4044,4053,4046,3351,3347,3465
28/6/2019 21:30,661,646,527,4003,3997,3908,3342,3351,3381
28/6/2019 22:00,626,614,556,4002,3977,3877,3376,3363,3321
28/6/2019 22:30,587,537,550,3918,3888,3843,3331,3351,3293
28/6/2019 23:00,611,510,516,3727,3725,3704,3116,3215,3188
28/6/2019 23:30,591,438,504,3554,3547,3532,2963,3109,3028
29/6/2019 0:00,580,418,487,3391,3384,3366,2811,2966,2879
29/6/2019 0:30,578,412,488,3253,3245,3240,2675,2833,2752
29/6/2019 1:00,557,395,476,3139,3131,3127,2582,2736,2651
29/6/2019 1:30,516,368,461,3049,3042,3041,2533,2674,2580
29/6/2019 2:00,471,346,415,2979,2974,2998,2508,2628,2583
29/6/2019 2:30,420,350,387,2922,2919,2947,2502,2569,2560
29/6/2019 3:00,377,329,366,2880,2875,2895,2503,2546,2529
29/6/2019 3:30,342,334,376,2857,2851,2876,2515,2517,2500
29/6/2019 4:00,315,313,381,2850,2843,2868,2535,2530,2487
29/6/2019 4:30,297,280,354,2838,2832,2844,2541,2552,2490
29/6/2019 5:00,284,278,272,2822,2817,2798,2538,2539,2526
29/6/2019 5:30,275,293,217,2827,2816,2790,2552,2523,2573
29/6/2019 6:00,274,304,210,2872,2848,2887,2598,2544,2677
29/6/2019 6:30,281,311,250,3001,2969,3013,2720,2658,2763
29/6/2019 7:00,293,329,298,3213,3180,3155,2920,2851,2857
29/6/2019 7:30,309,374,395,3458,3426,3326,3149,3052,2931
29/6/2019 8:00,321,380,415,3710,3679,3575,3389,3299,3160
29/6/2019 8:30,328,353,355,3909,3878,3801,3581,3525,3446
29/6/2019 9:00,340,363,373,4046,4014,4010,3706,3651,3637
29/6/2019 9:30,357,309,365,4142,4115,4126,3785,3806,3761
29/6/2019 10:00,378,327,360,4202,4187,4210,3824,3860,3850
29/6/2019 10:30,404,347,452,4232,4222,4248,3828,3875,3796
29/6/2019 11:00,428,365,447,4240,4228,4265,3812,3863,3818
29/6/2019 11:30,450,422,403,4246,4236,4272,3796,3814,3869
29/6/2019 12:00,474,438,401,4252,4247,4261,3778,3809,3860
29/6/2019 12:30,499,454,434,4231,4228,4258,3732,3774,3824
29/6/2019 13:00,535,495,458,4181,4179,4228,3646,3684,3770
29/6/2019 13:30,582,530,467,4117,4118,4146,3535,3588,3679
29/6/2019 14:00,642,591,560,4050,4057,4067,3408,3466,3507
29/6/2019 14:30,715,689,649,4012,4015,4009,3297,3326,3360
29/6/2019 15:00,780,745,731,4005,3996,3966,3225,3251,3235
29/6/2019 15:30,838,776,745,4010,3995,3945,3172,3219,3200
29/6/2019 16:00,884,834,792,4026,4014,3969,3142,3180,3177
29/6/2019 16:30,919,838,816,4068,4056,4013,3149,3218,3197
29/6/2019 17:00,952,893,918,4129,4114,4087,3177,3221,3169
29/6/2019 17:30,983,928,907,4160,4139,4139,3177,3211,3232
29/6/2019 18:00,1004,982,966,4147,4120,4106,3143,3138,3140
29/6/2019 18:30,1013,1065,1070,4094,4061,4044,3081,2996,2974
29/6/2019 19:00,1027,1093,1172,4008,3974,3976,2981,2881,2804
29/6/2019 19:30,1044,1098,1162,3931,3895,3874,2887,2797,2712
29/6/2019 20:00,1053,1121,1166,3864,3828,3803,2811,2707,2637
29/6/2019 20:30,1053,1169,1263,3785,3753,3745,2732,2584,2482
29/6/2019 21:00,1065,1216,1229,3705,3679,3660,2640,2463,2431
29/6/2019 21:30,1088,1288,1312,3689,3662,3588,2601,2374,2276
29/6/2019 22:00,1119,1336,1356,3721,3687,3570,2602,2351,2214
29/6/2019 22:30,1156,1387,1457,3665,3630,3614,2509,2243,2157
29/6/2019 23:00,1410,1455,1595,3487,3487,3492,2077,2032,1897
29/6/2019 23:30,1478,1530,1692,3355,3357,3354,1877,1827,1662
30/6/2019 0:00,1544,1592,1727,3252,3252,3237,1708,1660,1510
30/6/2019 0:30,1607,1643,1692,3145,3146,3078,1538,1503,1386
30/6/2019 1:00,1628,1666,1687,3033,3035,2941,1405,1369,1254
30/6/2019 1:30,1607,1694,1697,2937,2941,2862,1330,1247,1165
30/6/2019 2:00,1593,1688,1721,2861,2866,2812,1268,1178,1091
30/6/2019 2:30,1585,1701,1765,2803,2808,2768,1218,1107,1003
30/6/2019 3:00,1578,1686,1739,2760,2764,2731,1182,1078,992
30/6/2019 3:30,1570,1710,1614,2733,2737,2684,1163,1027,1070
30/6/2019 4:00,1554,1696,1387,2719,2722,2676,1165,1026,1289
30/6/2019 4:30,1530,1686,1199,2705,2706,2632,1175,1020,1433
30/6/2019 5:00,1532,1674,1187,2686,2686,2596,1154,1012,1409
30/6/2019 5:30,1562,1618,1129,2658,2659,2545,1096,1041,1416
30/6/2019 6:00,1583,1621,1291,2634,2640,2600,1051,1019,1309
30/6/2019 6:30,1596,1680,1388,2679,2686,2674,1083,1006,1286
30/6/2019 7:00,1650,1703,1420,2803,2810,2772,1153,1107,1352
30/6/2019 7:30,1747,1650,1556,2986,2996,2912,1239,1346,1356
30/6/2019 8:00,1841,1721,1883,3207,3220,3134,1366,1499,1251
30/6/2019 8:30,1932,1679,2013,3403,3423,3309,1471,1744,1296
30/6/2019 9:00,2010,1746,2033,3563,3591,3481,1553,1845,1448
30/6/2019 9:30,2074,1695,2066,3698,3727,3625,1624,2032,1559
30/6/2019 10:00,2114,1724,2024,3811,3835,3754,1697,2111,1730
30/6/2019 10:30,2130,1771,2067,3897,3917,3858,1767,2146,1791
30/6/2019 11:00,2114,1809,2135,3958,3979,3922,1844,2170,1787
30/6/2019 11:30,2066,1989,2103,4011,4030,3948,1945,2041,1845
30/6/2019 12:00,2036,2023,2168,4054,4069,4000,2018,2046,1832
30/6/2019 12:30,2024,2094,2171,4062,4073,4020,2038,1979,1849
30/6/2019 13:00,2028,2127,2284,4030,4040,4002,2002,1913,1718
30/6/2019 13:30,2049,2205,2421,3973,3980,3925,1924,1775,1504
30/6/2019 14:00,2071,2255,2325,3904,3905,3823,1833,1650,1498
30/6/2019 14:30,2094,2390,2196,3857,3854,3719,1763,1464,1523
30/6/2019 15:00,2140,2456,2310,3837,3832,3682,1697,1376,1372
30/6/2019 15:30,2208,2553,2370,3830,3821,3683,1622,1268,1313
30/6/2019 16:00,2272,2575,2439,3834,3820,3715,1562,1245,1276
30/6/2019 16:30,2330,2573,2740,3865,3848,3818,1535,1275,1078
30/6/2019 17:00,2375,2572,2776,3913,3900,3878,1538,1328,1102
30/6/2019 17:30,2406,2588,2715,3938,3923,3921,1532,1335,1206
30/6/2019 18:00,2421,2579,2722,3928,3908,3932,1507,1329,1210
30/6/2019 18:30,2418,2510,2692,3885,3863,3897,1467,1353,1205
30/6/2019 19:00,2381,2475,2624,3817,3796,3834,1436,1321,1210
30/6/2019 19:30,2310,2387,2529,3754,3732,3793,1444,1345,1264
30/6/2019 20:00,2225,2308,2419,3699,3676,3730,1474,1368,1311
30/6/2019 20:30,2125,2356,2306,3633,3613,3694,1508,1257,1388
30/6/2019 21:00,2040,2236,2182,3567,3550,3639,1527,1314,1457
30/6/2019 21:30,1970,2044,2081,3557,3539,3555,1587,1495,1474
30/6/2019 22:00,1924,1967,2031,3586,3563,3556,1662,1596,1525
30/6/2019 22:30,1902,1964,2069,3525,3506,3560,1623,1542,1491
30/6/2019 23:00,1876,1949,2057,3362,3361,3404,1486,1412,1347
30/6/2019 23:30,1881,1885,2064,3204,3206,3213,1323,1321,1149
1/7/2019 0:00,1893,1897,1910,3057,3053,3052,1164,1156,1142
1/7/2019 0:30,1913,1928,1862,2936,2929,2917,1023,1001,1055
1/7/2019 1:00,1927,1940,1902,2843,2836,2824,916,896,922
1/7/2019 1:30,1934,1992,1836,2774,2767,2715,840,775,879
1/7/2019 2:00,1941,1996,1784,2725,2720,2688,784,724,904
1/7/2019 2:30,1949,2044,1848,2687,2683,2681,738,639,833
1/7/2019 3:00,1950,2034,1787,2660,2656,2636,710,622,849
1/7/2019 3:30,1946,2028,1840,2652,2648,2629,706,620,789
1/7/2019 4:00,1942,2007,1829,2658,2653,2644,716,646,815
1/7/2019 4:30,1939,1988,1775,2655,2649,2650,716,661,875
1/7/2019 5:00,1934,1964,1862,2656,2651,2661,722,687,799
1/7/2019 5:30,1928,1825,1895,2739,2736,2673,811,911,778
1/7/2019 6:00,1922,1824,2020,2924,2925,2919,1002,1101,899
1/7/2019 6:30,1916,1809,2038,3219,3220,3195,1303,1411,1157
1/7/2019 7:00,1921,1816,2104,3594,3592,3514,1673,1776,1410
1/7/2019 7:30,1937,1839,2079,3923,3921,3813,1986,2082,1734
1/7/2019 8:00,1939,1838,2061,4176,4174,4099,2237,2336,2038
1/7/2019 8:30,1925,1831,1928,4355,4353,4306,2430,2522,2378
1/7/2019 9:00,1891,1803,1935,4464,4463,4441,2573,2660,2506
1/7/2019 9:30,1835,1828,1950,4525,4522,4471,2690,2694,2521
1/7/2019 10:00,1782,1743,1943,4550,4545,4471,2768,2802,2528
1/7/2019 10:30,1732,1699,1858,4567,4559,4488,2835,2860,2630
1/7/2019 11:00,1636,1578,1783,4582,4574,4509,2946,2996,2726
1/7/2019 11:30,1495,1421,1560,4599,4590,4534,3104,3169,2974
1/7/2019 12:00,1371,1311,1451,4613,4601,4551,3242,3290,3100
1/7/2019 12:30,1262,1189,1402,4600,4595,4597,3338,3406,3195
1/7/2019 13:00,1157,1116,1259,4562,4556,4569,3405,3440,3310
1/7/2019 13:30,1053,1106,1199,4529,4518,4508,3476,3412,3309
1/7/2019 14:00,983,1054,1094,4507,4490,4525,3524,3436,3431
1/7/2019 14:30,945,1121,1023,4497,4475,4465,3552,3354,3442
1/7/2019 15:00,917,1085,1043,4501,4477,4508,3584,3392,3465
1/7/2019 15:30,897,1053,983,4524,4505,4482,3627,3452,3499
1/7/2019 16:00,887,1033,972,4567,4559,4504,3680,3526,3532
1/7/2019 16:30,884,1055,1015,4629,4627,4590,3745,3572,3575
1/7/2019 17:00,885,1036,980,4693,4694,4660,3808,3658,3680
1/7/2019 17:30,889,1004,920,4703,4706,4683,3814,3702,3763
1/7/2019 18:00,890,985,937,4646,4652,4615,3756,3667,3678
1/7/2019 18:30,890,923,913,4543,4551,4533,3653,3628,3620
1/7/2019 19:00,871,885,844,4410,4418,4406,3539,3533,3562
1/7/2019 19:30,836,840,799,4297,4309,4286,3461,3469,3487
1/7/2019 20:00,786,774,742,4210,4225,4190,3424,3451,3448
1/7/2019 20:30,723,697,674,4115,4132,4147,3392,3435,3473
1/7/2019 21:00,672,625,615,4019,4031,4075,3347,3406,3460
1/7/2019 21:30,635,554,655,3971,3979,3963,3336,3425,3308
1/7/2019 22:00,601,501,637,3953,3957,3936,3352,3456,3299
1/7/2019 22:30,572,414,648,3837,3838,3937,3265,3424,3289
1/7/2019 23:00,531,383,630,3609,3618,3764,3078,3235,3134
1/7/2019 23:30,498,365,549,3395,3391,3532,2897,3026,2983
2/7/2019 0:00,469,350,512,3217,3215,3347,2748,2865,2835
2/7/2019 0:30,446,349,477,3082,3080,3208,2636,2731,2731
2/7/2019 1:00,427,335,442,2988,2984,3098,2561,2649,2656
2/7/2019 1:30,411,381,409,2915,2912,3019,2504,2531,2610
2/7/2019 2:00,392,362,354,2859,2857,2961,2467,2495,2607
2/7/2019 2:30,371,405,344,2812,2811,2935,2441,2406,2591
2/7/2019 3:00,352,382,330,2778,2777,2910,2426,2395,2580
2/7/2019 3:30,333,330,299,2766,2765,2894,2433,2435,2595
2/7/2019 4:00,319,318,275,2773,2771,2890,2454,2453,2615
2/7/2019 4:30,310,306,273,2767,2764,2891,2457,2458,2618
2/7/2019 5:00,298,296,250,2761,2760,2881,2463,2464,2631
2/7/2019 5:30,283,264,243,2849,2850,2914,2566,2586,2671
2/7/2019 6:00,268,246,228,3048,3053,3103,2780,2807,2875
2/7/2019 6:30,255,232,214,3347,3352,3339,3092,3120,3125
2/7/2019 7:00,247,215,191,3714,3716,3675,3467,3501,3484
2/7/2019 7:30,245,191,168,4030,4031,3983,3785,3840,3815
2/7/2019 8:00,245,186,168,4268,4269,4281,4023,4083,4113
2/7/2019 8:30,246,185,198,4435,4434,4490,4189,4249,4292
2/7/2019 9:00,249,183,225,4538,4535,4610,4289,4352,4385
2/7/2019 9:30,252,208,235,4586,4580,4654,4334,4372,4419
2/7/2019 10:00,252,209,243,4594,4586,4625,4342,4377,4382
2/7/2019 10:30,251,199,238,4602,4591,4654,4351,4392,4416
2/7/2019 11:00,245,204,220,4619,4607,4682,4374,4403,4462
2/7/2019 11:30,234,205,196,4636,4627,4685,4402,4422,4489
2/7/2019 12:00,225,210,209,4647,4641,4694,4422,4431,4485
2/7/2019 12:30,218,231,192,4634,4631,4704,4416,4400,4512
2/7/2019 13:00,216,226,179,4598,4597,4654,4382,4371,4475
2/7/2019 13:30,217,228,192,4565,4568,4581,4348,4340,4389
2/7/2019 14:00,220,221,185,4541,4550,4560,4321,4329,4375
2/7/2019 14:30,226,194,177,4531,4541,4549,4305,4347,4372
2/7/2019 15:00,231,197,191,4535,4543,4542,4304,4346,4351
2/7/2019 15:30,237,209,207,4561,4563,4556,4324,4354,4349
2/7/2019 16:00,246,219,226,4608,4602,4590,4362,4383,4364
2/7/2019 16:30,259,248,243,4668,4658,4658,4409,4410,4415
2/7/2019 17:00,272,263,252,4728,4715,4745,4456,4452,4493
2/7/2019 17:30,287,280,255,4734,4717,4784,4447,4437,4529
2/7/2019 18:00,300,292,248,4678,4656,4720,4378,4364,4472
2/7/2019 18:30,312,288,268,4577,4556,4612,4265,4268,4344
2/7/2019 19:00,319,296,274,4447,4435,4479,4128,4139,4205
2/7/2019 19:30,322,311,264,4335,4328,4396,4013,4017,4132
2/7/2019 20:00,318,312,246,4246,4242,4287,3928,3930,4041
2/7/2019 20:30,308,303,228,4163,4160,4223,3855,3857,3995
2/7/2019 21:00,298,301,202,4088,4085,4151,3790,3784,3949
2/7/2019 21:30,288,264,201,4048,4049,4028,3760,3785,3827
2/7/2019 22:00,281,269,220,4023,4034,3961,3742,3765,3741
2/7/2019 22:30,278,276,240,3903,3926,3973,3625,3650,3733
2/7/2019 23:00,295,285,253,3718,3719,3793,3423,3434,3540
2/7/2019 23:30,302,272,258,3495,3493,3575,3193,3221,3317
3/7/2019 0:00,305,281,261,3288,3291,3382,2983,3010,3121
3/7/2019 0:30,304,287,288,3139,3144,3237,2835,2857,2949
3/7/2019 1:00,300,287,307,3049,3052,3117,2749,2765,2810
3/7/2019 1:30,292,278,311,2979,2982,3022,2687,2704,2711
3/7/2019 2:00,279,269,299,2918,2922,2963,2639,2653,2664
3/7/2019 2:30,260,269,285,2870,2875,2931,2610,2606,2646
3/7/2019 3:00,241,256,266,2836,2839,2906,2595,2583,2640
3/7/2019 3:30,224,224,254,2824,2826,2896,2600,2602,2642
3/7/2019 4:00,207,209,246,2827,2828,2890,2620,2619,2644
3/7/2019 4:30,192,189,218,2821,2821,2877,2629,2632,2659
3/7/2019 5:00,177,174,195,2820,2819,2860,2643,2645,2665
3/7/2019 5:30,162,189,178,2911,2913,2911,2749,2724,2733
3/7/2019 6:00,145,172,159,3112,3119,3124,2967,2947,2965
3/7/2019 6:30,126,149,143,3405,3415,3362,3279,3266,3219
3/7/2019 7:00,107,129,114,3763,3772,3687,3656,3643,3573
3/7/2019 7:30,88,112,89,4080,4090,3998,3992,3978,3909
3/7/2019 8:00,74,97,73,4327,4339,4281,4253,4242,4208
3/7/2019 8:30,66,80,62,4492,4506,4479,4426,4426,4417
3/7/2019 9:00,62,74,57,4579,4596,4599,4517,4522,4542
3/7/2019 9:30,60,67,58,4618,4638,4630,4558,4571,4572
3/7/2019 10:00,58,70,62,4625,4645,4614,4567,4575,4552
3/7/2019 10:30,56,66,57,4630,4655,4642,4574,4589,4585
3/7/2019 11:00,55,67,74,4639,4672,4666,4584,4605,4592
3/7/2019 11:30,55,65,84,4653,4670,4669,4598,4605,4585
3/7/2019 12:00,55,67,81,4664,4683,4674,4609,4616,4593
3/7/2019 12:30,55,74,80,4651,4667,4692,4596,4593,4612
3/7/2019 13:00,56,76,90,4614,4622,4655,4558,4546,4565
3/7/2019 13:30,58,70,76,4580,4583,4573,4522,4513,4497
3/7/2019 14:00,60,71,81,4557,4558,4574,4497,4487,4493
3/7/2019 14:30,65,80,93,4548,4549,4557,4483,4469,4464
3/7/2019 15:00,69,84,96,4554,4556,4561,4485,4472,4465
3/7/2019 15:30,73,88,102,4578,4581,4566,4505,4493,4464
3/7/2019 16:00,77,90,119,4621,4626,4593,4544,4536,4474
3/7/2019 16:30,83,99,136,4681,4691,4674,4598,4592,4538
3/7/2019 17:00,92,112,160,4742,4763,4743,4650,4651,4583
3/7/2019 17:30,102,135,179,4751,4773,4805,4649,4638,4626
3/7/2019 18:00,112,151,181,4699,4713,4743,4587,4562,4562
3/7/2019 18:30,120,169,206,4604,4614,4647,4484,4445,4441
3/7/2019 19:00,129,178,228,4482,4493,4507,4353,4315,4279
3/7/2019 19:30,139,185,206,4379,4391,4411,4240,4206,4205
3/7/2019 20:00,150,193,208,4298,4310,4305,4148,4117,4097
3/7/2019 20:30,163,212,196,4209,4217,4248,4046,4005,4052
3/7/2019 21:00,174,217,175,4118,4116,4153,3944,3899,3978
3/7/2019 21:30,182,188,176,4074,4062,4027,3892,3874,3851
3/7/2019 22:00,178,177,145,4058,4038,4012,3880,3861,3867
3/7/2019 22:30,161,160,163,3944,3925,3982,3783,3765,3819
3/7/2019 23:00,133,135,160,3717,3717,3792,3584,3582,3632
3/7/2019 23:30,117,107,145,3497,3499,3548,3380,3392,3403
4/7/2019 0:00,104,98,136,3296,3302,3359,3192,3204,3223
4/7/2019 0:30,92,94,135,3148,3156,3236,3056,3062,3101
4/7/2019 1:00,81,90,130,3053,3062,3118,2972,2972,2988
4/7/2019 1:30,70,58,144,2978,2988,3045,2908,2930,2901
4/7/2019 2:00,61,54,139,2915,2924,2996,2854,2870,2857
4/7/2019 2:30,55,85,132,2868,2879,2947,2813,2794,2815
4/7/2019 3:00,54,83,133,2839,2851,2907,2785,2768,2774
4/7/2019 3:30,57,89,132,2828,2842,2886,2771,2753,2754
4/7/2019 4:00,62,97,133,2830,2845,2892,2768,2748,2759
4/7/2019 4:30,70,100,128,2827,2842,2879,2757,2742,2751
4/7/2019 5:00,74,108,128,2832,2845,2862,2758,2737,2734
4/7/2019 5:30,74,141,142,2916,2932,2894,2842,2791,2752
4/7/2019 6:00,75,144,170,3099,3121,3099,3024,2977,2929
4/7/2019 6:30,76,147,168,3392,3413,3342,3316,3266,3174
4/7/2019 7:00,84,147,169,3767,3776,3669,3683,3629,3500
4/7/2019 7:30,98,149,160,4088,4092,3978,3990,3943,3818
4/7/2019 8:00,116,155,130,4326,4333,4274,4210,4178,4144
4/7/2019 8:30,139,153,113,4494,4504,4485,4355,4351,4372
4/7/2019 9:00,161,172,129,4599,4613,4618,4438,4441,4489
4/7/2019 9:30,184,203,144,4650,4664,4661,4466,4461,4517
4/7/2019 10:00,210,228,184,4658,4669,4642,4448,4441,4458
4/7/2019 10:30,241,252,217,4663,4673,4657,4422,4421,4440
4/7/2019 11:00,270,279,262,4675,4685,4675,4405,4406,4413
4/7/2019 11:30,298,299,319,4687,4705,4683,4389,4406,4364
4/7/2019 12:00,325,327,362,4694,4713,4687,4369,4386,4325
4/7/2019 12:30,350,343,405,4674,4696,4695,4324,4353,4290
4/7/2019 13:00,374,375,464,4632,4654,4660,4258,4279,4196
4/7/2019 13:30,397,397,498,4594,4617,4577,4197,4220,4079
4/7/2019 14:00,416,429,531,4568,4591,4553,4152,4162,4022
4/7/2019 14:30,431,484,574,4557,4579,4537,4126,4095,3963
4/7/2019 15:00,454,511,567,4562,4582,4527,4108,4071,3960
4/7/2019 15:30,484,552,594,4585,4600,4544,4101,4048,3950
4/7/2019 16:00,508,577,623,4626,4634,4570,4118,4057,3947
4/7/2019 16:30,527,638,664,4684,4688,4653,4157,4050,3989
4/7/2019 17:00,548,654,690,4746,4749,4731,4198,4095,4041
4/7/2019 17:30,570,676,727,4756,4759,4779,4186,4083,4052
4/7/2019 18:00,593,684,737,4705,4708,4714,4112,4024,3977
4/7/2019 18:30,615,692,746,4609,4609,4614,3994,3917,3868
4/7/2019 19:00,627,684,764,4484,4480,4495,3857,3796,3731
4/7/2019 19:30,627,672,718,4377,4372,4414,3750,3700,3696
4/7/2019 20:00,616,649,717,4292,4289,4326,3676,3640,3609
4/7/2019 20:30,594,616,669,4202,4195,4240,3608,3579,3571
4/7/2019 21:00,581,582,645,4111,4095,4151,3530,3513,3506
4/7/2019 21:30,574,594,623,4065,4049,4018,3491,3455,3395
4/7/2019 22:00,569,581,642,4047,4038,3968,3478,3457,3326
4/7/2019 22:30,565,591,612,3932,3928,3974,3367,3337,3362
4/7/2019 23:00,534,594,553,3714,3713,3771,3180,3119,3218
4/7/2019 23:30,528,591,563,3495,3488,3571,2967,2897,3008
5/7/2019 0:00,528,597,531,3305,3301,3363,2777,2704,2832
5/7/2019 0:30,533,607,484,3161,3159,3218,2628,2552,2734
5/7/2019 1:00,530,600,463,3062,3059,3115,2532,2459,2652
5/7/2019 1:30,520,601,482,2985,2984,3034,2465,2383,2552
5/7/2019 2:00,503,579,480,2924,2924,2979,2421,2345,2499
5/7/2019 2:30,479,490,493,2877,2878,2929,2398,2388,2436
5/7/2019 3:00,456,468,503,2844,2844,2910,2388,2376,2407
5/7/2019 3:30,434,463,516,2829,2830,2904,2395,2367,2388
5/7/2019 4:00,418,438,532,2829,2829,2904,2411,2391,2372
5/7/2019 4:30,409,404,530,2826,2825,2907,2417,2421,2377
5/7/2019 5:00,407,385,498,2832,2829,2895,2425,2444,2397
5/7/2019 5:30,413,355,455,2904,2902,2916,2491,2547,2461
5/7/2019 6:00,418,350,419,3064,3064,3111,2646,2714,2692
5/7/2019 6:30,424,365,395,3343,3344,3329,2919,2979,2934
5/7/2019 7:00,424,356,383,3715,3715,3671,3291,3359,3288
5/7/2019 7:30,419,378,387,4037,4035,3962,3618,3657,3575
5/7/2019 8:00,416,370,414,4277,4295,4261,3861,3925,3847
5/7/2019 8:30,414,383,445,4454,4475,4474,4040,4092,4029
5/7/2019 9:00,420,373,482,4573,4580,4633,4153,4207,4151
5/7/2019 9:30,433,355,544,4639,4632,4675,4206,4277,4131
5/7/2019 10:00,445,373,539,4661,4643,4652,4216,4270,4113
5/7/2019 10:30,457,388,581,4672,4652,4673,4215,4264,4092
5/7/2019 11:00,467,418,586,4682,4666,4687,4215,4248,4101
5/7/2019 11:30,476,474,569,4693,4691,4680,4217,4217,4111
5/7/2019 12:00,481,502,547,4700,4697,4688,4219,4195,4141
5/7/2019 12:30,484,574,536,4682,4673,4686,4198,4099,4150
5/7/2019 13:00,494,600,551,4638,4621,4639,4144,4021,4088
5/7/2019 13:30,511,646,532,4585,4567,4572,4074,3921,4040
5/7/2019 14:00,525,670,514,4534,4521,4538,4009,3851,4024
5/7/2019 14:30,535,699,585,4503,4493,4510,3968,3794,3925
5/7/2019 15:00,545,718,710,4493,4485,4478,3948,3767,3768
5/7/2019 15:30,555,726,700,4498,4494,4433,3943,3768,3733
5/7/2019 16:00,576,752,725,4517,4520,4423,3941,3768,3698
5/7/2019 16:30,608,813,772,4563,4567,4473,3955,3754,3701
5/7/2019 17:00,632,839,816,4623,4623,4510,3991,3784,3694
5/7/2019 17:30,647,820,874,4639,4633,4556,3992,3813,3682
5/7/2019 18:00,658,836,915,4597,4586,4520,3939,3750,3605
5/7/2019 18:30,664,872,967,4509,4492,4465,3845,3620,3498
5/7/2019 19:00,666,866,1016,4388,4367,4368,3722,3501,3352
5/7/2019 19:30,664,824,987,4285,4268,4256,3621,3444,3269
5/7/2019 20:00,652,794,967,4205,4198,4134,3553,3404,3167
5/7/2019 20:30,630,733,880,4124,4121,4070,3494,3388,3190
5/7/2019 21:00,602,696,855,4047,4034,4004,3445,3338,3149
5/7/2019 21:30,569,741,841,4003,3980,3884,3434,3239,3043
5/7/2019 22:00,538,702,787,3979,3946,3858,3441,3244,3071
5/7/2019 22:30,510,696,726,3876,3845,3833,3366,3149,3107
5/7/2019 23:00,577,650,650,3673,3673,3667,3096,3023,3017
5/7/2019 23:30,563,617,593,3492,3488,3485,2929,2871,2892
6/7/2019 0:00,544,574,587,3323,3326,3335,2779,2752,2748
6/7/2019 0:30,522,521,568,3183,3190,3188,2661,2669,2620
6/7/2019 1:00,498,478,559,3073,3079,3083,2575,2601,2524
6/7/2019 1:30,471,428,553,2984,2991,2994,2513,2563,2441
6/7/2019 2:00,445,391,509,2912,2919,2926,2467,2528,2417
6/7/2019 2:30,422,345,448,2856,2863,2876,2434,2518,2428
6/7/2019 3:00,403,329,412,2815,2821,2832,2412,2492,2420
6/7/2019 3:30,390,286,392,2791,2797,2803,2401,2511,2411
6/7/2019 4:00,382,280,368,2781,2785,2805,2399,2505,2437
6/7/2019 4:30,379,259,358,2776,2780,2795,2397,2521,2437
6/7/2019 5:00,377,252,358,2776,2778,2766,2399,2526,2408
6/7/2019 5:30,374,293,356,2778,2780,2767,2404,2487,2411
6/7/2019 6:00,365,274,316,2801,2803,2848,2436,2529,2532
6/7/2019 6:30,350,245,297,2914,2914,2959,2564,2669,2662
6/7/2019 7:00,331,232,257,3119,3116,3134,2788,2884,2877
6/7/2019 7:30,307,245,231,3359,3356,3321,3052,3111,3090
6/7/2019 8:00,283,230,219,3605,3606,3550,3322,3376,3331
6/7/2019 8:30,257,213,193,3804,3811,3758,3547,3598,3565
6/7/2019 9:00,232,200,203,3947,3963,3954,3715,3763,3751
6/7/2019 9:30,207,161,205,4049,4067,4070,3842,3906,3865
6/7/2019 10:00,186,147,195,4114,4127,4131,3928,3980,3936
6/7/2019 10:30,171,116,171,4153,4161,4178,3982,4045,4007
6/7/2019 11:00,159,108,133,4173,4179,4194,4014,4071,4061
6/7/2019 11:30,151,101,112,4193,4205,4200,4042,4104,4088
6/7/2019 12:00,149,97,49,4211,4223,4190,4062,4126,4141
6/7/2019 12:30,153,112,0,4194,4204,4174,4041,4092,4174
6/7/2019 13:00,158,112,0,4142,4148,4134,3984,4036,4134
6/7/2019 13:30,163,122,0,4079,4087,4060,3916,3965,4060
6/7/2019 14:00,172,131,54,4017,4031,3998,3845,3900,3944
6/7/2019 14:30,183,151,120,3979,3991,3939,3796,3840,3819
6/7/2019 15:00,195,167,140,3968,3970,3914,3773,3803,3774
6/7/2019 15:30,207,169,156,3974,3963,3887,3767,3794,3731
6/7/2019 16:00,216,189,177,3996,3973,3902,3780,3784,3725
6/7/2019 16:30,222,212,200,4038,4010,3962,3816,3798,3762
6/7/2019 17:00,230,232,238,4089,4066,4041,3859,3834,3803
6/7/2019 17:30,243,261,278,4108,4085,4105,3865,3824,3827
6/7/2019 18:00,251,283,283,4085,4060,4100,3834,3777,3817
6/7/2019 18:30,253,299,326,4023,4002,4051,3770,3703,3725
6/7/2019 19:00,255,317,340,3934,3921,3959,3679,3604,3619
6/7/2019 19:30,256,315,342,3858,3846,3866,3602,3531,3524
6/7/2019 20:00,254,320,342,3800,3781,3768,3546,3461,3426
6/7/2019 20:30,249,333,359,3737,3715,3686,3488,3382,3327
6/7/2019 21:00,245,330,346,3674,3652,3628,3429,3322,3282
6/7/2019 21:30,241,317,348,3658,3632,3567,3417,3315,3219
6/7/2019 22:00,233,316,376,3670,3639,3550,3437,3323,3174
6/7/2019 22:30,221,315,377,3596,3564,3537,3375,3249,3160
6/7/2019 23:00,302,305,366,3412,3409,3426,3110,3104,3060
6/7/2019 23:30,291,276,345,3273,3277,3289,2982,3001,2944
7/7/2019 0:00,282,263,332,3168,3172,3166,2886,2909,2834
7/7/2019 0:30,273,269,328,3061,3065,3056,2788,2796,2728
7/7/2019 1:00,265,255,326,2949,2952,2963,2684,2697,2637
7/7/2019 1:30,257,251,324,2855,2858,2880,2598,2607,2556
7/7/2019 2:00,248,235,333,2782,2784,2824,2534,2549,2491
7/7/2019 2:30,237,227,349,2726,2729,2769,2489,2502,2420
7/7/2019 3:00,225,219,361,2684,2687,2714,2459,2468,2353
7/7/2019 3:30,211,219,345,2656,2662,2681,2445,2443,2336
7/7/2019 4:00,201,210,315,2642,2648,2670,2441,2438,2355
7/7/2019 4:30,193,202,311,2635,2640,2641,2442,2438,2330
7/7/2019 5:00,186,192,307,2629,2631,2599,2443,2439,2292
7/7/2019 5:30,179,218,298,2596,2605,2565,2417,2387,2267
7/7/2019 6:00,172,209,283,2556,2577,2616,2384,2368,2333
7/7/2019 6:30,166,233,276,2606,2624,2674,2440,2391,2398
7/7/2019 7:00,164,234,263,2755,2760,2783,2591,2526,2520
7/7/2019 7:30,166,254,233,2952,2947,2912,2786,2693,2679
7/7/2019 8:00,168,256,148,3171,3163,3096,3003,2907,2948
7/7/2019 8:30,171,252,232,3371,3364,3256,3200,3112,3024
7/7/2019 9:00,173,245,268,3541,3538,3431,3368,3293,3163
7/7/2019 9:30,174,222,240,3679,3677,3587,3505,3455,3347
7/7/2019 10:00,171,208,223,3786,3785,3735,3615,3577,3512
7/7/2019 10:30,164,199,187,3873,3873,3832,3709,3674,3645
7/7/2019 11:00,157,179,164,3942,3945,3892,3785,3766,3728
7/7/2019 11:30,149,110,134,3993,3992,3917,3844,3882,3783
7/7/2019 12:00,140,102,113,4020,4012,3964,3880,3910,3851
7/7/2019 12:30,130,134,92,4010,3999,3996,3880,3865,3904
7/7/2019 13:00,121,121,82,3966,3954,3992,3845,3833,3910
7/7/2019 13:30,114,96,80,3907,3893,3931,3793,3797,3851
7/7/2019 14:00,108,90,39,3844,3826,3847,3736,3736,3808
7/7/2019 14:30,103,78,82,3801,3779,3777,3698,3701,3695
7/7/2019 15:00,100,75,42,3780,3758,3732,3680,3683,3690
7/7/2019 15:30,97,79,0,3776,3758,3708,3679,3679,3708
7/7/2019 16:00,96,77,0,3790,3778,3737,3694,3701,3737
7/7/2019 16:30,96,74,0,3828,3824,3793,3732,3750,3793
7/7/2019 17:00,97,74,0,3881,3888,3871,3784,3814,3871
7/7/2019 17:30,97,73,0,3909,3920,3934,3812,3847,3934
7/7/2019 18:00,98,71,0,3900,3914,3942,3802,3843,3942
7/7/2019 18:30,101,74,0,3862,3876,3915,3761,3802,3915
7/7/2019 19:00,105,74,0,3804,3813,3861,3699,3739,3861
7/7/2019 19:30,109,69,0,3749,3750,3807,3640,3681,3807
7/7/2019 20:00,114,71,0,3702,3693,3766,3588,3622,3766
7/7/2019 20:30,120,73,0,3655,3643,3727,3535,3570,3727
7/7/2019 21:00,125,77,0,3612,3604,3671,3487,3527,3671
7/7/2019 21:30,128,86,0,3602,3584,3594,3474,3498,3594
7/7/2019 22:00,128,83,0,3606,3573,3614,3478,3490,3614
7/7/2019 22:30,123,73,0,3529,3495,3599,3406,3422,3599
7/7/2019 23:00,87,65,0,3353,3351,3444,3266,3286,3444
7/7/2019 23:30,79,54,0,3184,3186,3269,3105,3132,3269
8/7/2019 0:00,73,50,0,3018,3014,3123,2945,2964,3123
8/7/2019 0:30,70,49,0,2896,2891,3007,2826,2842,3007
8/7/2019 1:00,68,50,0,2823,2820,2906,2755,2770,2906
8/7/2019 1:30,67,57,0,2765,2765,2823,2698,2708,2823
8/7/2019 2:00,67,58,0,2716,2717,2783,2649,2659,2783
8/7/2019 2:30,67,53,0,2679,2682,2752,2612,2629,2752
8/7/2019 3:00,69,52,0,2655,2657,2718,2586,2605,2718
8/7/2019 3:30,74,68,0,2644,2646,2705,2570,2578,2705
8/7/2019 4:00,79,72,0,2644,2645,2719,2565,2573,2719
8/7/2019 4:30,84,71,0,2645,2643,2732,2561,2572,2732
8/7/2019 5:00,88,76,0,2662,2656,2733,2574,2580,2733
8/7/2019 5:30,93,85,0,2764,2757,2761,2671,2672,2761
8/7/2019 6:00,98,90,0,2968,2964,2958,2870,2874,2958
8/7/2019 6:30,103,99,0,3276,3270,3171,3173,3171,3171
8/7/2019 7:00,102,101,0,3655,3644,3508,3553,3543,3508
8/7/2019 7:30,95,110,0,3971,3958,3815,3876,3848,3815
8/7/2019 8:00,89,110,0,4196,4183,4116,4107,4073,4116
8/7/2019 8:30,84,105,0,4359,4343,4333,4275,4238,4333
8/7/2019 9:00,81,102,0,4469,4455,4503,4388,4353,4503
8/7/2019 9:30,79,76,0,4539,4530,4567,4460,4454,4567
8/7/2019 10:00,78,74,0,4578,4579,4572,4500,4505,4572
8/7/2019 10:30,80,76,0,4607,4609,4604,4527,4533,4604
8/7/2019 11:00,81,80,0,4632,4629,4645,4551,4549,4645
8/7/2019 11:30,83,84,0,4653,4656,4679,4570,4572,4679
8/7/2019 12:00,87,92,0,4664,4674,4703,4577,4582,4703
8/7/2019 12:30,92,101,0,4653,4674,4730,4561,4573,4730
8/7/2019 13:00,98,108,0,4624,4656,4705,4526,4548,4705
8/7/2019 13:30,104,114,0,4602,4637,4650,4498,4523,4650
8/7/2019 14:00,110,116,37,4592,4622,4633,4482,4506,4596
8/7/2019 14:30,117,112,88,4584,4608,4613,4467,4496,4525
8/7/2019 15:00,122,113,97,4582,4597,4606,4460,4484,4509
8/7/2019 15:30,124,115,104,4610,4618,4627,4486,4503,4523
8/7/2019 16:00,123,118,116,4668,4673,4666,4545,4555,4550
8/7/2019 16:30,119,121,122,4735,4741,4746,4616,4620,4624
8/7/2019 17:00,116,127,138,4792,4807,4839,4676,4680,4701
8/7/2019 17:30,116,120,138,4787,4806,4904,4671,4686,4766
8/7/2019 18:00,118,132,162,4713,4735,4849,4595,4603,4687
8/7/2019 18:30,124,154,161,4603,4626,4718,4479,4472,4557
8/7/2019 19:00,132,168,160,4476,4496,4568,4344,4328,4408
8/7/2019 19:30,143,176,170,4371,4396,4450,4228,4220,4280
8/7/2019 20:00,158,189,205,4295,4326,4337,4137,4137,4132
8/7/2019 20:30,177,208,211,4226,4253,4269,4049,4045,4058
8/7/2019 21:00,194,224,231,4159,4171,4176,3965,3947,3945
8/7/2019 21:30,211,226,266,4086,4095,4061,3875,3869,3795
8/7/2019 22:00,228,248,298,3996,4016,4014,3768,3768,3716
8/7/2019 22:30,245,266,337,3845,3868,3941,3600,3602,3604
8/7/2019 23:00,305,288,353,3654,3655,3722,3349,3367,3369
8/7/2019 23:30,328,313,387,3445,3444,3515,3117,3131,3128
9/7/2019 0:00,350,324,387,3262,3262,3339,2912,2938,2952
9/7/2019 0:30,370,336,446,3128,3128,3227,2758,2792,2781
9/7/2019 1:00,386,339,431,3041,3040,3122,2655,2701,2691
9/7/2019 1:30,395,349,358,2974,2975,3028,2579,2626,2670
9/7/2019 2:00,399,349,286,2921,2921,2962,2522,2572,2676
9/7/2019 2:30,398,354,260,2880,2881,2913,2482,2527,2653
9/7/2019 3:00,400,345,257,2853,2854,2878,2453,2509,2621
9/7/2019 3:30,402,324,282,2844,2847,2864,2442,2523,2582
9/7/2019 4:00,403,323,293,2850,2854,2864,2447,2531,2571
9/7/2019 4:30,402,312,302,2856,2859,2867,2454,2547,2565
9/7/2019 5:00,399,319,307,2873,2875,2871,2474,2556,2564
9/7/2019 5:30,395,308,296,2964,2968,2884,2569,2660,2588
9/7/2019 6:00,382,314,313,3149,3157,3083,2767,2843,2770
9/7/2019 6:30,361,298,277,3441,3447,3316,3080,3149,3039
9/7/2019 7:00,345,298,298,3812,3814,3633,3467,3516,3335
9/7/2019 7:30,332,323,291,4137,4137,3940,3805,3814,3649
9/7/2019 8:00,326,323,288,4385,4387,4237,4059,4064,3949
9/7/2019 8:30,326,335,324,4556,4559,4463,4230,4224,4139
9/7/2019 9:00,327,333,330,4655,4662,4605,4328,4329,4275
9/7/2019 9:30,329,322,293,4706,4710,4666,4377,4388,4373
9/7/2019 10:00,334,338,314,4720,4713,4653,4386,4375,4339
9/7/2019 10:30,343,355,339,4724,4712,4685,4381,4357,4346
9/7/2019 11:00,359,379,340,4727,4715,4724,4368,4336,4384
9/7/2019 11:30,382,394,355,4736,4735,4728,4354,4341,4373
9/7/2019 12:00,398,414,357,4746,4754,4744,4348,4340,4387
9/7/2019 12:30,408,454,362,4734,4741,4756,4326,4287,4394
9/7/2019 13:00,419,463,352,4701,4697,4717,4282,4234,4365
9/7/2019 13:30,432,441,359,4673,4660,4647,4241,4219,4288
9/7/2019 14:00,449,451,378,4654,4637,4628,4205,4186,4250
9/7/2019 14:30,468,489,398,4640,4626,4606,4172,4137,4208
9/7/2019 15:00,473,495,397,4634,4627,4596,4161,4132,4199
9/7/2019 15:30,465,473,390,4654,4649,4610,4189,4176,4220
9/7/2019 16:00,455,473,385,4701,4694,4647,4246,4221,4262
9/7/2019 16:30,442,461,395,4763,4759,4726,4321,4298,4331
9/7/2019 17:00,426,453,381,4822,4829,4804,4396,4376,4423
9/7/2019 17:30,405,436,403,4821,4835,4856,4416,4399,4453
9/7/2019 18:00,388,432,383,4754,4770,4775,4366,4338,4392
9/7/2019 18:30,375,434,379,4651,4665,4665,4276,4231,4286
9/7/2019 19:00,363,440,366,4528,4533,4535,4165,4093,4169
9/7/2019 19:30,353,416,320,4421,4419,4418,4068,4003,4098
9/7/2019 20:00,342,419,296,4334,4327,4330,3992,3908,4034
9/7/2019 20:30,332,418,291,4249,4238,4264,3917,3820,3973
9/7/2019 21:00,325,418,300,4169,4151,4197,3844,3733,3897
9/7/2019 21:30,322,417,307,4116,4100,4085,3794,3683,3778
9/7/2019 22:00,318,419,334,4074,4068,4069,3756,3649,3735
9/7/2019 22:30,314,404,351,3948,3949,4003,3634,3545,3652
9/7/2019 23:00,457,405,372,3742,3741,3783,3285,3336,3411
9/7/2019 23:30,462,368,394,3523,3518,3549,3061,3150,3155
10/7/2019 0:00,465,370,425,3322,3321,3362,2857,2951,2937
10/7/2019 0:30,467,363,429,3180,3181,3223,2713,2818,2794
10/7/2019 1:00,472,378,420,3094,3096,3099,2622,2718,2679
10/7/2019 1:30,479,397,437,3024,3028,3017,2545,2631,2580
10/7/2019 2:00,495,428,454,2962,2964,2952,2467,2536,2498
10/7/2019 2:30,522,483,451,2916,2919,2910,2394,2436,2459
10/7/2019 3:00,540,504,475,2890,2893,2884,2350,2389,2409
10/7/2019 3:30,549,526,486,2879,2882,2873,2330,2356,2387
10/7/2019 4:00,548,523,483,2880,2885,2867,2332,2362,2384
10/7/2019 4:30,536,460,472,2884,2888,2882,2348,2428,2410
10/7/2019 5:00,518,450,454,2902,2903,2900,2384,2453,2446
10/7/2019 5:30,493,456,435,2984,2984,2919,2491,2528,2484
10/7/2019 6:00,473,445,411,3150,3147,3108,2677,2702,2697
10/7/2019 6:30,459,433,427,3420,3415,3318,2961,2982,2891
10/7/2019 7:00,451,433,416,3770,3765,3651,3319,3332,3235
10/7/2019 7:30,447,445,403,4078,4067,3957,3631,3622,3554
10/7/2019 8:00,458,464,383,4315,4304,4240,3857,3840,3857
10/7/2019 8:30,483,483,369,4483,4471,4471,4000,3988,4102
10/7/2019 9:00,513,519,361,4588,4579,4609,4075,4060,4248
10/7/2019 9:30,546,542,382,4650,4641,4667,4104,4099,4285
10/7/2019 10:00,574,578,407,4681,4670,4661,4107,4092,4254
10/7/2019 10:30,596,593,331,4706,4696,4554,4110,4103,4223
10/7/2019 11:00,622,621,467,4731,4725,4713,4109,4104,4246
10/7/2019 11:30,653,632,539,4757,4753,4741,4104,4121,4202
10/7/2019 12:00,678,656,532,4777,4772,4753,4099,4116,4221
10/7/2019 12:30,699,646,588,4768,4759,4776,4069,4113,4188
10/7/2019 13:00,719,683,596,4730,4717,4725,4011,4034,4129
10/7/2019 13:30,737,706,561,4697,4679,4646,3960,3973,4085
10/7/2019 14:00,747,767,719,4674,4654,4651,3927,3887,3932
10/7/2019 14:30,751,824,784,4664,4643,4654,3913,3819,3870
10/7/2019 15:00,769,874,790,4667,4646,4618,3898,3772,3828
10/7/2019 15:30,800,888,826,4691,4670,4623,3891,3782,3797
10/7/2019 16:00,823,916,813,4735,4715,4637,3912,3799,3824
10/7/2019 16:30,837,917,846,4792,4777,4729,3955,3860,3883
10/7/2019 17:00,854,941,832,4847,4839,4819,3993,3898,3987
10/7/2019 17:30,876,944,935,4844,4839,4880,3968,3895,3945
10/7/2019 18:00,885,968,958,4776,4770,4833,3891,3802,3875
10/7/2019 18:30,880,991,910,4670,4663,4726,3790,3672,3816
10/7/2019 19:00,878,1015,864,4545,4536,4585,3667,3521,3721
10/7/2019 19:30,880,1010,793,4439,4437,4458,3559,3427,3665
10/7/2019 20:00,879,1033,841,4358,4369,4351,3479,3336,3510
10/7/2019 20:30,878,1035,911,4287,4308,4285,3409,3273,3374
10/7/2019 21:00,891,1069,964,4221,4242,4206,3330,3173,3242
10/7/2019 21:30,918,1027,1058,4160,4173,4090,3242,3146,3032
10/7/2019 22:00,935,1054,1236,4090,4087,4057,3155,3033,2821
10/7/2019 22:30,943,1030,1248,3955,3941,3940,3012,2911,2692
10/7/2019 23:00,1267,1057,1231,3739,3738,3728,2472,2681,2497
10/7/2019 23:30,1271,1024,1255,3521,3518,3510,2250,2494,2255
11/7/2019 0:00,1256,1051,1289,3311,3310,3331,2055,2259,2042
11/7/2019 0:30,1222,1136,1295,3160,3159,3179,1938,2023,1884
11/7/2019 1:00,1177,1119,1218,3072,3068,3063,1895,1949,1845
11/7/2019 1:30,1120,1163,1111,3004,3000,2971,1884,1837,1860
11/7/2019 2:00,1064,1098,1025,2947,2943,2922,1883,1845,1897
11/7/2019 2:30,1008,1011,1010,2907,2902,2878,1899,1891,1868
11/7/2019 3:00,947,933,993,2883,2877,2868,1936,1944,1875
11/7/2019 3:30,881,829,874,2873,2868,2833,1992,2039,1959
11/7/2019 4:00,804,750,766,2875,2870,2848,2071,2120,2082
11/7/2019 4:30,714,654,673,2880,2875,2869,2166,2221,2196
11/7/2019 5:00,643,585,618,2900,2893,2890,2257,2308,2272
11/7/2019 5:30,590,487,559,2987,2982,2910,2397,2495,2351
11/7/2019 6:00,547,458,504,3160,3159,3097,2613,2701,2593
11/7/2019 6:30,512,497,520,3437,3433,3335,2925,2936,2815
11/7/2019 7:00,491,495,465,3791,3781,3648,3300,3286,3183
11/7/2019 7:30,485,452,461,4100,4086,3953,3615,3634,3492
11/7/2019 8:00,502,467,450,4334,4322,4237,3832,3855,3787
11/7/2019 8:30,544,513,490,4491,4489,4446,3947,3976,3956
11/7/2019 9:00,588,542,504,4579,4592,4557,3991,4050,4053
11/7/2019 9:30,634,494,479,4628,4639,4608,3994,4145,4129
11/7/2019 10:00,673,538,444,4652,4642,4602,3979,4104,4158
11/7/2019 10:30,705,604,416,4665,4649,4627,3960,4045,4211
11/7/2019 11:00,742,649,428,4674,4667,4641,3932,4018,4213
11/7/2019 11:30,782,680,435,4684,4672,4669,3902,3992,4234
11/7/2019 12:00,835,729,506,4691,4676,4673,3856,3947,4167
11/7/2019 12:30,899,815,507,4671,4653,4706,3772,3838,4199
11/7/2019 13:00,962,865,558,4626,4606,4652,3664,3741,4094
11/7/2019 13:30,1022,858,568,4584,4572,4589,3562,3714,4021
11/7/2019 14:00,1078,915,617,4555,4556,4562,3477,3641,3945
11/7/2019 14:30,1128,877,654,4539,4544,4527,3411,3667,3873
11/7/2019 15:00,1174,935,747,4540,4535,4533,3366,3600,3786
11/7/2019 15:30,1217,965,842,4560,4546,4524,3343,3581,3682
11/7/2019 16:00,1250,994,957,4600,4579,4547,3350,3585,3590
11/7/2019 16:30,1273,1004,966,4653,4636,4631,3380,3632,3665
11/7/2019 17:00,1282,987,920,4706,4700,4669,3424,3713,3749
11/7/2019 17:30,1277,942,848,4706,4708,4725,3429,3766,3877
11/7/2019 18:00,1261,939,773,4646,4650,4659,3385,3711,3886
11/7/2019 18:30,1236,909,690,4549,4556,4568,3313,3647,3878
11/7/2019 19:00,1211,910,732,4432,4438,4440,3221,3528,3708
11/7/2019 19:30,1187,975,765,4327,4331,4339,3140,3356,3574
11/7/2019 20:00,1156,972,823,4241,4238,4243,3085,3266,3420
11/7/2019 20:30,1117,928,845,4166,4151,4185,3049,3223,3340
11/7/2019 21:00,1085,916,826,4101,4073,4106,3016,3157,3280
11/7/2019 21:30,1060,863,870,4059,4025,4018,2999,3162,3148
11/7/2019 22:00,1034,852,895,4022,3992,4008,2988,3140,3113
11/7/2019 22:30,1007,811,891,3904,3878,3945,2897,3067,3054
11/7/2019 23:00,938,784,916,3683,3682,3762,2745,2898,2846
11/7/2019 23:30,916,758,913,3475,3483,3574,2559,2725,2661
12/7/2019 0:00,893,734,930,3283,3286,3392,2390,2552,2462
12/7/2019 0:30,869,711,955,3138,3139,3232,2269,2428,2277
12/7/2019 1:00,852,710,932,3042,3043,3109,2190,2333,2177
12/7/2019 1:30,842,797,916,2971,2973,3013,2129,2176,2097
12/7/2019 2:00,853,820,951,2918,2919,2938,2065,2099,1987
12/7/2019 2:30,884,859,1055,2876,2877,2906,1992,2018,1851
12/7/2019 3:00,917,896,1094,2846,2847,2870,1929,1951,1776
12/7/2019 3:30,950,955,1147,2830,2831,2855,1880,1876,1708
12/7/2019 4:00,981,983,1225,2828,2830,2863,1847,1847,1638
12/7/2019 4:30,1009,993,1230,2822,2823,2862,1813,1830,1632
12/7/2019 5:00,1032,1011,1236,2825,2825,2894,1793,1814,1658
12/7/2019 5:30,1052,1071,1249,2898,2899,2908,1846,1828,1659
12/7/2019 6:00,1083,1085,1164,3054,3058,3060,1971,1973,1896
12/7/2019 6:30,1127,1166,1061,3284,3286,3253,2157,2120,2192
12/7/2019 7:00,1162,1179,1021,3569,3566,3510,2407,2387,2489
12/7/2019 7:30,1189,1224,970,3838,3835,3755,2649,2611,2785
12/7/2019 8:00,1198,1232,960,4070,4071,4023,2872,2839,3063
12/7/2019 8:30,1191,1239,968,4238,4240,4227,3047,3001,3259
12/7/2019 9:00,1183,1245,945,4343,4345,4331,3160,3100,3386
12/7/2019 9:30,1174,1179,969,4402,4403,4390,3228,3224,3421
12/7/2019 10:00,1160,1186,985,4426,4425,4423,3266,3239,3438
12/7/2019 10:30,1143,1117,976,4441,4439,4442,3298,3322,3466
12/7/2019 11:00,1127,1110,1026,4453,4455,4464,3326,3345,3438
12/7/2019 11:30,1113,1070,1011,4471,4478,4473,3358,3408,3462
12/7/2019 12:00,1101,1067,965,4488,4504,4472,3387,3437,3507
12/7/2019 12:30,1090,1061,914,4474,4495,4476,3384,3434,3562
12/7/2019 13:00,1074,1058,923,4427,4450,4429,3353,3392,3506
12/7/2019 13:30,1051,1020,906,4379,4398,4352,3328,3378,3446
12/7/2019 14:00,1040,1016,886,4337,4348,4337,3297,3332,3451
12/7/2019 14:30,1039,1027,930,4307,4316,4306,3268,3289,3376
12/7/2019 15:00,1039,1027,912,4290,4303,4259,3251,3276,3347
12/7/2019 15:30,1039,954,875,4290,4307,4256,3251,3353,3381
12/7/2019 16:00,1037,955,984,4310,4329,4258,3273,3374,3274
12/7/2019 16:30,1033,989,1150,4357,4376,4318,3324,3387,3168
12/7/2019 17:00,1032,1009,1156,4420,4434,4379,3388,3425,3223
12/7/2019 17:30,1033,1029,1162,4437,4446,4431,3404,3417,3269
12/7/2019 18:00,1020,1031,1098,4398,4401,4402,3378,3370,3304
12/7/2019 18:30,992,1013,1022,4317,4320,4328,3325,3307,3306
12/7/2019 19:00,967,970,988,4209,4213,4246,3242,3243,3258
12/7/2019 19:30,945,889,884,4107,4119,4142,3162,3230,3258
12/7/2019 20:00,910,828,902,4019,4039,4079,3109,3211,3177
12/7/2019 20:30,864,823,858,3934,3955,4004,3070,3132,3146
12/7/2019 21:00,812,765,736,3860,3871,3921,3048,3106,3185
12/7/2019 21:30,756,659,705,3828,3836,3834,3072,3177,3129
12/7/2019 22:00,712,624,650,3820,3833,3845,3108,3209,3195
12/7/2019 22:30,680,601,642,3737,3758,3779,3057,3157,3137
12/7/2019 23:00,621,581,660,3605,3605,3612,2984,3024,2952
12/7/2019 23:30,606,554,605,3451,3448,3445,2845,2894,2840
13/7/2019 0:00,587,533,619,3314,3313,3280,2727,2780,2661
13/7/2019 0:30,564,523,604,3188,3188,3147,2624,2665,2543
13/7/2019 1:00,541,495,597,3072,3072,3031,2531,2577,2434
13/7/2019 1:30,517,450,526,2975,2976,2940,2458,2526,2414
13/7/2019 2:00,493,430,557,2899,2900,2869,2406,2470,2312
13/7/2019 2:30,469,454,510,2843,2844,2825,2374,2390,2315
13/7/2019 3:00,453,440,484,2804,2806,2766,2351,2366,2282
13/7/2019 3:30,447,429,487,2780,2782,2757,2333,2353,2270
13/7/2019 4:00,441,421,501,2768,2771,2757,2327,2350,2256
13/7/2019 4:30,436,411,463,2768,2771,2757,2332,2360,2294
13/7/2019 5:00,435,411,449,2774,2777,2740,2339,2366,2291
13/7/2019 5:30,438,420,445,2774,2778,2702,2336,2358,2257
13/7/2019 6:00,436,417,421,2786,2789,2778,2350,2372,2357
13/7/2019 6:30,430,426,384,2894,2894,2870,2464,2468,2486
13/7/2019 7:00,421,422,404,3103,3100,3038,2682,2678,2634
13/7/2019 7:30,412,447,406,3345,3344,3217,2933,2897,2811
13/7/2019 8:00,399,444,398,3591,3595,3447,3192,3151,3049
13/7/2019 8:30,383,418,424,3794,3799,3645,3411,3381,3221
13/7/2019 9:00,366,411,474,3943,3947,3834,3577,3536,3360
13/7/2019 9:30,345,443,456,4042,4047,3952,3697,3604,3496
13/7/2019 10:00,331,435,437,4096,4103,4031,3765,3668,3594
13/7/2019 10:30,322,400,433,4126,4135,4079,3804,3735,3646
13/7/2019 11:00,318,374,398,4140,4150,4100,3822,3776,3702
13/7/2019 11:30,320,339,358,4157,4163,4103,3837,3824,3745
13/7/2019 12:00,315,317,303,4173,4176,4109,3858,3859,3806
13/7/2019 12:30,305,329,287,4152,4155,4111,3847,3826,3824
13/7/2019 13:00,301,314,285,4092,4097,4067,3791,3783,3782
13/7/2019 13:30,305,275,262,4020,4035,3988,3715,3760,3726
13/7/2019 14:00,307,274,244,3951,3976,3928,3644,3702,3684
13/7/2019 14:30,307,303,259,3909,3934,3881,3602,3631,3622
13/7/2019 15:00,311,303,269,3897,3912,3837,3586,3609,3568
13/7/2019 15:30,320,290,280,3901,3908,3836,3581,3618,3556
13/7/2019 16:00,328,291,294,3920,3923,3862,3592,3632,3568
13/7/2019 16:30,334,301,310,3961,3961,3906,3627,3660,3596
13/7/2019 17:00,344,305,311,4015,4015,3988,3671,3710,3677
13/7/2019 17:30,359,300,305,4035,4037,4052,3676,3737,3747
13/7/2019 18:00,370,307,292,4012,4019,4035,3642,3712,3743
13/7/2019 18:30,377,313,284,3955,3964,4000,3578,3651,3716
13/7/2019 19:00,386,318,306,3873,3884,3929,3487,3566,3623
13/7/2019 19:30,396,323,309,3800,3812,3849,3404,3489,3540
13/7/2019 20:00,404,327,319,3738,3752,3758,3334,3425,3439
13/7/2019 20:30,410,331,320,3665,3682,3685,3255,3351,3365
13/7/2019 21:00,419,331,321,3591,3612,3625,3172,3281,3304
13/7/2019 21:30,432,326,350,3586,3606,3559,3154,3280,3209
13/7/2019 22:00,438,326,371,3630,3644,3561,3192,3318,3190
13/7/2019 22:30,438,329,363,3578,3585,3572,3140,3256,3209
13/7/2019 23:00,353,329,362,3424,3423,3446,3071,3094,3084
13/7/2019 23:30,355,326,354,3281,3285,3293,2926,2959,2939
14/7/2019 0:00,356,327,342,3175,3177,3178,2819,2850,2836
14/7/2019 0:30,354,327,332,3066,3064,3045,2712,2737,2713
14/7/2019 1:00,345,316,319,2947,2945,2951,2602,2629,2632
14/7/2019 1:30,330,304,307,2846,2845,2856,2516,2541,2549
14/7/2019 2:00,314,290,307,2769,2769,2796,2455,2479,2489
14/7/2019 2:30,297,303,313,2712,2711,2752,2415,2408,2439
14/7/2019 3:00,283,291,320,2671,2670,2718,2388,2379,2398
14/7/2019 3:30,273,269,321,2644,2642,2691,2371,2373,2370
14/7/2019 4:00,258,253,298,2628,2627,2672,2370,2374,2374
14/7/2019 4:30,237,243,284,2624,2622,2664,2387,2379,2380
14/7/2019 5:00,222,229,283,2622,2616,2614,2400,2387,2331
14/7/2019 5:30,211,209,261,2583,2578,2583,2372,2369,2322
14/7/2019 6:00,197,192,264,2527,2527,2645,2330,2335,2381
14/7/2019 6:30,181,184,225,2569,2569,2710,2388,2385,2485
14/7/2019 7:00,163,159,197,2723,2719,2825,2560,2560,2628
14/7/2019 7:30,144,128,170,2928,2920,2962,2784,2792,2792
14/7/2019 8:00,124,109,147,3158,3149,3152,3034,3040,3005
14/7/2019 8:30,104,112,115,3371,3362,3333,3267,3250,3218
14/7/2019 9:00,89,99,101,3553,3549,3520,3464,3450,3419
14/7/2019 9:30,80,79,71,3689,3688,3661,3609,3609,3590
14/7/2019 10:00,74,74,72,3782,3783,3794,3708,3709,3722
14/7/2019 10:30,70,58,69,3854,3853,3869,3784,3795,3800
14/7/2019 11:00,68,58,31,3912,3909,3917,3844,3851,3886
14/7/2019 11:30,68,73,0,3955,3951,3929,3887,3878,3929
14/7/2019 12:00,68,72,0,3980,3976,3973,3912,3904,3973
14/7/2019 12:30,67,72,0,3966,3964,3993,3899,3892,3993
14/7/2019 13:00,68,73,0,3914,3917,3969,3846,3844,3969
14/7/2019 13:30,70,60,0,3850,3854,3898,3780,3794,3898
14/7/2019 14:00,73,64,0,3786,3786,3832,3713,3722,3832
14/7/2019 14:30,76,66,27,3741,3740,3759,3665,3674,3732
14/7/2019 15:00,79,71,58,3720,3721,3730,3641,3650,3672
14/7/2019 15:30,83,73,73,3721,3723,3704,3638,3650,3631
14/7/2019 16:00,88,77,87,3741,3747,3710,3653,3670,3623
14/7/2019 16:30,94,79,91,3783,3794,3759,3689,3715,3668
14/7/2019 17:00,102,82,96,3837,3852,3815,3735,3770,3719
14/7/2019 17:30,110,87,96,3866,3884,3877,3756,3797,3781
14/7/2019 18:00,120,96,109,3863,3879,3885,3743,3783,3776
14/7/2019 18:30,132,109,115,3834,3850,3851,3702,3741,3736
14/7/2019 19:00,145,121,128,3785,3800,3802,3640,3679,3674
14/7/2019 19:30,158,132,132,3737,3747,3815,3579,3615,3683
14/7/2019 20:00,177,144,142,3692,3692,3774,3515,3548,3632
14/7/2019 20:30,201,159,141,3642,3638,3736,3441,3479,3595
14/7/2019 21:00,226,179,155,3594,3592,3682,3368,3413,3527
14/7/2019 21:30,252,204,192,3591,3580,3595,3339,3376,3403
14/7/2019 22:00,266,217,199,3613,3586,3579,3347,3369,3380
14/7/2019 22:30,267,219,200,3544,3517,3611,3277,3298,3411
14/7/2019 23:00,208,211,191,3366,3366,3457,3158,3155,3266
14/7/2019 23:30,187,193,180,3204,3204,3257,3017,3011,3077
15/7/2019 0:00,177,188,179,3054,3054,3086,2877,2866,2907
15/7/2019 0:30,179,198,156,2933,2933,2957,2754,2735,2801
15/7/2019 1:00,179,201,156,2846,2845,2851,2667,2644,2695
15/7/2019 1:30,178,195,151,2781,2781,2777,2603,2586,2626
15/7/2019 2:00,171,181,156,2736,2737,2728,2565,2556,2572
15/7/2019 2:30,156,158,159,2705,2706,2699,2549,2548,2540
15/7/2019 3:00,144,142,172,2686,2688,2672,2542,2546,2500
15/7/2019 3:30,133,133,187,2679,2680,2660,2546,2547,2473
15/7/2019 4:00,124,125,181,2679,2680,2680,2555,2555,2499
15/7/2019 4:30,117,102,172,2674,2682,2685,2557,2580,2513
15/7/2019 5:00,114,100,166,2683,2687,2701,2569,2587,2535
15/7/2019 5:30,114,100,160,2784,2789,2724,2670,2689,2564
15/7/2019 6:00,115,99,149,2996,3005,2920,2881,2906,2771
15/7/2019 6:30,114,98,151,3309,3319,3135,3195,3221,2984
15/7/2019 7:00,115,96,153,3688,3695,3438,3573,3599,3285
15/7/2019 7:30,115,91,125,4007,4011,3730,3892,3920,3605
15/7/2019 8:00,119,90,107,4240,4241,4044,4121,4151,3937
15/7/2019 8:30,128,92,89,4405,4402,4266,4277,4310,4177
15/7/2019 9:00,141,97,78,4512,4505,4424,4371,4408,4346
15/7/2019 9:30,159,106,79,4576,4569,4507,4417,4463,4428
15/7/2019 10:00,178,118,71,4606,4603,4539,4428,4485,4468
15/7/2019 10:30,198,134,76,4618,4618,4579,4420,4484,4503
15/7/2019 11:00,224,155,96,4620,4620,4603,4396,4465,4507
15/7/2019 11:30,258,182,137,4623,4626,4625,4365,4444,4488
15/7/2019 12:00,295,235,156,4625,4636,4613,4330,4401,4457
15/7/2019 12:30,336,301,204,4603,4622,4630,4267,4321,4426
15/7/2019 13:00,372,362,252,4560,4581,4594,4188,4219,4342
15/7/2019 13:30,403,391,283,4530,4550,4537,4127,4159,4254
15/7/2019 14:00,433,434,302,4520,4535,4506,4087,4101,4204
15/7/2019 14:30,462,438,351,4514,4524,4494,4052,4086,4143
15/7/2019 15:00,478,459,378,4515,4518,4475,4037,4059,4097
15/7/2019 15:30,480,433,380,4544,4540,4483,4064,4107,4103
15/7/2019 16:00,473,435,385,4600,4591,4519,4127,4156,4134
15/7/2019 16:30,457,421,386,4668,4655,4597,4211,4234,4211
15/7/2019 17:00,441,421,373,4731,4716,4665,4290,4295,4292
15/7/2019 17:30,425,387,372,4734,4720,4718,4309,4333,4346
15/7/2019 18:00,410,377,338,4672,4658,4664,4262,4281,4326
15/7/2019 18:30,396,372,262,4570,4559,4579,4174,4187,4317
15/7/2019 19:00,376,338,204,4445,4439,4462,4069,4101,4258
15/7/2019 19:30,351,269,161,4338,4342,4342,3987,4073,4181
15/7/2019 20:00,321,235,142,4255,4271,4251,3934,4036,4109
15/7/2019 20:30,287,204,123,4189,4203,4194,3902,3999,4071
15/7/2019 21:00,262,189,116,4134,4130,4127,3872,3941,4011
15/7/2019 21:30,245,148,132,4073,4070,4051,3828,3922,3919
15/7/2019 22:00,233,134,168,3994,4004,4050,3761,3870,3882
15/7/2019 22:30,226,103,157,3854,3869,3954,3628,3766,3797
15/7/2019 23:00,189,104,180,3665,3664,3736,3476,3560,3556
15/7/2019 23:30,178,96,169,3450,3447,3509,3272,3351,3340
16/7/2019 0:00,174,101,162,3252,3249,3323,3078,3148,3161
16/7/2019 0:30,176,95,160,3110,3107,3193,2934,3012,3033
16/7/2019 1:00,174,100,168,3026,3023,3085,2852,2923,2917
16/7/2019 1:30,169,126,185,2963,2961,3012,2794,2835,2827
16/7/2019 2:00,166,128,159,2913,2911,2952,2747,2783,2793
16/7/2019 2:30,165,173,125,2875,2873,2929,2710,2700,2804
16/7/2019 3:00,160,167,114,2850,2848,2901,2690,2681,2787
16/7/2019 3:30,152,156,118,2838,2836,2889,2686,2680,2771
16/7/2019 4:00,147,154,125,2839,2838,2886,2692,2684,2761
16/7/2019 4:30,145,150,126,2842,2842,2915,2697,2692,2789
16/7/2019 5:00,143,145,129,2861,2861,2924,2718,2716,2795
16/7/2019 5:30,142,128,103,2946,2943,2933,2804,2815,2830
16/7/2019 6:00,139,119,90,3118,3110,3102,2979,2991,3012
16/7/2019 6:30,136,101,90,3404,3391,3341,3268,3290,3251
16/7/2019 7:00,131,100,68,3775,3762,3652,3644,3662,3584
16/7/2019 7:30,125,92,62,4096,4082,3966,3971,3990,3904
16/7/2019 8:00,125,100,61,4334,4321,4241,4209,4221,4180
16/7/2019 8:30,132,117,60,4497,4488,4458,4365,4371,4398
16/7/2019 9:00,140,128,71,4593,4596,4624,4453,4468,4553
16/7/2019 9:30,150,119,94,4648,4653,4667,4498,4534,4573
16/7/2019 10:00,163,139,131,4673,4674,4666,4510,4535,4535
16/7/2019 10:30,179,157,141,4685,4684,4689,4506,4527,4548
16/7/2019 11:00,201,186,150,4690,4693,4705,4489,4507,4555
16/7/2019 11:30,229,209,187,4701,4713,4727,4472,4504,4540
16/7/2019 12:00,254,245,191,4713,4722,4729,4459,4477,4538
16/7/2019 12:30,279,280,228,4697,4703,4744,4418,4423,4516
16/7/2019 13:00,311,320,268,4654,4655,4693,4343,4335,4425
16/7/2019 13:30,351,369,310,4619,4612,4626,4268,4243,4316
16/7/2019 14:00,383,409,380,4597,4581,4624,4214,4172,4244
16/7/2019 14:30,409,448,408,4585,4564,4601,4176,4116,4193
16/7/2019 15:00,429,487,483,4583,4563,4598,4154,4076,4115
16/7/2019 15:30,444,515,525,4604,4582,4609,4160,4067,4084
16/7/2019 16:00,449,546,460,4648,4623,4635,4199,4077,4175
16/7/2019 16:30,445,578,456,4707,4682,4686,4262,4104,4230
16/7/2019 17:00,437,579,523,4764,4745,4760,4327,4166,4237
16/7/2019 17:30,425,577,538,4762,4746,4802,4337,4169,4264
16/7/2019 18:00,415,559,594,4694,4679,4728,4279,4120,4134
16/7/2019 18:30,405,550,603,4598,4582,4616,4193,4032,4013
16/7/2019 19:00,389,523,549,4488,4469,4498,4099,3946,3949
16/7/2019 19:30,366,457,508,4381,4283,4385,4015,3826,3877
16/7/2019 20:00,339,429,463,4286,4207,4287,3947,3778,3824
16/7/2019 20:30,307,407,460,4203,4147,4232,3896,3740,3772
16/7/2019 21:00,287,385,446,4137,4095,4151,3850,3710,3705
16/7/2019 21:30,279,383,435,4090,4017,4073,3811,3634,3638
16/7/2019 22:00,271,380,430,4044,3900,4071,3773,3520,3641
16/7/2019 22:30,264,410,438,3918,3728,3985,3654,3318,3547
16/7/2019 23:00,339,436,464,3713,3515,3754,3374,3079,3290
16/7/2019 23:30,368,458,527,3498,3514,3511,3130,3056,2984
17/7/2019 0:00,406,520,609,3308,3316,3316,2902,2796,2707
17/7/2019 0:30,452,632,659,3169,3171,3162,2717,2539,2503
17/7/2019 1:00,508,708,754,3079,3079,3049,2571,2371,2295
17/7/2019 1:30,573,787,849,3010,3008,2958,2437,2221,2109
17/7/2019 2:00,629,851,960,2954,2950,2915,2325,2099,1955
17/7/2019 2:30,678,898,1000,2914,2909,2871,2236,2011,1871
17/7/2019 3:00,729,946,1027,2890,2885,2847,2161,1939,1820
17/7/2019 3:30,780,995,1138,2881,2879,2836,2101,1884,1698
17/7/2019 4:00,840,1043,1176,2884,2884,2824,2044,1841,1648
17/7/2019 4:30,908,1120,1138,2887,2887,2831,1979,1767,1693
17/7/2019 5:00,981,1187,1213,2901,2896,2883,1920,1709,1670
17/7/2019 5:30,1059,1303,1276,2978,2969,2920,1919,1666,1644
17/7/2019 6:00,1152,1389,1330,3136,3119,3092,1984,1730,1762
17/7/2019 6:30,1261,1478,1432,3394,3358,3316,2133,1880,1884
17/7/2019 7:00,1367,1585,1523,3727,3667,3623,2360,2082,2100
17/7/2019 7:30,1470,1731,1635,4031,3964,3902,2561,2233,2267
17/7/2019 8:00,1573,1834,1687,4274,4219,4151,2701,2385,2464
17/7/2019 8:30,1675,1898,1811,4445,4410,4374,2770,2512,2563
17/7/2019 9:00,1781,2003,1854,4546,4536,4514,2765,2533,2660
17/7/2019 9:30,1892,2130,1862,4606,4606,4550,2714,2476,2688
17/7/2019 10:00,2022,2210,1923,4635,4632,4562,2613,2422,2639
17/7/2019 10:30,2170,2276,1931,4657,4657,4560,2487,2381,2629
17/7/2019 11:00,2270,2300,1972,4677,4689,4597,2407,2389,2625
17/7/2019 11:30,2322,2250,1990,4700,4718,4605,2378,2468,2615
17/7/2019 12:00,2349,2211,2035,4721,4740,4647,2372,2529,2612
17/7/2019 12:30,2352,2117,2011,4713,4736,4653,2361,2619,2642
17/7/2019 13:00,2333,2019,1954,4676,4707,4635,2343,2688,2681
17/7/2019 13:30,2291,1802,1920,4645,4680,4542,2354,2878,2622
17/7/2019 14:00,2210,1675,1841,4626,4659,4522,2416,2984,2681
17/7/2019 14:30,2090,1550,1646,4617,4648,4521,2527,3098,2875
17/7/2019 15:00,1965,1455,1480,4619,4648,4532,2654,3193,3052
17/7/2019 15:30,1836,1421,1361,4645,4666,4551,2809,3245,3190
17/7/2019 16:00,1693,1361,1228,4694,4700,4523,3001,3339,3295
17/7/2019 16:30,1537,1275,1191,4754,4754,4661,3217,3479,3470
17/7/2019 17:00,1405,1236,1184,4807,4812,4745,3402,3576,3561
17/7/2019 17:30,1298,1266,1169,4801,4812,4785,3503,3546,3616
17/7/2019 18:00,1243,1235,1163,4730,4744,4716,3487,3509,3553
17/7/2019 18:30,1240,1150,1173,4625,4640,4615,3385,3490,3442
17/7/2019 19:00,1212,1111,1124,4501,4512,4478,3289,3401,3354
17/7/2019 19:30,1157,1020,1032,4393,4398,4357,3236,3378,3325
17/7/2019 20:00,1089,965,958,4307,4302,4256,3218,3337,3298
17/7/2019 20:30,1007,906,954,4234,4213,4190,3227,3307,3236
17/7/2019 21:00,938,853,876,4170,4129,4093,3232,3276,3217
17/7/2019 21:30,882,784,815,4118,4079,4026,3236,3295,3211
17/7/2019 22:00,842,754,733,4059,4042,4019,3217,3288,3286
17/7/2019 22:30,818,751,732,3924,3918,3918,3106,3167,3186
17/7/2019 23:00,807,746,754,3703,3701,3709,2896,2955,2955
17/7/2019 23:30,806,690,782,3486,3486,3483,2680,2796,2701
18/7/2019 0:00,817,705,760,3296,3294,3284,2479,2589,2524
18/7/2019 0:30,840,778,766,3154,3151,3148,2314,2373,2382
18/7/2019 1:00,873,808,737,3058,3056,3043,2185,2248,2306
18/7/2019 1:30,914,817,728,2985,2984,2964,2071,2167,2236
18/7/2019 2:00,939,859,762,2927,2926,2915,1988,2067,2153
18/7/2019 2:30,948,940,831,2883,2884,2852,1935,1944,2021
18/7/2019 3:00,962,982,831,2854,2856,2812,1892,1874,1981
18/7/2019 3:30,982,1009,889,2840,2842,2808,1858,1833,1919
18/7/2019 4:00,998,1036,989,2840,2841,2835,1842,1805,1846
18/7/2019 4:30,1012,1023,998,2846,2848,2875,1834,1825,1877
18/7/2019 5:00,1030,1042,986,2868,2870,2857,1838,1828,1871
18/7/2019 5:30,1055,1006,934,2948,2951,2866,1893,1945,1932
18/7/2019 6:00,1074,1032,990,3106,3110,3063,2032,2078,2073
18/7/2019 6:30,1088,1062,969,3379,3384,3269,2291,2322,2300
18/7/2019 7:00,1104,1084,955,3743,3747,3574,2639,2663,2619
18/7/2019 7:30,1121,1100,910,4058,4061,3871,2937,2961,2961
18/7/2019 8:00,1170,1127,986,4293,4292,4150,3123,3165,3164
18/7/2019 8:30,1251,1156,1035,4462,4459,4360,3211,3303,3325
18/7/2019 9:00,1307,1197,1043,4571,4567,4468,3264,3370,3425
18/7/2019 9:30,1339,1151,1204,4622,4614,4512,3283,3463,3308
18/7/2019 10:00,1366,1189,1263,4628,4609,4494,3262,3420,3231
18/7/2019 10:30,1387,1215,1171,4629,4606,4523,3242,3391,3352
18/7/2019 11:00,1422,1243,1209,4636,4613,4528,3214,3370,3319
18/7/2019 11:30,1470,1228,1241,4650,4624,4529,3180,3396,3288
18/7/2019 12:00,1496,1268,1366,4664,4641,4576,3168,3373,3210
18/7/2019 12:30,1500,1321,1315,4648,4628,4597,3148,3307,3282
18/7/2019 13:00,1503,1373,1247,4604,4584,4548,3101,3211,3301
18/7/2019 13:30,1507,1472,1349,4565,4544,4488,3058,3072,3139
18/7/2019 14:00,1515,1515,1368,4539,4515,4478,3024,3000,3110
18/7/2019 14:30,1528,1496,1400,4526,4499,4456,2998,3003,3056
18/7/2019 15:00,1541,1532,1495,4528,4496,4463,2987,2964,2968
18/7/2019 15:30,1553,1532,1519,4546,4514,4507,2993,2982,2988
18/7/2019 16:00,1554,1504,1478,4582,4554,4527,3028,3050,3049
18/7/2019 16:30,1544,1371,1354,4637,4614,4591,3093,3243,3237
18/7/2019 17:00,1513,1309,1281,4699,4681,4679,3186,3372,3398
18/7/2019 17:30,1460,1250,1214,4708,4695,4720,3248,3445,3506
18/7/2019 18:00,1366,1149,1091,4657,4646,4626,3291,3497,3535
18/7/2019 18:30,1233,1022,946,4562,4553,4525,3329,3531,3579
18/7/2019 19:00,1100,909,881,4439,4430,4442,3339,3521,3561
18/7/2019 19:30,968,835,755,4333,4324,4335,3365,3489,3580
18/7/2019 20:00,835,718,645,4251,4241,4267,3416,3523,3622
18/7/2019 20:30,700,560,587,4175,4161,4214,3475,3601,3627
18/7/2019 21:00,594,471,497,4108,4086,4147,3514,3615,3650
18/7/2019 21:30,517,371,438,4071,4045,4068,3554,3674,3630
18/7/2019 22:00,459,317,464,4043,4021,4092,3584,3704,3628
18/7/2019 22:30,419,260,406,3924,3908,3964,3505,3648,3558
18/7/2019 23:00,363,239,394,3705,3703,3760,3342,3464,3366
18/7/2019 23:30,347,206,381,3492,3496,3552,3145,3290,3171
19/7/2019 0:00,348,212,395,3301,3299,3357,2953,3087,2962
19/7/2019 0:30,364,280,363,3158,3155,3229,2794,2875,2866
19/7/2019 1:00,386,299,349,3065,3062,3103,2679,2763,2754
19/7/2019 1:30,413,378,364,2990,2988,3015,2577,2610,2651
19/7/2019 2:00,444,395,391,2928,2927,2972,2484,2532,2581
19/7/2019 2:30,477,393,383,2882,2880,2935,2405,2487,2552
19/7/2019 3:00,508,400,386,2853,2852,2894,2345,2452,2508
19/7/2019 3:30,537,393,335,2844,2843,2885,2307,2450,2550
19/7/2019 4:00,569,398,294,2850,2851,2877,2281,2453,2583
19/7/2019 4:30,604,347,297,2854,2854,2900,2250,2507,2603
19/7/2019 5:00,633,354,313,2865,2864,2914,2232,2510,2601
19/7/2019 5:30,657,364,288,2935,2936,2918,2278,2572,2630
19/7/2019 6:00,687,370,313,3080,3086,3091,2393,2716,2778
19/7/2019 6:30,723,378,350,3314,3323,3315,2591,2945,2965
19/7/2019 7:00,743,388,368,3621,3629,3628,2878,3241,3260
19/7/2019 7:30,746,367,351,3917,3923,3910,3171,3556,3559
19/7/2019 8:00,764,402,318,4173,4178,4190,3409,3776,3872
19/7/2019 8:30,796,446,278,4361,4364,4406,3565,3918,4128
19/7/2019 9:00,850,485,348,4478,4484,4573,3628,3999,4225
19/7/2019 9:30,927,510,376,4551,4552,4642,3624,4042,4266
19/7/2019 10:00,1021,561,398,4592,4581,4678,3571,4020,4280
19/7/2019 10:30,1132,598,431,4625,4609,4707,3493,4011,4276
19/7/2019 11:00,1212,639,513,4658,4646,4748,3446,4007,4235
19/7/2019 11:30,1261,683,601,4685,4669,4765,3424,3986,4164
19/7/2019 12:00,1292,723,718,4702,4681,4751,3410,3958,4033
19/7/2019 12:30,1307,736,794,4692,4669,4794,3385,3933,4000
19/7/2019 13:00,1326,790,970,4655,4632,4749,3329,3842,3779
19/7/2019 13:30,1351,818,1118,4608,4587,4687,3257,3769,3569
19/7/2019 14:00,1389,896,1150,4558,4544,4664,3169,3648,3514
19/7/2019 14:30,1440,1089,1185,4525,4522,4650,3085,3433,3465
19/7/2019 15:00,1468,1169,1193,4513,4523,4612,3045,3354,3419
19/7/2019 15:30,1474,1259,1362,4514,4529,4596,3040,3270,3234
19/7/2019 16:00,1490,1291,1503,4529,4544,4618,3039,3253,3115
19/7/2019 16:30,1517,1311,1616,4570,4586,4676,3053,3275,3060
19/7/2019 17:00,1532,1331,1668,4624,4642,4742,3092,3311,3074
19/7/2019 17:30,1536,1410,1703,4635,4647,4800,3099,3237,3097
19/7/2019 18:00,1516,1437,1660,4592,4594,4758,3076,3157,3098
19/7/2019 18:30,1470,1402,1631,4506,4507,4660,3036,3105,3029
19/7/2019 19:00,1418,1394,1561,4388,4401,4532,2970,3007,2971
19/7/2019 19:30,1359,1399,1569,4279,4299,4443,2920,2900,2874
19/7/2019 20:00,1313,1359,1558,4186,4212,4345,2873,2853,2787
19/7/2019 20:30,1279,1428,1556,4098,4130,4255,2819,2702,2699
19/7/2019 21:00,1265,1411,1553,4021,4058,4122,2756,2647,2569
19/7/2019 21:30,1272,1371,1604,3981,4016,4021,2709,2645,2417
19/7/2019 22:00,1259,1348,1611,3961,3987,3993,2702,2639,2382
19/7/2019 22:30,1228,1321,1568,3857,3873,3849,2629,2552,2281
19/7/2019 23:00,1102,1316,1568,3674,3676,3666,2572,2360,2098
19/7/2019 23:30,1126,1364,1583,3487,3494,3497,2361,2130,1914
20/7/2019 0:00,1149,1410,1653,3332,3332,3367,2183,1922,1714
20/7/2019 0:30,1172,1524,1620,3201,3198,3249,2029,1674,1629
20/7/2019 1:00,1172,1563,1577,3091,3089,3120,1919,1526,1543
20/7/2019 1:30,1151,1625,1558,3000,2999,3020,1849,1374,1462
20/7/2019 2:00,1125,1607,1540,2928,2929,2959,1803,1322,1419
20/7/2019 2:30,1096,1616,1573,2871,2874,2913,1775,1258,1340
20/7/2019 3:00,1067,1573,1640,2830,2836,2868,1763,1263,1228
20/7/2019 3:30,1040,1552,1642,2808,2817,2831,1768,1265,1189
20/7/2019 4:00,1002,1496,1571,2801,2812,2813,1799,1316,1242
20/7/2019 4:30,953,1433,1478,2794,2806,2797,1841,1373,1319
20/7/2019 5:00,896,1366,1415,2784,2797,2813,1888,1431,1398
20/7/2019 5:30,832,1213,1342,2778,2796,2764,1946,1583,1422
20/7/2019 6:00,778,1150,1227,2798,2820,2842,2020,1670,1615
20/7/2019 6:30,733,1129,1194,2913,2936,2950,2180,1807,1756
20/7/2019 7:00,694,1067,1074,3126,3145,3107,2432,2078,2033
20/7/2019 7:30,661,1005,1004,3370,3385,3293,2709,2380,2289
20/7/2019 8:00,644,975,927,3616,3628,3512,2972,2653,2585
20/7/2019 8:30,644,966,817,3814,3829,3701,3170,2863,2884
20/7/2019 9:00,642,947,832,3956,3977,3894,3314,3030,3062
20/7/2019 9:30,637,867,790,4051,4078,4004,3414,3211,3214
20/7/2019 10:00,628,834,737,4106,4136,4072,3478,3302,3335
20/7/2019 10:30,614,821,687,4133,4164,4122,3519,3343,3435
20/7/2019 11:00,611,798,652,4140,4169,4147,3529,3371,3495
20/7/2019 11:30,618,756,651,4148,4170,4143,3530,3414,3492
20/7/2019 12:00,636,754,621,4156,4184,4144,3520,3430,3523
20/7/2019 12:30,664,730,620,4137,4168,4152,3473,3438,3532
20/7/2019 13:00,692,771,637,4087,4118,4091,3395,3347,3454
20/7/2019 13:30,719,827,683,4024,4058,4045,3305,3231,3362
20/7/2019 14:00,755,923,671,3960,3997,3973,3205,3074,3302
20/7/2019 14:30,799,1037,686,3921,3954,3911,3122,2917,3225
20/7/2019 15:00,833,1125,758,3911,3934,3891,3078,2809,3133
20/7/2019 15:30,857,1143,830,3915,3934,3889,3058,2791,3059
20/7/2019 16:00,863,1183,823,3935,3955,3900,3072,2772,3077
20/7/2019 16:30,852,1122,862,3981,4003,3965,3129,2881,3103
20/7/2019 17:00,820,1095,813,4044,4069,4042,3224,2974,3229
20/7/2019 17:30,766,994,862,4069,4099,4119,3303,3105,3257
20/7/2019 18:00,725,956,814,4045,4082,4099,3320,3126,3285
20/7/2019 18:30,695,870,761,3985,4022,4052,3290,3152,3291
20/7/2019 19:00,655,832,734,3902,3930,3979,3247,3098,3245
20/7/2019 19:30,604,698,707,3827,3849,3865,3223,3151,3158
20/7/2019 20:00,560,643,679,3765,3787,3798,3205,3144,3119
20/7/2019 20:30,523,562,630,3710,3731,3727,3187,3169,3097
20/7/2019 21:00,497,522,584,3667,3683,3655,3170,3161,3071
20/7/2019 21:30,481,450,554,3665,3669,3639,3184,3219,3085
20/7/2019 22:00,474,442,573,3684,3671,3693,3210,3229,3120
20/7/2019 22:30,476,435,563,3613,3596,3586,3137,3161,3023
20/7/2019 23:00,612,450,571,3444,3444,3430,2832,2994,2859
20/7/2019 23:30,626,482,609,3313,3309,3269,2687,2827,2660
21/7/2019 0:00,650,520,666,3216,3210,3150,2566,2690,2484
21/7/2019 0:30,682,622,672,3109,3102,3042,2427,2480,2370
21/7/2019 1:00,703,664,643,2990,2983,2942,2287,2319,2299
21/7/2019 1:30,710,714,643,2890,2885,2847,2180,2171,2204
21/7/2019 2:00,723,747,681,2817,2811,2801,2094,2064,2120
21/7/2019 2:30,740,782,671,2759,2754,2750,2019,1972,2079
21/7/2019 3:00,753,802,722,2716,2710,2694,1963,1908,1972
21/7/2019 3:30,762,813,701,2689,2685,2667,1927,1872,1966
21/7/2019 4:00,781,846,705,2677,2673,2652,1896,1827,1947
21/7/2019 4:30,809,854,801,2670,2666,2647,1861,1812,1846
21/7/2019 5:00,847,906,815,2662,2657,2627,1815,1751,1812
21/7/2019 5:30,895,936,864,2639,2636,2578,1744,1700,1714
21/7/2019 6:00,955,1008,912,2612,2613,2635,1657,1605,1723
21/7/2019 6:30,1028,1104,1005,2647,2648,2710,1619,1544,1705
21/7/2019 7:00,1133,1226,1104,2758,2753,2808,1625,1527,1704
21/7/2019 7:30,1273,1324,1129,2933,2927,2914,1660,1603,1785
21/7/2019 8:00,1459,1507,1228,3155,3152,3123,1696,1645,1895
21/7/2019 8:30,1693,1704,1431,3361,3361,3319,1668,1657,1888
21/7/2019 9:00,1918,1903,1561,3535,3538,3495,1617,1635,1934
21/7/2019 9:30,2133,2072,1762,3681,3682,3642,1548,1610,1880
21/7/2019 10:00,2303,2236,2015,3797,3796,3758,1494,1560,1743
21/7/2019 10:30,2429,2355,2213,3886,3882,3855,1457,1527,1642
21/7/2019 11:00,2544,2471,2331,3951,3948,3981,1407,1477,1650
21/7/2019 11:30,2648,2476,2484,4009,4013,4029,1361,1537,1545
21/7/2019 12:00,2741,2574,2646,4057,4055,4122,1316,1481,1476
21/7/2019 12:30,2821,2633,2733,4070,4064,4191,1249,1431,1458
21/7/2019 13:00,2886,2703,2801,4046,4039,4174,1160,1336,1373
21/7/2019 13:30,2935,2763,2775,4003,3991,4082,1068,1228,1307
21/7/2019 14:00,2971,2819,2873,3952,3931,4048,981,1112,1175
21/7/2019 14:30,2995,2887,2934,3915,3891,4017,920,1004,1083
21/7/2019 15:00,2998,2922,2995,3898,3876,4020,900,954,1025
21/7/2019 15:30,2978,2958,2958,3900,3880,4039,922,922,1081
21/7/2019 16:00,2965,2947,3018,3921,3904,4088,956,957,1070
21/7/2019 16:30,2959,2907,3051,3968,3956,4134,1009,1049,1083
21/7/2019 17:00,2932,2877,3041,4030,4024,4193,1098,1147,1152
21/7/2019 17:30,2885,2811,2946,4060,4057,4226,1175,1246,1280
21/7/2019 18:00,2828,2768,2847,4050,4048,4215,1222,1280,1368
21/7/2019 18:30,2760,2745,2815,4014,4012,4174,1254,1267,1359
21/7/2019 19:00,2700,2691,2749,3961,3959,4114,1261,1268,1365
21/7/2019 19:30,2649,2706,2667,3910,3912,4001,1261,1206,1334
21/7/2019 20:00,2610,2680,2612,3865,3876,3882,1255,1196,1270
21/7/2019 20:30,2584,2730,2607,3831,3847,3813,1247,1117,1206
21/7/2019 21:00,2567,2728,2737,3805,3820,3761,1238,1092,1024
21/7/2019 21:30,2560,2856,2792,3773,3786,3735,1213,930,943
21/7/2019 22:00,2564,2876,2830,3724,3733,3722,1160,857,892
21/7/2019 22:30,2580,2848,2704,3620,3626,3607,1040,778,903
21/7/2019 23:00,2568,2833,2493,3462,3464,3407,894,631,914
21/7/2019 23:30,2582,2795,2320,3285,3292,3228,703,497,908
22/7/2019 0:00,2592,2762,2186,3114,3119,3081,522,357,895
22/7/2019 0:30,2597,2727,2260,2987,2993,2953,390,266,693
22/7/2019 1:00,2596,2697,2217,2908,2914,2866,312,217,649
22/7/2019 1:30,2589,2673,2133,2847,2853,2812,258,180,679
22/7/2019 2:00,2587,2650,2047,2799,2805,2768,212,155,721
22/7/2019 2:30,2592,2517,2051,2765,2770,2742,173,253,691
22/7/2019 3:00,2600,2515,2066,2746,2750,2728,146,235,662
22/7/2019 3:30,2610,2403,2043,2742,2746,2710,132,343,667
22/7/2019 4:00,2621,2415,2027,2751,2756,2709,130,341,682
22/7/2019 4:30,2631,2411,2037,2757,2762,2732,126,351,695
22/7/2019 5:00,2640,2423,2096,2773,2776,2774,133,353,678
22/7/2019 5:30,2649,2341,2148,2858,2864,2814,209,523,666
22/7/2019 6:00,2672,2387,2164,3033,3047,2996,361,660,832
22/7/2019 6:30,2709,2413,2311,3318,3332,3214,609,919,903
22/7/2019 7:00,2770,2502,2565,3686,3694,3575,916,1192,1010
22/7/2019 7:30,2856,2569,2752,4010,4017,3877,1154,1448,1125
22/7/2019 8:00,2924,2663,2866,4261,4269,4150,1337,1606,1284
22/7/2019 8:30,2975,2723,2968,4444,4451,4389,1469,1728,1421
22/7/2019 9:00,3012,2785,3060,4565,4567,4552,1553,1782,1492
22/7/2019 9:30,3037,2885,2995,4638,4635,4619,1601,1750,1624
22/7/2019 10:00,3054,2914,2987,4673,4666,4623,1619,1752,1636
22/7/2019 10:30,3066,2938,2977,4698,4689,4658,1632,1751,1681
22/7/2019 11:00,3060,2932,2960,4718,4712,4690,1658,1780,1730
22/7/2019 11:30,3038,2990,2857,4733,4731,4692,1695,1741,1835
22/7/2019 12:00,3012,2960,2850,4737,4744,4732,1725,1784,1882
22/7/2019 12:30,2982,2973,2854,4718,4727,4742,1736,1754,1888
22/7/2019 13:00,2951,2955,2778,4680,4682,4690,1729,1727,1912
22/7/2019 13:30,2918,2906,2665,4641,4639,4624,1723,1733,1959
22/7/2019 14:00,2894,2908,2630,4610,4608,4642,1716,1700,2012
22/7/2019 14:30,2879,2913,2610,4598,4598,4635,1719,1685,2025
22/7/2019 15:00,2859,2907,2617,4607,4608,4629,1748,1701,2012
22/7/2019 15:30,2834,2852,2581,4627,4631,4620,1793,1779,2039
22/7/2019 16:00,2803,2824,2723,4659,4665,4670,1856,1841,1947
22/7/2019 16:30,2766,2799,2745,4715,4722,4763,1949,1923,2018
22/7/2019 17:00,2720,2747,2710,4782,4789,4859,2062,2042,2149
22/7/2019 17:30,2663,2627,2582,4792,4799,4866,2129,2172,2284
22/7/2019 18:00,2598,2559,2552,4734,4741,4792,2136,2182,2240
22/7/2019 18:30,2522,2444,2530,4627,4640,4658,2105,2196,2128
22/7/2019 19:00,2449,2350,2437,4491,4512,4526,2042,2162,2089
22/7/2019 19:30,2381,2341,2406,4385,4400,4432,2004,2059,2026
22/7/2019 20:00,2307,2240,2307,4314,4310,4325,2007,2070,2018
22/7/2019 20:30,2228,2148,2167,4240,4222,4266,2012,2074,2099
22/7/2019 21:00,2161,2077,2080,4161,4140,4215,2000,2063,2135
22/7/2019 21:30,2105,2087,2083,4115,4096,4146,2010,2009,2063
22/7/2019 22:00,2062,2061,1963,4083,4075,4141,2021,2014,2178
22/7/2019 22:30,2034,2058,1951,3963,3957,3962,1929,1899,2011
22/7/2019 23:00,1986,2051,2012,3743,3740,3738,1757,1689,1726
22/7/2019 23:30,1993,2063,1940,3516,3520,3506,1523,1457,1566
23/7/2019 0:00,1993,2056,1954,3309,3313,3323,1316,1257,1369
23/7/2019 0:30,1987,2007,1926,3163,3167,3179,1176,1160,1253
23/7/2019 1:00,1979,2008,1998,3077,3082,3074,1098,1074,1076
23/7/2019 1:30,1968,2004,2061,3010,3015,3005,1042,1011,944
23/7/2019 2:00,1945,2001,2014,2952,2957,2951,1007,956,937
23/7/2019 2:30,1910,2007,1947,2914,2919,2892,1004,912,945
23/7/2019 3:00,1885,1990,1969,2895,2900,2870,1010,910,901
23/7/2019 3:30,1870,1945,1962,2888,2893,2858,1018,948,896
23/7/2019 4:00,1862,1922,1894,2888,2894,2831,1026,972,937
23/7/2019 4:30,1863,1904,1900,2892,2899,2867,1029,995,967
23/7/2019 5:00,1875,1909,1944,2909,2916,2913,1034,1007,969
23/7/2019 5:30,1898,1927,1957,2984,2991,2929,1086,1064,972
23/7/2019 6:00,1921,1949,1955,3137,3143,3112,1216,1194,1157
23/7/2019 6:30,1943,1960,1993,3408,3413,3338,1465,1453,1345
23/7/2019 7:00,1999,2016,2106,3773,3775,3640,1774,1759,1534
23/7/2019 7:30,2089,2127,2127,4093,4093,3926,2004,1966,1799
23/7/2019 8:00,2168,2220,2150,4337,4333,4237,2169,2113,2087
23/7/2019 8:30,2234,2334,2247,4518,4514,4437,2284,2180,2190
23/7/2019 9:00,2284,2414,2318,4640,4639,4600,2356,2225,2282
23/7/2019 9:30,2316,2491,2352,4704,4705,4632,2388,2214,2280
23/7/2019 10:00,2347,2532,2377,4720,4723,4621,2373,2191,2244
23/7/2019 10:30,2377,2563,2373,4728,4731,4647,2351,2168,2274
23/7/2019 11:00,2391,2572,2448,4737,4741,4685,2346,2169,2237
23/7/2019 11:30,2389,2543,2369,4752,4747,4684,2363,2204,2315
23/7/2019 12:00,2365,2522,2311,4766,4759,4676,2401,2237,2365
23/7/2019 12:30,2319,2462,2277,4755,4748,4659,2436,2286,2382
23/7/2019 13:00,2266,2410,2273,4717,4713,4647,2451,2303,2374
23/7/2019 13:30,2207,2303,2230,4681,4681,4578,2474,2378,2348
23/7/2019 14:00,2141,2232,2106,4656,4656,4547,2515,2424,2441
23/7/2019 14:30,2068,2135,2079,4645,4648,4537,2577,2513,2458
23/7/2019 15:00,2002,2046,1899,4649,4654,4503,2647,2608,2604
23/7/2019 15:30,1941,1878,1741,4669,4675,4507,2728,2797,2766
23/7/2019 16:00,1868,1768,1580,4704,4709,4552,2836,2941,2972
23/7/2019 16:30,1781,1614,1450,4759,4762,4607,2978,3148,3157
23/7/2019 17:00,1714,1512,1417,4820,4820,4685,3106,3308,3268
23/7/2019 17:30,1667,1404,1310,4827,4829,4731,3160,3425,3421
23/7/2019 18:00,1613,1341,1190,4771,4778,4676,3158,3437,3486
23/7/2019 18:30,1551,1289,1180,4676,4682,4536,3125,3393,3356
23/7/2019 19:00,1503,1243,1181,4555,4555,4425,3052,3312,3244
23/7/2019 19:30,1471,1094,1053,4441,4445,4328,2970,3351,3275
23/7/2019 20:00,1449,1101,1037,4339,4357,4221,2890,3256,3184
23/7/2019 20:30,1438,1142,1037,4247,4272,4187,2809,3130,3150
23/7/2019 21:00,1426,1179,1151,4169,4192,4141,2743,3013,2990
23/7/2019 21:30,1415,1157,1145,4126,4143,4097,2711,2986,2952
23/7/2019 22:00,1403,1166,1186,4098,4104,4091,2695,2938,2905
23/7/2019 22:30,1391,1201,1233,3983,3983,3969,2592,2782,2736
23/7/2019 23:00,1183,1190,1312,3771,3772,3759,2588,2582,2447
23/7/2019 23:30,1152,1101,1340,3547,3547,3534,2395,2446,2194
24/7/2019 0:00,1119,1082,1217,3341,3337,3344,2222,2255,2127
24/7/2019 0:30,1082,1097,1273,3196,3188,3200,2114,2091,1927
24/7/2019 1:00,1046,1064,1261,3111,3102,3084,2065,2038,1823
24/7/2019 1:30,1011,1041,1235,3042,3033,2990,2031,1992,1755
24/7/2019 2:00,975,1011,1201,2980,2970,2919,2005,1959,1718
24/7/2019 2:30,939,1072,1190,2938,2928,2899,1999,1856,1709
24/7/2019 3:00,917,1038,1157,2916,2906,2872,1999,1868,1715
24/7/2019 3:30,908,1025,1219,2907,2897,2844,1999,1872,1625
24/7/2019 4:00,885,997,1108,2909,2898,2829,2024,1901,1721
24/7/2019 4:30,849,1016,1039,2912,2902,2841,2063,1886,1802
24/7/2019 5:00,822,995,995,2929,2919,2859,2107,1924,1864
24/7/2019 5:30,803,1006,898,3007,2994,2865,2204,1988,1967
24/7/2019 6:00,806,999,882,3164,3147,3071,2358,2148,2189
24/7/2019 6:30,829,994,815,3429,3411,3296,2600,2417,2481
24/7/2019 7:00,849,998,737,3778,3764,3633,2929,2766,2896
24/7/2019 7:30,864,1025,763,4091,4082,3959,3227,3057,3196
24/7/2019 8:00,879,1062,807,4339,4334,4228,3460,3272,3421
24/7/2019 8:30,892,1093,891,4522,4515,4436,3630,3422,3545
24/7/2019 9:00,912,1149,980,4640,4630,4559,3728,3481,3579
24/7/2019 9:30,938,1166,1024,4701,4686,4615,3763,3520,3591
24/7/2019 10:00,965,1196,1003,4717,4697,4591,3752,3501,3588
24/7/2019 10:30,995,1140,999,4725,4704,4602,3730,3564,3603
24/7/2019 11:00,1016,1133,1050,4736,4714,4638,3720,3581,3588
24/7/2019 11:30,1027,1087,1095,4750,4711,4660,3723,3624,3565
24/7/2019 12:00,1040,1093,1088,4761,4713,4693,3721,3620,3605
24/7/2019 12:30,1053,1111,1094,4748,4696,4729,3695,3585,3635
24/7/2019 13:00,1087,1145,1172,4711,4662,4681,3624,3517,3509
24/7/2019 13:30,1140,1161,1228,4674,4630,4600,3534,3469,3372
24/7/2019 14:00,1186,1187,1192,4646,4606,4611,3460,3419,3419
24/7/2019 14:30,1223,1216,1164,4630,4593,4586,3407,3377,3422
24/7/2019 15:00,1240,1199,1233,4630,4591,4584,3390,3392,3351
24/7/2019 15:30,1238,1210,1184,4646,4606,4595,3408,3396,3411
24/7/2019 16:00,1245,1206,1229,4678,4639,4610,3433,3433,3381
24/7/2019 16:30,1262,1253,1294,4729,4691,4700,3467,3438,3406
24/7/2019 17:00,1257,1251,1306,4786,4750,4739,3529,3499,3433
24/7/2019 17:30,1229,1263,1371,4792,4759,4758,3563,3496,3387
24/7/2019 18:00,1212,1261,1350,4737,4711,4713,3525,3450,3363
24/7/2019 18:30,1207,1270,1391,4639,4490,4626,3432,3220,3235
24/7/2019 19:00,1221,1291,1387,4513,4392,4476,3292,3101,3089
24/7/2019 19:30,1253,1301,1439,4406,4309,4368,3153,3008,2929
24/7/2019 20:00,1307,1337,1463,4326,4242,4243,3019,2905,2780
24/7/2019 20:30,1383,1397,1454,4252,4186,4159,2869,2789,2705
24/7/2019 21:00,1463,1456,1530,4183,4130,4108,2720,2674,2578
24/7/2019 21:30,1546,1522,1506,4133,4043,4030,2587,2521,2524
24/7/2019 22:00,1634,1587,1597,4086,3916,4025,2452,2329,2428
24/7/2019 22:30,1727,1679,1778,3962,3742,3933,2235,2063,2155
24/7/2019 23:00,1821,1773,1939,3755,3533,3720,1934,1760,1781
24/7/2019 23:30,1916,1897,1997,3534,3534,3498,1618,1637,1501
25/7/2019 0:00,2013,1996,2112,3319,3312,3342,1306,1316,1230
25/7/2019 0:30,2114,2085,2186,3170,3159,3200,1056,1074,1014
25/7/2019 1:00,2192,2179,2254,3088,3078,3079,896,899,825
25/7/2019 1:30,2248,2277,2342,3023,3019,3049,775,742,707
25/7/2019 2:00,2291,2334,2388,2965,2969,3021,674,635,633
25/7/2019 2:30,2322,2417,2323,2925,2932,2980,603,515,657
25/7/2019 3:00,2346,2439,2259,2904,2909,2921,558,470,662
25/7/2019 3:30,2363,2462,2186,2898,2901,2886,535,439,700
25/7/2019 4:00,2390,2466,2163,2904,2906,2883,514,440,720
25/7/2019 4:30,2427,2445,2215,2907,2916,2913,480,471,698
25/7/2019 5:00,2465,2457,2273,2917,2935,2962,452,478,689
25/7/2019 5:30,2505,2497,2328,2985,3001,2967,480,504,639
25/7/2019 6:00,2556,2526,2455,3130,3136,3124,574,610,669
25/7/2019 6:30,2618,2489,2568,3380,3390,3368,762,901,800
25/7/2019 7:00,2692,2561,2754,3717,3745,3695,1025,1184,941
25/7/2019 7:30,2778,2598,2685,4034,4066,3940,1256,1468,1255
25/7/2019 8:00,2843,2685,2772,4300,4317,4221,1457,1632,1449
25/7/2019 8:30,2885,2756,2781,4488,4495,4428,1603,1739,1647
25/7/2019 9:00,2919,2814,2863,4598,4606,4593,1679,1792,1730
25/7/2019 9:30,2945,2933,2832,4659,4669,4658,1714,1736,1826
25/7/2019 10:00,2972,2962,2846,4685,4697,4676,1713,1735,1830
25/7/2019 10:30,2998,3054,2866,4698,4706,4675,1700,1652,1809
25/7/2019 11:00,3012,3057,2916,4706,4709,4649,1694,1652,1733
25/7/2019 11:30,3014,2993,2943,4714,4732,4661,1700,1739,1718
25/7/2019 12:00,3015,2998,2936,4719,4749,4681,1704,1751,1745
25/7/2019 12:30,3014,2985,2830,4705,4735,4696,1691,1750,1866
25/7/2019 13:00,3008,2993,2852,4672,4691,4667,1664,1698,1815
25/7/2019 13:30,2998,2979,2725,4641,4656,4555,1643,1677,1830
25/7/2019 14:00,2984,2994,2741,4616,4636,4573,1632,1642,1832
25/7/2019 14:30,2965,3020,2833,4603,4626,4583,1638,1606,1750
25/7/2019 15:00,2951,3037,2928,4605,4624,4562,1654,1587,1634
25/7/2019 15:30,2940,3025,3071,4623,4640,4586,1683,1615,1515
25/7/2019 16:00,2933,3039,3118,4659,4673,4628,1726,1634,1510
25/7/2019 16:30,2932,3022,3127,4713,4720,4722,1781,1698,1595
25/7/2019 17:00,2935,3020,3056,4771,4770,4779,1836,1750,1723
25/7/2019 17:30,2943,2925,2966,4780,4774,4821,1837,1849,1855
25/7/2019 18:00,2947,2919,2939,4732,4724,4729,1785,1805,1790
25/7/2019 18:30,2948,2933,2896,4639,4635,4628,1691,1702,1732
25/7/2019 19:00,2943,2921,2811,4516,4518,4513,1573,1597,1702
25/7/2019 19:30,2932,2983,2810,4406,4408,4406,1474,1425,1596
25/7/2019 20:00,2921,2961,2704,4315,4312,4287,1394,1351,1583
25/7/2019 20:30,2908,2864,2578,4230,4230,4195,1322,1366,1617
25/7/2019 21:00,2879,2826,2368,4153,4163,4095,1274,1337,1727
25/7/2019 21:30,2832,2733,2374,4107,4120,4070,1275,1387,1696
25/7/2019 22:00,2789,2669,2339,4073,4083,4042,1284,1414,1703
25/7/2019 22:30,2750,2570,2409,3961,3962,3932,1211,1392,1523
25/7/2019 23:00,2656,2511,2500,3758,3757,3742,1102,1246,1242
25/7/2019 23:30,2598,2423,2410,3552,3548,3541,954,1125,1131
26/7/2019 0:00,2529,2368,2347,3369,3368,3374,840,1000,1027
26/7/2019 0:30,2449,2173,2175,3232,3232,3189,783,1059,1014
26/7/2019 1:00,2368,2120,2051,3141,3141,3097,773,1021,1046
26/7/2019 1:30,2288,2056,2012,3072,3074,2996,784,1018,984
26/7/2019 2:00,2223,2015,1932,3018,3020,2918,795,1005,986
26/7/2019 2:30,2172,2076,1888,2974,2976,2890,802,900,1002
26/7/2019 3:00,2134,2028,1841,2941,2941,2816,807,913,975
26/7/2019 3:30,2107,1925,1843,2926,2926,2799,819,1001,956
26/7/2019 4:00,2094,1887,1932,2928,2928,2811,834,1041,879
26/7/2019 4:30,2096,1936,1889,2935,2935,2839,839,999,950
26/7/2019 5:00,2108,1941,1931,2953,2954,2888,845,1013,957
26/7/2019 5:30,2132,1908,2022,3016,3019,2897,884,1111,875
26/7/2019 6:00,2153,1935,2109,3144,3148,3056,991,1213,947
26/7/2019 6:30,2172,1945,1991,3386,3389,3264,1214,1444,1273
26/7/2019 7:00,2175,1974,2062,3724,3722,3572,1549,1748,1510
26/7/2019 7:30,2163,2063,2062,4029,4021,3856,1866,1958,1794
26/7/2019 8:00,2145,2094,2046,4270,4255,4106,2125,2161,2060
26/7/2019 8:30,2123,2144,2072,4447,4433,4304,2324,2289,2232
26/7/2019 9:00,2110,2182,2064,4564,4558,4455,2454,2376,2391
26/7/2019 9:30,2106,2251,2049,4626,4624,4513,2520,2373,2464
26/7/2019 10:00,2103,2251,1897,4644,4638,4501,2541,2387,2604
26/7/2019 10:30,2100,2165,1931,4648,4639,4510,2548,2474,2579
26/7/2019 11:00,2084,2130,1916,4647,4638,4520,2563,2508,2604
26/7/2019 11:30,2052,2031,1937,4654,4639,4526,2602,2608,2589
26/7/2019 12:00,2025,1983,1894,4663,4647,4534,2638,2664,2640
26/7/2019 12:30,2002,1905,1894,4643,4627,4541,2641,2722,2647
26/7/2019 13:00,1970,1836,1870,4591,4575,4491,2621,2739,2621
26/7/2019 13:30,1931,1686,1827,4530,4519,4413,2599,2833,2586
26/7/2019 14:00,1883,1614,1737,4470,4468,4403,2587,2854,2666
26/7/2019 14:30,1826,1527,1586,4433,4434,4357,2607,2907,2771
26/7/2019 15:00,1779,1445,1553,4422,4421,4319,2643,2976,2766
26/7/2019 15:30,1741,1323,1437,4420,4424,4312,2679,3101,2875
26/7/2019 16:00,1670,1229,1273,4428,4444,4322,2758,3215,3049
26/7/2019 16:30,1566,1146,1152,4460,4485,4346,2894,3339,3194
26/7/2019 17:00,1468,1061,1047,4507,4538,4403,3039,3477,3356
26/7/2019 17:30,1376,1064,965,4520,4547,4436,3144,3483,3471
26/7/2019 18:00,1291,987,891,4488,4503,4409,3197,3516,3518
26/7/2019 18:30,1212,899,852,4413,4421,4352,3201,3522,3500
26/7/2019 19:00,1122,818,743,4304,4311,4255,3182,3493,3512
26/7/2019 19:30,1019,701,625,4195,4199,4154,3176,3498,3529
26/7/2019 20:00,915,625,531,4095,4094,4073,3180,3469,3542
26/7/2019 20:30,809,521,389,4010,4005,3997,3201,3484,3608
26/7/2019 21:00,726,466,371,3946,3935,3934,3220,3469,3563
26/7/2019 21:30,666,404,377,3915,3900,3898,3249,3496,3521
26/7/2019 22:00,614,365,356,3898,3879,3936,3284,3514,3580
26/7/2019 22:30,568,319,353,3801,3780,3820,3233,3461,3467
26/7/2019 23:00,409,295,351,3606,3603,3641,3197,3308,3290
26/7/2019 23:30,378,253,327,3435,3432,3460,3057,3179,3133
27/7/2019 0:00,348,244,318,3290,3283,3309,2942,3039,2991
27/7/2019 0:30,318,225,298,3158,3149,3168,2840,2924,2870
27/7/2019 1:00,292,223,278,3040,3032,3040,2748,2809,2762
27/7/2019 1:30,269,235,278,2944,2937,2951,2675,2702,2673
27/7/2019 2:00,250,224,287,2872,2866,2892,2622,2642,2605
27/7/2019 2:30,235,215,303,2815,2809,2843,2580,2594,2540
27/7/2019 3:00,219,201,285,2772,2767,2807,2553,2566,2522
27/7/2019 3:30,204,195,270,2745,2739,2778,2541,2544,2508
27/7/2019 4:00,187,182,225,2732,2727,2774,2545,2545,2549
27/7/2019 4:30,169,168,207,2735,2728,2780,2566,2560,2573
27/7/2019 5:00,153,157,189,2747,2740,2789,2594,2583,2600
27/7/2019 5:30,140,165,161,2746,2740,2725,2606,2575,2564
27/7/2019 6:00,129,152,137,2748,2745,2791,2619,2593,2654
27/7/2019 6:30,119,160,122,2840,2836,2897,2721,2676,2775
27/7/2019 7:00,110,143,103,3031,3025,3079,2921,2882,2976
27/7/2019 7:30,102,108,89,3271,3264,3277,3169,3156,3188
27/7/2019 8:00,98,101,76,3531,3524,3515,3433,3423,3439
27/7/2019 8:30,98,103,64,3746,3738,3784,3648,3635,3720
27/7/2019 9:00,98,103,73,3901,3893,3938,3803,3790,3865
27/7/2019 9:30,98,85,85,4007,3998,4064,3909,3913,3979
27/7/2019 10:00,100,90,95,4071,4057,4129,3971,3967,4034
27/7/2019 10:30,106,87,121,4104,4087,4159,3998,4000,4038
27/7/2019 11:00,114,96,121,4112,4098,4158,3998,4002,4037
27/7/2019 11:30,127,100,138,4123,4117,4159,3996,4017,4021
27/7/2019 12:00,147,119,157,4133,4124,4138,3986,4005,3981
27/7/2019 12:30,174,152,180,4116,4104,4132,3942,3952,3952
27/7/2019 13:00,204,187,191,4069,4053,4080,3865,3866,3889
27/7/2019 13:30,239,223,256,4009,3989,4007,3770,3766,3751
27/7/2019 14:00,271,265,316,3947,3922,3944,3676,3657,3628
27/7/2019 14:30,301,303,344,3907,3880,3906,3606,3577,3562
27/7/2019 15:00,337,350,385,3893,3866,3876,3556,3516,3491
27/7/2019 15:30,380,425,414,3898,3870,3861,3518,3445,3447
27/7/2019 16:00,412,464,477,3921,3893,3890,3509,3429,3413
27/7/2019 16:30,434,461,542,3967,3938,3944,3533,3477,3402
27/7/2019 17:00,453,479,540,4026,3998,4036,3573,3519,3496
27/7/2019 17:30,471,500,542,4049,4024,4107,3578,3524,3565
27/7/2019 18:00,486,499,526,4027,4007,4069,3541,3508,3543
27/7/2019 18:30,498,507,537,3970,3952,4018,3472,3445,3481
27/7/2019 19:00,500,499,525,3886,3867,3925,3386,3368,3400
27/7/2019 19:30,491,484,511,3800,3782,3820,3309,3298,3309
27/7/2019 20:00,477,463,478,3723,3709,3769,3246,3246,3291
27/7/2019 20:30,457,443,439,3674,3663,3692,3217,3220,3253
27/7/2019 21:00,440,421,460,3652,3645,3640,3212,3224,3180
27/7/2019 21:30,427,387,457,3644,3643,3640,3217,3256,3183
27/7/2019 22:00,421,379,468,3630,3636,3695,3209,3257,3227
27/7/2019 22:30,425,371,473,3544,3552,3577,3119,3181,3104
27/7/2019 23:00,360,358,482,3397,3399,3418,3037,3041,2936
27/7/2019 23:30,356,345,462,3268,3274,3267,2912,2929,2805
28/7/2019 0:00,357,335,430,3174,3178,3146,2817,2843,2716
28/7/2019 0:30,364,353,425,3068,3071,3037,2704,2718,2612
28/7/2019 1:00,367,350,391,2947,2948,2932,2580,2598,2541
28/7/2019 1:30,367,355,360,2848,2849,2843,2481,2494,2483
28/7/2019 2:00,369,355,362,2776,2778,2796,2407,2423,2434
28/7/2019 2:30,374,394,351,2718,2720,2749,2344,2326,2398
28/7/2019 3:00,381,394,378,2671,2673,2710,2290,2279,2332
28/7/2019 3:30,391,408,399,2642,2644,2673,2251,2236,2274
28/7/2019 4:00,393,403,401,2630,2632,2661,2237,2229,2260
28/7/2019 4:30,387,388,401,2629,2630,2653,2242,2242,2252
28/7/2019 5:00,383,374,421,2629,2628,2660,2246,2254,2239
28/7/2019 5:30,381,345,431,2606,2603,2597,2225,2258,2166
28/7/2019 6:00,383,334,435,2571,2566,2612,2188,2232,2177
28/7/2019 6:30,389,322,408,2594,2589,2659,2205,2267,2251
28/7/2019 7:00,391,327,367,2693,2693,2774,2302,2366,2407
28/7/2019 7:30,388,329,309,2874,2879,2910,2486,2550,2601
28/7/2019 8:00,393,339,273,3114,3122,3107,2721,2783,2834
28/7/2019 8:30,406,394,286,3324,3335,3355,2918,2941,3069
28/7/2019 9:00,417,392,291,3486,3501,3500,3069,3109,3209
28/7/2019 9:30,423,351,318,3627,3641,3650,3204,3290,3332
28/7/2019 10:00,429,351,287,3749,3760,3788,3320,3409,3501
28/7/2019 10:30,433,346,288,3841,3848,3863,3408,3502,3575
28/7/2019 11:00,428,348,280,3904,3909,3919,3476,3561,3639
28/7/2019 11:30,414,297,317,3956,3957,3965,3542,3660,3648
28/7/2019 12:00,410,306,291,3995,3994,4014,3585,3688,3723
28/7/2019 12:30,416,328,277,4001,3999,4063,3585,3671,3786
28/7/2019 13:00,427,340,329,3973,3968,4050,3546,3628,3721
28/7/2019 13:30,441,341,353,3919,3914,3983,3478,3573,3630
28/7/2019 14:00,457,354,361,3851,3848,3917,3394,3494,3556
28/7/2019 14:30,474,336,358,3806,3804,3853,3332,3468,3495
28/7/2019 15:00,497,342,375,3791,3787,3824,3294,3445,3449
28/7/2019 15:30,526,356,396,3790,3784,3803,3264,3428,3407
28/7/2019 16:00,551,357,388,3804,3795,3806,3253,3438,3418
28/7/2019 16:30,572,403,396,3840,3833,3869,3268,3430,3473
28/7/2019 17:00,582,402,404,3891,3892,3881,3309,3490,3477
28/7/2019 17:30,583,407,402,3917,3921,3990,3334,3514,3588
28/7/2019 18:00,576,400,404,3910,3913,4002,3334,3513,3598
28/7/2019 18:30,563,375,386,3867,3869,3949,3304,3494,3563
28/7/2019 19:00,546,363,357,3799,3799,3896,3253,3436,3539
28/7/2019 19:30,527,359,352,3734,3737,3827,3207,3378,3475
28/7/2019 20:00,500,343,337,3685,3695,3770,3185,3352,3433
28/7/2019 20:30,468,335,322,3661,3676,3717,3193,3341,3395
28/7/2019 21:00,435,326,322,3656,3673,3689,3221,3347,3367
28/7/2019 21:30,402,341,319,3645,3657,3693,3243,3316,3374
28/7/2019 22:00,375,323,294,3610,3614,3679,3235,3291,3385
28/7/2019 22:30,353,272,308,3512,3510,3554,3159,3238,3246
28/7/2019 23:00,297,260,311,3351,3352,3377,3054,3092,3066
28/7/2019 23:30,280,245,311,3183,3192,3206,2903,2947,2895
29/7/2019 0:00,269,236,280,3022,3026,3056,2753,2790,2776
29/7/2019 0:30,263,234,278,2896,2898,2945,2633,2664,2667
29/7/2019 1:00,254,223,275,2808,2811,2859,2554,2588,2584
29/7/2019 1:30,241,241,240,2741,2745,2783,2500,2504,2543
29/7/2019 2:00,226,230,209,2690,2695,2754,2464,2465,2545
29/7/2019 2:30,209,228,193,2653,2659,2724,2444,2431,2531
29/7/2019 3:00,195,219,184,2628,2634,2698,2433,2415,2514
29/7/2019 3:30,184,226,169,2618,2624,2681,2434,2398,2512
29/7/2019 4:00,176,215,160,2620,2626,2693,2444,2411,2533
29/7/2019 4:30,172,186,153,2625,2630,2707,2453,2444,2554
29/7/2019 5:00,168,180,149,2642,2646,2773,2474,2466,2624
29/7/2019 5:30,164,159,116,2713,2719,2780,2549,2560,2664
29/7/2019 6:00,160,161,104,2860,2870,2928,2700,2709,2824
29/7/2019 6:30,156,163,99,3135,3144,3141,2979,2981,3042
29/7/2019 7:00,152,162,89,3514,3517,3462,3362,3355,3373
29/7/2019 7:30,148,152,69,3852,3852,3764,3704,3700,3695
29/7/2019 8:00,146,151,68,4115,4113,4068,3969,3962,4000
29/7/2019 8:30,146,147,79,4302,4303,4302,4156,4156,4223
29/7/2019 9:00,146,150,43,4418,4428,4400,4272,4278,4357
29/7/2019 9:30,147,124,75,4490,4503,4529,4343,4379,4454
29/7/2019 10:00,150,132,71,4527,4539,4542,4377,4407,4471
29/7/2019 10:30,155,128,75,4546,4561,4574,4391,4433,4499
29/7/2019 11:00,158,138,76,4557,4574,4597,4399,4436,4521
29/7/2019 11:30,157,133,74,4570,4605,4608,4413,4472,4534
29/7/2019 12:00,159,148,90,4583,4625,4639,4424,4477,4549
29/7/2019 12:30,162,175,124,4572,4620,4665,4410,4445,4541
29/7/2019 13:00,163,184,165,4540,4590,4644,4377,4406,4479
29/7/2019 13:30,161,174,169,4511,4562,4559,4350,4388,4390
29/7/2019 14:00,160,181,177,4493,4541,4547,4333,4360,4370
29/7/2019 14:30,159,174,185,4486,4531,4523,4327,4357,4338
29/7/2019 15:00,163,179,206,4490,4534,4527,4327,4355,4321
29/7/2019 15:30,170,198,224,4510,4553,4539,4340,4355,4315
29/7/2019 16:00,179,216,256,4549,4589,4577,4370,4373,4321
29/7/2019 16:30,190,270,291,4608,4646,4666,4418,4376,4375
29/7/2019 17:00,209,292,332,4674,4710,4754,4465,4418,4422
29/7/2019 17:30,238,315,335,4682,4718,4804,4444,4403,4469
29/7/2019 18:00,266,349,328,4624,4661,4745,4358,4312,4417
29/7/2019 18:30,295,390,370,4524,4560,4633,4229,4170,4263
29/7/2019 19:00,321,426,420,4396,4429,4511,4075,4003,4091
29/7/2019 19:30,345,469,460,4282,4315,4405,3937,3846,3945
29/7/2019 20:00,368,493,471,4194,4229,4295,3826,3736,3824
29/7/2019 20:30,389,541,475,4139,4177,4228,3750,3636,3753
29/7/2019 21:00,415,561,494,4109,4147,4151,3694,3586,3657
29/7/2019 21:30,444,567,496,4064,4094,4111,3620,3527,3615
29/7/2019 22:00,469,587,526,3984,4003,4025,3515,3416,3499
29/7/2019 22:30,488,606,512,3836,3845,3855,3348,3239,3343
29/7/2019 23:00,655,638,517,3631,3630,3635,2976,2992,3118
29/7/2019 23:30,683,679,585,3415,3413,3420,2732,2734,2835
30/7/2019 0:00,715,713,618,3221,3217,3235,2506,2504,2617
30/7/2019 0:30,751,724,654,3078,3076,3133,2327,2352,2479
30/7/2019 1:00,786,751,702,2988,2988,3022,2202,2237,2320
30/7/2019 1:30,819,766,735,2918,2920,2945,2099,2154,2210
30/7/2019 2:00,843,785,712,2861,2864,2888,2018,2079,2176
30/7/2019 2:30,858,756,723,2818,2823,2857,1960,2067,2134
30/7/2019 3:00,879,764,683,2791,2796,2827,1912,2032,2144
30/7/2019 3:30,906,762,730,2779,2785,2814,1873,2023,2084
30/7/2019 4:00,936,766,754,2782,2787,2824,1846,2021,2070
30/7/2019 4:30,969,758,751,2793,2798,2826,1824,2040,2075
30/7/2019 5:00,989,766,772,2819,2822,2870,1830,2056,2098
30/7/2019 5:30,997,771,844,2884,2888,2897,1887,2117,2053
30/7/2019 6:00,1014,786,904,3010,3019,3034,1996,2233,2130
30/7/2019 6:30,1039,781,912,3262,3270,3238,2223,2489,2326
30/7/2019 7:00,1059,806,940,3618,3621,3562,2559,2815,2622
30/7/2019 7:30,1074,869,881,3933,3937,3829,2859,3068,2948
30/7/2019 8:00,1087,884,906,4173,4182,4121,3086,3298,3215
30/7/2019 8:30,1098,891,892,4352,4362,4316,3254,3471,3424
30/7/2019 9:00,1107,899,891,4475,4484,4478,3368,3585,3587
30/7/2019 9:30,1113,1001,856,4550,4586,4511,3437,3585,3655
30/7/2019 10:00,1116,979,811,4585,4610,4515,3469,3631,3704
30/7/2019 10:30,1115,945,852,4610,4629,4559,3495,3684,3707
30/7/2019 11:00,1109,924,832,4632,4645,4582,3523,3721,3750
30/7/2019 11:30,1098,882,829,4653,4663,4578,3555,3781,3749
30/7/2019 12:00,1089,880,799,4670,4678,4595,3581,3798,3796
30/7/2019 12:30,1081,863,811,4661,4666,4645,3580,3803,3834
30/7/2019 13:00,1076,888,828,4628,4628,4622,3552,3740,3794
30/7/2019 13:30,1074,882,824,4598,4594,4538,3524,3712,3714
30/7/2019 14:00,1089,928,851,4576,4571,4544,3487,3643,3693
30/7/2019 14:30,1122,998,938,4566,4561,4516,3444,3563,3578
30/7/2019 15:00,1151,1049,1029,4567,4564,4492,3416,3515,3463
30/7/2019 15:30,1178,1083,1054,4583,4584,4486,3405,3501,3432
30/7/2019 16:00,1202,1117,1114,4617,4622,4516,3415,3505,3402
30/7/2019 16:30,1223,1154,1113,4669,4681,4609,3446,3527,3496
30/7/2019 17:00,1227,1157,1159,4728,4747,4707,3501,3590,3548
30/7/2019 17:30,1214,1093,1176,4732,4755,4773,3518,3662,3597
30/7/2019 18:00,1198,1076,1160,4673,4696,4710,3475,3620,3550
30/7/2019 18:30,1178,1070,1110,4576,4597,4601,3398,3527,3491
30/7/2019 19:00,1134,1025,1036,4455,4472,4460,3321,3447,3424
30/7/2019 19:30,1065,975,1033,4338,4356,4347,3273,3381,3314
30/7/2019 20:00,1001,922,987,4238,4257,4234,3237,3335,3247
30/7/2019 20:30,941,856,914,4172,4184,4162,3231,3328,3248
30/7/2019 21:00,887,812,844,4133,4130,4105,3246,3318,3261
30/7/2019 21:30,838,789,777,4085,4076,4123,3247,3287,3346
30/7/2019 22:00,797,752,740,4009,4003,4083,3212,3251,3343
30/7/2019 22:30,764,710,679,3864,3858,3882,3100,3148,3203
30/7/2019 23:00,711,668,653,3646,3643,3647,2935,2975,2994
30/7/2019 23:30,647,644,613,3426,3425,3416,2779,2781,2803
31/7/2019 0:00,597,604,585,3227,3226,3226,2630,2622,2641
31/7/2019 0:30,563,565,534,3082,3081,3091,2519,2516,2557
31/7/2019 1:00,537,544,484,2990,2990,2983,2453,2446,2499
31/7/2019 1:30,519,514,467,2916,2918,2912,2397,2404,2445
31/7/2019 2:00,497,496,461,2852,2855,2869,2355,2359,2408
31/7/2019 2:30,471,424,451,2807,2811,2822,2336,2387,2371
31/7/2019 3:00,453,409,436,2782,2786,2806,2329,2377,2370
31/7/2019 3:30,443,380,390,2769,2774,2817,2326,2394,2427
31/7/2019 4:00,430,365,339,2767,2773,2799,2337,2408,2460
31/7/2019 4:30,415,337,318,2775,2782,2823,2360,2445,2505
31/7/2019 5:00,400,336,291,2799,2806,2870,2399,2470,2579
31/7/2019 5:30,386,360,293,2867,2876,2893,2481,2516,2600
31/7/2019 6:00,372,372,316,2999,3011,3030,2627,2639,2714
31/7/2019 6:30,358,404,297,3260,3269,3265,2902,2865,2968
31/7/2019 7:00,350,413,269,3627,3628,3583,3277,3215,3314
31/7/2019 7:30,347,371,272,3952,3950,3884,3605,3579,3612
31/7/2019 8:00,349,375,282,4199,4198,4175,3850,3823,3893
31/7/2019 8:30,357,356,299,4373,4374,4395,4016,4018,4096
31/7/2019 9:00,372,357,349,4481,4484,4531,4109,4127,4182
31/7/2019 9:30,393,343,422,4545,4548,4588,4152,4205,4166
31/7/2019 10:00,406,350,477,4575,4578,4591,4169,4228,4114
31/7/2019 10:30,411,338,539,4593,4594,4616,4182,4256,4077
31/7/2019 11:00,410,342,559,4607,4605,4642,4197,4263,4083
31/7/2019 11:30,404,344,549,4623,4628,4634,4219,4284,4085
31/7/2019 12:00,398,346,512,4637,4639,4642,4239,4293,4130
31/7/2019 12:30,392,381,532,4625,4623,4651,4233,4242,4119
31/7/2019 13:00,389,389,524,4587,4582,4626,4198,4193,4102
31/7/2019 13:30,390,447,550,4551,4544,4551,4161,4097,4001
31/7/2019 14:00,395,465,543,4524,4521,4499,4129,4056,3956
31/7/2019 14:30,406,520,578,4513,4510,4462,4107,3990,3884
31/7/2019 15:00,414,544,577,4520,4515,4458,4106,3971,3881
31/7/2019 15:30,422,569,593,4541,4534,4457,4119,3965,3864
31/7/2019 16:00,431,584,625,4579,4569,4482,4148,3985,3857
31/7/2019 16:30,443,582,706,4636,4626,4559,4193,4044,3853
31/7/2019 17:00,451,590,741,4699,4692,4644,4248,4102,3903
31/7/2019 17:30,454,593,781,4709,4702,4685,4255,4109,3904
31/7/2019 18:00,459,590,739,4659,4647,4616,4200,4057,3877
31/7/2019 18:30,467,590,718,4567,4553,4521,4100,3963,3803
31/7/2019 19:00,464,568,692,4448,4431,4396,3984,3863,3704
31/7/2019 19:30,450,598,725,4336,4319,4285,3886,3721,3560
31/7/2019 20:00,431,563,692,4244,4228,4186,3813,3665,3494
31/7/2019 20:30,408,509,626,4186,4176,4116,3778,3667,3490
31/7/2019 21:00,384,480,555,4156,4154,4076,3772,3674,3521
31/7/2019 21:30,359,489,526,4112,4113,4096,3753,3624,3570
31/7/2019 22:00,339,460,510,4034,4033,4081,3695,3573,3571
31/7/2019 22:30,325,434,495,3888,3882,3900,3563,3448,3405
31/7/2019 23:00,369,403,496,3668,3667,3666,3299,3264,3170
31/7/2019 23:30,353,388,458,3447,3442,3438,3094,3054,2980
1/8/2019 0:00,335,359,436,3244,3240,3265,2909,2881,2829
1/8/2019 0:30,314,327,397,3097,3093,3129,2783,2766,2732
1/8/2019 1:00,296,311,357,3006,3003,3013,2710,2692,2656
1/8/2019 1:30,280,294,311,2933,2930,2933,2653,2636,2622
1/8/2019 2:00,266,283,285,2869,2866,2888,2603,2583,2603
1/8/2019 2:30,253,300,236,2825,2822,2851,2572,2522,2615
1/8/2019 3:00,240,280,219,2801,2798,2826,2561,2518,2607
1/8/2019 3:30,225,263,208,2789,2786,2812,2564,2523,2604
1/8/2019 4:00,212,245,178,2786,2783,2807,2574,2538,2629
1/8/2019 4:30,200,230,170,2793,2790,2827,2593,2560,2657
1/8/2019 5:00,188,212,161,2815,2813,2869,2627,2601,2708
1/8/2019 5:30,176,177,146,2878,2878,2872,2702,2701,2726
1/8/2019 6:00,163,163,127,3007,3010,3022,2844,2847,2895
1/8/2019 6:30,147,127,98,3270,3275,3251,3123,3148,3153
1/8/2019 7:00,127,110,74,3646,3652,3579,3519,3542,3505
1/8/2019 7:30,101,67,56,3973,3979,3887,3872,3912,3831
1/8/2019 8:00,84,53,0,4215,4219,4169,4131,4166,4169
1/8/2019 8:30,75,58,0,4384,4389,4382,4309,4331,4382
1/8/2019 9:00,68,50,0,4489,4496,4537,4421,4446,4537
1/8/2019 9:30,63,38,0,4548,4554,4595,4485,4516,4595
1/8/2019 10:00,59,35,0,4569,4572,4598,4510,4537,4598
1/8/2019 10:30,54,31,0,4578,4581,4616,4524,4550,4616
1/8/2019 11:00,52,31,0,4583,4587,4624,4531,4556,4624
1/8/2019 11:30,52,29,0,4591,4598,4628,4539,4569,4628
1/8/2019 12:00,52,30,0,4598,4604,4634,4546,4574,4634
1/8/2019 12:30,53,32,0,4580,4587,4643,4527,4555,4643
1/8/2019 13:00,53,35,0,4538,4547,4606,4485,4512,4606
1/8/2019 13:30,53,37,0,4500,4507,4554,4447,4470,4554
1/8/2019 14:00,53,40,0,4473,4477,4530,4420,4437,4530
1/8/2019 14:30,53,43,0,4462,4464,4509,4409,4421,4509
1/8/2019 15:00,55,47,0,4467,4468,4494,4412,4421,4494
1/8/2019 15:30,58,65,0,4486,4488,4508,4428,4423,4508
1/8/2019 16:00,62,71,0,4522,4525,4522,4460,4454,4522
1/8/2019 16:30,65,81,0,4579,4581,4590,4514,4500,4590
1/8/2019 17:00,70,86,0,4646,4645,4668,4576,4559,4668
1/8/2019 17:30,77,94,0,4662,4658,4726,4585,4564,4726
1/8/2019 18:00,84,97,0,4618,4612,4673,4534,4515,4673
1/8/2019 18:30,92,100,28,4535,4529,4579,4443,4429,4551
1/8/2019 19:00,100,108,59,4426,4421,4460,4326,4313,4401
1/8/2019 19:30,109,114,61,4320,4315,4360,4211,4201,4299
1/8/2019 20:00,118,126,65,4229,4223,4273,4111,4097,4208
1/8/2019 20:30,127,138,79,4171,4165,4196,4044,4027,4117
1/8/2019 21:00,135,150,96,4143,4137,4140,4008,3987,4044
1/8/2019 21:30,143,169,100,4103,4100,4164,3960,3931,4064
1/8/2019 22:00,141,168,108,4033,4033,4140,3892,3865,4032
1/8/2019 22:30,131,137,113,3890,3890,3958,3759,3753,3845
1/8/2019 23:00,132,125,104,3677,3677,3725,3545,3552,3621
1/8/2019 23:30,120,95,103,3462,3467,3495,3342,3372,3392
2/8/2019 0:00,111,92,107,3270,3271,3320,3159,3179,3213
2/8/2019 0:30,104,95,118,3127,3127,3181,3023,3032,3063
2/8/2019 1:00,103,98,144,3033,3033,3061,2930,2935,2917
2/8/2019 1:30,108,102,151,2958,2958,2976,2850,2856,2825
2/8/2019 2:00,113,107,148,2895,2896,2918,2782,2789,2770
2/8/2019 2:30,119,107,150,2849,2849,2876,2730,2742,2726
2/8/2019 3:00,122,117,129,2821,2821,2841,2699,2704,2712
2/8/2019 3:30,123,128,113,2806,2806,2828,2683,2678,2715
2/8/2019 4:00,132,131,110,2803,2803,2828,2671,2672,2718
2/8/2019 4:30,147,128,93,2810,2809,2848,2663,2681,2755
2/8/2019 5:00,159,126,80,2832,2832,2899,2673,2706,2819
2/8/2019 5:30,167,148,79,2894,2896,2908,2727,2748,2829
2/8/2019 6:00,170,147,89,3020,3024,3042,2850,2877,2953
2/8/2019 6:30,169,137,111,3275,3279,3253,3106,3142,3142
2/8/2019 7:00,158,138,127,3638,3643,3576,3480,3505,3449
2/8/2019 7:30,138,110,138,3969,3975,3880,3831,3865,3742
2/8/2019 8:00,122,113,135,4229,4236,4175,4107,4123,4040
2/8/2019 8:30,111,97,132,4412,4419,4401,4301,4322,4269
2/8/2019 9:00,107,106,131,4522,4530,4554,4415,4424,4423
2/8/2019 9:30,111,130,126,4586,4594,4614,4475,4464,4488
2/8/2019 10:00,122,157,151,4614,4618,4609,4492,4461,4458
2/8/2019 10:30,142,216,206,4623,4625,4623,4481,4409,4417
2/8/2019 11:00,169,256,266,4619,4621,4644,4450,4365,4378
2/8/2019 11:30,204,291,306,4620,4615,4635,4416,4324,4329
2/8/2019 12:00,247,330,320,4621,4618,4614,4374,4288,4294
2/8/2019 12:30,297,364,359,4599,4599,4614,4302,4235,4255
2/8/2019 13:00,333,397,392,4551,4553,4582,4218,4156,4190
2/8/2019 13:30,355,423,415,4496,4501,4500,4141,4078,4085
2/8/2019 14:00,368,447,430,4443,4450,4459,4075,4003,4029
2/8/2019 14:30,373,503,476,4411,4419,4413,4038,3916,3937
2/8/2019 15:00,381,522,539,4402,4409,4392,4021,3887,3853
2/8/2019 15:30,395,560,582,4405,4411,4362,4010,3851,3780
2/8/2019 16:00,408,562,616,4422,4428,4359,4014,3866,3743
2/8/2019 16:30,421,556,667,4463,4472,4411,4042,3916,3744
2/8/2019 17:00,430,539,678,4519,4533,4474,4089,3994,3796
2/8/2019 17:30,437,488,671,4534,4550,4517,4097,4062,3846
2/8/2019 18:00,439,469,679,4499,4514,4493,4060,4045,3814
2/8/2019 18:30,436,468,643,4423,4438,4406,3987,3970,3763
2/8/2019 19:00,434,457,644,4318,4332,4309,3884,3875,3665
2/8/2019 19:30,435,462,585,4213,4228,4204,3778,3766,3619
2/8/2019 20:00,448,473,572,4122,4137,4092,3674,3664,3520
2/8/2019 20:30,474,553,592,4072,4088,4014,3598,3535,3422
2/8/2019 21:00,508,583,647,4055,4071,3947,3547,3488,3300
2/8/2019 21:30,551,661,714,4019,4033,3981,3468,3372,3267
2/8/2019 22:00,587,684,811,3945,3956,3948,3358,3272,3137
2/8/2019 22:30,618,685,850,3816,3825,3793,3198,3140,2943
2/8/2019 23:00,675,697,836,3646,3646,3598,2971,2949,2762
2/8/2019 23:30,700,687,860,3463,3460,3405,2763,2773,2545
3/8/2019 0:00,716,705,853,3291,3287,3251,2575,2582,2398
3/8/2019 0:30,724,759,846,3151,3148,3123,2427,2389,2277
3/8/2019 1:00,732,785,802,3046,3044,3017,2314,2259,2215
3/8/2019 1:30,740,834,848,2957,2958,2927,2217,2124,2079
3/8/2019 2:00,748,854,882,2883,2884,2870,2135,2030,1988
3/8/2019 2:30,756,850,877,2825,2827,2817,2069,1977,1940
3/8/2019 3:00,758,851,891,2785,2788,2783,2027,1937,1892
3/8/2019 3:30,755,878,917,2762,2765,2764,2007,1887,1847
3/8/2019 4:00,760,884,934,2754,2757,2760,1994,1873,1826
3/8/2019 4:30,776,892,916,2757,2760,2768,1981,1868,1852
3/8/2019 5:00,796,902,912,2768,2771,2797,1972,1869,1885
3/8/2019 5:30,823,908,899,2781,2785,2767,1958,1877,1868
3/8/2019 6:00,853,934,925,2806,2810,2798,1953,1876,1873
3/8/2019 6:30,886,962,924,2895,2896,2876,2009,1934,1952
3/8/2019 7:00,917,1015,961,3058,3051,3037,2141,2036,2076
3/8/2019 7:30,946,1052,996,3284,3274,3220,2338,2222,2224
3/8/2019 8:00,972,1102,1049,3546,3540,3473,2574,2438,2424
3/8/2019 8:30,994,1132,1065,3761,3759,3682,2767,2627,2617
3/8/2019 9:00,1014,1176,1072,3914,3914,3901,2900,2738,2829
3/8/2019 9:30,1031,1172,1109,4027,4027,4016,2996,2855,2907
3/8/2019 10:00,1054,1229,1155,4107,4104,4097,3053,2875,2942
3/8/2019 10:30,1084,1273,1286,4155,4152,4139,3071,2879,2853
3/8/2019 11:00,1116,1326,1409,4177,4175,4156,3061,2849,2747
3/8/2019 11:30,1151,1392,1451,4194,4200,4186,3043,2808,2735
3/8/2019 12:00,1178,1439,1498,4208,4211,4179,3030,2772,2681
3/8/2019 12:30,1196,1480,1524,4200,4201,4160,3004,2721,2636
3/8/2019 13:00,1201,1508,1518,4167,4168,4127,2966,2660,2609
3/8/2019 13:30,1193,1490,1666,4115,4118,4085,2922,2628,2419
3/8/2019 14:00,1183,1500,1722,4053,4059,3982,2870,2559,2260
3/8/2019 14:30,1171,1614,1723,4014,4020,3922,2843,2406,2199
3/8/2019 15:00,1147,1605,1674,4002,4007,3884,2855,2402,2210
3/8/2019 15:30,1109,1673,1579,4005,4009,3860,2896,2336,2281
3/8/2019 16:00,1060,1636,1564,4021,4026,3915,2961,2390,2351
3/8/2019 16:30,999,1517,1566,4061,4068,3962,3062,2551,2396
3/8/2019 17:00,947,1461,1612,4114,4124,4033,3167,2663,2421
3/8/2019 17:30,904,1489,1569,4134,4142,4101,3230,2653,2532
3/8/2019 18:00,866,1416,1461,4112,4115,4091,3246,2699,2630
3/8/2019 18:30,833,1307,1335,4054,4054,4041,3221,2747,2706
3/8/2019 19:00,804,1243,1221,3969,3968,3953,3165,2725,2732
3/8/2019 19:30,779,1069,1113,3880,3876,3843,3101,2807,2730
3/8/2019 20:00,754,1030,1036,3801,3795,3770,3047,2765,2734
3/8/2019 20:30,729,1082,1005,3773,3763,3703,3044,2681,2698
3/8/2019 21:00,710,1037,1025,3786,3773,3654,3076,2736,2629
3/8/2019 21:30,698,948,987,3769,3754,3713,3071,2806,2726
3/8/2019 22:00,689,903,963,3703,3689,3663,3014,2786,2700
3/8/2019 22:30,684,866,918,3587,3573,3520,2903,2707,2602
3/8/2019 23:00,849,836,886,3422,3420,3371,2573,2584,2485
3/8/2019 23:30,840,755,881,3285,3284,3248,2445,2529,2367
4/8/2019 0:00,826,735,843,3172,3171,3157,2346,2436,2314
4/8/2019 0:30,806,762,721,3062,3061,3031,2256,2299,2310
4/8/2019 1:00,779,743,673,2955,2953,2942,2176,2210,2269
4/8/2019 1:30,745,737,657,2862,2861,2872,2117,2124,2215
4/8/2019 2:00,710,708,651,2789,2788,2819,2079,2080,2168
4/8/2019 2:30,673,671,611,2731,2730,2755,2058,2059,2144
4/8/2019 3:00,636,647,593,2690,2689,2717,2054,2042,2124
4/8/2019 3:30,601,659,537,2665,2666,2686,2064,2007,2149
4/8/2019 4:00,586,631,539,2656,2657,2673,2070,2026,2134
4/8/2019 4:30,590,611,574,2652,2654,2682,2062,2043,2108
4/8/2019 5:00,604,603,599,2650,2652,2694,2046,2049,2095
4/8/2019 5:30,628,549,606,2640,2642,2647,2012,2093,2041
4/8/2019 6:00,650,568,635,2631,2633,2635,1981,2065,2000
4/8/2019 6:30,672,593,669,2666,2671,2694,1994,2078,2025
4/8/2019 7:00,700,621,638,2761,2769,2788,2061,2148,2150
4/8/2019 7:30,735,617,694,2935,2940,2928,2200,2323,2234
4/8/2019 8:00,772,647,698,3169,3167,3118,2397,2520,2420
4/8/2019 8:30,811,746,736,3380,3375,3302,2569,2629,2566
4/8/2019 9:00,856,780,811,3549,3547,3512,2693,2767,2701
4/8/2019 9:30,908,690,890,3687,3687,3664,2779,2997,2774
4/8/2019 10:00,952,711,916,3800,3800,3778,2848,3089,2862
4/8/2019 10:30,988,746,1016,3888,3885,3835,2900,3139,2819
4/8/2019 11:00,1008,774,1034,3954,3947,3868,2946,3173,2834
4/8/2019 11:30,1010,811,1061,4002,3984,3891,2992,3173,2830
4/8/2019 12:00,1032,845,1011,4030,4008,3927,2998,3163,2916
4/8/2019 12:30,1074,920,1128,4025,3996,3955,2951,3076,2827
4/8/2019 13:00,1118,967,1155,3986,3946,3949,2868,2979,2794
4/8/2019 13:30,1165,1051,1194,3925,3878,3880,2760,2827,2686
4/8/2019 14:00,1211,1097,1236,3856,3803,3827,2645,2706,2591
4/8/2019 14:30,1258,1193,1244,3813,3758,3793,2555,2565,2549
4/8/2019 15:00,1273,1201,1165,3799,3746,3745,2526,2545,2580
4/8/2019 15:30,1257,1097,1181,3799,3752,3738,2542,2655,2557
4/8/2019 16:00,1237,1042,1206,3813,3773,3725,2576,2731,2519
4/8/2019 16:30,1211,1053,1268,3851,3819,3813,2640,2766,2545
4/8/2019 17:00,1167,998,1177,3906,3884,3889,2739,2886,2712
4/8/2019 17:30,1104,960,1192,3937,3921,3955,2833,2961,2763
4/8/2019 18:00,1068,954,1148,3934,3923,3963,2866,2969,2815
4/8/2019 18:30,1058,917,1083,3901,3891,3901,2843,2974,2818
4/8/2019 19:00,1003,909,1004,3843,3834,3846,2840,2925,2842
4/8/2019 19:30,901,876,977,3781,3771,3783,2880,2895,2806
4/8/2019 20:00,846,835,982,3727,3715,3754,2881,2880,2772
4/8/2019 20:30,836,852,997,3714,3702,3715,2878,2850,2718
4/8/2019 21:00,831,837,967,3733,3723,3687,2902,2886,2720
4/8/2019 21:30,830,909,956,3718,3707,3686,2888,2798,2730
4/8/2019 22:00,816,905,831,3651,3637,3614,2835,2732,2783
4/8/2019 22:30,789,870,801,3532,3516,3467,2743,2646,2666
4/8/2019 23:00,896,865,783,3360,3358,3319,2464,2493,2536
4/8/2019 23:30,877,876,772,3209,3210,3189,2332,2334,2417
5/8/2019 0:00,856,866,774,3078,3077,3052,2222,2211,2278
5/8/2019 0:30,830,869,720,2963,2962,2928,2133,2093,2208
5/8/2019 1:00,813,874,769,2865,2865,2845,2052,1991,2076
5/8/2019 1:30,803,854,751,2792,2792,2784,1989,1938,2033
5/8/2019 2:00,800,867,775,2741,2741,2721,1941,1874,1946
5/8/2019 2:30,803,846,776,2696,2696,2666,1893,1850,1890
5/8/2019 3:00,817,862,808,2655,2656,2627,1838,1794,1819
5/8/2019 3:30,839,871,806,2628,2630,2604,1789,1759,1798
5/8/2019 4:00,860,885,904,2618,2619,2606,1758,1734,1702
5/8/2019 4:30,877,908,1016,2623,2623,2611,1746,1715,1595
5/8/2019 5:00,888,935,1035,2640,2638,2641,1752,1703,1606
5/8/2019 5:30,891,949,1066,2659,2658,2614,1768,1709,1548
5/8/2019 6:00,894,977,998,2695,2696,2686,1801,1719,1688
5/8/2019 6:30,896,995,1046,2818,2819,2793,1922,1824,1747
5/8/2019 7:00,907,1011,1005,3024,3024,2954,2117,2013,1949
5/8/2019 7:30,927,1000,997,3224,3225,3126,2297,2225,2129
5/8/2019 8:00,956,1027,1046,3402,3404,3356,2446,2377,2310
5/8/2019 8:30,996,1134,1073,3574,3579,3533,2578,2445,2460
5/8/2019 9:00,1043,1173,1174,3740,3744,3702,2697,2571,2528
5/8/2019 9:30,1098,1218,1263,3873,3877,3800,2775,2659,2537
5/8/2019 10:00,1150,1268,1372,3969,3974,3899,2819,2706,2527
5/8/2019 10:30,1200,1317,1433,4037,4037,3918,2837,2720,2485
5/8/2019 11:00,1267,1358,1459,4082,4074,3971,2815,2716,2512
5/8/2019 11:30,1352,1392,1553,4120,4114,4011,2768,2722,2458
5/8/2019 12:00,1425,1460,1628,4149,4148,4036,2724,2688,2408
5/8/2019 12:30,1487,1579,1743,4147,4148,4047,2660,2569,2304
5/8/2019 13:00,1586,1654,1873,4113,4111,4039,2527,2457,2166
5/8/2019 13:30,1722,1763,1972,4064,4062,3993,2342,2299,2021
5/8/2019 14:00,1814,1831,2070,4009,4010,3950,2195,2179,1880
5/8/2019 14:30,1862,1925,2106,3968,3971,3902,2106,2046,1796
5/8/2019 15:00,1905,1963,2130,3950,3951,3907,2045,1988,1777
5/8/2019 15:30,1943,2026,2203,3965,3965,3964,2022,1939,1761
5/8/2019 16:00,1955,2045,2201,4017,4015,3983,2062,1970,1782
5/8/2019 16:30,1941,2077,2235,4105,4104,4050,2164,2027,1815
5/8/2019 17:00,1912,2076,2365,4208,4210,4205,2296,2134,1840
5/8/2019 17:30,1870,2135,2350,4248,4249,4291,2378,2114,1941
5/8/2019 18:00,1837,2120,2300,4216,4213,4276,2379,2093,1976
5/8/2019 18:30,1815,2085,2203,4154,4151,4180,2339,2066,1977
5/8/2019 19:00,1756,2036,2260,4074,4072,4098,2318,2036,1838
5/8/2019 19:30,1660,1990,2194,3977,3979,3984,2317,1989,1790
5/8/2019 20:00,1561,1918,2014,3883,3887,3907,2322,1969,1893
5/8/2019 20:30,1460,1928,1883,3862,3867,3834,2402,1939,1951
5/8/2019 21:00,1389,1872,1792,3907,3908,3823,2518,2036,2031
5/8/2019 21:30,1350,1756,1672,3901,3902,3877,2551,2146,2205
5/8/2019 22:00,1323,1716,1663,3817,3820,3757,2494,2104,2094
5/8/2019 22:30,1307,1676,1643,3653,3653,3565,2346,1977,1922
5/8/2019 23:00,1630,1617,1609,3434,3431,3357,1804,1814,1748
5/8/2019 23:30,1630,1546,1529,3275,3274,3179,1645,1728,1650
6/8/2019 0:00,1620,1458,1462,3188,3186,3032,1568,1728,1570
6/8/2019 0:30,1598,1325,1443,3096,3093,2905,1498,1768,1462
6/8/2019 1:00,1554,1240,1439,2989,2986,2814,1435,1746,1375
6/8/2019 1:30,1487,1117,1396,2905,2904,2745,1418,1787,1349
6/8/2019 2:00,1411,1059,1328,2851,2850,2708,1440,1791,1380
6/8/2019 2:30,1326,1056,1256,2812,2811,2668,1486,1755,1412
6/8/2019 3:00,1279,1006,1181,2785,2785,2644,1506,1779,1463
6/8/2019 3:30,1269,1012,1197,2773,2774,2639,1504,1762,1442
6/8/2019 4:00,1235,987,1174,2774,2776,2637,1539,1789,1463
6/8/2019 4:30,1176,973,1152,2782,2782,2677,1606,1809,1525
6/8/2019 5:00,1108,962,1164,2803,2802,2736,1695,1840,1572
6/8/2019 5:30,1029,1028,1087,2874,2876,2755,1845,1848,1668
6/8/2019 6:00,984,1038,1050,3015,3022,2882,2031,1984,1832
6/8/2019 6:30,974,1087,1116,3273,3274,3093,2299,2187,1977
6/8/2019 7:00,954,1090,1119,3629,3613,3402,2675,2523,2283
6/8/2019 7:30,925,1132,1197,3957,3935,3694,3032,2803,2497
6/8/2019 8:00,913,1122,1198,4223,4205,3980,3310,3083,2782
6/8/2019 8:30,916,1136,1220,4409,4394,4226,3493,3258,3006
6/8/2019 9:00,926,1156,1299,4520,4502,4391,3594,3346,3092
6/8/2019 9:30,943,1199,1342,4586,4569,4489,3643,3370,3147
6/8/2019 10:00,951,1233,1407,4618,4595,4535,3667,3362,3128
6/8/2019 10:30,948,1296,1441,4634,4616,4557,3686,3320,3116
6/8/2019 11:00,955,1310,1418,4643,4631,4568,3688,3321,3150
6/8/2019 11:30,971,1379,1464,4654,4653,4590,3683,3274,3126
6/8/2019 12:00,1005,1383,1503,4666,4667,4584,3661,3284,3081
6/8/2019 12:30,1058,1388,1469,4651,4652,4586,3593,3264,3117
6/8/2019 13:00,1076,1395,1588,4611,4610,4544,3535,3215,2956
6/8/2019 13:30,1060,1415,1601,4577,4572,4504,3517,3157,2903
6/8/2019 14:00,1089,1429,1622,4557,4549,4490,3468,3120,2868
6/8/2019 14:30,1164,1443,1691,4549,4543,4476,3385,3100,2785
6/8/2019 15:00,1192,1443,1680,4551,4555,4456,3359,3112,2776
6/8/2019 15:30,1174,1451,1589,4572,4578,4462,3398,3127,2873
6/8/2019 16:00,1176,1421,1578,4613,4612,4491,3437,3191,2913
6/8/2019 16:30,1199,1395,1629,4673,4669,4565,3474,3274,2936
6/8/2019 17:00,1202,1363,1603,4738,4732,4642,3536,3369,3039
6/8/2019 17:30,1186,1389,1586,4746,4742,4722,3560,3353,3136
6/8/2019 18:00,1179,1346,1532,4687,4685,4651,3508,3339,3119
6/8/2019 18:30,1182,1316,1414,4587,4586,4547,3405,3270,3133
6/8/2019 19:00,1159,1247,1330,4461,4454,4397,3302,3207,3067
6/8/2019 19:30,1111,1204,1276,4338,4328,4268,3227,3124,2992
6/8/2019 20:00,1057,1119,1197,4238,4223,4171,3181,3104,2974
6/8/2019 20:30,997,1072,1138,4207,4186,4117,3210,3114,2979
6/8/2019 21:00,949,1004,1039,4227,4197,4086,3278,3193,3047
6/8/2019 21:30,914,939,943,4177,4146,4153,3263,3207,3210
6/8/2019 22:00,888,893,873,4039,4013,4058,3151,3120,3185
6/8/2019 22:30,872,820,820,3861,3835,3829,2989,3015,3009
6/8/2019 23:00,870,795,796,3633,3629,3602,2763,2834,2806
6/8/2019 23:30,834,791,771,3425,3425,3393,2591,2634,2622
7/8/2019 0:00,794,784,749,3232,3232,3214,2438,2448,2465
7/8/2019 0:30,751,823,785,3091,3090,3073,2340,2267,2288
7/8/2019 1:00,723,822,732,3002,3001,2974,2279,2179,2242
7/8/2019 1:30,710,796,723,2932,2931,2887,2222,2135,2164
7/8/2019 2:00,696,804,776,2874,2872,2847,2178,2068,2071
7/8/2019 2:30,681,813,804,2831,2829,2815,2150,2016,2011
7/8/2019 3:00,668,813,814,2805,2802,2795,2137,1989,1981
7/8/2019 3:30,655,771,843,2793,2789,2800,2138,2018,1957
7/8/2019 4:00,641,774,845,2793,2790,2811,2152,2016,1966
7/8/2019 4:30,625,768,831,2803,2800,2832,2178,2032,2001
7/8/2019 5:00,618,758,775,2829,2826,2863,2211,2068,2088
7/8/2019 5:30,620,752,763,2902,2901,2898,2282,2149,2135
7/8/2019 6:00,617,734,713,3042,3042,3005,2425,2308,2292
7/8/2019 6:30,608,718,665,3296,3295,3202,2688,2577,2537
7/8/2019 7:00,598,692,654,3645,3642,3538,3047,2950,2884
7/8/2019 7:30,587,635,600,3967,3961,3837,3380,3326,3237
7/8/2019 8:00,579,621,552,4226,4218,4131,3647,3597,3579
7/8/2019 8:30,577,613,539,4409,4400,4343,3832,3787,3804
7/8/2019 9:00,578,621,525,4518,4510,4497,3940,3889,3972
7/8/2019 9:30,582,623,566,4573,4564,4553,3991,3941,3987
7/8/2019 10:00,582,641,561,4589,4576,4554,4007,3935,3993
7/8/2019 10:30,579,669,574,4600,4589,4589,4021,3920,4015
7/8/2019 11:00,585,670,608,4615,4608,4612,4030,3938,4004
7/8/2019 11:30,602,634,707,4631,4626,4621,4029,3992,3914
7/8/2019 12:00,617,643,705,4641,4635,4645,4024,3992,3940
7/8/2019 12:30,630,653,716,4625,4621,4667,3995,3968,3951
7/8/2019 13:00,641,677,738,4586,4583,4629,3945,3906,3891
7/8/2019 13:30,649,679,826,4551,4549,4548,3902,3870,3722
7/8/2019 14:00,665,702,851,4530,4526,4522,3865,3824,3671
7/8/2019 14:30,688,723,792,4525,4515,4506,3837,3792,3714
7/8/2019 15:00,701,734,741,4537,4517,4504,3836,3783,3763
7/8/2019 15:30,702,735,806,4562,4538,4507,3860,3803,3701
7/8/2019 16:00,692,729,809,4602,4579,4534,3910,3850,3725
7/8/2019 16:30,671,755,802,4660,4640,4603,3989,3885,3801
7/8/2019 17:00,647,721,723,4723,4708,4689,4076,3987,3966
7/8/2019 17:30,622,732,625,4734,4718,4738,4112,3986,4113
7/8/2019 18:00,577,686,592,4682,4664,4696,4105,3978,4104
7/8/2019 18:30,513,584,582,4589,4573,4595,4076,3989,4013
7/8/2019 19:00,455,544,512,4466,4455,4475,4011,3911,3963
7/8/2019 19:30,404,493,411,4343,4333,4369,3939,3840,3958
7/8/2019 20:00,359,443,331,4240,4228,4284,3881,3785,3953
7/8/2019 20:30,320,390,283,4214,4204,4229,3894,3814,3946
7/8/2019 21:00,286,348,263,4245,4240,4217,3959,3892,3954
7/8/2019 21:30,257,268,236,4199,4193,4297,3942,3925,4061
7/8/2019 22:00,232,240,220,4056,4046,4192,3824,3806,3972
7/8/2019 22:30,212,233,168,3874,3863,3972,3662,3630,3804
7/8/2019 23:00,185,207,144,3663,3662,3735,3478,3455,3591
7/8/2019 23:30,164,138,120,3451,3454,3497,3287,3316,3377
8/8/2019 0:00,143,121,108,3242,3241,3318,3099,3120,3210
8/8/2019 0:30,123,110,104,3091,3088,3183,2968,2978,3079
8/8/2019 1:00,106,96,86,3002,2998,3077,2896,2902,2991
8/8/2019 1:30,93,78,72,2932,2929,3006,2839,2851,2934
8/8/2019 2:00,83,68,69,2874,2872,2950,2791,2804,2881
8/8/2019 2:30,75,53,0,2831,2831,2905,2756,2778,2905
8/8/2019 3:00,69,49,0,2805,2808,2884,2736,2759,2884
8/8/2019 3:30,65,47,0,2790,2795,2879,2725,2748,2879
8/8/2019 4:00,60,43,0,2788,2794,2876,2728,2751,2876
8/8/2019 4:30,55,39,0,2798,2804,2895,2743,2765,2895
8/8/2019 5:00,51,36,0,2826,2832,2940,2775,2796,2940
8/8/2019 5:30,47,34,0,2895,2901,2974,2848,2867,2974
8/8/2019 6:00,44,34,0,3025,3033,3093,2981,2999,3093
8/8/2019 6:30,44,32,0,3271,3278,3291,3227,3246,3291
8/8/2019 7:00,46,37,24,3616,3621,3620,3570,3584,3596
8/8/2019 7:30,52,40,47,3935,3939,3920,3883,3899,3873
8/8/2019 8:00,58,48,27,4193,4198,4194,4135,4150,4167
8/8/2019 8:30,63,58,34,4376,4383,4423,4313,4325,4389
8/8/2019 9:00,72,74,24,4487,4497,4566,4415,4423,4542
8/8/2019 9:30,84,95,0,4545,4556,4635,4461,4461,4635
8/8/2019 10:00,103,123,0,4563,4576,4639,4460,4453,4639
8/8/2019 10:30,128,162,129,4577,4589,4662,4449,4427,4533
8/8/2019 11:00,160,211,172,4594,4605,4671,4434,4394,4499
8/8/2019 11:30,197,273,114,4610,4626,4681,4413,4353,4567
8/8/2019 12:00,249,349,283,4621,4634,4703,4372,4285,4420
8/8/2019 12:30,315,429,368,4606,4616,4696,4291,4187,4328
8/8/2019 13:00,393,533,482,4566,4572,4652,4173,4039,4170
8/8/2019 13:30,483,640,596,4529,4530,4581,4046,3890,3985
8/8/2019 14:00,582,753,713,4501,4500,4560,3919,3747,3847
8/8/2019 14:30,688,858,865,4486,4483,4545,3798,3625,3680
8/8/2019 15:00,783,959,1010,4486,4482,4519,3703,3523,3509
8/8/2019 15:30,866,1026,1166,4506,4498,4513,3640,3472,3347
8/8/2019 16:00,948,1136,1345,4546,4534,4524,3598,3398,3179
8/8/2019 16:30,1030,1249,1561,4602,4587,4590,3572,3338,3029
8/8/2019 17:00,1109,1356,1684,4660,4645,4657,3551,3289,2973
8/8/2019 17:30,1188,1457,1681,4668,4655,4691,3480,3198,3010
8/8/2019 18:00,1274,1580,1763,4621,4611,4637,3347,3031,2874
8/8/2019 18:30,1369,1767,1860,4538,4529,4587,3169,2762,2727
8/8/2019 19:00,1481,1916,1909,4432,4425,4464,2951,2509,2555
8/8/2019 19:30,1610,2117,1965,4328,4332,4370,2718,2215,2405
8/8/2019 20:00,1755,2244,2046,4246,4268,4303,2491,2024,2257
8/8/2019 20:30,1916,2412,2102,4240,4268,4269,2324,1856,2167
8/8/2019 21:00,2041,2498,2258,4284,4304,4288,2243,1806,2030
8/8/2019 21:30,2131,2523,2349,4225,4242,4257,2094,1719,1908
8/8/2019 22:00,2188,2580,2443,4049,4071,4085,1861,1491,1642
8/8/2019 22:30,2211,2597,2497,3855,3878,3855,1644,1281,1358
8/8/2019 23:00,2523,2594,2576,3682,3683,3638,1159,1089,1062
8/8/2019 23:30,2491,2483,2447,3480,3481,3437,989,998,990
9/8/2019 0:00,2448,2451,2285,3281,3278,3195,833,827,910
9/8/2019 0:30,2394,2401,2219,3136,3132,3028,742,731,809
9/8/2019 1:00,2335,2344,2190,3049,3046,2899,714,702,709
9/8/2019 1:30,2270,2278,2163,2982,2981,2831,712,703,668
9/8/2019 2:00,2228,2235,2159,2925,2927,2818,697,692,659
9/8/2019 2:30,2207,2233,1962,2885,2886,2740,678,653,778
9/8/2019 3:00,2205,2232,1844,2861,2860,2698,656,628,854
9/8/2019 3:30,2222,2353,1656,2852,2851,2700,630,498,1044
9/8/2019 4:00,2190,2322,1714,2857,2856,2701,667,534,987
9/8/2019 4:30,2110,2247,1669,2870,2870,2720,760,623,1051
9/8/2019 5:00,2043,2166,1761,2898,2898,2808,855,732,1047
9/8/2019 5:30,1987,2060,1634,2970,2972,2874,983,912,1240
9/8/2019 6:00,1961,2038,1631,3104,3107,3007,1143,1069,1376
9/8/2019 6:30,1966,1964,1727,3342,3347,3239,1376,1383,1512
9/8/2019 7:00,1964,1997,1738,3670,3673,3538,1706,1676,1800
9/8/2019 7:30,1956,1815,1820,3984,3986,3863,2028,2171,2043
9/8/2019 8:00,1937,1789,1923,4250,4249,4149,2313,2460,2226
9/8/2019 8:30,1907,1768,1937,4434,4435,4380,2527,2667,2443
9/8/2019 9:00,1889,1720,2036,4536,4543,4544,2647,2823,2508
9/8/2019 9:30,1883,1657,1950,4597,4606,4591,2714,2949,2641
9/8/2019 10:00,1893,1642,1851,4628,4634,4571,2735,2992,2720
9/8/2019 10:30,1919,1646,1769,4643,4648,4567,2724,3002,2798
9/8/2019 11:00,1950,1664,1810,4648,4654,4588,2698,2990,2778
9/8/2019 11:30,1986,1662,1904,4657,4661,4629,2671,2999,2725
9/8/2019 12:00,1998,1672,1908,4668,4675,4645,2670,3003,2737
9/8/2019 12:30,1986,1850,1849,4653,4664,4636,2667,2814,2787
9/8/2019 13:00,1956,1848,1784,4612,4624,4609,2656,2776,2825
9/8/2019 13:30,1910,1794,1679,4561,4577,4531,2651,2783,2852
9/8/2019 14:00,1835,1753,1571,4512,4529,4487,2677,2776,2916
9/8/2019 14:30,1732,1680,1521,4483,4500,4464,2751,2820,2943
9/8/2019 15:00,1608,1628,1501,4477,4490,4441,2869,2862,2940
9/8/2019 15:30,1463,1521,1404,4481,4493,4440,3018,2972,3036
9/8/2019 16:00,1364,1500,1437,4497,4508,4476,3133,3008,3039
9/8/2019 16:30,1311,1499,1608,4537,4547,4542,3226,3048,2934
9/8/2019 17:00,1304,1519,1647,4592,4598,4606,3288,3079,2959
9/8/2019 17:30,1344,1503,1727,4605,4610,4661,3261,3107,2934
9/8/2019 18:00,1387,1560,1776,4566,4572,4650,3179,3012,2874
9/8/2019 18:30,1431,1653,1787,4485,4493,4583,3054,2840,2796
9/8/2019 19:00,1424,1660,1779,4372,4381,4477,2948,2721,2698
9/8/2019 19:30,1365,1561,1736,4251,4259,4377,2886,2698,2641
9/8/2019 20:00,1320,1535,1613,4146,4151,4253,2826,2616,2640
9/8/2019 20:30,1289,1603,1532,4131,4133,4193,2842,2530,2661
9/8/2019 21:00,1269,1565,1383,4182,4182,4164,2913,2617,2781
9/8/2019 21:30,1258,1544,1284,4140,4134,4125,2882,2590,2841
9/8/2019 22:00,1230,1498,1239,3986,3973,3998,2756,2475,2759
9/8/2019 22:30,1187,1456,1183,3813,3795,3826,2626,2339,2643
9/8/2019 23:00,1219,1412,1163,3625,3626,3629,2406,2214,2466
9/8/2019 23:30,1208,1328,1186,3449,3457,3451,2241,2129,2265
10/8/2019 0:00,1196,1289,1216,3274,3273,3313,2078,1984,2097
10/8/2019 0:30,1184,1196,1260,3134,3131,3189,1950,1935,1929
10/8/2019 1:00,1200,1169,1214,3034,3034,3084,1834,1865,1870
10/8/2019 1:30,1244,1067,1142,2952,2953,2988,1708,1886,1846
10/8/2019 2:00,1293,1060,1157,2884,2885,2933,1591,1825,1776
10/8/2019 2:30,1347,1106,1219,2832,2832,2890,1485,1726,1671
10/8/2019 3:00,1384,1152,1290,2796,2797,2891,1412,1645,1601
10/8/2019 3:30,1405,1148,1229,2775,2775,2871,1370,1627,1642
10/8/2019 4:00,1442,1227,1251,2767,2768,2863,1325,1541,1612
10/8/2019 4:30,1496,1338,1269,2768,2768,2870,1272,1430,1601
10/8/2019 5:00,1536,1420,1351,2777,2778,2868,1241,1358,1517
10/8/2019 5:30,1561,1520,1425,2799,2801,2882,1238,1281,1457
10/8/2019 6:00,1581,1578,1506,2842,2845,2894,1261,1267,1388
10/8/2019 6:30,1595,1705,1586,2937,2942,2991,1342,1237,1405
10/8/2019 7:00,1627,1767,1645,3093,3098,3139,1466,1331,1494
10/8/2019 7:30,1678,1796,1735,3310,3313,3355,1632,1517,1620
10/8/2019 8:00,1716,1843,1790,3569,3568,3598,1853,1725,1808
10/8/2019 8:30,1741,1808,1814,3785,3784,3828,2044,1976,2014
10/8/2019 9:00,1765,1842,1821,3942,3947,4017,2177,2105,2196
10/8/2019 9:30,1789,1831,1847,4056,4060,4160,2267,2229,2313
10/8/2019 10:00,1820,1844,1870,4132,4130,4251,2312,2286,2381
10/8/2019 10:30,1857,1847,1925,4178,4175,4305,2321,2328,2380
10/8/2019 11:00,1889,1866,1982,4198,4201,4326,2309,2335,2344
10/8/2019 11:30,1917,1920,2020,4217,4218,4349,2300,2298,2329
10/8/2019 12:00,1931,1936,2058,4234,4229,4364,2303,2293,2306
10/8/2019 12:30,1930,1947,2101,4222,4213,4363,2292,2266,2262
10/8/2019 13:00,1935,1975,2080,4180,4168,4336,2245,2193,2256
10/8/2019 13:30,1946,2020,2166,4121,4109,4272,2175,2089,2106
10/8/2019 14:00,1966,2050,2155,4058,4046,4181,2092,1996,2026
10/8/2019 14:30,1994,2101,2157,4016,4004,4133,2022,1903,1976
10/8/2019 15:00,2008,2122,2161,4000,3990,4110,1992,1868,1949
10/8/2019 15:30,2010,2124,2190,4002,3998,4091,1992,1874,1901
10/8/2019 16:00,1982,2092,2130,4020,4026,4127,2038,1934,1997
10/8/2019 16:30,1924,2033,2114,4061,4077,4185,2137,2044,2071
10/8/2019 17:00,1892,1965,2109,4116,4141,4262,2224,2176,2153
10/8/2019 17:30,1887,1898,2043,4137,4168,4306,2250,2270,2263
10/8/2019 18:00,1889,1821,1930,4114,4147,4254,2225,2326,2324
10/8/2019 18:30,1899,1738,1827,4053,4083,4188,2154,2345,2361
10/8/2019 19:00,1919,1680,1818,3962,3986,4147,2043,2306,2329
10/8/2019 19:30,1950,1595,1731,3874,3901,4047,1924,2306,2316
10/8/2019 20:00,1954,1568,1675,3807,3845,3944,1853,2277,2269
10/8/2019 20:30,1930,1641,1612,3811,3846,3891,1881,2205,2279
10/8/2019 21:00,1878,1597,1579,3865,3881,3884,1987,2284,2305
10/8/2019 21:30,1799,1396,1517,3831,3841,3882,2032,2445,2365
10/8/2019 22:00,1722,1375,1468,3697,3714,3755,1975,2339,2287
10/8/2019 22:30,1647,1365,1479,3547,3565,3610,1900,2200,2131
10/8/2019 23:00,1306,1360,1528,3415,3416,3423,2109,2056,1895
10/8/2019 23:30,1272,1409,1472,3287,3290,3274,2015,1881,1802
11/8/2019 0:00,1265,1405,1256,3178,3179,3164,1913,1774,1908
11/8/2019 0:30,1285,1422,926,3068,3068,3047,1783,1646,2121
11/8/2019 1:00,1281,1385,771,2955,2956,2930,1674,1571,2159
11/8/2019 1:30,1254,1326,662,2860,2862,2838,1606,1536,2176
11/8/2019 2:00,1221,1292,644,2786,2788,2783,1565,1496,2139
11/8/2019 2:30,1180,1300,622,2729,2732,2728,1549,1432,2106
11/8/2019 3:00,1165,1271,570,2688,2693,2692,1523,1422,2122
11/8/2019 3:30,1175,1109,564,2662,2667,2673,1487,1558,2109
11/8/2019 4:00,1188,1086,539,2647,2652,2659,1459,1566,2120
11/8/2019 4:30,1206,1078,536,2637,2641,2649,1431,1563,2113
11/8/2019 5:00,1223,1090,556,2630,2633,2671,1407,1543,2115
11/8/2019 5:30,1238,853,569,2632,2635,2664,1394,1782,2095
11/8/2019 6:00,1250,908,621,2643,2647,2648,1393,1739,2027
11/8/2019 6:30,1258,927,645,2662,2666,2682,1404,1739,2037
11/8/2019 7:00,1260,966,906,2706,2708,2791,1446,1742,1885
11/8/2019 7:30,1255,950,1077,2844,2844,2929,1589,1894,1852
11/8/2019 8:00,1232,959,1069,3067,3066,3088,1835,2107,2019
11/8/2019 8:30,1191,920,1051,3271,3274,3282,2080,2354,2231
11/8/2019 9:00,1172,919,1041,3434,3445,3473,2262,2526,2432
11/8/2019 9:30,1175,990,1076,3583,3598,3615,2408,2608,2539
11/8/2019 10:00,1160,995,1139,3717,3733,3765,2557,2738,2626
11/8/2019 10:30,1129,1020,1147,3821,3837,3883,2692,2817,2736
11/8/2019 11:00,1114,996,1091,3893,3912,3936,2779,2916,2845
11/8/2019 11:30,1117,1006,1051,3950,3983,3968,2833,2977,2917
11/8/2019 12:00,1122,980,969,3991,4028,4019,2869,3048,3050
11/8/2019 12:30,1131,950,913,3996,4033,4063,2865,3083,3150
11/8/2019 13:00,1143,950,910,3962,3998,4050,2819,3048,3140
11/8/2019 13:30,1160,963,905,3904,3939,4005,2744,2976,3100
11/8/2019 14:00,1177,985,911,3834,3869,3929,2657,2884,3018
11/8/2019 14:30,1194,1013,960,3788,3823,3857,2594,2810,2897
11/8/2019 15:00,1214,1042,954,3771,3803,3813,2557,2761,2859
11/8/2019 15:30,1235,986,956,3771,3799,3789,2536,2813,2833
11/8/2019 16:00,1248,1017,1045,3788,3809,3820,2540,2792,2775
11/8/2019 16:30,1253,1044,1130,3826,3844,3855,2573,2800,2725
11/8/2019 17:00,1247,1075,1134,3879,3897,3881,2632,2822,2747
11/8/2019 17:30,1230,1094,1131,3906,3923,3975,2676,2829,2844
11/8/2019 18:00,1189,1103,1186,3898,3914,3972,2709,2811,2786
11/8/2019 18:30,1124,1095,1163,3859,3876,3924,2735,2781,2761
11/8/2019 19:00,1036,1044,1087,3797,3814,3867,2761,2770,2780
11/8/2019 19:30,923,955,922,3725,3739,3807,2802,2784,2885
11/8/2019 20:00,824,881,819,3666,3675,3783,2842,2794,2964
11/8/2019 20:30,741,849,730,3693,3701,3727,2952,2852,2997
11/8/2019 21:00,671,768,656,3781,3794,3765,3110,3026,3109
11/8/2019 21:30,613,670,595,3757,3775,3837,3144,3105,3242
11/8/2019 22:00,555,601,547,3607,3626,3714,3052,3025,3167
11/8/2019 22:30,497,545,523,3439,3456,3540,2942,2911,3017
11/8/2019 23:00,465,501,483,3291,3291,3361,2826,2790,2878
11/8/2019 23:30,434,409,408,3133,3132,3194,2699,2723,2786
12/8/2019 0:00,412,385,349,2986,2986,3053,2574,2601,2704
12/8/2019 0:30,398,352,327,2868,2869,2942,2470,2517,2615
12/8/2019 1:00,386,335,329,2780,2782,2857,2394,2447,2528
12/8/2019 1:30,376,327,331,2712,2715,2775,2336,2388,2444
12/8/2019 2:00,364,316,319,2661,2664,2732,2297,2348,2413
12/8/2019 2:30,350,306,294,2625,2628,2695,2275,2322,2401
12/8/2019 3:00,340,295,290,2603,2608,2671,2263,2313,2381
12/8/2019 3:30,333,283,308,2595,2602,2660,2262,2319,2352
12/8/2019 4:00,329,274,333,2598,2608,2668,2269,2334,2335
12/8/2019 4:30,328,270,353,2610,2622,2687,2282,2352,2334
12/8/2019 5:00,324,270,377,2642,2654,2749,2318,2384,2372
12/8/2019 5:30,317,279,433,2740,2753,2812,2423,2474,2379
12/8/2019 6:00,316,293,428,2922,2935,2941,2606,2642,2513
12/8/2019 6:30,322,301,426,3203,3218,3117,2881,2917,2691
12/8/2019 7:00,316,321,443,3558,3578,3437,3242,3257,2994
12/8/2019 7:30,298,348,450,3876,3894,3744,3578,3546,3294
12/8/2019 8:00,290,342,368,4127,4138,4036,3837,3796,3668
12/8/2019 8:30,291,353,316,4309,4314,4265,4018,3961,3949
12/8/2019 9:00,296,349,292,4427,4430,4424,4131,4081,4132
12/8/2019 9:30,307,348,316,4496,4498,4489,4189,4150,4173
12/8/2019 10:00,324,364,378,4527,4530,4499,4203,4166,4121
12/8/2019 10:30,350,400,454,4547,4552,4525,4197,4152,4071
12/8/2019 11:00,378,420,529,4565,4569,4566,4187,4149,4037
12/8/2019 11:30,410,403,648,4583,4583,4576,4173,4180,3928
12/8/2019 12:00,438,442,628,4598,4601,4589,4160,4159,3961
12/8/2019 12:30,464,496,671,4586,4595,4612,4122,4099,3941
12/8/2019 13:00,512,554,800,4551,4566,4594,4039,4012,3794
12/8/2019 13:30,585,624,926,4522,4541,4533,3937,3917,3607
12/8/2019 14:00,650,691,870,4507,4526,4523,3857,3835,3653
12/8/2019 14:30,707,790,971,4501,4520,4500,3794,3730,3529
12/8/2019 15:00,774,857,1025,4506,4522,4503,3732,3665,3478
12/8/2019 15:30,852,991,1087,4532,4547,4493,3680,3556,3406
12/8/2019 16:00,897,1023,1168,4581,4594,4561,3684,3571,3393
12/8/2019 16:30,912,1120,1059,4648,4660,4631,3736,3540,3572
12/8/2019 17:00,912,1098,1042,4716,4726,4720,3804,3628,3678
12/8/2019 17:30,900,991,994,4725,4735,4799,3825,3744,3805
12/8/2019 18:00,863,928,894,4667,4677,4710,3804,3749,3816
12/8/2019 18:30,801,885,738,4569,4578,4573,3768,3693,3835
12/8/2019 19:00,734,790,623,4444,4449,4459,3710,3659,3836
12/8/2019 19:30,662,741,547,4318,4323,4340,3656,3582,3793
12/8/2019 20:00,583,648,460,4218,4226,4259,3635,3578,3799
12/8/2019 20:30,499,514,438,4230,4238,4209,3731,3724,3771
12/8/2019 21:00,443,467,458,4318,4320,4272,3875,3853,3814
12/8/2019 21:30,413,453,424,4252,4256,4286,3839,3803,3862
12/8/2019 22:00,392,431,390,4017,4027,4132,3625,3596,3742
12/8/2019 22:30,379,359,375,3775,3785,3903,3396,3426,3528
12/8/2019 23:00,421,345,378,3568,3567,3653,3147,3222,3275
12/8/2019 23:30,407,297,361,3365,3366,3439,2958,3069,3078
13/8/2019 0:00,399,285,335,3182,3182,3267,2783,2897,2932
13/8/2019 0:30,397,325,328,3047,3046,3142,2650,2721,2814
13/8/2019 1:00,396,321,309,2959,2958,3041,2563,2637,2732
13/8/2019 1:30,395,308,307,2890,2890,2964,2495,2582,2657
13/8/2019 2:00,395,311,303,2833,2832,2914,2438,2521,2611
13/8/2019 2:30,394,319,332,2790,2790,2883,2396,2471,2551
13/8/2019 3:00,386,314,322,2764,2764,2860,2378,2450,2538
13/8/2019 3:30,372,281,297,2753,2754,2847,2381,2473,2550
13/8/2019 4:00,362,267,284,2756,2757,2855,2394,2490,2571
13/8/2019 4:30,355,249,282,2767,2769,2861,2412,2520,2579
13/8/2019 5:00,329,228,280,2796,2799,2909,2467,2571,2629
13/8/2019 5:30,285,192,246,2891,2894,2966,2606,2702,2720
13/8/2019 6:00,254,174,207,3067,3069,3093,2813,2895,2886
13/8/2019 6:30,235,183,174,3333,3417,3291,3098,3234,3117
13/8/2019 7:00,210,166,161,3668,3733,3615,3458,3567,3454
13/8/2019 7:30,180,149,131,3977,4205,3927,3797,4056,3796
13/8/2019 8:00,156,136,95,4231,4374,4234,4075,4238,4139
13/8/2019 8:30,140,141,75,4408,4487,4449,4268,4346,4374
13/8/2019 9:00,131,140,80,4509,4554,4588,4378,4414,4508
13/8/2019 9:30,130,125,113,4560,4588,4641,4430,4463,4528
13/8/2019 10:00,129,131,142,4575,4599,4632,4446,4468,4490
13/8/2019 10:30,128,146,145,4586,4607,4658,4458,4461,4513
13/8/2019 11:00,136,158,164,4599,4616,4681,4463,4458,4517
13/8/2019 11:30,154,148,210,4613,4624,4682,4459,4476,4472
13/8/2019 12:00,173,171,223,4620,4634,4698,4447,4463,4475
13/8/2019 12:30,196,198,259,4604,4621,4721,4408,4423,4462
13/8/2019 13:00,217,224,296,4566,4586,4681,4349,4362,4385
13/8/2019 13:30,238,264,308,4534,4556,4604,4296,4292,4296
13/8/2019 14:00,254,284,299,4514,4537,4580,4260,4253,4281
13/8/2019 14:30,267,309,281,4505,4527,4575,4238,4218,4294
13/8/2019 15:00,278,312,299,4509,4528,4582,4231,4216,4283
13/8/2019 15:30,288,268,311,4536,4551,4600,4248,4283,4289
13/8/2019 16:00,294,256,257,4585,4600,4639,4291,4344,4382
13/8/2019 16:30,296,258,250,4650,4665,4738,4354,4407,4488
13/8/2019 17:00,300,240,261,4714,4732,4829,4414,4492,4568
13/8/2019 17:30,307,208,269,4725,4738,4896,4418,4530,4627
13/8/2019 18:00,323,199,232,4673,4679,4846,4350,4480,4614
13/8/2019 18:30,349,212,209,4586,4592,4743,4237,4380,4534
13/8/2019 19:00,384,226,224,4475,4494,4611,4091,4268,4387
13/8/2019 19:30,428,227,256,4367,4401,4524,3939,4174,4268
13/8/2019 20:00,478,257,289,4285,4332,4395,3807,4075,4106
13/8/2019 20:30,533,310,335,4301,4339,4380,3768,4029,4045
13/8/2019 21:00,601,358,368,4380,4392,4419,3779,4034,4051
13/8/2019 21:30,682,385,453,4316,4320,4392,3634,3935,3939
13/8/2019 22:00,755,449,528,4095,4112,4197,3340,3663,3669
13/8/2019 22:30,822,520,587,3868,3892,3951,3046,3372,3364
13/8/2019 23:00,816,581,615,3685,3687,3713,2869,3106,3098
13/8/2019 23:30,859,636,696,3475,3489,3486,2616,2853,2790
14/8/2019 0:00,881,661,746,3268,3280,3309,2387,2619,2563
14/8/2019 0:30,883,682,801,3121,3131,3188,2238,2449,2387
14/8/2019 1:00,866,669,851,3036,3046,3087,2170,2377,2236
14/8/2019 1:30,830,651,743,2969,2978,3008,2139,2327,2265
14/8/2019 2:00,789,620,668,2909,2918,2966,2120,2298,2298
14/8/2019 2:30,742,603,612,2868,2877,2923,2126,2274,2311
14/8/2019 3:00,694,568,546,2845,2854,2893,2151,2286,2347
14/8/2019 3:30,645,528,516,2836,2845,2895,2191,2317,2379
14/8/2019 4:00,598,507,492,2837,2847,2899,2239,2340,2407
14/8/2019 4:30,554,492,437,2844,2854,2907,2290,2362,2470
14/8/2019 5:00,507,475,402,2869,2880,2965,2362,2405,2563
14/8/2019 5:30,457,461,393,2966,2979,3042,2509,2518,2649
14/8/2019 6:00,415,446,348,3148,3163,3200,2733,2717,2852
14/8/2019 6:30,379,429,350,3407,3419,3367,3028,2990,3017
14/8/2019 7:00,351,430,409,3725,3728,3684,3374,3298,3275
14/8/2019 7:30,331,373,433,4031,4032,3993,3700,3659,3560
14/8/2019 8:00,330,389,481,4297,4303,4301,3967,3914,3820
14/8/2019 8:30,349,392,477,4481,4491,4525,4132,4099,4048
14/8/2019 9:00,383,428,482,4582,4596,4687,4199,4168,4205
14/8/2019 9:30,432,557,483,4644,4658,4758,4212,4101,4275
14/8/2019 10:00,476,618,513,4681,4689,4749,4205,4071,4236
14/8/2019 10:30,517,725,603,4702,4710,4788,4185,3985,4185
14/8/2019 11:00,570,796,702,4713,4725,4812,4143,3929,4110
14/8/2019 11:30,636,888,863,4726,4762,4835,4090,3874,3972
14/8/2019 12:00,710,959,961,4738,4779,4850,4028,3820,3889
14/8/2019 12:30,792,1026,1075,4726,4769,4864,3934,3743,3789
14/8/2019 13:00,881,1140,1302,4691,4732,4817,3810,3592,3515
14/8/2019 13:30,978,1190,1443,4656,4697,4737,3678,3507,3294
14/8/2019 14:00,1089,1317,1445,4630,4671,4677,3541,3354,3232
14/8/2019 14:30,1215,1418,1526,4619,4658,4686,3404,3240,3160
14/8/2019 15:00,1346,1562,1665,4623,4659,4672,3277,3097,3007
14/8/2019 15:30,1482,1910,1863,4645,4679,4686,3163,2769,2823
14/8/2019 16:00,1587,2021,2083,4686,4717,4707,3099,2696,2624
14/8/2019 16:30,1660,2123,2317,4744,4775,4822,3084,2652,2505
14/8/2019 17:00,1733,2198,2426,4806,4840,4917,3073,2642,2491
14/8/2019 17:30,1805,2197,2401,4815,4852,4941,3010,2655,2540
14/8/2019 18:00,1860,2246,2369,4763,4799,4877,2903,2553,2508
14/8/2019 18:30,1898,2289,2292,4668,4702,4743,2770,2413,2451
14/8/2019 19:00,1909,2335,2303,4545,4571,4624,2636,2236,2321
14/8/2019 19:30,1891,2438,2357,4426,4446,4513,2535,2008,2156
14/8/2019 20:00,1899,2476,2326,4337,4353,4416,2438,1877,2090
14/8/2019 20:30,1934,2607,2351,4343,4357,4366,2409,1750,2015
14/8/2019 21:00,1938,2625,2379,4414,4425,4411,2476,1800,2032
14/8/2019 21:30,1910,2534,2368,4351,4360,4369,2441,1826,2001
14/8/2019 22:00,1890,2530,2479,4142,4151,4201,2252,1621,1722
14/8/2019 22:30,1880,2464,2487,3925,3929,3944,2045,1465,1457
14/8/2019 23:00,2296,2448,2411,3725,3725,3717,1429,1277,1306
14/8/2019 23:30,2237,2401,2426,3513,3515,3515,1276,1114,1089
15/8/2019 0:00,2192,2379,2423,3302,3303,3308,1110,924,885
15/8/2019 0:30,2163,2334,2315,3153,3152,3163,990,818,848
15/8/2019 1:00,2131,2306,2195,3069,3068,3053,938,762,858
15/8/2019 1:30,2098,2294,2123,3002,3000,2978,904,706,855
15/8/2019 2:00,2054,2253,2067,2943,2940,2916,889,687,849
15/8/2019 2:30,1999,2194,2091,2900,2898,2867,901,704,776
15/8/2019 3:00,1940,2139,2020,2876,2873,2831,936,734,811
15/8/2019 3:30,1879,1970,1903,2866,2863,2815,987,893,912
15/8/2019 4:00,1799,1873,1693,2867,2863,2782,1068,990,1089
15/8/2019 4:30,1699,1764,1575,2874,2869,2767,1175,1105,1192
15/8/2019 5:00,1580,1646,1552,2897,2892,2842,1317,1246,1290
15/8/2019 5:30,1440,1459,1506,2990,2984,2917,1550,1525,1411
15/8/2019 6:00,1316,1344,1407,3164,3157,3038,1848,1813,1631
15/8/2019 6:30,1209,1268,1333,3415,3403,3244,2206,2135,1911
15/8/2019 7:00,1130,1186,1232,3724,3707,3574,2594,2521,2342
15/8/2019 7:30,1078,1076,1099,4028,4007,3913,2950,2931,2814
15/8/2019 8:00,1039,1065,1033,4298,4275,4214,3259,3210,3181
15/8/2019 8:30,1013,1079,1053,4480,4457,4427,3467,3378,3374
15/8/2019 9:00,1000,1070,1105,4570,4551,4571,3570,3481,3466
15/8/2019 9:30,1000,1021,1067,4618,4598,4588,3618,3577,3521
15/8/2019 10:00,1019,989,1058,4640,4612,4595,3621,3623,3537
15/8/2019 10:30,1056,981,1013,4650,4619,4594,3594,3638,3581
15/8/2019 11:00,1070,954,1007,4655,4626,4615,3585,3672,3608
15/8/2019 11:30,1063,895,994,4664,4644,4625,3601,3749,3631
15/8/2019 12:00,1066,895,996,4675,4659,4637,3609,3764,3641
15/8/2019 12:30,1079,926,1083,4663,4648,4641,3584,3722,3558
15/8/2019 13:00,1100,928,1032,4628,4611,4599,3528,3683,3567
15/8/2019 13:30,1128,947,1069,4596,4578,4542,3468,3631,3473
15/8/2019 14:00,1153,955,1155,4575,4556,4557,3422,3601,3402
15/8/2019 14:30,1173,972,1134,4567,4548,4538,3394,3576,3404
15/8/2019 15:00,1181,974,1048,4572,4556,4509,3391,3582,3461
15/8/2019 15:30,1176,984,1091,4596,4583,4524,3420,3599,3433
15/8/2019 16:00,1168,984,1195,4639,4631,4586,3471,3647,3391
15/8/2019 16:30,1154,990,1133,4701,4699,4646,3547,3709,3513
15/8/2019 17:00,1150,995,1092,4768,4772,4715,3618,3777,3623
15/8/2019 17:30,1153,1083,1069,4783,4789,4762,3630,3706,3693
15/8/2019 18:00,1139,1088,1178,4736,4740,4735,3597,3652,3557
15/8/2019 18:30,1106,1048,1271,4645,4648,4635,3539,3600,3364
15/8/2019 19:00,1086,1091,1266,4523,4525,4523,3437,3434,3257
15/8/2019 19:30,1077,1237,1275,4413,4416,4433,3336,3179,3158
15/8/2019 20:00,1096,1283,1294,4338,4341,4362,3242,3058,3068
15/8/2019 20:30,1142,1317,1395,4350,4352,4311,3208,3035,2916
15/8/2019 21:00,1220,1416,1598,4416,4414,4367,3196,2998,2769
15/8/2019 21:30,1331,1557,1778,4350,4346,4323,3019,2789,2545
15/8/2019 22:00,1451,1680,1946,4140,4137,4146,2689,2457,2200
15/8/2019 22:30,1581,1809,2069,3926,3921,3932,2345,2112,1863
15/8/2019 23:00,1931,1910,2183,3728,3726,3723,1797,1816,1540
15/8/2019 23:30,2014,2005,2035,3520,3520,3510,1506,1515,1475
16/8/2019 0:00,2110,2114,1937,3308,3306,3332,1198,1192,1395
16/8/2019 0:30,2220,2299,2065,3157,3155,3236,937,856,1171
16/8/2019 1:00,2312,2382,2111,3072,3071,3118,760,689,1007
16/8/2019 1:30,2384,2502,2150,3005,3005,3035,621,503,885
16/8/2019 2:00,2433,2531,2279,2947,2947,2983,514,416,704
16/8/2019 2:30,2459,2539,2271,2904,2906,2934,445,367,663
16/8/2019 3:00,2473,2536,2209,2878,2880,2896,405,344,687
16/8/2019 3:30,2476,2449,2219,2863,2864,2874,387,415,655
16/8/2019 4:00,2481,2465,2190,2858,2857,2852,377,392,662
16/8/2019 4:30,2489,2482,2203,2864,2863,2857,375,381,654
16/8/2019 5:00,2501,2505,2217,2892,2893,2909,391,388,692
16/8/2019 5:30,2518,2467,2216,2985,2984,2962,467,517,746
16/8/2019 6:00,2529,2487,2275,3152,3151,3119,623,664,844
16/8/2019 6:30,2536,2464,2279,3399,3399,3272,863,935,993
16/8/2019 7:00,2539,2473,2366,3707,3709,3585,1168,1236,1219
16/8/2019 7:30,2538,2450,2494,4000,4001,3891,1462,1551,1397
16/8/2019 8:00,2520,2440,2511,4252,4249,4187,1732,1809,1676
16/8/2019 8:30,2485,2386,2367,4433,4429,4401,1948,2043,2034
16/8/2019 9:00,2428,2350,2175,4543,4543,4514,2115,2193,2339
16/8/2019 9:30,2349,2328,2080,4617,4619,4619,2268,2291,2539
16/8/2019 10:00,2297,2281,2050,4665,4667,4637,2368,2386,2587
16/8/2019 10:30,2272,2243,2043,4695,4697,4650,2423,2454,2607
16/8/2019 11:00,2254,2215,1983,4712,4714,4647,2458,2499,2664
16/8/2019 11:30,2245,2257,2099,4726,4718,4645,2481,2461,2546
16/8/2019 12:00,2240,2255,2206,4734,4720,4683,2494,2465,2477
16/8/2019 12:30,2240,2136,2343,4713,4696,4698,2473,2560,2355
16/8/2019 13:00,2224,2160,2332,4663,4645,4655,2439,2485,2323
16/8/2019 13:30,2191,2130,2364,4600,4586,4579,2409,2456,2215
16/8/2019 14:00,2182,2116,2474,4536,4529,4576,2354,2413,2102
16/8/2019 14:30,2196,2107,2505,4497,4492,4562,2301,2385,2057
16/8/2019 15:00,2213,2093,2582,4488,4482,4535,2275,2389,1953
16/8/2019 15:30,2235,2280,2523,4493,4486,4521,2258,2206,1998
16/8/2019 16:00,2243,2283,2550,4513,4506,4520,2270,2223,1970
16/8/2019 16:30,2237,2341,2572,4559,4548,4581,2322,2207,2009
16/8/2019 17:00,2235,2324,2535,4620,4601,4632,2385,2277,2097
16/8/2019 17:30,2240,2337,2494,4634,4611,4670,2394,2274,2176
16/8/2019 18:00,2233,2302,2390,4592,4568,4640,2359,2266,2250
16/8/2019 18:30,2216,2314,2383,4508,4486,4522,2292,2172,2139
16/8/2019 19:00,2205,2257,2333,4394,4376,4409,2189,2119,2076
16/8/2019 19:30,2200,2217,2314,4275,4265,4312,2075,2048,1998
16/8/2019 20:00,2205,2175,2337,4177,4179,4233,1972,2004,1896
16/8/2019 20:30,2221,2146,2248,4180,4180,4185,1959,2034,1937
16/8/2019 21:00,2233,2146,2194,4252,4243,4249,2019,2097,2055
16/8/2019 21:30,2241,2167,2213,4200,4187,4215,1959,2020,2002
16/8/2019 22:00,2248,2151,2149,4006,4001,4034,1758,1850,1885
16/8/2019 22:30,2257,2142,2144,3811,3810,3816,1554,1668,1672
16/8/2019 23:00,2258,2160,2238,3644,3644,3666,1386,1484,1428
16/8/2019 23:30,2292,2237,2239,3478,3480,3504,1186,1243,1265
17/8/2019 0:00,2315,2252,2270,3314,3314,3336,999,1062,1066
17/8/2019 0:30,2328,2211,2049,3179,3177,3159,851,966,1110
17/8/2019 1:00,2292,2188,2030,3076,3073,3046,784,885,1016
17/8/2019 1:30,2208,2136,1932,2986,2984,2967,778,848,1035
17/8/2019 2:00,2160,2057,1845,2908,2907,2917,748,850,1072
17/8/2019 2:30,2148,1974,1835,2848,2847,2852,700,873,1017
17/8/2019 3:00,2129,1871,1716,2806,2805,2787,677,934,1071
17/8/2019 3:30,2102,1755,1681,2779,2777,2787,677,1022,1106
17/8/2019 4:00,2078,1694,1661,2764,2761,2764,686,1067,1103
17/8/2019 4:30,2056,1691,1678,2763,2761,2751,707,1070,1073
17/8/2019 5:00,2046,1698,1672,2775,2775,2752,729,1077,1080
17/8/2019 5:30,2049,1602,1713,2800,2801,2785,751,1199,1072
17/8/2019 6:00,2075,1672,1600,2844,2845,2815,769,1173,1215
17/8/2019 6:30,2126,1799,1503,2933,2933,2869,807,1134,1366
17/8/2019 7:00,2184,1902,1618,3076,3077,3043,892,1175,1425
17/8/2019 7:30,2249,2030,1894,3297,3298,3254,1048,1268,1360
17/8/2019 8:00,2327,2129,1899,3571,3576,3471,1244,1447,1572
17/8/2019 8:30,2417,2242,2052,3787,3795,3700,1370,1553,1648
17/8/2019 9:00,2496,2346,2180,3927,3936,3876,1431,1590,1696
17/8/2019 9:30,2563,2365,2317,4031,4041,4000,1468,1676,1683
17/8/2019 10:00,2626,2444,2414,4109,4116,4059,1483,1672,1645
17/8/2019 10:30,2686,2380,2457,4154,4157,4087,1468,1777,1630
17/8/2019 11:00,2726,2449,2477,4169,4167,4101,1443,1718,1624
17/8/2019 11:30,2745,2539,2366,4176,4183,4107,1431,1644,1741
17/8/2019 12:00,2753,2581,2396,4177,4192,4104,1424,1611,1708
17/8/2019 12:30,2751,2637,2424,4155,4173,4105,1404,1536,1681
17/8/2019 13:00,2757,2681,2558,4108,4124,4060,1351,1443,1502
17/8/2019 13:30,2772,2778,2543,4048,4063,4007,1276,1285,1464
17/8/2019 14:00,2781,2814,2597,3982,4001,3928,1201,1187,1331
17/8/2019 14:30,2783,2812,2568,3941,3961,3908,1158,1149,1340
17/8/2019 15:00,2793,2823,2447,3928,3948,3862,1135,1125,1415
17/8/2019 15:30,2810,2706,2427,3933,3951,3847,1123,1245,1420
17/8/2019 16:00,2798,2705,2563,3957,3972,3879,1159,1267,1316
17/8/2019 16:30,2757,2692,2711,4007,4020,3961,1250,1328,1250
17/8/2019 17:00,2713,2665,2756,4073,4086,4028,1360,1421,1272
17/8/2019 17:30,2665,2621,2786,4103,4114,4102,1438,1493,1316
17/8/2019 18:00,2608,2574,2662,4084,4093,4074,1476,1519,1412
17/8/2019 18:30,2542,2444,2653,4030,4036,4042,1488,1592,1389
17/8/2019 19:00,2487,2407,2558,3950,3951,3964,1463,1544,1406
17/8/2019 19:30,2442,2358,2428,3867,3866,3863,1425,1508,1435
17/8/2019 20:00,2405,2329,2367,3805,3803,3811,1400,1474,1444
17/8/2019 20:30,2375,2375,2281,3829,3830,3752,1454,1455,1471
17/8/2019 21:00,2359,2348,2289,3910,3915,3821,1551,1567,1532
17/8/2019 21:30,2358,2325,2276,3873,3878,3805,1515,1553,1529
17/8/2019 22:00,2361,2301,2280,3704,3709,3647,1343,1408,1367
17/8/2019 22:30,2369,2263,2176,3530,3534,3488,1161,1271,1312
17/8/2019 23:00,2333,2236,2167,3391,3387,3343,1058,1151,1176
17/8/2019 23:30,2304,2189,2050,3264,3266,3203,960,1077,1153
18/8/2019 0:00,2282,2166,1940,3152,3153,3057,870,987,1117
18/8/2019 0:30,2265,2135,1865,3039,3040,2922,774,905,1057
18/8/2019 1:00,2253,2120,1845,2927,2926,2816,674,806,971
18/8/2019 1:30,2245,2119,1874,2831,2830,2753,586,711,879
18/8/2019 2:00,2233,2113,1873,2755,2753,2707,522,640,834
18/8/2019 2:30,2219,2109,1809,2697,2695,2661,478,586,852
18/8/2019 3:00,2175,2108,1756,2657,2654,2608,482,546,852
18/8/2019 3:30,2100,2042,1646,2631,2629,2574,531,587,928
18/8/2019 4:00,2067,2023,1754,2618,2615,2571,551,592,817
18/8/2019 4:30,2076,2013,1879,2609,2606,2615,533,593,736
18/8/2019 5:00,2068,2008,1860,2607,2604,2620,539,596,760
18/8/2019 5:30,2043,1939,1811,2626,2621,2601,583,682,790
18/8/2019 6:00,2043,1968,1765,2661,2654,2618,618,686,853
18/8/2019 6:30,2066,1955,1578,2683,2679,2632,617,724,1054
18/8/2019 7:00,2076,1995,1565,2714,2714,2756,638,719,1191
18/8/2019 7:30,2072,2001,1810,2862,2859,2894,790,858,1084
18/8/2019 8:00,2079,2026,1883,3122,3110,3067,1043,1084,1184
18/8/2019 8:30,2096,2066,2082,3357,3344,3253,1261,1278,1171
18/8/2019 9:00,2117,2089,2168,3536,3532,3442,1419,1443,1274
18/8/2019 9:30,2142,2045,2213,3676,3671,3605,1534,1626,1392
18/8/2019 10:00,2174,2074,2314,3784,3770,3750,1610,1696,1436
18/8/2019 10:30,2214,1956,2491,3877,3858,3875,1663,1902,1384
18/8/2019 11:00,2227,2001,2398,3955,3941,3925,1728,1940,1527
18/8/2019 11:30,2213,2138,2379,4016,4012,3996,1803,1874,1617
18/8/2019 12:00,2206,2160,2326,4054,4046,4077,1848,1886,1751
18/8/2019 12:30,2205,2265,2049,4055,4046,4116,1850,1781,2067
18/8/2019 13:00,2199,2249,1931,4018,4011,4069,1819,1762,2138
18/8/2019 13:30,2187,2312,1804,3961,3952,3991,1774,1640,2187
18/8/2019 14:00,2174,2264,1545,3895,3882,3883,1721,1618,2338
18/8/2019 14:30,2160,2213,1364,3853,3837,3811,1693,1624,2447
18/8/2019 15:00,2153,2171,1452,3839,3823,3780,1686,1652,2328
18/8/2019 15:30,2153,1994,1650,3840,3824,3761,1687,1830,2111
18/8/2019 16:00,2152,1978,1950,3855,3842,3792,1703,1864,1842
18/8/2019 16:30,2150,1963,2185,3901,3887,3829,1751,1924,1644
18/8/2019 17:00,2144,1946,2110,3967,3952,3908,1823,2006,1798
18/8/2019 17:30,2133,1743,2088,4001,3986,4061,1868,2243,1973
18/8/2019 18:00,2103,1738,2031,3992,3980,4044,1889,2242,2013
18/8/2019 18:30,2056,1612,1976,3954,3944,4004,1898,2332,2028
18/8/2019 19:00,1994,1616,1875,3894,3886,3948,1900,2270,2073
18/8/2019 19:30,1918,1759,1782,3834,3826,3884,1916,2067,2102
18/8/2019 20:00,1838,1717,1648,3793,3783,3843,1955,2066,2195
18/8/2019 20:30,1755,1774,1546,3826,3812,3853,2071,2038,2307
18/8/2019 21:00,1684,1719,1550,3905,3885,3940,2221,2166,2390
18/8/2019 21:30,1627,1646,1483,3863,3842,3889,2236,2196,2406
18/8/2019 22:00,1576,1591,1467,3690,3673,3728,2114,2082,2261
18/8/2019 22:30,1532,1536,1332,3513,3498,3560,1981,1962,2228
18/8/2019 23:00,1430,1481,1250,3348,3345,3366,1918,1864,2116
18/8/2019 23:30,1401,1356,1205,3186,3193,3220,1785,1837,2015
19/8/2019 0:00,1383,1321,1209,3019,3023,3084,1636,1702,1875
19/8/2019 0:30,1377,1280,1046,2893,2896,2941,1516,1616,1895
19/8/2019 1:00,1376,1269,1023,2812,2815,2836,1436,1546,1813
19/8/2019 1:30,1380,1243,1010,2752,2753,2751,1372,1510,1741
19/8/2019 2:00,1384,1267,971,2706,2707,2730,1322,1440,1759
19/8/2019 2:30,1385,1255,927,2671,2671,2693,1286,1416,1766
19/8/2019 3:00,1380,1268,936,2648,2646,2677,1268,1378,1741
19/8/2019 3:30,1369,1277,908,2640,2637,2654,1271,1360,1746
19/8/2019 4:00,1351,1293,990,2645,2643,2652,1294,1350,1662
19/8/2019 4:30,1329,1299,1094,2656,2653,2682,1327,1354,1588
19/8/2019 5:00,1309,1277,1269,2684,2683,2717,1375,1406,1448
19/8/2019 5:30,1291,1150,1210,2789,2789,2788,1498,1639,1578
19/8/2019 6:00,1279,1122,1176,2983,2984,2948,1704,1862,1772
19/8/2019 6:30,1273,1042,1211,3256,3257,3125,1983,2215,1914
19/8/2019 7:00,1252,1043,1229,3586,3588,3441,2334,2545,2212
19/8/2019 7:30,1216,1002,1145,3903,3905,3731,2687,2903,2586
19/8/2019 8:00,1204,1038,1062,4176,4179,4024,2972,3141,2962
19/8/2019 8:30,1216,1174,1045,4367,4366,4251,3151,3192,3206
19/8/2019 9:00,1241,1206,1067,4473,4468,4368,3232,3262,3301
19/8/2019 9:30,1277,1192,1213,4537,4532,4419,3260,3340,3206
19/8/2019 10:00,1324,1262,1327,4573,4575,4426,3249,3313,3099
19/8/2019 10:30,1380,1395,1456,4594,4601,4459,3214,3206,3003
19/8/2019 11:00,1442,1459,1568,4607,4616,4493,3165,3157,2925
19/8/2019 11:30,1508,1451,1693,4622,4630,4511,3114,3179,2818
19/8/2019 12:00,1576,1522,1750,4637,4650,4499,3061,3128,2749
19/8/2019 12:30,1645,1608,1850,4625,4641,4557,2980,3033,2707
19/8/2019 13:00,1714,1694,1863,4589,4604,4516,2875,2910,2653
19/8/2019 13:30,1784,1830,1870,4559,4574,4476,2775,2744,2606
19/8/2019 14:00,1835,1893,1957,4543,4556,4456,2708,2663,2499
19/8/2019 14:30,1867,1972,1894,4535,4546,4444,2668,2574,2550
19/8/2019 15:00,1921,2011,2106,4538,4544,4464,2617,2533,2358
19/8/2019 15:30,1999,2166,2274,4561,4562,4495,2562,2396,2221
19/8/2019 16:00,2043,2163,2281,4609,4604,4472,2566,2441,2191
19/8/2019 16:30,2055,2148,2191,4674,4669,4565,2619,2521,2374
19/8/2019 17:00,2033,2122,2226,4743,4743,4677,2710,2621,2451
19/8/2019 17:30,1977,2035,2093,4757,4763,4712,2780,2728,2619
19/8/2019 18:00,1897,1976,1901,4707,4716,4641,2810,2740,2740
19/8/2019 18:30,1792,1917,1857,4608,4618,4522,2816,2701,2665
19/8/2019 19:00,1680,1833,1698,4476,4485,4399,2796,2652,2701
19/8/2019 19:30,1560,1812,1459,4361,4372,4308,2801,2560,2849
19/8/2019 20:00,1435,1692,1429,4288,4299,4214,2853,2607,2785
19/8/2019 20:30,1304,1547,1399,4301,4312,4197,2997,2765,2798
19/8/2019 21:00,1175,1421,1274,4362,4370,4327,3187,2949,3053
19/8/2019 21:30,1050,1255,1218,4279,4286,4259,3229,3031,3041
19/8/2019 22:00,956,1175,1153,4040,4048,4074,3084,2873,2921
19/8/2019 22:30,891,1107,1091,3798,3800,3839,2907,2693,2748
19/8/2019 23:00,1025,1047,998,3579,3578,3590,2554,2531,2592
19/8/2019 23:30,973,930,970,3376,3373,3369,2403,2443,2399
20/8/2019 0:00,926,900,953,3197,3194,3206,2271,2294,2253
20/8/2019 0:30,885,889,890,3061,3059,3082,2176,2170,2192
20/8/2019 1:00,858,865,858,2970,2968,2986,2112,2103,2128
20/8/2019 1:30,846,860,863,2900,2899,2901,2054,2039,2038
20/8/2019 2:00,829,853,845,2847,2845,2859,2018,1992,2014
20/8/2019 2:30,807,810,836,2807,2805,2833,2000,1995,1997
20/8/2019 3:00,775,785,843,2780,2778,2817,2005,1993,1974
20/8/2019 3:30,731,740,863,2769,2767,2822,2038,2027,1959
20/8/2019 4:00,699,713,792,2771,2769,2820,2072,2056,2028
20/8/2019 4:30,680,668,782,2783,2781,2839,2103,2113,2057
20/8/2019 5:00,657,658,745,2817,2815,2905,2160,2157,2160
20/8/2019 5:30,633,657,690,2923,2921,2964,2290,2264,2274
20/8/2019 6:00,606,654,651,3112,3110,3123,2506,2456,2472
20/8/2019 6:30,579,677,658,3378,3374,3293,2799,2697,2635
20/8/2019 7:00,543,662,603,3700,3692,3597,3157,3030,2994
20/8/2019 7:30,501,661,573,4004,3995,3890,3503,3334,3317
20/8/2019 8:00,473,647,567,4264,4258,4183,3791,3611,3616
20/8/2019 8:30,461,639,548,4439,4437,4398,3978,3798,3850
20/8/2019 9:00,478,630,562,4533,4534,4557,4055,3904,3995
20/8/2019 9:30,526,629,607,4590,4587,4632,4064,3958,4025
20/8/2019 10:00,563,640,668,4624,4612,4615,4061,3972,3947
20/8/2019 10:30,588,630,767,4644,4626,4657,4056,3996,3890
20/8/2019 11:00,623,649,839,4656,4637,4688,4033,3988,3849
20/8/2019 11:30,667,683,881,4673,4644,4696,4006,3961,3815
20/8/2019 12:00,723,736,970,4691,4656,4711,3968,3920,3741
20/8/2019 12:30,789,804,1078,4683,4647,4758,3894,3843,3680
20/8/2019 13:00,849,859,1079,4651,4619,4719,3802,3760,3640
20/8/2019 13:30,905,925,1099,4628,4597,4655,3723,3672,3556
20/8/2019 14:00,956,948,1155,4621,4587,4654,3665,3639,3499
20/8/2019 14:30,1003,1011,1161,4617,4585,4633,3614,3574,3472
20/8/2019 15:00,1031,1011,1138,4618,4593,4601,3587,3582,3463
20/8/2019 15:30,1042,1002,1172,4643,4620,4608,3601,3618,3436
20/8/2019 16:00,1032,998,1197,4694,4668,4655,3662,3670,3458
20/8/2019 16:30,1000,978,1090,4767,4738,4664,3767,3760,3574
20/8/2019 17:00,981,961,1234,4844,4815,4838,3863,3854,3604
20/8/2019 17:30,975,977,1243,4861,4830,4886,3886,3853,3643
20/8/2019 18:00,963,971,1166,4808,4777,4837,3845,3806,3671
20/8/2019 18:30,945,981,1088,4713,4682,4704,3768,3701,3616
20/8/2019 19:00,907,945,999,4593,4561,4590,3686,3616,3591
20/8/2019 19:30,848,952,860,4492,4457,4497,3644,3505,3637
20/8/2019 20:00,792,874,812,4428,4391,4422,3636,3517,3610
20/8/2019 20:30,739,829,687,4432,4401,4408,3693,3572,3721
20/8/2019 21:00,699,763,666,4472,4452,4530,3773,3689,3864
20/8/2019 21:30,671,668,632,4382,4369,4429,3711,3701,3797
20/8/2019 22:00,662,633,655,4152,4145,4208,3490,3512,3553
20/8/2019 22:30,670,588,642,3915,3909,3951,3245,3321,3309
20/8/2019 23:00,642,604,646,3693,3694,3693,3051,3090,3047
20/8/2019 23:30,670,591,687,3480,3485,3484,2810,2894,2797
21/8/2019 0:00,704,641,717,3276,3278,3299,2572,2637,2582
21/8/2019 0:30,744,712,738,3131,3131,3169,2387,2419,2431
21/8/2019 1:00,795,760,823,3045,3046,3043,2250,2286,2220
21/8/2019 1:30,855,842,890,2978,2979,2975,2123,2137,2085
21/8/2019 2:00,914,886,954,2922,2922,2909,2008,2036,1955
21/8/2019 2:30,974,917,1005,2883,2883,2851,1909,1966,1846
21/8/2019 3:00,1036,981,1061,2864,2863,2835,1828,1882,1774
21/8/2019 3:30,1099,1058,1170,2856,2856,2833,1757,1798,1663
21/8/2019 4:00,1175,1134,1289,2859,2858,2838,1684,1724,1549
21/8/2019 4:30,1265,1214,1454,2870,2868,2854,1605,1654,1400
21/8/2019 5:00,1356,1299,1573,2900,2897,2900,1544,1598,1327
21/8/2019 5:30,1450,1414,1720,3001,3219,2982,1551,1805,1262
21/8/2019 6:00,1569,1530,1865,3184,3468,3148,1615,1938,1283
21/8/2019 6:30,1711,1688,2016,3439,3748,3335,1728,2060,1319
21/8/2019 7:00,1864,1843,2101,3749,4033,3645,1885,2190,1544
21/8/2019 7:30,2026,2084,2023,4050,4271,3940,2024,2187,1917
21/8/2019 8:00,2202,2240,2223,4315,4450,4228,2113,2210,2005
21/8/2019 8:30,2392,2438,2406,4495,4567,4428,2103,2129,2022
21/8/2019 9:00,2545,2560,2515,4590,4632,4582,2045,2072,2067
21/8/2019 9:30,2662,2708,2632,4644,4667,4649,1982,1959,2017
21/8/2019 10:00,2744,2779,2692,4672,4684,4630,1928,1905,1938
21/8/2019 10:30,2793,2863,2664,4687,4699,4624,1894,1836,1960
21/8/2019 11:00,2850,2927,2715,4694,4711,4661,1844,1784,1946
21/8/2019 11:30,2915,3025,2924,4707,4722,4711,1792,1697,1787
21/8/2019 12:00,2956,3060,2964,4722,4740,4750,1766,1680,1786
21/8/2019 12:30,2972,2969,2950,4716,4737,4781,1744,1768,1831
21/8/2019 13:00,2990,2971,2965,4690,4713,4781,1700,1742,1816
21/8/2019 13:30,3008,2973,2933,4666,4694,4694,1658,1721,1761
21/8/2019 14:00,2978,2952,2946,4651,4682,4717,1673,1730,1771
21/8/2019 14:30,2900,2914,2907,4647,4676,4695,1747,1762,1788
21/8/2019 15:00,2793,2846,2896,4654,4674,4696,1861,1828,1800
21/8/2019 15:30,2659,2757,2936,4675,4691,4752,2016,1934,1816
21/8/2019 16:00,2504,2635,3017,4712,4727,4806,2208,2092,1789
21/8/2019 16:30,2328,2436,2928,4773,4794,4863,2445,2358,1935
21/8/2019 17:00,2126,2268,2792,4844,4875,4964,2718,2607,2172
21/8/2019 17:30,1899,2079,2604,4859,4894,4999,2960,2815,2395
21/8/2019 18:00,1704,1934,2421,4808,4839,4931,3104,2905,2510
21/8/2019 18:30,1541,1806,2173,4720,4740,4821,3179,2934,2648
21/8/2019 19:00,1410,1660,1954,4611,4617,4662,3201,2957,2708
21/8/2019 19:30,1311,1743,1770,4529,4538,4547,3218,2795,2777
21/8/2019 20:00,1228,1590,1723,4486,4514,4472,3258,2924,2749
21/8/2019 20:30,1162,1503,1714,4481,4513,4492,3319,3010,2778
21/8/2019 21:00,1135,1428,1673,4484,4502,4551,3349,3074,2878
21/8/2019 21:30,1145,1439,1638,4378,4380,4407,3233,2941,2769
21/8/2019 22:00,1162,1439,1664,4160,4147,4199,2998,2708,2535
21/8/2019 22:30,1185,1391,1693,3931,3906,3948,2746,2515,2255
21/8/2019 23:00,1383,1398,1693,3683,3683,3695,2300,2285,2002
21/8/2019 23:30,1389,1508,1692,3466,3467,3499,2077,1959,1807
22/8/2019 0:00,1411,1508,1716,3265,3265,3343,1854,1757,1627
22/8/2019 0:30,1449,1555,1712,3120,3119,3223,1671,1564,1511
22/8/2019 1:00,1482,1560,1749,3032,3030,3122,1550,1470,1373
22/8/2019 1:30,1512,1594,1795,2962,2959,3023,1450,1365,1228
22/8/2019 2:00,1531,1606,1787,2900,2898,2980,1369,1292,1193
22/8/2019 2:30,1538,1705,1790,2859,2856,2940,1321,1151,1150
22/8/2019 3:00,1566,1692,1809,2839,2835,2897,1273,1143,1088
22/8/2019 3:30,1613,1669,1813,2836,2833,2876,1223,1164,1063
22/8/2019 4:00,1641,1628,1849,2847,2845,2894,1206,1217,1045
22/8/2019 4:30,1650,1563,1887,2858,2857,2958,1208,1294,1071
22/8/2019 5:00,1660,1556,1873,2882,2885,3012,1222,1329,1139
22/8/2019 5:30,1671,1602,1803,2990,2993,3082,1319,1391,1279
22/8/2019 6:00,1688,1642,1906,3190,3192,3259,1502,1550,1353
22/8/2019 6:30,1712,1708,1898,3451,3454,3445,1739,1746,1547
22/8/2019 7:00,1764,1755,1869,3754,3759,3735,1990,2004,1866
22/8/2019 7:30,1846,1888,1929,4058,4061,4051,2212,2173,2122
22/8/2019 8:00,1922,1928,1931,4337,4338,4326,2415,2410,2395
22/8/2019 8:30,1992,2002,1890,4527,4532,4514,2535,2530,2624
22/8/2019 9:00,2089,2063,1935,4625,4641,4699,2536,2578,2764
22/8/2019 9:30,2210,2107,2030,4681,4694,4759,2471,2587,2729
22/8/2019 10:00,2303,2192,2046,4711,4711,4738,2408,2519,2692
22/8/2019 10:30,2366,2258,2178,4731,4725,4773,2365,2467,2595
22/8/2019 11:00,2432,2327,2225,4749,4746,4809,2317,2419,2584
22/8/2019 11:30,2499,2373,2369,4770,4775,4844,2271,2402,2475
22/8/2019 12:00,2536,2424,2508,4792,4799,4850,2256,2375,2342
22/8/2019 12:30,2541,2458,2530,4787,4795,4858,2246,2337,2328
22/8/2019 13:00,2539,2456,2479,4756,4762,4800,2217,2306,2321
22/8/2019 13:30,2531,2353,2485,4724,4730,4741,2193,2377,2256
22/8/2019 14:00,2517,2317,2479,4699,4706,4720,2182,2389,2241
22/8/2019 14:30,2498,2291,2362,4685,4693,4664,2187,2402,2302
22/8/2019 15:00,2469,2272,2378,4684,4694,4681,2215,2422,2303
22/8/2019 15:30,2430,2289,2362,4698,4714,4711,2268,2425,2349
22/8/2019 16:00,2385,2267,2369,4728,4755,4755,2343,2488,2386
22/8/2019 16:30,2336,2193,2425,4786,4817,4830,2450,2624,2405
22/8/2019 17:00,2283,2120,2413,4859,4884,4873,2576,2764,2460
22/8/2019 17:30,2226,2045,2327,4871,4895,4872,2645,2850,2545
22/8/2019 18:00,2144,1950,2246,4815,4839,4809,2671,2889,2563
22/8/2019 18:30,2037,1865,2175,4722,4746,4708,2685,2881,2533
22/8/2019 19:00,1951,1787,2123,4609,4627,4602,2658,2840,2479
22/8/2019 19:30,1887,1786,1986,4509,4515,4513,2622,2729,2527
22/8/2019 20:00,1824,1721,1937,4439,4428,4435,2615,2707,2498
22/8/2019 20:30,1764,1723,1954,4431,4418,4449,2667,2695,2495
22/8/2019 21:00,1721,1681,1874,4456,4454,4581,2735,2773,2707
22/8/2019 21:30,1693,1729,1825,4362,4366,4440,2669,2637,2615
22/8/2019 22:00,1675,1724,1750,4141,4144,4213,2466,2420,2463
22/8/2019 22:30,1667,1761,1713,3912,3915,3973,2245,2154,2260
22/8/2019 23:00,1634,1768,1717,3706,3707,3736,2072,1939,2019
22/8/2019 23:30,1646,1762,1768,3500,3502,3554,1854,1740,1786
23/8/2019 0:00,1667,1755,1800,3302,3301,3386,1635,1546,1586
23/8/2019 0:30,1695,1748,1815,3159,3158,3262,1464,1410,1447
23/8/2019 1:00,1707,1719,1872,3075,3073,3153,1368,1354,1281
23/8/2019 1:30,1705,1666,1859,3009,3008,3080,1304,1342,1221
23/8/2019 2:00,1668,1636,1914,2954,2953,3016,1286,1317,1102
23/8/2019 2:30,1596,1568,1958,2911,2910,2964,1315,1342,1006
23/8/2019 3:00,1544,1536,1912,2883,2881,2909,1339,1345,997
23/8/2019 3:30,1511,1535,1890,2875,2873,2892,1364,1338,1002
23/8/2019 4:00,1496,1520,1880,2884,2882,2911,1388,1362,1031
23/8/2019 4:30,1499,1517,1826,2895,2894,2923,1396,1377,1097
23/8/2019 5:00,1507,1505,1727,2917,2918,2981,1410,1413,1254
23/8/2019 5:30,1519,1621,1672,3014,3015,3057,1495,1394,1385
23/8/2019 6:00,1532,1603,1625,3195,3195,3207,1663,1592,1582
23/8/2019 6:30,1544,1639,1609,3442,3445,3363,1898,1806,1754
23/8/2019 7:00,1561,1666,1750,3741,3745,3681,2180,2079,1931
23/8/2019 7:30,1582,1780,1692,4048,4051,3988,2466,2271,2296
23/8/2019 8:00,1637,1858,1630,4332,4334,4264,2695,2476,2634
23/8/2019 8:30,1726,1914,1615,4518,4524,4474,2792,2610,2859
23/8/2019 9:00,1807,1988,1724,4601,4616,4609,2794,2628,2885
23/8/2019 9:30,1880,1949,1863,4639,4657,4674,2759,2708,2811
23/8/2019 10:00,1941,1973,1961,4651,4667,4679,2710,2694,2718
23/8/2019 10:30,1991,2022,1951,4654,4673,4667,2663,2651,2716
23/8/2019 11:00,2039,2047,1933,4655,4679,4681,2616,2632,2748
23/8/2019 11:30,2085,2013,2009,4665,4687,4677,2580,2674,2668
23/8/2019 12:00,2092,2041,2008,4680,4701,4674,2588,2660,2666
23/8/2019 12:30,2060,1988,1997,4666,4684,4686,2606,2696,2689
23/8/2019 13:00,2046,1976,2033,4620,4634,4648,2574,2658,2615
23/8/2019 13:30,2052,2013,2022,4567,4575,4577,2515,2562,2555
23/8/2019 14:00,2016,1962,2047,4516,4517,4565,2500,2555,2518
23/8/2019 14:30,1940,1903,2031,4486,4486,4561,2546,2583,2530
23/8/2019 15:00,1867,1840,1901,4478,4486,4546,2611,2646,2645
23/8/2019 15:30,1798,1693,1777,4486,4498,4520,2688,2805,2743
23/8/2019 16:00,1729,1612,1753,4509,4522,4507,2780,2910,2754
23/8/2019 16:30,1659,1544,1743,4559,4566,4557,2900,3022,2814
23/8/2019 17:00,1573,1476,1733,4624,4619,4604,3051,3143,2871
23/8/2019 17:30,1471,1403,1688,4649,4635,4634,3178,3232,2946
23/8/2019 18:00,1379,1324,1606,4624,4605,4588,3245,3281,2982
23/8/2019 18:30,1298,1272,1540,4555,4536,4499,3257,3264,2959
23/8/2019 19:00,1263,1216,1559,4451,4440,4411,3188,3224,2852
23/8/2019 19:30,1277,1204,1659,4341,4342,4324,3064,3138,2665
23/8/2019 20:00,1306,1214,1661,4249,4266,4227,2943,3052,2566
23/8/2019 20:30,1352,1320,1581,4248,4264,4232,2896,2944,2651
23/8/2019 21:00,1387,1376,1642,4307,4309,4310,2920,2933,2668
23/8/2019 21:30,1412,1439,1598,4240,4238,4175,2828,2799,2577
23/8/2019 22:00,1433,1453,1561,4033,4040,3966,2600,2587,2405
23/8/2019 22:30,1451,1499,1626,3824,3835,3785,2373,2336,2159
23/8/2019 23:00,1438,1482,1744,3650,3650,3627,2212,2168,1883
23/8/2019 23:30,1427,1550,1693,3476,3477,3465,2049,1927,1772
24/8/2019 0:00,1406,1510,1620,3313,3314,3306,1907,1804,1686
24/8/2019 0:30,1375,1447,1536,3179,3181,3180,1804,1734,1644
24/8/2019 1:00,1349,1387,1524,3076,3078,3084,1727,1691,1560
24/8/2019 1:30,1329,1281,1450,2992,2995,2995,1663,1714,1545
24/8/2019 2:00,1282,1217,1316,2922,2924,2903,1640,1707,1587
24/8/2019 2:30,1210,1228,1219,2866,2868,2869,1656,1640,1650
24/8/2019 3:00,1137,1167,1236,2826,2827,2837,1689,1660,1601
24/8/2019 3:30,1065,1087,1138,2808,2809,2797,1743,1722,1659
24/8/2019 4:00,1017,1017,1078,2811,2810,2802,1794,1793,1724
24/8/2019 4:30,994,942,1014,2819,2818,2817,1825,1876,1803
24/8/2019 5:00,959,894,986,2831,2830,2848,1872,1936,1862
24/8/2019 5:30,913,874,969,2862,2859,2871,1949,1985,1902
24/8/2019 6:00,888,850,940,2919,2912,2935,2031,2062,1995
24/8/2019 6:30,883,855,860,3020,3011,2976,2137,2156,2116
24/8/2019 7:00,862,821,837,3173,3163,3140,2311,2342,2303
24/8/2019 7:30,824,743,824,3393,3382,3336,2569,2639,2512
24/8/2019 8:00,784,692,809,3661,3651,3581,2877,2959,2772
24/8/2019 8:30,740,654,806,3884,3881,3817,3144,3227,3011
24/8/2019 9:00,701,593,802,4044,4054,4046,3343,3461,3244
24/8/2019 9:30,667,527,749,4155,4169,4190,3488,3642,3441
24/8/2019 10:00,661,489,759,4224,4235,4276,3563,3746,3517
24/8/2019 10:30,681,448,706,4266,4272,4313,3585,3824,3607
24/8/2019 11:00,670,429,758,4288,4288,4339,3618,3859,3581
24/8/2019 11:30,628,439,662,4306,4289,4320,3678,3850,3658
24/8/2019 12:00,591,413,588,4317,4294,4316,3726,3881,3728
24/8/2019 12:30,560,463,597,4299,4274,4302,3739,3811,3705
24/8/2019 13:00,529,441,549,4252,4230,4259,3723,3789,3710
24/8/2019 13:30,498,454,509,4188,4177,4208,3690,3723,3699
24/8/2019 14:00,463,429,456,4118,4126,4137,3655,3697,3681
24/8/2019 14:30,425,409,385,4077,4093,4120,3652,3684,3735
24/8/2019 15:00,387,357,334,4070,4081,4092,3683,3724,3758
24/8/2019 15:30,350,283,320,4080,4078,4076,3730,3795,3756
24/8/2019 16:00,322,244,302,4106,4086,4125,3784,3842,3823
24/8/2019 16:30,303,219,303,4154,4129,4173,3851,3910,3870
24/8/2019 17:00,290,189,321,4216,4199,4290,3926,4010,3969
24/8/2019 17:30,281,153,318,4244,4229,4354,3963,4076,4036
24/8/2019 18:00,275,153,299,4230,4212,4329,3955,4059,4030
24/8/2019 18:30,270,147,317,4178,4158,4277,3908,4011,3960
24/8/2019 19:00,272,162,315,4100,4082,4167,3828,3920,3852
24/8/2019 19:30,281,209,332,4036,4022,4093,3755,3813,3761
24/8/2019 20:00,289,234,368,3999,3992,4020,3710,3758,3652
24/8/2019 20:30,293,311,388,4009,3999,4048,3716,3688,3660
24/8/2019 21:00,302,325,424,4042,4023,4134,3740,3698,3710
24/8/2019 21:30,313,434,430,3985,3961,4027,3672,3527,3597
24/8/2019 22:00,321,423,468,3831,3808,3872,3510,3385,3404
24/8/2019 22:30,327,398,476,3662,3644,3709,3335,3246,3233
24/8/2019 23:00,290,394,478,3496,3495,3537,3206,3101,3059
24/8/2019 23:30,299,402,465,3363,3362,3378,3064,2960,2913
25/8/2019 0:00,306,412,464,3247,3243,3264,2941,2831,2800
25/8/2019 0:30,312,416,489,3139,3135,3155,2827,2719,2666
25/8/2019 1:00,321,406,482,3039,3038,3063,2718,2632,2581
25/8/2019 1:30,333,407,469,2949,2949,2979,2616,2542,2510
25/8/2019 2:00,342,401,502,2872,2872,2901,2530,2471,2399
25/8/2019 2:30,348,483,537,2813,2814,2839,2465,2331,2302
25/8/2019 3:00,350,502,558,2774,2775,2796,2424,2273,2238
25/8/2019 3:30,349,496,607,2753,2754,2781,2404,2258,2174
25/8/2019 4:00,351,489,569,2748,2749,2763,2397,2260,2194
25/8/2019 4:30,356,470,518,2745,2747,2768,2389,2277,2250
25/8/2019 5:00,351,442,488,2745,2747,2790,2394,2305,2302
25/8/2019 5:30,335,420,455,2761,2762,2808,2426,2342,2353
25/8/2019 6:00,320,386,473,2790,2790,2838,2470,2404,2365
25/8/2019 6:30,306,366,450,2812,2810,2817,2506,2444,2367
25/8/2019 7:00,301,361,444,2847,2842,2907,2546,2481,2463
25/8/2019 7:30,304,412,413,2995,2986,3058,2691,2574,2645
25/8/2019 8:00,296,410,365,3247,3240,3265,2951,2830,2900
25/8/2019 8:30,275,383,326,3471,3474,3457,3196,3091,3131
25/8/2019 9:00,259,354,336,3641,3661,3643,3382,3307,3307
25/8/2019 9:30,247,323,313,3781,3805,3796,3534,3482,3483
25/8/2019 10:00,228,284,287,3897,3913,3940,3669,3629,3653
25/8/2019 10:30,203,253,253,3986,3996,4025,3783,3743,3772
25/8/2019 11:00,182,224,195,4051,4060,4065,3869,3836,3870
25/8/2019 11:30,164,164,169,4098,4098,4101,3934,3934,3932
25/8/2019 12:00,153,158,143,4125,4121,4132,3972,3963,3989
25/8/2019 12:30,149,166,113,4123,4115,4174,3974,3949,4061
25/8/2019 13:00,152,179,119,4092,4079,4158,3940,3900,4039
25/8/2019 13:30,162,208,154,4043,4024,4102,3881,3816,3948
25/8/2019 14:00,178,215,130,3984,3959,4023,3806,3744,3893
25/8/2019 14:30,200,196,138,3946,3917,3955,3746,3721,3817
25/8/2019 15:00,213,193,167,3931,3901,3914,3718,3708,3747
25/8/2019 15:30,217,161,190,3923,3902,3890,3706,3741,3700
25/8/2019 16:00,218,182,214,3924,3919,3901,3706,3737,3687
25/8/2019 16:30,215,228,260,3958,3966,3937,3743,3738,3677
25/8/2019 17:00,216,261,299,4017,4033,4003,3801,3772,3704
25/8/2019 17:30,220,274,346,4047,4068,4073,3827,3794,3727
25/8/2019 18:00,222,276,363,4039,4062,4067,3817,3786,3704
25/8/2019 18:30,222,284,331,4009,4031,4047,3787,3747,3716
25/8/2019 19:00,216,262,291,3964,3984,4016,3748,3722,3725
25/8/2019 19:30,205,225,230,3920,3935,3971,3715,3710,3741
25/8/2019 20:00,200,203,214,3890,3901,3953,3690,3698,3739
25/8/2019 20:30,201,206,228,3912,3926,3996,3711,3720,3768
25/8/2019 21:00,199,191,202,3965,3986,4111,3766,3795,3909
25/8/2019 21:30,192,198,192,3916,3942,4004,3724,3744,3812
25/8/2019 22:00,178,195,179,3760,3785,3839,3582,3590,3660
25/8/2019 22:30,157,196,186,3592,3614,3641,3435,3418,3455
25/8/2019 23:00,165,196,188,3451,3451,3440,3286,3255,3252
25/8/2019 23:30,155,172,211,3285,3288,3258,3130,3116,3047
26/8/2019 0:00,149,172,213,3121,3120,3136,2972,2948,2923
26/8/2019 0:30,147,191,220,2996,2994,3026,2849,2803,2806
26/8/2019 1:00,146,194,237,2913,2911,2930,2767,2717,2693
26/8/2019 1:30,147,196,256,2848,2846,2864,2701,2650,2608
26/8/2019 2:00,155,211,288,2797,2793,2807,2642,2582,2519
26/8/2019 2:30,172,241,311,2758,2754,2764,2586,2513,2453
26/8/2019 3:00,196,270,361,2733,2728,2729,2537,2458,2368
26/8/2019 3:30,226,331,371,2719,2714,2717,2493,2383,2346
26/8/2019 4:00,253,360,398,2717,2711,2715,2464,2351,2317
26/8/2019 4:30,276,389,453,2729,2723,2723,2453,2334,2270
26/8/2019 5:00,296,417,503,2764,2760,2779,2468,2343,2276
26/8/2019 5:30,312,471,537,2859,2854,2844,2547,2383,2307
26/8/2019 6:00,335,490,581,3020,3014,3018,2685,2524,2437
26/8/2019 6:30,365,515,596,3242,3237,3141,2877,2722,2545
26/8/2019 7:00,381,524,618,3515,3511,3474,3134,2987,2856
26/8/2019 7:30,384,553,621,3812,3805,3761,3428,3252,3140
26/8/2019 8:00,390,550,623,4106,4096,4052,3716,3546,3429
26/8/2019 8:30,397,533,669,4321,4312,4286,3924,3779,3617
26/8/2019 9:00,418,544,680,4446,4443,4449,4028,3899,3769
26/8/2019 9:30,453,577,708,4524,4521,4524,4071,3944,3816
26/8/2019 10:00,478,604,744,4571,4564,4553,4093,3960,3809
26/8/2019 10:30,495,637,732,4600,4592,4575,4105,3955,3843
26/8/2019 11:00,511,659,704,4617,4612,4573,4106,3953,3869
26/8/2019 11:30,526,672,659,4633,4619,4562,4107,3947,3903
26/8/2019 12:00,544,686,639,4642,4631,4584,4098,3945,3945
26/8/2019 12:30,566,743,705,4623,4613,4593,4057,3870,3888
26/8/2019 13:00,579,750,762,4577,4567,4552,3998,3817,3790
26/8/2019 13:30,585,778,784,4542,4530,4502,3957,3752,3718
26/8/2019 14:00,594,778,760,4524,4509,4494,3930,3731,3734
26/8/2019 14:30,607,739,775,4518,4501,4491,3911,3762,3716
26/8/2019 15:00,616,738,796,4521,4506,4478,3905,3768,3682
26/8/2019 15:30,620,738,816,4541,4527,4485,3921,3789,3669
26/8/2019 16:00,618,727,804,4581,4566,4520,3963,3839,3716
26/8/2019 16:30,609,706,791,4650,4636,4614,4041,3930,3823
26/8/2019 17:00,593,685,722,4734,4721,4705,4141,4036,3983
26/8/2019 17:30,567,666,646,4757,4750,4777,4190,4084,4131
26/8/2019 18:00,528,648,569,4712,4711,4731,4184,4063,4162
26/8/2019 18:30,474,631,559,4631,4629,4648,4157,3998,4089
26/8/2019 19:00,438,617,529,4531,4525,4558,4093,3908,4029
26/8/2019 19:30,419,605,539,4447,4446,4486,4028,3841,3947
26/8/2019 20:00,420,604,580,4395,4408,4440,3975,3804,3860
26/8/2019 20:30,442,615,587,4403,4415,4496,3961,3800,3909
26/8/2019 21:00,471,634,579,4440,4435,4567,3969,3801,3988
26/8/2019 21:30,509,660,620,4348,4334,4408,3839,3674,3788
26/8/2019 22:00,538,681,606,4120,4105,4165,3582,3424,3559
26/8/2019 22:30,558,696,555,3882,3861,3908,3324,3165,3353
26/8/2019 23:00,729,712,586,3631,3630,3682,2902,2918,3096
26/8/2019 23:30,753,732,624,3421,3420,3464,2668,2688,2840
27/8/2019 0:00,762,736,613,3238,3238,3289,2476,2502,2676
27/8/2019 0:30,758,726,642,3106,3107,3169,2348,2381,2527
27/8/2019 1:00,763,729,657,3023,3023,3073,2260,2294,2416
27/8/2019 1:30,778,745,733,2957,2957,3002,2179,2212,2269
27/8/2019 2:00,780,749,722,2900,2900,2965,2120,2151,2243
27/8/2019 2:30,770,743,711,2858,2858,2924,2088,2115,2213
27/8/2019 3:00,756,734,709,2833,2833,2892,2077,2099,2183
27/8/2019 3:30,738,651,696,2825,2824,2868,2087,2173,2172
27/8/2019 4:00,722,638,697,2832,2833,2881,2110,2195,2184
27/8/2019 4:30,708,624,701,2842,2846,2900,2134,2222,2199
27/8/2019 5:00,694,614,717,2865,2871,2960,2171,2257,2243
27/8/2019 5:30,680,607,711,2957,2963,3041,2277,2356,2330
27/8/2019 6:00,667,608,710,3127,3133,3238,2460,2525,2528
27/8/2019 6:30,655,614,685,3367,3375,3409,2712,2761,2724
27/8/2019 7:00,645,615,662,3659,3673,3750,3014,3058,3088
27/8/2019 7:30,635,612,603,3943,3959,4072,3308,3347,3469
27/8/2019 8:00,630,610,606,4195,4212,4351,3565,3602,3745
27/8/2019 8:30,629,609,640,4386,4404,4564,3757,3795,3924
27/8/2019 9:00,638,621,591,4511,4534,4686,3873,3913,4095
27/8/2019 9:30,657,646,564,4594,4613,4772,3937,3967,4208
27/8/2019 10:00,686,676,564,4642,4650,4779,3956,3974,4215
27/8/2019 10:30,727,715,582,4674,4671,4792,3947,3956,4210
27/8/2019 11:00,754,730,552,4694,4683,4815,3940,3953,4263
27/8/2019 11:30,769,712,531,4716,4706,4805,3947,3994,4274
27/8/2019 12:00,803,741,544,4736,4723,4842,3933,3982,4298
27/8/2019 12:30,858,788,598,4727,4715,4873,3869,3927,4275
27/8/2019 13:00,888,824,609,4691,4683,4807,3803,3859,4198
27/8/2019 13:30,893,812,664,4658,4653,4733,3765,3841,4069
27/8/2019 14:00,889,854,771,4636,4635,4729,3747,3781,3958
27/8/2019 14:30,876,812,838,4627,4624,4724,3751,3812,3886
27/8/2019 15:00,880,853,915,4631,4623,4709,3751,3770,3794
27/8/2019 15:30,901,888,896,4651,4637,4726,3750,3749,3830
27/8/2019 16:00,888,955,991,4691,4673,4769,3803,3718,3778
27/8/2019 16:30,843,1014,1111,4760,4739,4886,3917,3725,3775
27/8/2019 17:00,832,1086,1248,4843,4823,4980,4011,3737,3732
27/8/2019 17:30,858,1197,1324,4862,4842,5026,4004,3645,3702
27/8/2019 18:00,878,1257,1427,4808,4791,4959,3930,3534,3532
27/8/2019 18:30,892,1328,1566,4708,4694,4840,3816,3366,3274
27/8/2019 19:00,908,1377,1639,4590,4582,4725,3682,3205,3086
27/8/2019 19:30,925,1407,1756,4529,4529,4631,3604,3122,2875
27/8/2019 20:00,954,1464,1783,4527,4537,4574,3573,3073,2791
27/8/2019 20:30,995,1580,1754,4521,4532,4608,3526,2952,2854
27/8/2019 21:00,1032,1616,1840,4483,4485,4592,3451,2869,2752
27/8/2019 21:30,1066,1696,1858,4360,4352,4395,3294,2656,2537
27/8/2019 22:00,1080,1753,1841,4155,4140,4135,3075,2387,2294
27/8/2019 22:30,1073,1842,1655,3930,3915,3872,2857,2073,2217
27/8/2019 23:00,1603,1871,1586,3696,3698,3630,2093,1827,2044
27/8/2019 23:30,1613,1939,1719,3487,3494,3418,1874,1555,1699
28/8/2019 0:00,1583,1901,1771,3297,3298,3235,1714,1397,1464
28/8/2019 0:30,1512,1859,1755,3159,3157,3123,1647,1298,1368
28/8/2019 1:00,1424,1769,1723,3075,3071,3037,1651,1302,1314
28/8/2019 1:30,1319,1645,1527,3010,3005,2934,1691,1360,1407
28/8/2019 2:00,1220,1544,1392,2957,2950,2887,1737,1406,1495
28/8/2019 2:30,1129,1340,1249,2914,2907,2818,1785,1567,1569
28/8/2019 3:00,1043,1263,999,2882,2875,2774,1839,1612,1775
28/8/2019 3:30,962,1248,932,2871,2865,2755,1909,1617,1823
28/8/2019 4:00,872,1173,860,2879,2873,2766,2007,1700,1906
28/8/2019 4:30,773,1067,817,2892,2887,2799,2119,1820,1982
28/8/2019 5:00,699,1003,896,2921,2917,2877,2222,1914,1981
28/8/2019 5:30,649,890,891,3022,3234,2943,2373,2344,2052
28/8/2019 6:00,590,843,1042,3206,3471,3154,2616,2628,2112
28/8/2019 6:30,522,703,1177,3459,3745,3362,2937,3042,2185
28/8/2019 7:00,474,673,1041,3763,4032,3729,3289,3359,2688
28/8/2019 7:30,444,654,934,4063,4271,4058,3619,3617,3124
28/8/2019 8:00,408,597,797,4332,4447,4331,3924,3850,3534
28/8/2019 8:30,366,579,580,4516,4569,4470,4150,3990,3890
28/8/2019 9:00,344,548,507,4614,4640,4595,4270,4092,4088
28/8/2019 9:30,342,606,541,4670,4677,4675,4328,4071,4134
28/8/2019 10:00,348,630,659,4698,4690,4670,4350,4060,4011
28/8/2019 10:30,362,731,659,4702,4698,4662,4340,3967,4003
28/8/2019 11:00,376,746,739,4692,4702,4675,4316,3956,3936
28/8/2019 11:30,389,742,770,4695,4690,4656,4306,3948,3886
28/8/2019 12:00,408,760,731,4708,4705,4667,4300,3945,3936
28/8/2019 12:30,434,733,774,4695,4690,4704,4261,3957,3930
28/8/2019 13:00,463,777,855,4654,4644,4656,4191,3867,3801
28/8/2019 13:30,495,851,879,4615,4605,4581,4120,3754,3702
28/8/2019 14:00,532,907,942,4586,4580,4579,4054,3673,3637
28/8/2019 14:30,572,984,933,4571,4569,4565,3999,3585,3632
28/8/2019 15:00,625,1001,978,4571,4572,4576,3946,3571,3598
28/8/2019 15:30,690,944,1010,4586,4602,4606,3896,3658,3596
28/8/2019 16:00,745,939,1029,4620,4655,4647,3875,3716,3618
28/8/2019 16:30,789,1005,1007,4682,4725,4735,3893,3720,3728
28/8/2019 17:00,814,988,1081,4756,4795,4843,3942,3807,3762
28/8/2019 17:30,818,958,1131,4771,4810,4905,3953,3852,3774
28/8/2019 18:00,813,917,1034,4719,4761,4817,3906,3844,3783
28/8/2019 18:30,800,857,982,4632,4675,4697,3832,3818,3715
28/8/2019 19:00,787,845,1042,4527,4566,4579,3740,3721,3537
28/8/2019 19:30,776,851,951,4447,4483,4490,3671,3632,3539
28/8/2019 20:00,767,844,841,4405,4438,4446,3638,3594,3605
28/8/2019 20:30,761,827,922,4412,4442,4539,3651,3615,3617
28/8/2019 21:00,763,822,963,4436,4459,4617,3673,3637,3654
28/8/2019 21:30,774,788,1062,4334,4346,4415,3560,3558,3353
28/8/2019 22:00,802,789,1006,4104,4100,4171,3302,3311,3165
28/8/2019 22:30,849,836,975,3864,3861,3915,3015,3025,2940
28/8/2019 23:00,812,855,955,3656,3655,3649,2844,2800,2694
28/8/2019 23:30,864,831,1041,3450,3454,3436,2586,2623,2395
29/8/2019 0:00,915,900,1069,3249,3246,3245,2334,2346,2176
29/8/2019 0:30,966,1070,1120,3106,3101,3124,2140,2031,2004
29/8/2019 1:00,1035,1161,1247,3023,3019,3032,1988,1858,1785
29/8/2019 1:30,1120,1294,1363,2955,2951,2962,1835,1657,1599
29/8/2019 2:00,1210,1394,1402,2894,2892,2923,1684,1498,1521
29/8/2019 2:30,1304,1473,1566,2848,2848,2873,1544,1375,1307
29/8/2019 3:00,1397,1580,1558,2822,2823,2830,1425,1243,1272
29/8/2019 3:30,1491,1716,1638,2812,2813,2829,1321,1097,1191
29/8/2019 4:00,1595,1830,1781,2817,2818,2846,1222,988,1065
29/8/2019 4:30,1710,1937,1835,2828,2829,2866,1118,892,1031
29/8/2019 5:00,1831,2046,1891,2856,2858,2912,1025,812,1021
29/8/2019 5:30,1958,2149,1897,2961,2964,2991,1003,815,1094
29/8/2019 6:00,2075,2238,2077,3156,3158,3189,1081,920,1112
29/8/2019 6:30,2182,2318,2267,3430,3434,3388,1248,1116,1121
29/8/2019 7:00,2295,2412,2521,3759,3765,3780,1464,1353,1259
29/8/2019 7:30,2412,2511,2716,4057,4060,4154,1645,1549,1438
29/8/2019 8:00,2502,2579,2749,4297,4296,4362,1795,1717,1613
29/8/2019 8:30,2563,2566,2738,4474,4473,4446,1911,1907,1708
29/8/2019 9:00,2658,2605,2742,4587,4591,4536,1929,1986,1794
29/8/2019 9:30,2787,2666,2793,4647,4650,4606,1860,1984,1813
29/8/2019 10:00,2858,2711,2801,4665,4664,4600,1807,1953,1799
29/8/2019 10:30,2872,2804,2864,4680,4675,4645,1808,1871,1781
29/8/2019 11:00,2871,2796,2876,4700,4692,4681,1829,1896,1805
29/8/2019 11:30,2856,2849,2890,4720,4717,4701,1864,1868,1811
29/8/2019 12:00,2854,2819,2812,4734,4731,4731,1880,1912,1919
29/8/2019 12:30,2866,2765,2855,4718,4716,4759,1852,1951,1904
29/8/2019 13:00,2875,2749,2793,4677,4673,4729,1802,1924,1936
29/8/2019 13:30,2879,2727,2886,4638,4632,4681,1759,1905,1795
29/8/2019 14:00,2890,2726,2870,4611,4601,4666,1721,1875,1796
29/8/2019 14:30,2909,2773,2845,4598,4588,4646,1689,1815,1801
29/8/2019 15:00,2908,2758,2897,4602,4594,4654,1694,1836,1757
29/8/2019 15:30,2889,2690,2852,4628,4622,4702,1739,1932,1850
29/8/2019 16:00,2861,2657,2897,4676,4669,4717,1815,2012,1820
29/8/2019 16:30,2823,2628,2831,4740,4739,4825,1917,2111,1994
29/8/2019 17:00,2762,2555,2756,4806,4813,4890,2044,2258,2134
29/8/2019 17:30,2679,2520,2673,4820,4828,4884,2141,2308,2211
29/8/2019 18:00,2592,2440,2680,4773,4775,4834,2181,2335,2154
29/8/2019 18:30,2501,2397,2640,4683,4678,4720,2182,2281,2080
29/8/2019 19:00,2433,2331,2613,4573,4565,4635,2140,2234,2022
29/8/2019 19:30,2389,2311,2564,4518,4514,4560,2129,2203,1996
29/8/2019 20:00,2339,2265,2402,4520,4529,4504,2181,2264,2102
29/8/2019 20:30,2285,2240,2206,4518,4534,4590,2233,2294,2384
29/8/2019 21:00,2269,2221,2198,4481,4496,4588,2212,2275,2390
29/8/2019 21:30,2292,2331,2239,4342,4360,4381,2050,2029,2142
29/8/2019 22:00,2298,2351,2307,4109,4131,4143,1811,1780,1836
29/8/2019 22:30,2288,2419,2325,3880,3896,3895,1592,1477,1570
29/8/2019 23:00,2352,2469,2221,3680,3679,3653,1328,1210,1432
29/8/2019 23:30,2402,2549,2075,3474,3479,3437,1072,930,1362
30/8/2019 0:00,2437,2592,2086,3288,3286,3263,851,694,1177
30/8/2019 0:30,2459,2527,2213,3154,3149,3173,695,622,960
30/8/2019 1:00,2476,2542,2281,3072,3068,3065,596,526,784
30/8/2019 1:30,2490,2573,2242,3007,3004,2990,517,431,748
30/8/2019 2:00,2482,2545,2216,2952,2950,2933,470,405,717
30/8/2019 2:30,2454,2417,2197,2909,2908,2885,455,491,688
30/8/2019 3:00,2438,2408,2121,2881,2880,2849,443,472,728
30/8/2019 3:30,2433,2307,2140,2871,2870,2841,438,563,701
30/8/2019 4:00,2437,2329,2133,2876,2875,2828,439,546,695
30/8/2019 4:30,2447,2355,2130,2890,2889,2837,443,534,707
30/8/2019 5:00,2471,2383,2150,2923,2923,2882,452,540,732
30/8/2019 5:30,2508,2393,2215,3021,3021,2977,513,628,762
30/8/2019 6:00,2564,2445,2328,3199,3196,3205,635,751,877
30/8/2019 6:30,2639,2483,2521,3461,3461,3431,822,978,910
30/8/2019 7:00,2708,2555,2744,3785,3791,3824,1077,1236,1080
30/8/2019 7:30,2769,2592,2881,4066,4075,4204,1297,1483,1323
30/8/2019 8:00,2808,2645,2948,4285,4291,4460,1477,1646,1512
30/8/2019 8:30,2824,2672,2917,4460,4457,4566,1636,1785,1649
30/8/2019 9:00,2838,2699,2885,4594,4574,4670,1756,1875,1785
30/8/2019 9:30,2850,2710,2894,4666,4640,4736,1816,1930,1842
30/8/2019 10:00,2849,2718,2889,4685,4661,4715,1836,1943,1826
30/8/2019 10:30,2835,2786,2830,4699,4683,4719,1864,1897,1889
30/8/2019 11:00,2823,2776,2738,4719,4715,4727,1896,1939,1989
30/8/2019 11:30,2815,2844,2647,4741,4747,4734,1926,1903,2087
30/8/2019 12:00,2790,2809,2616,4757,4763,4732,1967,1954,2116
30/8/2019 12:30,2748,2776,2645,4748,4757,4763,2000,1981,2118
30/8/2019 13:00,2707,2729,2630,4714,4728,4717,2007,1999,2087
30/8/2019 13:30,2668,2653,2533,4672,4692,4658,2004,2039,2125
30/8/2019 14:00,2627,2600,2480,4630,4656,4665,2003,2056,2185
30/8/2019 14:30,2582,2454,2392,4604,4631,4627,2022,2177,2235
30/8/2019 15:00,2540,2425,2290,4594,4621,4602,2054,2196,2312
30/8/2019 15:30,2502,2303,2258,4601,4631,4589,2099,2328,2331
30/8/2019 16:00,2474,2301,2272,4624,4661,4591,2150,2360,2319
30/8/2019 16:30,2457,2278,2380,4677,4717,4652,2220,2439,2272
30/8/2019 17:00,2444,2291,2461,4746,4783,4730,2302,2492,2269
30/8/2019 17:30,2433,2343,2426,4767,4799,4753,2334,2456,2327
30/8/2019 18:00,2422,2386,2461,4728,4753,4735,2306,2367,2274
30/8/2019 18:30,2409,2376,2564,4645,4675,4652,2236,2299,2088
30/8/2019 19:00,2401,2429,2536,4540,4581,4545,2139,2152,2009
30/8/2019 19:30,2398,2362,2653,4488,4522,4463,2090,2160,1810
30/8/2019 20:00,2399,2438,2704,4490,4498,4453,2091,2060,1749
30/8/2019 20:30,2404,2614,2731,4468,4464,4517,2064,1850,1786
30/8/2019 21:00,2406,2699,2842,4398,4396,4449,1992,1697,1607
30/8/2019 21:30,2405,2838,2944,4256,4253,4297,1851,1415,1353
30/8/2019 22:00,2380,2886,2949,4053,4042,4093,1673,1156,1144
30/8/2019 22:30,2333,2939,2802,3849,3832,3863,1516,893,1061
30/8/2019 23:00,2833,2938,2761,3637,3638,3672,804,700,911
30/8/2019 23:30,2792,2935,2682,3457,3461,3480,665,526,798
31/8/2019 0:00,2722,2890,2632,3293,3292,3350,571,402,718
31/8/2019 0:30,2621,2826,2514,3163,3159,3223,542,333,709
31/8/2019 1:00,2475,2748,2363,3065,3062,3098,590,314,735
31/8/2019 1:30,2284,2659,2222,2982,2980,2999,698,321,777
31/8/2019 2:00,2147,2562,2209,2910,2908,2963,763,346,754
31/8/2019 2:30,2062,2289,2136,2853,2851,2885,791,562,749
31/8/2019 3:00,1995,2208,2064,2812,2810,2853,817,602,789
31/8/2019 3:30,1945,2162,2004,2786,2787,2801,841,625,797
31/8/2019 4:00,1877,2114,1873,2775,2780,2786,898,666,913
31/8/2019 4:30,1791,2055,1770,2781,2788,2778,990,733,1008
31/8/2019 5:00,1714,2032,1752,2805,2811,2828,1091,779,1076
31/8/2019 5:30,1648,1973,1728,2846,2849,2839,1198,876,1111
31/8/2019 6:00,1606,1965,1827,2905,2905,2907,1299,940,1080
31/8/2019 6:30,1590,1954,1798,2991,2991,2954,1401,1037,1156
31/8/2019 7:00,1572,1920,1848,3114,3116,3094,1542,1196,1246
31/8/2019 7:30,1554,1867,2095,3316,3322,3296,1762,1455,1201
31/8/2019 8:00,1536,1822,2106,3580,3589,3534,2044,1767,1428
31/8/2019 8:30,1518,1748,2022,3800,3813,3746,2282,2065,1724
31/8/2019 9:00,1515,1720,1958,3956,3968,3936,2441,2248,1978
31/8/2019 9:30,1525,1880,1853,4071,4081,4058,2546,2201,2205
31/8/2019 10:00,1554,1885,1849,4150,4157,4105,2596,2272,2256
31/8/2019 10:30,1602,1840,1912,4188,4192,4149,2586,2352,2237
31/8/2019 11:00,1643,1883,2011,4193,4192,4147,2550,2309,2136
31/8/2019 11:30,1679,2075,2105,4199,4198,4154,2520,2123,2049
31/8/2019 12:00,1721,2101,2081,4207,4209,4129,2486,2108,2048
31/8/2019 12:30,1771,2092,2141,4192,4193,4145,2421,2101,2004
31/8/2019 13:00,1832,2121,2103,4149,4147,4087,2317,2026,1984
31/8/2019 13:30,1902,2124,2200,4092,4090,4053,2190,1966,1853
31/8/2019 14:00,1939,2140,2147,4030,4030,3952,2091,1890,1805
31/8/2019 14:30,1942,2163,2215,3990,3987,3946,2048,1824,1731
31/8/2019 15:00,1934,2144,2258,3976,3966,3861,2042,1822,1603
31/8/2019 15:30,1913,2138,2298,3982,3965,3871,2069,1827,1573
31/8/2019 16:00,1900,2107,2365,4008,3984,3889,2108,1877,1524
31/8/2019 16:30,1892,2080,2360,4060,4032,3970,2168,1952,1610
31/8/2019 17:00,1847,2012,2383,4127,4099,4067,2280,2087,1684
31/8/2019 17:30,1764,1882,2187,4158,4133,4141,2394,2251,1954
31/8/2019 18:00,1662,1780,2070,4143,4121,4160,2481,2341,2090
31/8/2019 18:30,1541,1707,1853,4080,4060,4118,2539,2353,2265
31/8/2019 19:00,1462,1616,1665,3990,3967,4048,2528,2351,2383
31/8/2019 19:30,1426,1617,1606,3943,3922,3974,2517,2305,2368
31/8/2019 20:00,1397,1555,1446,3949,3935,3926,2552,2380,2480
31/8/2019 20:30,1375,1574,1394,3970,3959,4024,2595,2385,2630
31/8/2019 21:00,1359,1535,1329,3978,3965,4060,2619,2430,2731
31/8/2019 21:30,1351,1412,1295,3893,3882,3919,2542,2470,2624
31/8/2019 22:00,1358,1386,1314,3717,3711,3759,2359,2325,2445
31/8/2019 22:30,1382,1331,1435,3525,3524,3584,2143,2193,2149
31/8/2019 23:00,1395,1339,1442,3352,3351,3411,1957,2012,1969
31/8/2019 23:30,1397,1316,1475,3229,3237,3279,1832,1921,1804
1/9/2019 0:00,1401,1332,1425,3148,3152,3146,1747,1820,1721
1/9/2019 0:30,1406,1335,1366,3053,3053,3026,1647,1718,1660
1/9/2019 1:00,1410,1346,1408,2936,2935,2928,1526,1589,1520
1/9/2019 1:30,1413,1366,1330,2835,2832,2840,1422,1466,1510
1/9/2019 2:00,1427,1387,1304,2756,2751,2769,1329,1364,1465
1/9/2019 2:30,1453,1478,1316,2695,2689,2741,1242,1211,1425
1/9/2019 3:00,1470,1497,1312,2649,2643,2686,1179,1146,1374
1/9/2019 3:30,1478,1459,1333,2620,2615,2650,1142,1156,1317
1/9/2019 4:00,1479,1478,1322,2607,2601,2646,1128,1123,1324
1/9/2019 4:30,1473,1515,1308,2605,2601,2654,1132,1086,1346
1/9/2019 5:00,1458,1519,1316,2614,2613,2660,1156,1094,1344
1/9/2019 5:30,1433,1453,1284,2637,2637,2671,1204,1184,1387
1/9/2019 6:00,1408,1431,1380,2671,2670,2753,1263,1239,1373
1/9/2019 6:30,1382,1383,1370,2705,2705,2714,1323,1322,1344
1/9/2019 7:00,1343,1330,1350,2757,2759,2814,1414,1429,1464
1/9/2019 7:30,1289,1233,1244,2910,2911,2931,1621,1678,1687
1/9/2019 8:00,1233,1161,1102,3154,3155,3139,1921,1994,2037
1/9/2019 8:30,1175,1058,962,3371,3374,3356,2196,2316,2394
1/9/2019 9:00,1193,1052,873,3537,3543,3560,2344,2491,2687
1/9/2019 9:30,1286,1116,911,3684,3685,3729,2398,2569,2818
1/9/2019 10:00,1345,1150,1063,3814,3806,3883,2469,2656,2820
1/9/2019 10:30,1369,1178,1212,3904,3892,3956,2535,2714,2744
1/9/2019 11:00,1381,1185,1299,3956,3948,4007,2575,2763,2708
1/9/2019 11:30,1382,1143,1404,3997,3996,4024,2615,2853,2620
1/9/2019 12:00,1377,1153,1332,4029,4019,4069,2652,2866,2737
1/9/2019 12:30,1363,1132,1296,4031,4019,4105,2668,2887,2809
1/9/2019 13:00,1361,1140,1087,4002,3995,4088,2641,2855,3001
1/9/2019 13:30,1370,1134,1066,3955,3949,4034,2585,2815,2968
1/9/2019 14:00,1332,1115,1158,3900,3891,3966,2568,2776,2808
1/9/2019 14:30,1245,1160,1210,3860,3849,3945,2615,2689,2735
1/9/2019 15:00,1188,1142,1257,3842,3832,3920,2654,2690,2663
1/9/2019 15:30,1161,1052,1316,3847,3842,3853,2686,2790,2537
1/9/2019 16:00,1121,1047,1269,3878,3882,3903,2757,2835,2634
1/9/2019 16:30,1068,1018,1176,3936,3947,3936,2868,2929,2760
1/9/2019 17:00,1019,999,1052,4011,4028,3989,2992,3029,2937
1/9/2019 17:30,972,1006,956,4055,4076,4133,3083,3070,3177
1/9/2019 18:00,931,975,945,4056,4081,4143,3125,3106,3198
1/9/2019 18:30,897,1003,1022,4021,4039,4133,3124,3036,3111
1/9/2019 19:00,853,935,991,3968,3972,4123,3115,3037,3132
1/9/2019 19:30,801,880,955,3976,3966,4092,3175,3086,3137
1/9/2019 20:00,760,807,877,4038,4018,4115,3278,3211,3238
1/9/2019 20:30,733,713,812,4052,4037,4197,3319,3324,3385
1/9/2019 21:00,705,678,829,3997,3993,4180,3292,3315,3351
1/9/2019 21:30,676,595,828,3879,3880,3965,3203,3285,3137
1/9/2019 22:00,659,596,826,3711,3705,3748,3052,3109,2922
1/9/2019 22:30,654,656,826,3531,3525,3546,2877,2869,2720
1/9/2019 23:00,602,652,880,3353,3354,3338,2751,2702,2458
1/9/2019 23:30,593,640,832,3186,3187,3155,2593,2547,2323
2/9/2019 0:00,597,642,821,3030,3027,3027,2433,2385,2206
2/9/2019 0:30,614,709,725,2912,2908,2930,2298,2199,2205
2/9/2019 1:00,633,723,766,2835,2830,2848,2202,2107,2082
2/9/2019 1:30,656,777,840,2776,2769,2778,2120,1992,1938
2/9/2019 2:00,676,789,897,2730,2724,2737,2054,1935,1840
2/9/2019 2:30,693,822,922,2696,2690,2695,2003,1868,1773
2/9/2019 3:00,725,835,962,2675,2669,2699,1950,1834,1737
2/9/2019 3:30,774,862,1017,2670,2665,2656,1896,1803,1639
2/9/2019 4:00,823,891,1187,2680,2675,2673,1857,1784,1486
2/9/2019 4:30,873,934,1225,2695,2692,2687,1822,1758,1462
2/9/2019 5:00,924,989,1321,2729,2728,2763,1805,1739,1442
2/9/2019 5:30,977,1089,1412,2843,2843,2878,1866,1754,1466
2/9/2019 6:00,1034,1152,1534,3053,3053,3112,2019,1901,1578
2/9/2019 6:30,1095,1241,1626,3360,3361,3318,2265,2120,1692
2/9/2019 7:00,1157,1292,1695,3733,3734,3720,2576,2442,2025
2/9/2019 7:30,1220,1450,1689,4043,4046,4090,2823,2596,2401
2/9/2019 8:00,1308,1523,1727,4267,4270,4335,2959,2747,2608
2/9/2019 8:30,1422,1654,1828,4434,4442,4440,3012,2788,2612
2/9/2019 9:00,1568,1762,1831,4549,4565,4501,2981,2803,2670
2/9/2019 9:30,1746,1905,1965,4611,4630,4592,2865,2725,2627
2/9/2019 10:00,1885,2016,2217,4628,4648,4577,2743,2632,2360
2/9/2019 10:30,1986,2198,2357,4643,4663,4618,2657,2465,2261
2/9/2019 11:00,2049,2273,2395,4664,4684,4644,2615,2411,2249
2/9/2019 11:30,2074,2293,2432,4681,4715,4664,2607,2422,2232
2/9/2019 12:00,2079,2325,2541,4690,4732,4689,2611,2407,2148
2/9/2019 12:30,2066,2347,2559,4681,4728,4726,2615,2381,2167
2/9/2019 13:00,2076,2360,2574,4657,4703,4724,2581,2343,2150
2/9/2019 13:30,2108,2422,2657,4635,4679,4641,2527,2257,1984
2/9/2019 14:00,2163,2436,2714,4620,4662,4596,2457,2226,1882
2/9/2019 14:30,2241,2467,2788,4611,4654,4596,2370,2187,1808
2/9/2019 15:00,2263,2499,2811,4613,4655,4642,2350,2156,1831
2/9/2019 15:30,2230,2684,2772,4639,4676,4691,2409,1992,1919
2/9/2019 16:00,2219,2658,2763,4691,4717,4717,2472,2059,1954
2/9/2019 16:30,2230,2572,2663,4759,4777,4843,2529,2205,2180
2/9/2019 17:00,2198,2507,2629,4828,4842,4915,2630,2335,2286
2/9/2019 17:30,2123,2481,2590,4842,4858,4914,2719,2377,2324
2/9/2019 18:00,2062,2381,2446,4793,4814,4783,2731,2433,2337
2/9/2019 18:30,2017,2294,2349,4695,4719,4648,2678,2425,2299
2/9/2019 19:00,1957,2174,2243,4578,4599,4538,2621,2425,2295
2/9/2019 19:30,1882,2057,2112,4541,4560,4468,2659,2503,2356
2/9/2019 20:00,1827,1946,2012,4576,4597,4446,2749,2651,2434
2/9/2019 20:30,1793,1830,2003,4561,4582,4581,2768,2752,2578
2/9/2019 21:00,1769,1739,1915,4465,4485,4547,2696,2746,2632
2/9/2019 21:30,1756,1658,1831,4296,4313,4347,2540,2655,2516
2/9/2019 22:00,1749,1606,1883,4068,4080,4092,2319,2474,2209
2/9/2019 22:30,1748,1580,1865,3836,3843,3791,2088,2263,1926
2/9/2019 23:00,1558,1554,1672,3614,3616,3541,2056,2062,1869
2/9/2019 23:30,1549,1538,1628,3408,3405,3345,1859,1867,1717
3/9/2019 0:00,1547,1529,1640,3231,3229,3185,1684,1700,1545
3/9/2019 0:30,1552,1587,1591,3104,3103,3063,1552,1516,1472
3/9/2019 1:00,1558,1571,1598,3026,3025,2978,1468,1454,1380
3/9/2019 1:30,1564,1594,1695,2967,2965,2909,1403,1371,1214
3/9/2019 2:00,1556,1571,1607,2919,2916,2872,1363,1345,1265
3/9/2019 2:30,1533,1545,1570,2884,2882,2841,1351,1337,1271
3/9/2019 3:00,1513,1518,1502,2863,2861,2814,1350,1343,1312
3/9/2019 3:30,1496,1459,1524,2856,2855,2813,1360,1396,1289
3/9/2019 4:00,1482,1428,1505,2862,2861,2827,1380,1433,1322
3/9/2019 4:30,1472,1403,1463,2879,2879,2871,1407,1476,1408
3/9/2019 5:00,1464,1382,1472,2919,2919,2921,1455,1537,1449
3/9/2019 5:30,1460,1372,1518,3031,3032,3001,1571,1660,1483
3/9/2019 6:00,1450,1351,1597,3230,3232,3246,1780,1881,1649
3/9/2019 6:30,1437,1310,1645,3522,3527,3479,2085,2217,1834
3/9/2019 7:00,1441,1302,1702,3879,3884,3855,2438,2582,2153
3/9/2019 7:30,1461,1344,1739,4176,4186,4205,2715,2842,2466
3/9/2019 8:00,1483,1360,1843,4391,4405,4455,2908,3045,2612
3/9/2019 8:30,1507,1490,1772,4558,4566,4534,3051,3076,2762
3/9/2019 9:00,1540,1518,1825,4680,4673,4624,3140,3155,2799
3/9/2019 9:30,1583,1557,1806,4746,4730,4660,3163,3173,2854
3/9/2019 10:00,1626,1592,1914,4764,4748,4663,3138,3156,2749
3/9/2019 10:30,1669,1718,1874,4777,4762,4693,3108,3044,2819
3/9/2019 11:00,1707,1754,1800,4796,4780,4695,3089,3026,2895
3/9/2019 11:30,1740,1888,1823,4814,4817,4683,3074,2929,2860
3/9/2019 12:00,1765,1918,1779,4826,4830,4696,3061,2912,2917
3/9/2019 12:30,1783,1931,1768,4818,4820,4722,3035,2889,2954
3/9/2019 13:00,1788,1943,1779,4792,4786,4694,3004,2843,2915
3/9/2019 13:30,1779,1975,1714,4768,4752,4602,2989,2777,2888
3/9/2019 14:00,1784,1972,1870,4750,4725,4620,2966,2753,2750
3/9/2019 14:30,1803,1882,1757,4740,4715,4618,2937,2833,2861
3/9/2019 15:00,1781,1885,1716,4742,4724,4634,2961,2839,2918
3/9/2019 15:30,1717,1790,1612,4762,4755,4687,3045,2965,3075
3/9/2019 16:00,1680,1763,1629,4803,4808,4636,3123,3045,3007
3/9/2019 16:30,1668,1733,1678,4862,4875,4845,3194,3142,3167
3/9/2019 17:00,1648,1681,1536,4926,4940,4842,3278,3259,3306
3/9/2019 17:30,1621,1660,1534,4944,4947,4965,3323,3287,3431
3/9/2019 18:00,1600,1591,1551,4905,4885,5030,3305,3294,3479
3/9/2019 18:30,1586,1458,1558,4810,4776,4895,3224,3318,3337
3/9/2019 19:00,1621,1446,1422,4688,4650,4756,3067,3204,3334
3/9/2019 19:30,1703,1432,1311,4654,4615,4648,2951,3183,3337
3/9/2019 20:00,1771,1438,1300,4699,4663,4615,2928,3225,3315
3/9/2019 20:30,1824,1393,1250,4676,4652,4773,2852,3259,3523
3/9/2019 21:00,1866,1409,1346,4555,4550,4706,2689,3141,3360
3/9/2019 21:30,1898,1483,1531,4373,4375,4480,2475,2892,2949
3/9/2019 22:00,1893,1547,1560,4146,4147,4192,2253,2600,2632
3/9/2019 22:30,1850,1652,1562,3910,3911,3918,2060,2259,2356
3/9/2019 23:00,1774,1717,1737,3682,3682,3683,1908,1965,1946
3/9/2019 23:30,1781,1650,1693,3462,3476,3444,1681,1826,1751
4/9/2019 0:00,1770,1655,1687,3261,3267,3277,1491,1612,1590
4/9/2019 0:30,1742,1637,1785,3117,3119,3184,1375,1482,1399
4/9/2019 1:00,1731,1622,1712,3029,3032,3071,1298,1410,1359
4/9/2019 1:30,1738,1667,1769,2960,2964,2980,1222,1297,1211
4/9/2019 2:00,1762,1691,1779,2902,2906,2925,1140,1215,1146
4/9/2019 2:30,1802,1813,1710,2858,2861,2872,1056,1048,1162
4/9/2019 3:00,1866,1888,1774,2829,2832,2877,963,944,1103
4/9/2019 3:30,1952,1937,1866,2820,2821,2861,868,884,995
4/9/2019 4:00,2026,2008,1938,2828,2827,2870,802,819,932
4/9/2019 4:30,2089,2095,2041,2840,2838,2860,751,743,819
4/9/2019 5:00,2140,2179,2077,2869,2866,2914,729,687,837
4/9/2019 5:30,2178,2255,2054,2975,2972,2982,797,717,928
4/9/2019 6:00,2234,2317,2155,3174,3172,3228,940,855,1073
4/9/2019 6:30,2305,2325,2257,3473,3470,3440,1168,1145,1183
4/9/2019 7:00,2361,2389,2383,3840,3834,3852,1479,1445,1469
4/9/2019 7:30,2402,2466,2484,4141,4137,4243,1739,1671,1759
4/9/2019 8:00,2444,2528,2532,4351,4353,4455,1907,1825,1923
4/9/2019 8:30,2488,2581,2622,4505,4504,4521,2017,1923,1899
4/9/2019 9:00,2591,2659,2753,4609,4597,4602,2018,1938,1849
4/9/2019 9:30,2753,2776,2858,4657,4640,4634,1904,1864,1776
4/9/2019 10:00,2883,2885,2893,4660,4643,4622,1777,1758,1729
4/9/2019 10:30,2982,2985,3008,4660,4644,4604,1678,1659,1596
4/9/2019 11:00,3033,3047,3025,4668,4654,4613,1635,1607,1588
4/9/2019 11:30,3034,3127,2935,4678,4664,4612,1644,1537,1677
4/9/2019 12:00,3049,3164,2809,4682,4663,4587,1633,1499,1778
4/9/2019 12:30,3077,3221,2974,4663,4642,4646,1586,1421,1672
4/9/2019 13:00,3100,3228,3145,4619,4604,4613,1519,1376,1468
4/9/2019 13:30,3117,3174,3170,4575,4568,4567,1458,1394,1397
4/9/2019 14:00,3129,3186,3156,4541,4543,4583,1412,1357,1427
4/9/2019 14:30,3136,3215,3184,4529,4532,4582,1393,1317,1398
4/9/2019 15:00,3145,3217,3152,4542,4537,4581,1397,1320,1429
4/9/2019 15:30,3156,3175,3151,4578,4566,4594,1422,1391,1443
4/9/2019 16:00,3160,3173,3165,4633,4620,4650,1473,1447,1485
4/9/2019 16:30,3157,3166,3172,4704,4690,4740,1547,1524,1568
4/9/2019 17:00,3150,3160,3171,4774,4763,4847,1624,1603,1676
4/9/2019 17:30,3139,3162,3167,4789,4790,4872,1650,1628,1705
4/9/2019 18:00,3105,3142,3139,4738,4757,4808,1633,1615,1669
4/9/2019 18:30,3048,3087,3137,4634,4655,4714,1586,1568,1577
4/9/2019 19:00,2972,3035,3086,4514,4520,4621,1542,1485,1535
4/9/2019 19:30,2875,2968,3016,4506,4501,4574,1631,1533,1558
4/9/2019 20:00,2750,2882,2951,4598,4591,4572,1848,1709,1621
4/9/2019 20:30,2596,2794,2893,4611,4606,4745,2015,1812,1852
4/9/2019 21:00,2427,2644,2786,4509,4509,4664,2082,1865,1878
4/9/2019 21:30,2243,2391,2402,4322,4322,4413,2079,1931,2011
4/9/2019 22:00,2061,2206,2105,4075,4069,4141,2014,1863,2036
4/9/2019 22:30,1879,2049,1970,3829,3820,3882,1950,1771,1912
4/9/2019 23:00,1906,1881,1756,3595,3596,3573,1689,1715,1817
4/9/2019 23:30,1748,1731,1681,3401,3411,3379,1653,1680,1698
5/9/2019 0:00,1613,1596,1598,3242,3247,3258,1629,1651,1660
5/9/2019 0:30,1501,1524,1492,3122,3125,3141,1621,1601,1649
5/9/2019 1:00,1409,1441,1407,3037,3041,3039,1628,1600,1632
5/9/2019 1:30,1336,1306,1368,2969,2973,2966,1633,1667,1598
5/9/2019 2:00,1293,1279,1355,2915,2918,2910,1622,1639,1555
5/9/2019 2:30,1280,1232,1362,2878,2880,2874,1598,1648,1512
5/9/2019 3:00,1270,1226,1297,2859,2860,2833,1589,1634,1536
5/9/2019 3:30,1262,1238,1215,2850,2852,2818,1588,1614,1603
5/9/2019 4:00,1278,1239,1270,2851,2854,2833,1573,1615,1563
5/9/2019 4:30,1317,1268,1296,2866,2870,2883,1549,1602,1587
5/9/2019 5:00,1347,1280,1318,2908,2912,2955,1561,1632,1637
5/9/2019 5:30,1370,1322,1338,3022,3027,3035,1652,1705,1697
5/9/2019 6:00,1368,1299,1446,3228,3234,3264,1860,1935,1818
5/9/2019 6:30,1341,1262,1455,3550,3556,3497,2209,2294,2042
5/9/2019 7:00,1333,1262,1576,3951,3956,3940,2618,2694,2364
5/9/2019 7:30,1342,1324,1580,4257,4424,4316,2915,3100,2736
5/9/2019 8:00,1336,1322,1541,4443,4567,4540,3107,3245,2999
5/9/2019 8:30,1316,1287,1594,4573,4651,4653,3257,3364,3059
5/9/2019 9:00,1337,1313,1650,4662,4685,4731,3325,3372,3081
5/9/2019 9:30,1400,1450,1702,4697,4691,4736,3297,3241,3034
5/9/2019 10:00,1485,1521,1690,4684,4682,4683,3199,3161,2993
5/9/2019 10:30,1592,1677,1820,4670,4676,4655,3078,2999,2835
5/9/2019 11:00,1689,1729,1961,4665,4675,4640,2976,2946,2679
5/9/2019 11:30,1777,1733,1985,4664,4671,4635,2887,2938,2650
5/9/2019 12:00,1831,1757,1924,4659,4666,4630,2828,2909,2706
5/9/2019 12:30,1852,1855,1921,4630,4640,4633,2778,2785,2712
5/9/2019 13:00,1853,1885,1923,4579,4592,4587,2726,2707,2664
5/9/2019 13:30,1834,1898,1828,4531,4552,4497,2697,2654,2669
5/9/2019 14:00,1823,1914,1942,4495,4526,4456,2672,2612,2514
5/9/2019 14:30,1820,1973,1986,4478,4516,4419,2658,2543,2433
5/9/2019 15:00,1825,1973,2078,4482,4521,4429,2657,2548,2351
5/9/2019 15:30,1840,1991,2140,4512,4550,4483,2672,2559,2343
5/9/2019 16:00,1866,2018,2280,4569,4602,4576,2703,2584,2296
5/9/2019 16:30,1905,2061,2360,4642,4675,4709,2737,2614,2349
5/9/2019 17:00,1940,2086,2364,4720,4752,4786,2780,2666,2422
5/9/2019 17:30,1972,2096,2369,4755,4783,4814,2783,2687,2445
5/9/2019 18:00,1995,2091,2246,4735,4752,4735,2740,2661,2489
5/9/2019 18:30,2009,2113,2345,4651,4667,4695,2642,2554,2350
5/9/2019 19:00,2047,2121,2392,4539,4561,4628,2492,2440,2236
5/9/2019 19:30,2107,2202,2334,4550,4579,4616,2443,2377,2282
5/9/2019 20:00,2170,2249,2419,4671,4701,4661,2501,2452,2242
5/9/2019 20:30,2237,2353,2466,4683,4706,4788,2446,2353,2322
5/9/2019 21:00,2295,2416,2478,4552,4561,4642,2257,2145,2164
5/9/2019 21:30,2347,2389,2508,4348,4356,4414,2001,1967,1906
5/9/2019 22:00,2399,2438,2615,4101,4121,4164,1702,1683,1549
5/9/2019 22:30,2453,2561,2674,3855,3874,3917,1402,1313,1243
5/9/2019 23:00,2557,2580,2627,3630,3630,3682,1073,1050,1055
5/9/2019 23:30,2596,2609,2418,3421,3424,3444,825,815,1026
6/9/2019 0:00,2614,2612,2296,3254,3257,3261,640,645,965
6/9/2019 0:30,2612,2586,2226,3129,3131,3135,517,545,909
6/9/2019 1:00,2608,2573,2228,3041,3043,3042,433,470,814
6/9/2019 1:30,2604,2576,2169,2969,2971,2949,365,395,780
6/9/2019 2:00,2590,2567,2155,2910,2913,2904,320,346,749
6/9/2019 2:30,2569,2566,2159,2869,2874,2873,300,308,714
6/9/2019 3:00,2539,2540,2150,2848,2854,2848,309,314,698
6/9/2019 3:30,2502,2375,2157,2842,2850,2851,340,475,694
6/9/2019 4:00,2463,2338,2148,2852,2862,2868,389,524,720
6/9/2019 4:30,2422,2319,2128,2877,2886,2879,455,567,751
6/9/2019 5:00,2383,2280,2169,2927,2935,2950,544,655,781
6/9/2019 5:30,2347,2126,2202,3044,3052,3033,697,926,831
6/9/2019 6:00,2317,2096,2176,3245,3253,3239,928,1157,1063
6/9/2019 6:30,2294,2039,2158,3549,3558,3482,1255,1519,1324
6/9/2019 7:00,2254,2022,2216,3923,3930,3871,1669,1908,1655
6/9/2019 7:30,2199,2035,2283,4209,4218,4248,2010,2183,1965
6/9/2019 8:00,2146,2022,2324,4385,4397,4470,2239,2375,2146
6/9/2019 8:30,2097,2009,2272,4522,4534,4545,2425,2525,2273
6/9/2019 9:00,2091,2032,2256,4631,4637,4619,2540,2605,2363
6/9/2019 9:30,2130,2126,2222,4687,4687,4674,2557,2561,2452
6/9/2019 10:00,2174,2162,2272,4693,4687,4638,2519,2525,2366
6/9/2019 10:30,2222,2235,2428,4693,4685,4633,2471,2450,2205
6/9/2019 11:00,2251,2262,2525,4696,4689,4619,2445,2427,2094
6/9/2019 11:30,2262,2352,2561,4698,4694,4632,2436,2342,2071
6/9/2019 12:00,2267,2345,2503,4694,4698,4591,2427,2353,2088
6/9/2019 12:30,2268,2308,2538,4671,4675,4593,2403,2367,2055
6/9/2019 13:00,2256,2276,2509,4627,4623,4562,2371,2347,2053
6/9/2019 13:30,2231,2214,2354,4579,4562,4452,2348,2348,2098
6/9/2019 14:00,2179,2203,2338,4532,4505,4429,2353,2302,2091
6/9/2019 14:30,2100,2307,2283,4504,4471,4407,2404,2164,2124
6/9/2019 15:00,2041,2279,2200,4496,4464,4390,2455,2185,2190
6/9/2019 15:30,2001,2192,2194,4504,4476,4422,2503,2284,2228
6/9/2019 16:00,1962,2142,2044,4529,4508,4440,2567,2366,2396
6/9/2019 16:30,1925,2101,2032,4580,4564,4511,2655,2463,2479
6/9/2019 17:00,1869,2053,2014,4645,4629,4590,2776,2576,2576
6/9/2019 17:30,1792,1944,1861,4670,4653,4628,2878,2709,2767
6/9/2019 18:00,1695,1851,1728,4642,4622,4589,2947,2771,2861
6/9/2019 18:30,1578,1711,1584,4557,4540,4539,2979,2829,2955
6/9/2019 19:00,1470,1567,1519,4449,4439,4449,2979,2872,2930
6/9/2019 19:30,1374,1396,1384,4455,4449,4413,3081,3053,3029
6/9/2019 20:00,1276,1266,1299,4561,4553,4431,3285,3287,3132
6/9/2019 20:30,1177,1169,1213,4565,4557,4546,3388,3388,3333
6/9/2019 21:00,1102,1089,1169,4435,4429,4449,3333,3340,3280
6/9/2019 21:30,1050,974,1197,4248,4243,4262,3198,3269,3065
6/9/2019 22:00,1013,940,1165,4030,4026,4049,3017,3086,2884
6/9/2019 22:30,992,914,1144,3811,3809,3853,2819,2895,2709
6/9/2019 23:00,1001,901,1164,3608,3606,3665,2607,2705,2501
6/9/2019 23:30,992,905,1150,3431,3428,3482,2439,2523,2332
7/9/2019 0:00,975,891,1111,3283,3282,3345,2308,2391,2234
7/9/2019 0:30,951,902,1032,3160,3159,3218,2209,2257,2186
7/9/2019 1:00,927,880,999,3057,3056,3096,2130,2176,2097
7/9/2019 1:30,902,915,915,2967,2965,3022,2065,2050,2107
7/9/2019 2:00,872,875,959,2889,2887,2963,2017,2012,2004
7/9/2019 2:30,838,857,962,2832,2830,2921,1994,1973,1959
7/9/2019 3:00,793,807,778,2797,2794,2868,2004,1987,2090
7/9/2019 3:30,737,745,682,2779,2775,2853,2042,2030,2171
7/9/2019 4:00,693,706,622,2775,2771,2844,2082,2065,2222
7/9/2019 4:30,662,672,594,2779,2776,2855,2117,2104,2261
7/9/2019 5:00,621,628,554,2793,2793,2876,2172,2165,2322
7/9/2019 5:30,572,575,544,2835,2835,2905,2263,2260,2361
7/9/2019 6:00,527,517,493,2910,2911,3012,2383,2394,2519
7/9/2019 6:30,486,452,444,3033,3036,3091,2547,2584,2647
7/9/2019 7:00,429,391,401,3208,3214,3227,2779,2823,2826
7/9/2019 7:30,355,289,307,3436,3445,3440,3081,3156,3133
7/9/2019 8:00,302,249,258,3695,3706,3720,3393,3457,3462
7/9/2019 8:30,268,210,228,3902,3911,3970,3634,3701,3742
7/9/2019 9:00,259,195,210,4043,4041,4170,3784,3846,3960
7/9/2019 9:30,273,202,202,4143,4134,4283,3870,3932,4081
7/9/2019 10:00,269,199,198,4209,4198,4329,3940,3999,4131
7/9/2019 10:30,247,203,177,4246,4234,4357,3999,4031,4180
7/9/2019 11:00,227,189,177,4259,4248,4371,4032,4059,4194
7/9/2019 11:30,210,155,180,4267,4259,4363,4057,4104,4183
7/9/2019 12:00,197,145,155,4270,4257,4352,4073,4112,4197
7/9/2019 12:30,188,150,156,4250,4233,4330,4062,4083,4174
7/9/2019 13:00,184,148,141,4205,4186,4267,4021,4038,4126
7/9/2019 13:30,186,135,136,4145,4126,4211,3959,3991,4075
7/9/2019 14:00,183,143,141,4081,4064,4130,3898,3921,3989
7/9/2019 14:30,175,145,139,4041,4024,4077,3866,3879,3938
7/9/2019 15:00,169,147,131,4031,4014,4050,3862,3867,3919
7/9/2019 15:30,164,142,130,4043,4024,4028,3879,3882,3898
7/9/2019 16:00,163,134,125,4077,4056,4063,3914,3922,3938
7/9/2019 16:30,165,128,118,4134,4114,4123,3969,3986,4005
7/9/2019 17:00,159,121,111,4204,4190,4219,4045,4069,4108
7/9/2019 17:30,144,118,113,4242,4232,4299,4098,4114,4186
7/9/2019 18:00,130,111,114,4235,4231,4301,4105,4120,4187
7/9/2019 18:30,117,92,109,4178,4175,4263,4061,4083,4154
7/9/2019 19:00,112,94,114,4101,4098,4199,3989,4004,4085
7/9/2019 19:30,114,109,123,4134,4129,4120,4020,4020,3997
7/9/2019 20:00,116,114,140,4257,4251,4129,4141,4137,3989
7/9/2019 20:30,116,113,134,4269,4263,4275,4153,4150,4141
7/9/2019 21:00,110,106,121,4144,4141,4203,4034,4035,4082
7/9/2019 21:30,97,74,105,3982,3981,4037,3885,3907,3932
7/9/2019 22:00,85,64,81,3809,3811,3877,3724,3747,3796
7/9/2019 22:30,72,66,66,3622,3626,3713,3550,3560,3647
7/9/2019 23:00,57,58,58,3438,3439,3536,3381,3381,3478
7/9/2019 23:30,50,56,47,3304,3310,3387,3254,3254,3340
8/9/2019 0:00,46,53,20,3220,3230,3273,3174,3177,3253
8/9/2019 0:30,46,57,20,3123,3135,3168,3077,3078,3148
8/9/2019 1:00,49,59,42,3005,3016,3073,2956,2957,3031
8/9/2019 1:30,58,62,49,2903,2914,2972,2845,2852,2923
8/9/2019 2:00,68,73,62,2825,2836,2916,2757,2763,2854
8/9/2019 2:30,80,94,82,2766,2775,2856,2686,2681,2774
8/9/2019 3:00,94,113,111,2722,2732,2806,2628,2619,2695
8/9/2019 3:30,110,130,140,2693,2704,2769,2583,2574,2629
8/9/2019 4:00,124,155,179,2679,2688,2744,2555,2533,2565
8/9/2019 4:30,138,183,209,2674,2681,2746,2536,2498,2537
8/9/2019 5:00,147,199,211,2680,2683,2764,2533,2484,2553
8/9/2019 5:30,154,201,206,2703,2706,2778,2549,2505,2572
8/9/2019 6:00,161,212,221,2743,2749,2845,2582,2537,2624
8/9/2019 6:30,169,239,230,2798,2806,2849,2629,2567,2619
8/9/2019 7:00,178,253,235,2878,2887,2903,2700,2634,2668
8/9/2019 7:30,188,275,225,3033,3046,3050,2845,2771,2825
8/9/2019 8:00,195,273,215,3254,3274,3254,3059,3001,3039
8/9/2019 8:30,200,265,206,3466,3487,3468,3266,3222,3262
8/9/2019 9:00,201,253,201,3647,3663,3679,3446,3410,3478
8/9/2019 9:30,199,218,199,3796,3808,3857,3597,3590,3658
8/9/2019 10:00,205,214,211,3916,3924,3983,3711,3710,3772
8/9/2019 10:30,218,227,225,4008,4015,4077,3790,3788,3852
8/9/2019 11:00,241,247,241,4076,4083,4118,3835,3836,3877
8/9/2019 11:30,274,259,288,4120,4155,4148,3846,3896,3860
8/9/2019 12:00,311,304,343,4141,4186,4188,3830,3882,3845
8/9/2019 12:30,354,355,374,4136,4185,4225,3782,3830,3851
8/9/2019 13:00,401,404,457,4106,4152,4226,3705,3748,3769
8/9/2019 13:30,451,451,508,4056,4101,4154,3605,3650,3646
8/9/2019 14:00,502,499,540,3996,4041,4050,3494,3542,3510
8/9/2019 14:30,552,561,605,3957,4001,3993,3405,3440,3388
8/9/2019 15:00,598,612,624,3946,3988,3967,3348,3376,3343
8/9/2019 15:30,638,702,659,3961,3997,3960,3323,3295,3301
8/9/2019 16:00,660,706,691,4001,4028,3975,3341,3322,3284
8/9/2019 16:30,665,698,751,4067,4090,4020,3402,3392,3269
8/9/2019 17:00,675,705,904,4147,4174,4118,3472,3469,3214
8/9/2019 17:30,691,711,1018,4195,4223,4214,3504,3512,3196
8/9/2019 18:00,715,731,977,4203,4228,4235,3488,3497,3258
8/9/2019 18:30,746,735,1006,4186,4208,4217,3440,3473,3211
8/9/2019 19:00,769,762,975,4165,4181,4237,3396,3419,3262
8/9/2019 19:30,782,805,876,4202,4210,4233,3420,3405,3357
8/9/2019 20:00,799,837,867,4279,4278,4327,3480,3441,3460
8/9/2019 20:30,820,937,828,4253,4254,4305,3433,3317,3477
8/9/2019 21:00,858,951,841,4111,4121,4159,3253,3170,3318
8/9/2019 21:30,912,984,859,3949,3961,3933,3037,2977,3074
8/9/2019 22:00,960,1009,876,3785,3794,3714,2825,2785,2838
8/9/2019 22:30,1002,1053,1000,3605,3614,3508,2603,2561,2508
8/9/2019 23:00,1070,1057,1102,3425,3425,3315,2355,2368,2213
8/9/2019 23:30,1100,982,1159,3256,3252,3134,2156,2270,1975
9/9/2019 0:00,1119,972,1070,3115,3113,3031,1996,2141,1961
9/9/2019 0:30,1126,932,1245,3005,3003,2949,1879,2071,1704
9/9/2019 1:00,1138,939,1241,2922,2919,2880,1784,1980,1639
9/9/2019 1:30,1154,948,1075,2857,2855,2830,1703,1907,1755
9/9/2019 2:00,1186,1010,918,2806,2806,2784,1620,1796,1866
9/9/2019 2:30,1232,1076,1097,2773,2774,2801,1541,1698,1704
9/9/2019 3:00,1286,1174,1142,2757,2758,2789,1471,1584,1647
9/9/2019 3:30,1348,1350,1141,2750,2750,2755,1402,1400,1614
9/9/2019 4:00,1380,1432,1298,2753,2749,2760,1373,1317,1462
9/9/2019 4:30,1383,1442,1415,2768,2762,2779,1385,1320,1364
9/9/2019 5:00,1391,1436,1443,2810,2803,2848,1419,1367,1405
9/9/2019 5:30,1405,1383,1433,2927,2921,2909,1522,1538,1476
9/9/2019 6:00,1424,1380,1496,3138,3133,3151,1714,1753,1655
9/9/2019 6:30,1447,1440,1587,3467,3464,3412,2020,2024,1825
9/9/2019 7:00,1478,1460,1734,3874,3872,3801,2396,2412,2067
9/9/2019 7:30,1516,1447,1788,4178,4178,4166,2662,2731,2378
9/9/2019 8:00,1563,1511,1824,4356,4358,4404,2793,2847,2580
9/9/2019 8:30,1618,1665,1847,4492,4495,4494,2874,2830,2647
9/9/2019 9:00,1682,1741,1852,4603,4602,4585,2921,2861,2733
9/9/2019 9:30,1756,1860,1881,4662,4657,4601,2906,2797,2720
9/9/2019 10:00,1821,1951,2042,4673,4663,4548,2852,2712,2506
9/9/2019 10:30,1877,2126,2247,4677,4663,4552,2800,2537,2305
9/9/2019 11:00,1913,2170,2307,4685,4665,4574,2772,2495,2267
9/9/2019 11:30,1930,2199,2244,4697,4670,4525,2767,2471,2281
9/9/2019 12:00,1964,2218,2202,4706,4679,4534,2742,2461,2332
9/9/2019 12:30,2016,2233,2215,4690,4666,4538,2674,2433,2323
9/9/2019 13:00,2080,2268,2268,4650,4628,4533,2570,2360,2265
9/9/2019 13:30,2157,2337,2294,4617,4592,4438,2460,2255,2144
9/9/2019 14:00,2216,2371,2283,4598,4565,4452,2382,2194,2169
9/9/2019 14:30,2256,2404,2282,4588,4552,4460,2332,2148,2178
9/9/2019 15:00,2289,2391,2313,4590,4555,4456,2301,2164,2143
9/9/2019 15:30,2316,2306,2287,4616,4581,4505,2300,2275,2218
9/9/2019 16:00,2305,2262,2288,4669,4632,4554,2364,2370,2266
9/9/2019 16:30,2255,2204,2409,4744,4707,4708,2489,2503,2299
9/9/2019 17:00,2189,2124,2357,4825,4792,4793,2636,2668,2436
9/9/2019 17:30,2107,2013,2258,4852,4825,4825,2745,2812,2567
9/9/2019 18:00,1981,1897,2198,4811,4791,4766,2830,2894,2568
9/9/2019 18:30,1809,1744,2000,4704,4689,4651,2895,2945,2651
9/9/2019 19:00,1659,1631,1795,4577,4563,4526,2918,2932,2731
9/9/2019 19:30,1532,1567,1600,4603,4602,4459,3071,3035,2859
9/9/2019 20:00,1422,1471,1507,4756,4772,4545,3334,3301,3038
9/9/2019 20:30,1329,1449,1434,4754,4767,4718,3425,3318,3284
9/9/2019 21:00,1236,1345,1340,4563,4551,4605,3327,3206,3265
9/9/2019 21:30,1141,1254,1258,4334,4306,4370,3193,3052,3112
9/9/2019 22:00,1047,1148,1200,4101,4072,4115,3054,2924,2915
9/9/2019 22:30,953,1028,1037,3851,3820,3849,2898,2792,2812
9/9/2019 23:00,878,938,913,3563,3561,3617,2685,2623,2704
9/9/2019 23:30,793,793,756,3357,3358,3404,2564,2565,2648
10/9/2019 0:00,730,728,622,3213,3212,3248,2483,2484,2626
10/9/2019 0:30,689,707,597,3102,3099,3162,2413,2392,2565
10/9/2019 1:00,650,669,600,3014,3012,3075,2364,2343,2475
10/9/2019 1:30,614,624,582,2947,2944,3004,2333,2320,2422
10/9/2019 2:00,574,583,558,2898,2895,2956,2324,2312,2398
10/9/2019 2:30,530,562,570,2865,2863,2920,2335,2301,2350
10/9/2019 3:00,476,512,504,2847,2847,2902,2371,2335,2398
10/9/2019 3:30,410,418,411,2839,2840,2899,2429,2422,2488
10/9/2019 4:00,363,356,365,2843,2843,2907,2480,2487,2542
10/9/2019 4:30,335,300,250,2860,2858,2924,2525,2558,2674
10/9/2019 5:00,311,254,185,2904,2902,2975,2593,2648,2790
10/9/2019 5:30,290,185,174,3027,3025,3067,2737,2840,2893
10/9/2019 6:00,269,160,196,3248,3246,3310,2979,3086,3114
10/9/2019 6:30,246,172,248,3582,3580,3560,3336,3408,3312
10/9/2019 7:00,232,167,275,3992,3988,3958,3760,3821,3683
10/9/2019 7:30,228,182,295,4301,4301,4354,4073,4119,4059
10/9/2019 8:00,237,206,320,4484,4491,4574,4247,4285,4254
10/9/2019 8:30,260,215,334,4612,4613,4641,4352,4398,4307
10/9/2019 9:00,295,260,354,4702,4686,4693,4407,4426,4339
10/9/2019 9:30,341,345,406,4750,4721,4714,4409,4376,4308
10/9/2019 10:00,437,414,513,4761,4726,4652,4324,4312,4139
10/9/2019 10:30,583,552,720,4762,4725,4639,4179,4173,3919
10/9/2019 11:00,739,688,984,4761,4723,4617,4022,4035,3633
10/9/2019 11:30,905,893,1179,4764,4727,4602,3859,3834,3423
10/9/2019 12:00,1069,1057,1338,4768,4723,4632,3699,3666,3294
10/9/2019 12:30,1230,1177,1567,4753,4700,4672,3523,3523,3105
10/9/2019 13:00,1380,1335,1775,4719,4662,4640,3339,3327,2865
10/9/2019 13:30,1522,1538,2022,4689,4637,4546,3167,3099,2524
10/9/2019 14:00,1667,1698,1956,4670,4630,4552,3003,2932,2596
10/9/2019 14:30,1817,1934,2029,4659,4626,4567,2842,2692,2538
10/9/2019 15:00,1952,2063,2202,4660,4627,4604,2708,2564,2402
10/9/2019 15:30,2072,2186,2320,4691,4663,4668,2619,2477,2348
10/9/2019 16:00,2191,2307,2466,4754,4737,4731,2563,2430,2265
10/9/2019 16:30,2308,2527,2618,4848,4831,4867,2540,2304,2249
10/9/2019 17:00,2400,2620,2611,4953,4927,4954,2553,2307,2343
10/9/2019 17:30,2466,2687,2680,4992,4959,4990,2526,2272,2310
10/9/2019 18:00,2539,2756,2665,4960,4922,4926,2421,2166,2261
10/9/2019 18:30,2619,2808,2807,4904,4854,4891,2285,2046,2084
10/9/2019 19:00,2687,2837,2845,4853,4785,4801,2166,1948,1956
10/9/2019 19:30,2743,2840,2727,4867,4802,4741,2124,1962,2014
10/9/2019 20:00,2774,2835,2708,4922,4880,4787,2148,2045,2079
10/9/2019 20:30,2780,2823,2764,4852,4829,4808,2072,2006,2044
10/9/2019 21:00,2783,2810,2749,4642,4631,4611,1859,1821,1862
10/9/2019 21:30,2784,2770,2757,4405,4394,4414,1621,1624,1657
10/9/2019 22:00,2776,2757,2771,4166,4149,4147,1390,1392,1376
10/9/2019 22:30,2759,2781,2725,3913,3897,3877,1154,1116,1152
10/9/2019 23:00,2740,2755,2441,3649,3648,3597,909,893,1156
10/9/2019 23:30,2743,2660,2326,3435,3435,3392,692,775,1066
11/9/2019 0:00,2733,2649,2238,3265,3264,3250,532,615,1012
11/9/2019 0:30,2710,2648,2230,3142,3138,3160,432,490,930
11/9/2019 1:00,2682,2633,2130,3062,3052,3069,380,419,939
11/9/2019 1:30,2650,2628,2101,2993,2984,2992,343,356,891
11/9/2019 2:00,2617,2599,2105,2935,2929,2974,318,330,869
11/9/2019 2:30,2581,2473,2083,2898,2896,2948,317,423,865
11/9/2019 3:00,2548,2447,1985,2884,2884,2898,336,437,913
11/9/2019 3:30,2518,2351,1976,2886,2888,2886,368,537,910
11/9/2019 4:00,2483,2332,1988,2899,2904,2908,416,572,920
11/9/2019 4:30,2443,2319,1995,2924,2932,2947,481,613,952
11/9/2019 5:00,2394,2289,2105,2971,2980,3032,577,691,927
11/9/2019 5:30,2336,2119,2150,3086,3098,3107,750,979,957
11/9/2019 6:00,2267,2072,2227,3290,3303,3372,1023,1231,1145
11/9/2019 6:30,2187,1970,2288,3614,3629,3638,1427,1659,1350
11/9/2019 7:00,2138,1925,2387,4018,4035,3993,1880,2110,1606
11/9/2019 7:30,2121,1870,2363,4313,4330,4343,2192,2460,1980
11/9/2019 8:00,2100,1846,2314,4475,4488,4561,2375,2642,2247
11/9/2019 8:30,2075,1863,2114,4595,4603,4593,2520,2740,2479
11/9/2019 9:00,2120,1903,2055,4687,4688,4613,2567,2785,2558
11/9/2019 9:30,2235,2010,2118,4723,4720,4643,2488,2710,2525
11/9/2019 10:00,2317,2062,2207,4709,4704,4620,2392,2642,2413
11/9/2019 10:30,2365,2206,2314,4699,4694,4617,2334,2488,2303
11/9/2019 11:00,2398,2228,2334,4705,4702,4637,2307,2474,2303
11/9/2019 11:30,2414,2264,2282,4710,4710,4641,2296,2446,2359
11/9/2019 12:00,2403,2266,2349,4706,4707,4652,2303,2441,2303
11/9/2019 12:30,2367,2240,2289,4683,4685,4654,2316,2445,2365
11/9/2019 13:00,2324,2237,2229,4645,4646,4571,2321,2409,2342
11/9/2019 13:30,2275,2240,2281,4614,4613,4491,2339,2373,2210
11/9/2019 14:00,2230,2189,2086,4598,4593,4483,2368,2404,2397
11/9/2019 14:30,2188,2120,2011,4591,4591,4496,2403,2471,2485
11/9/2019 15:00,2121,2049,1950,4598,4609,4494,2477,2560,2544
11/9/2019 15:30,2029,1864,1931,4632,4645,4571,2603,2781,2640
11/9/2019 16:00,1925,1759,1855,4693,4696,4614,2768,2937,2759
11/9/2019 16:30,1809,1647,1756,4768,4765,4723,2959,3118,2967
11/9/2019 17:00,1662,1507,1592,4840,4835,4838,3178,3328,3246
11/9/2019 17:30,1482,1325,1353,4859,4854,4892,3377,3529,3539
11/9/2019 18:00,1320,1167,1280,4813,4808,4830,3493,3641,3550
11/9/2019 18:30,1176,1027,1174,4716,4711,4778,3540,3684,3604
11/9/2019 19:00,1058,917,988,4608,4602,4680,3550,3685,3692
11/9/2019 19:30,964,860,945,4645,4638,4641,3681,3778,3696
11/9/2019 20:00,903,798,836,4799,4789,4760,3896,3991,3924
11/9/2019 20:30,873,781,844,4792,4780,4836,3919,3999,3992
11/9/2019 21:00,850,769,886,4597,4584,4686,3747,3815,3800
11/9/2019 21:30,835,763,876,4375,4362,4435,3540,3599,3559
11/9/2019 22:00,841,776,857,4163,4152,4181,3322,3376,3324
11/9/2019 22:30,868,796,808,3940,3928,3897,3072,3132,3089
11/9/2019 23:00,833,815,797,3696,3694,3656,2863,2879,2859
11/9/2019 23:30,871,818,836,3482,3495,3435,2611,2677,2599
12/9/2019 0:00,920,854,915,3302,3311,3285,2382,2457,2370
12/9/2019 0:30,980,967,960,3175,3182,3180,2195,2215,2220
12/9/2019 1:00,1045,1007,979,3099,3104,3084,2054,2097,2105
12/9/2019 1:30,1114,1044,1058,3036,3041,3022,1922,1997,1964
12/9/2019 2:00,1186,1089,1147,2980,2985,3012,1794,1896,1865
12/9/2019 2:30,1263,1075,1226,2941,2947,2971,1678,1872,1745
12/9/2019 3:00,1335,1151,1258,2919,2925,2952,1584,1774,1694
12/9/2019 3:30,1403,1204,1286,2911,2917,2912,1508,1713,1626
12/9/2019 4:00,1501,1279,1353,2914,2920,2918,1413,1641,1565
12/9/2019 4:30,1630,1359,1496,2933,2939,2926,1303,1580,1430
12/9/2019 5:00,1749,1424,1601,2979,2985,3021,1230,1561,1420
12/9/2019 5:30,1858,1548,1572,3095,3101,3098,1237,1553,1526
12/9/2019 6:00,1964,1630,1559,3298,3305,3306,1334,1675,1747
12/9/2019 6:30,2065,1751,1616,3623,3628,3564,1558,1877,1948
12/9/2019 7:00,2165,1826,1697,4027,4030,3965,1862,2204,2268
12/9/2019 7:30,2262,1899,1833,4316,4321,4356,2054,2422,2523
12/9/2019 8:00,2313,1907,1834,4469,4476,4580,2156,2569,2746
12/9/2019 8:30,2320,1892,1789,4600,4597,4632,2280,2705,2843
12/9/2019 9:00,2300,1852,1804,4725,4699,4710,2425,2847,2906
12/9/2019 9:30,2253,1685,1836,4791,4758,4745,2538,3073,2909
12/9/2019 10:00,2175,1625,1936,4800,4778,4769,2625,3153,2833
12/9/2019 10:30,2066,1546,1768,4806,4794,4694,2740,3248,2926
12/9/2019 11:00,1986,1494,1698,4821,4816,4720,2835,3322,3022
12/9/2019 11:30,1932,1463,1731,4834,4856,4732,2902,3393,3001
12/9/2019 12:00,1902,1457,1623,4839,4866,4714,2937,3409,3091
12/9/2019 12:30,1893,1494,1569,4815,4842,4722,2922,3348,3153
12/9/2019 13:00,1890,1506,1639,4763,4786,4702,2873,3280,3063
12/9/2019 13:30,1891,1620,1742,4711,4730,4643,2820,3110,2901
12/9/2019 14:00,1892,1620,1716,4669,4687,4648,2777,3067,2932
12/9/2019 14:30,1894,1594,1843,4653,4665,4622,2759,3071,2779
12/9/2019 15:00,1882,1606,1943,4661,4668,4608,2779,3062,2665
12/9/2019 15:30,1857,1689,1818,4680,4686,4624,2823,2997,2806
12/9/2019 16:00,1804,1648,1816,4708,4718,4689,2904,3070,2873
12/9/2019 16:30,1723,1576,1773,4755,4771,4796,3032,3195,3023
12/9/2019 17:00,1643,1488,1705,4813,4832,4868,3170,3344,3163
12/9/2019 17:30,1563,1407,1620,4827,4845,4886,3264,3438,3266
12/9/2019 18:00,1446,1288,1486,4785,4798,4800,3339,3510,3314
12/9/2019 18:30,1293,1218,1361,4681,4695,4704,3388,3477,3343
12/9/2019 19:00,1170,1104,1257,4558,4576,4613,3388,3472,3356
12/9/2019 19:30,1078,1043,1128,4597,4610,4582,3519,3567,3454
12/9/2019 20:00,1002,959,1102,4765,4767,4714,3763,3808,3612
12/9/2019 20:30,941,899,1068,4764,4763,4827,3823,3864,3759
12/9/2019 21:00,893,859,993,4564,4567,4681,3671,3708,3688
12/9/2019 21:30,857,840,968,4336,4336,4439,3479,3496,3471
12/9/2019 22:00,820,817,977,4118,4109,4186,3298,3292,3209
12/9/2019 22:30,784,827,964,3888,3871,3933,3104,3044,2969
12/9/2019 23:00,717,781,851,3634,3630,3682,2917,2849,2831
12/9/2019 23:30,671,730,850,3427,3429,3477,2756,2699,2627
13/9/2019 0:00,633,679,830,3262,3263,3308,2629,2584,2478
13/9/2019 0:30,603,658,701,3140,3140,3195,2537,2482,2494
13/9/2019 1:00,567,607,608,3055,3055,3102,2488,2448,2494
13/9/2019 1:30,525,582,609,2990,2990,3014,2465,2408,2405
13/9/2019 2:00,481,525,592,2939,2939,2973,2458,2414,2381
13/9/2019 2:30,436,473,515,2899,2900,2935,2463,2427,2420
13/9/2019 3:00,396,432,444,2871,2871,2906,2475,2439,2462
13/9/2019 3:30,359,463,384,2857,2857,2890,2498,2394,2506
13/9/2019 4:00,325,420,381,2857,2856,2898,2532,2436,2517
13/9/2019 4:30,292,371,368,2875,2876,2927,2583,2505,2559
13/9/2019 5:00,263,328,368,2920,2924,2991,2657,2596,2623
13/9/2019 5:30,237,265,339,3025,3029,3077,2788,2764,2738
13/9/2019 6:00,219,233,319,3211,3210,3314,2992,2977,2995
13/9/2019 6:30,209,193,295,3520,3518,3573,3311,3325,3278
13/9/2019 7:00,200,174,285,3919,3918,3962,3719,3744,3677
13/9/2019 7:30,191,176,303,4219,4224,4377,4028,4048,4074
13/9/2019 8:00,180,163,245,4395,4406,4575,4215,4243,4330
13/9/2019 8:30,166,148,200,4528,4531,4645,4362,4383,4445
13/9/2019 9:00,153,135,159,4634,4616,4711,4481,4481,4552
13/9/2019 9:30,141,151,113,4687,4660,4741,4546,4509,4628
13/9/2019 10:00,135,144,96,4691,4669,4706,4556,4525,4610
13/9/2019 10:30,135,157,103,4686,4667,4700,4551,4510,4597
13/9/2019 11:00,141,158,134,4683,4665,4701,4542,4507,4567
13/9/2019 11:30,154,158,167,4684,4675,4656,4530,4517,4489
13/9/2019 12:00,169,167,195,4682,4666,4635,4513,4499,4440
13/9/2019 12:30,187,175,196,4652,4636,4640,4465,4461,4444
13/9/2019 13:00,208,189,203,4594,4581,4576,4386,4392,4373
13/9/2019 13:30,231,180,220,4530,4520,4509,4299,4340,4289
13/9/2019 14:00,244,179,215,4473,4467,4485,4229,4288,4270
13/9/2019 14:30,245,164,195,4442,4436,4469,4197,4272,4274
13/9/2019 15:00,228,154,190,4441,4431,4450,4213,4277,4260
13/9/2019 15:30,193,156,186,4454,4446,4462,4261,4290,4276
13/9/2019 16:00,163,145,162,4481,4481,4490,4318,4336,4328
13/9/2019 16:30,139,133,158,4540,4543,4560,4401,4410,4402
13/9/2019 17:00,121,118,117,4618,4621,4624,4497,4503,4507
13/9/2019 17:30,109,101,92,4661,4656,4676,4552,4555,4584
13/9/2019 18:00,100,86,70,4650,4633,4619,4550,4547,4549
13/9/2019 18:30,93,88,0,4573,4553,4535,4480,4465,4535
13/9/2019 19:00,94,82,48,4473,4457,4468,4379,4375,4420
13/9/2019 19:30,103,84,61,4521,4508,4445,4418,4424,4384
13/9/2019 20:00,117,89,45,4690,4680,4606,4573,4591,4561
13/9/2019 20:30,135,96,51,4692,4688,4662,4557,4592,4611
13/9/2019 21:00,155,109,68,4494,4498,4538,4339,4389,4470
13/9/2019 21:30,177,112,91,4256,4267,4332,4079,4155,4241
13/9/2019 22:00,202,140,153,4020,4035,4119,3818,3895,3966
13/9/2019 22:30,233,176,228,3788,3805,3877,3555,3629,3649
13/9/2019 23:00,205,233,326,3584,3585,3658,3379,3352,3332
13/9/2019 23:30,263,287,408,3417,3419,3458,3154,3132,3050
14/9/2019 0:00,338,370,480,3301,3300,3301,2963,2930,2821
14/9/2019 0:30,427,469,559,3189,3187,3157,2762,2718,2598
14/9/2019 1:00,514,556,651,3075,3073,3047,2561,2517,2396
14/9/2019 1:30,597,690,710,2978,2976,2945,2381,2286,2235
14/9/2019 2:00,689,751,854,2902,2899,2887,2213,2148,2033
14/9/2019 2:30,789,803,969,2844,2841,2829,2055,2038,1860
14/9/2019 3:00,883,888,1081,2802,2802,2803,1919,1914,1722
14/9/2019 3:30,972,923,1251,2779,2780,2785,1807,1857,1534
14/9/2019 4:00,1057,988,1479,2774,2774,2806,1717,1786,1327
14/9/2019 4:30,1139,1063,1660,2779,2780,2815,1640,1717,1155
14/9/2019 5:00,1201,1130,1715,2798,2799,2818,1597,1669,1103
14/9/2019 5:30,1244,1215,1738,2843,2845,2867,1599,1630,1129
14/9/2019 6:00,1284,1296,1676,2922,2924,2964,1638,1628,1288
14/9/2019 6:30,1323,1455,1726,3056,3059,3046,1733,1604,1320
14/9/2019 7:00,1368,1537,1888,3243,3247,3169,1875,1710,1281
14/9/2019 7:30,1419,1724,1938,3466,3469,3340,2047,1745,1402
14/9/2019 8:00,1448,1711,1981,3705,3704,3632,2257,1993,1651
14/9/2019 8:30,1456,1732,1809,3901,3900,3881,2445,2168,2072
14/9/2019 9:00,1457,1667,1667,4042,4042,4052,2585,2375,2385
14/9/2019 9:30,1453,1543,1558,4139,4139,4147,2686,2596,2589
14/9/2019 10:00,1469,1533,1644,4196,4196,4196,2727,2663,2552
14/9/2019 10:30,1506,1578,1720,4219,4222,4216,2713,2644,2496
14/9/2019 11:00,1533,1597,1619,4215,4224,4181,2682,2627,2562
14/9/2019 11:30,1551,1632,1591,4204,4231,4154,2653,2599,2563
14/9/2019 12:00,1574,1631,1680,4191,4223,4167,2617,2592,2487
14/9/2019 12:30,1602,1610,1737,4161,4193,4146,2559,2583,2409
14/9/2019 13:00,1636,1632,1700,4114,4139,4079,2478,2507,2379
14/9/2019 13:30,1676,1681,1698,4057,4079,4022,2381,2398,2324
14/9/2019 14:00,1704,1708,1764,3996,4024,3979,2292,2316,2215
14/9/2019 14:30,1721,1720,1878,3957,3989,3942,2236,2269,2064
14/9/2019 15:00,1737,1736,1897,3946,3979,3948,2209,2243,2051
14/9/2019 15:30,1753,1783,1919,3964,3993,3948,2211,2210,2029
14/9/2019 16:00,1764,1793,1913,4013,4030,3981,2249,2237,2068
14/9/2019 16:30,1770,1832,1927,4090,4098,4040,2320,2266,2113
14/9/2019 17:00,1755,1841,1965,4182,4182,4144,2427,2341,2179
14/9/2019 17:30,1718,1840,1979,4230,4224,4205,2512,2384,2226
14/9/2019 18:00,1686,1817,1925,4224,4213,4151,2538,2396,2226
14/9/2019 18:30,1660,1814,1970,4179,4169,4107,2519,2355,2137
14/9/2019 19:00,1670,1790,1963,4126,4119,4032,2456,2329,2069
14/9/2019 19:30,1717,1799,1976,4173,4164,3951,2456,2365,1975
14/9/2019 20:00,1743,1806,2024,4295,4281,4158,2552,2475,2134
14/9/2019 20:30,1749,1836,2036,4290,4276,4160,2541,2440,2124
14/9/2019 21:00,1722,1828,2107,4139,4128,4004,2417,2300,1897
14/9/2019 21:30,1661,1842,2064,3964,3959,3829,2303,2117,1765
14/9/2019 22:00,1572,1754,2014,3793,3797,3665,2221,2043,1651
14/9/2019 22:30,1455,1651,1866,3613,3624,3475,2158,1973,1609
14/9/2019 23:00,1431,1495,1640,3445,3445,3336,2014,1950,1696
14/9/2019 23:30,1294,1348,1531,3304,3299,3195,2010,1951,1664
15/9/2019 0:00,1184,1212,1363,3204,3204,3078,2020,1992,1715
15/9/2019 0:30,1099,1140,1188,3104,3108,2985,2005,1968,1797
15/9/2019 1:00,1033,1045,1125,3000,3004,2918,1967,1959,1793
15/9/2019 1:30,986,999,1059,2913,2915,2848,1927,1916,1789
15/9/2019 2:00,940,936,962,2847,2845,2813,1907,1909,1851
15/9/2019 2:30,894,927,772,2799,2795,2794,1905,1868,2022
15/9/2019 3:00,847,888,697,2769,2764,2744,1922,1876,2047
15/9/2019 3:30,798,858,672,2756,2751,2726,1958,1893,2054
15/9/2019 4:00,756,817,665,2757,2749,2716,2001,1932,2051
15/9/2019 4:30,718,783,693,2760,2752,2729,2042,1969,2036
15/9/2019 5:00,691,752,811,2766,2757,2736,2075,2005,1925
15/9/2019 5:30,674,734,884,2793,2785,2754,2119,2051,1870
15/9/2019 6:00,655,701,866,2841,2833,2809,2186,2132,1943
15/9/2019 6:30,633,575,763,2900,2891,2874,2267,2316,2111
15/9/2019 7:00,624,548,654,2977,2963,2926,2353,2415,2272
15/9/2019 7:30,626,595,632,3107,3094,3042,2481,2499,2410
15/9/2019 8:00,662,563,557,3289,3277,3257,2627,2714,2700
15/9/2019 8:30,730,536,503,3475,3464,3473,2745,2928,2970
15/9/2019 9:00,772,533,474,3651,3640,3678,2879,3107,3204
15/9/2019 9:30,786,515,438,3806,3796,3828,3020,3281,3390
15/9/2019 10:00,790,527,416,3938,3926,3967,3148,3399,3551
15/9/2019 10:30,782,549,410,4042,4024,4045,3260,3475,3635
15/9/2019 11:00,775,584,471,4120,4093,4097,3345,3509,3626
15/9/2019 11:30,768,610,539,4175,4152,4154,3407,3542,3615
15/9/2019 12:00,783,633,572,4207,4191,4206,3424,3558,3634
15/9/2019 12:30,822,637,667,4211,4199,4276,3389,3562,3609
15/9/2019 13:00,840,654,751,4190,4172,4268,3350,3518,3517
15/9/2019 13:30,837,650,825,4147,4122,4220,3310,3472,3395
15/9/2019 14:00,841,671,847,4091,4064,4143,3250,3393,3296
15/9/2019 14:30,850,666,848,4054,4026,4095,3204,3360,3247
15/9/2019 15:00,862,672,881,4042,4019,4083,3180,3347,3202
15/9/2019 15:30,877,749,906,4047,4028,4076,3170,3279,3170
15/9/2019 16:00,874,722,917,4072,4055,4125,3198,3333,3208
15/9/2019 16:30,853,696,907,4126,4116,4184,3273,3420,3277
15/9/2019 17:00,829,666,894,4198,4198,4276,3369,3532,3382
15/9/2019 17:30,800,670,884,4229,4231,4359,3429,3561,3475
15/9/2019 18:00,776,635,780,4216,4214,4372,3440,3579,3592
15/9/2019 18:30,757,672,718,4196,4197,4355,3439,3525,3637
15/9/2019 19:00,740,641,642,4185,4196,4338,3445,3555,3696
15/9/2019 19:30,724,622,658,4212,4221,4353,3488,3599,3695
15/9/2019 20:00,716,612,624,4260,4258,4464,3544,3646,3840
15/9/2019 20:30,716,633,571,4228,4218,4373,3512,3585,3802
15/9/2019 21:00,710,629,530,4107,4096,4226,3397,3467,3696
15/9/2019 21:30,700,622,526,3958,3942,4020,3258,3320,3494
15/9/2019 22:00,682,616,545,3797,3775,3810,3115,3159,3265
15/9/2019 22:30,657,598,550,3619,3592,3588,2962,2994,3038
15/9/2019 23:00,651,599,561,3399,3401,3401,2748,2802,2840
15/9/2019 23:30,654,605,557,3223,3241,3225,2569,2636,2668
16/9/2019 0:00,655,594,529,3072,3081,3109,2417,2487,2580
16/9/2019 0:30,653,536,549,2960,2966,3023,2307,2430,2474
16/9/2019 1:00,654,519,539,2884,2891,2945,2230,2372,2406
16/9/2019 1:30,656,499,528,2824,2832,2880,2168,2333,2352
16/9/2019 2:00,655,480,529,2775,2783,2848,2120,2303,2319
16/9/2019 2:30,650,477,539,2745,2752,2817,2095,2275,2278
16/9/2019 3:00,644,452,540,2733,2737,2796,2089,2285,2256
16/9/2019 3:30,638,458,510,2729,2732,2792,2091,2274,2282
16/9/2019 4:00,617,442,462,2734,2734,2799,2117,2292,2337
16/9/2019 4:30,580,428,418,2752,2750,2827,2172,2322,2409
16/9/2019 5:00,542,406,394,2797,2793,2894,2255,2387,2500
16/9/2019 5:30,502,383,364,2910,2904,2977,2408,2521,2613
16/9/2019 6:00,463,348,303,3113,3106,3219,2650,2758,2916
16/9/2019 6:30,425,332,246,3441,3432,3515,3016,3100,3269
16/9/2019 7:00,387,294,228,3855,3846,3920,3468,3552,3692
16/9/2019 7:30,347,251,219,4169,4162,4287,3822,3911,4068
16/9/2019 8:00,312,231,189,4355,4355,4534,4043,4124,4345
16/9/2019 8:30,281,213,187,4497,4502,4617,4216,4289,4430
16/9/2019 9:00,260,200,177,4610,4619,4687,4350,4419,4510
16/9/2019 9:30,249,176,156,4679,4685,4746,4430,4509,4590
16/9/2019 10:00,238,175,154,4705,4705,4719,4467,4530,4565
16/9/2019 10:30,229,177,137,4719,4715,4719,4490,4538,4582
16/9/2019 11:00,219,184,124,4729,4724,4731,4510,4540,4607
16/9/2019 11:30,208,187,132,4738,4745,4742,4530,4558,4610
16/9/2019 12:00,201,194,130,4742,4750,4761,4541,4556,4631
16/9/2019 12:30,198,203,144,4723,4736,4766,4525,4533,4622
16/9/2019 13:00,191,205,154,4684,4703,4721,4493,4498,4567
16/9/2019 13:30,181,202,172,4655,4676,4635,4474,4474,4463
16/9/2019 14:00,174,209,189,4642,4662,4627,4468,4453,4438
16/9/2019 14:30,169,197,188,4639,4656,4636,4470,4459,4448
16/9/2019 15:00,166,215,192,4646,4660,4656,4480,4445,4464
16/9/2019 15:30,165,233,226,4678,4691,4668,4513,4458,4442
16/9/2019 16:00,165,246,230,4737,4750,4731,4572,4504,4501
16/9/2019 16:30,169,256,226,4810,4827,4870,4641,4571,4644
16/9/2019 17:00,174,261,251,4880,4903,4966,4706,4642,4715
16/9/2019 17:30,181,269,296,4887,4916,4999,4706,4647,4703
16/9/2019 18:00,184,267,287,4826,4857,4942,4642,4590,4655
16/9/2019 18:30,185,248,265,4735,4766,4839,4550,4518,4574
16/9/2019 19:00,193,262,246,4650,4678,4742,4457,4416,4496
16/9/2019 19:30,209,282,246,4674,4707,4722,4465,4425,4476
16/9/2019 20:00,218,305,234,4777,4822,4869,4559,4517,4635
16/9/2019 20:30,220,314,208,4746,4788,4843,4526,4474,4635
16/9/2019 21:00,218,319,215,4557,4581,4666,4339,4262,4451
16/9/2019 21:30,213,311,224,4332,4339,4432,4119,4028,4208
16/9/2019 22:00,203,305,242,4102,4095,4162,3899,3790,3920
16/9/2019 22:30,189,289,240,3855,3841,3905,3666,3552,3665
16/9/2019 23:00,296,281,244,3591,3589,3645,3295,3308,3401
16/9/2019 23:30,290,238,229,3383,3391,3443,3093,3153,3214
17/9/2019 0:00,279,232,226,3228,3236,3302,2949,3004,3076
17/9/2019 0:30,263,213,232,3112,3120,3193,2849,2907,2961
17/9/2019 1:00,246,209,241,3030,3037,3114,2784,2828,2873
17/9/2019 1:30,227,210,245,2964,2972,3037,2737,2762,2792
17/9/2019 2:00,210,198,252,2912,2920,2996,2702,2722,2744
17/9/2019 2:30,196,239,270,2876,2884,2958,2680,2645,2688
17/9/2019 3:00,184,228,274,2855,2863,2923,2671,2635,2649
17/9/2019 3:30,174,244,276,2848,2856,2912,2674,2612,2636
17/9/2019 4:00,166,238,291,2854,2862,2920,2688,2624,2629
17/9/2019 4:30,159,233,300,2871,2880,2953,2712,2647,2653
17/9/2019 5:00,154,224,319,2912,2922,3022,2758,2698,2703
17/9/2019 5:30,150,211,295,3026,3037,3108,2876,2826,2813
17/9/2019 6:00,145,201,253,3234,3243,3334,3089,3042,3081
17/9/2019 6:30,139,202,241,3570,3578,3640,3431,3376,3399
17/9/2019 7:00,132,190,214,3994,4000,4037,3862,3810,3823
17/9/2019 7:30,125,194,205,4309,4315,4404,4184,4121,4199
17/9/2019 8:00,110,168,198,4489,4494,4609,4379,4326,4411
17/9/2019 8:30,88,143,171,4615,4619,4673,4527,4476,4502
17/9/2019 9:00,76,119,138,4708,4705,4731,4632,4586,4593
17/9/2019 9:30,72,93,109,4757,4744,4765,4685,4651,4656
17/9/2019 10:00,70,86,93,4766,4743,4711,4696,4657,4618
17/9/2019 10:30,69,89,102,4761,4738,4695,4692,4649,4593
17/9/2019 11:00,68,84,87,4751,4740,4698,4683,4656,4611
17/9/2019 11:30,66,79,73,4747,4749,4707,4681,4670,4634
17/9/2019 12:00,63,75,35,4748,4751,4722,4685,4676,4687
17/9/2019 12:30,60,81,30,4729,4726,4730,4669,4645,4700
17/9/2019 13:00,58,77,33,4690,4675,4693,4632,4598,4660
17/9/2019 13:30,55,65,36,4658,4634,4607,4603,4569,4571
17/9/2019 14:00,54,64,22,4637,4613,4599,4583,4549,4577
17/9/2019 14:30,54,68,21,4628,4606,4579,4574,4538,4558
17/9/2019 15:00,54,67,26,4633,4614,4586,4579,4547,4560
17/9/2019 15:30,54,63,24,4666,4649,4632,4612,4586,4608
17/9/2019 16:00,55,61,16,4727,4710,4681,4672,4649,4665
17/9/2019 16:30,56,57,14,4810,4793,4806,4754,4736,4792
17/9/2019 17:00,56,57,9,4896,4880,4911,4840,4823,4902
17/9/2019 17:30,55,59,6,4926,4913,4950,4871,4854,4944
17/9/2019 18:00,56,61,7,4891,4878,4891,4835,4817,4884
17/9/2019 18:30,60,61,6,4814,4799,4794,4754,4738,4788
17/9/2019 19:00,66,69,7,4735,4714,4719,4669,4645,4712
17/9/2019 19:30,74,88,8,4785,4765,4736,4711,4677,4728
17/9/2019 20:00,81,101,8,4929,4916,4968,4848,4815,4960
17/9/2019 20:30,88,110,4,4905,4900,4951,4817,4790,4947
17/9/2019 21:00,93,120,4,4688,4686,4792,4595,4566,4788
17/9/2019 21:30,95,100,3,4434,4435,4517,4339,4335,4514
17/9/2019 22:00,95,99,2,4181,4184,4270,4086,4085,4268
17/9/2019 22:30,93,96,1,3923,3931,3983,3830,3835,3982
17/9/2019 23:00,139,92,1,3683,3682,3720,3544,3590,3719
17/9/2019 23:30,133,83,4,3475,3475,3500,3342,3392,3496
18/9/2019 0:00,128,82,5,3316,3318,3354,3188,3236,3349
18/9/2019 0:30,126,83,4,3194,3198,3248,3068,3115,3244
18/9/2019 1:00,125,85,5,3105,3109,3147,2980,3024,3142
18/9/2019 1:30,126,90,5,3035,3040,3074,2909,2950,3069
18/9/2019 2:00,129,97,8,2981,2986,3024,2852,2889,3016
18/9/2019 2:30,133,84,28,2943,2948,2990,2810,2864,2962
18/9/2019 3:00,139,90,65,2922,2925,2961,2783,2835,2896
18/9/2019 3:30,145,85,78,2913,2917,2948,2768,2832,2870
18/9/2019 4:00,144,92,91,2918,2921,2955,2774,2829,2864
18/9/2019 4:30,136,99,94,2935,2940,2985,2799,2841,2891
18/9/2019 5:00,130,105,109,2977,2985,3038,2847,2880,2929
18/9/2019 5:30,125,110,136,3098,3109,3129,2973,2999,2993
18/9/2019 6:00,121,112,154,3317,3330,3374,3196,3218,3220
18/9/2019 6:30,118,107,176,3659,3675,3670,3541,3568,3494
18/9/2019 7:00,118,110,199,4082,4100,4067,3964,3990,3868
18/9/2019 7:30,121,108,212,4393,4416,4436,4272,4308,4224
18/9/2019 8:00,123,109,209,4564,4591,4642,4441,4482,4433
18/9/2019 8:30,123,116,169,4683,4702,4712,4560,4586,4543
18/9/2019 9:00,110,108,133,4769,4766,4742,4659,4658,4609
18/9/2019 9:30,86,93,92,4801,4781,4773,4715,4688,4681
18/9/2019 10:00,72,80,57,4786,4758,4721,4714,4678,4664
18/9/2019 10:30,67,113,7,4769,4740,4723,4702,4627,4716
18/9/2019 11:00,64,100,9,4760,4741,4715,4696,4641,4706
18/9/2019 11:30,63,87,11,4756,4746,4715,4693,4659,4704
18/9/2019 12:00,62,82,12,4751,4754,4714,4689,4672,4702
18/9/2019 12:30,61,68,13,4722,4732,4725,4661,4664,4712
18/9/2019 13:00,61,66,18,4671,4685,4678,4610,4619,4660
18/9/2019 13:30,60,44,22,4630,4644,4598,4570,4600,4576
18/9/2019 14:00,60,45,24,4606,4620,4591,4546,4575,4567
18/9/2019 14:30,59,41,23,4597,4612,4603,4538,4571,4580
18/9/2019 15:00,58,42,25,4606,4623,4610,4548,4581,4585
18/9/2019 15:30,57,42,23,4641,4664,4637,4584,4622,4614
18/9/2019 16:00,55,43,18,4704,4734,4683,4649,4691,4665
18/9/2019 16:30,54,42,15,4790,4825,4803,4736,4783,4788
18/9/2019 17:00,52,43,11,4882,4918,4893,4830,4875,4882
18/9/2019 17:30,51,47,10,4918,4947,4943,4867,4900,4933
18/9/2019 18:00,52,48,7,4888,4904,4885,4836,4856,4878
18/9/2019 18:30,55,51,4,4816,4834,4805,4761,4783,4801
18/9/2019 19:00,58,53,5,4742,4775,4733,4684,4722,4728
18/9/2019 19:30,62,53,7,4793,4827,4770,4731,4774,4763
18/9/2019 20:00,65,54,5,4938,4959,4991,4873,4905,4986
18/9/2019 20:30,68,54,3,4917,4933,4972,4849,4879,4969
18/9/2019 21:00,71,54,3,4704,4722,4807,4633,4668,4804
18/9/2019 21:30,75,53,3,4456,4477,4535,4381,4424,4532
18/9/2019 22:00,77,53,4,4211,4232,4257,4134,4179,4253
18/9/2019 22:30,77,54,4,3960,3976,3985,3883,3922,3981
18/9/2019 23:00,78,56,9,3718,3718,3725,3640,3662,3716
18/9/2019 23:30,78,61,9,3503,3498,3516,3425,3437,3507
19/9/2019 0:00,79,64,6,3337,3334,3356,3258,3270,3350
19/9/2019 0:30,80,68,23,3213,3210,3252,3133,3142,3229
19/9/2019 1:00,85,78,62,3124,3121,3147,3039,3043,3085
19/9/2019 1:30,93,93,85,3052,3051,3089,2959,2958,3004
19/9/2019 2:00,99,105,118,2995,2994,3033,2896,2889,2915
19/9/2019 2:30,103,123,164,2957,2956,3003,2854,2833,2839
19/9/2019 3:00,108,135,187,2936,2934,2974,2828,2799,2787
19/9/2019 3:30,113,145,203,2929,2928,2960,2816,2783,2757
19/9/2019 4:00,118,152,231,2935,2935,2962,2817,2783,2731
19/9/2019 4:30,124,159,240,2953,2955,2986,2829,2796,2746
19/9/2019 5:00,134,166,252,2997,2999,3053,2863,2833,2801
19/9/2019 5:30,148,171,262,3115,3122,3130,2967,2951,2868
19/9/2019 6:00,163,178,276,3328,3337,3369,3165,3159,3093
19/9/2019 6:30,180,213,272,3657,3670,3668,3477,3457,3396
19/9/2019 7:00,196,220,253,4065,4077,4067,3869,3857,3814
19/9/2019 7:30,209,252,247,4366,4378,4425,4157,4126,4178
19/9/2019 8:00,216,259,247,4536,4542,4630,4320,4283,4383
19/9/2019 8:30,216,272,233,4657,4651,4673,4441,4379,4440
19/9/2019 9:00,205,258,230,4744,4722,4720,4539,4464,4490
19/9/2019 9:30,182,243,216,4777,4748,4735,4595,4505,4519
19/9/2019 10:00,166,219,186,4762,4738,4698,4596,4519,4512
19/9/2019 10:30,159,199,164,4748,4728,4689,4589,4529,4525
19/9/2019 11:00,156,185,146,4746,4731,4693,4590,4546,4547
19/9/2019 11:30,156,165,130,4751,4737,4671,4595,4572,4541
19/9/2019 12:00,157,164,122,4754,4740,4669,4597,4576,4547
19/9/2019 12:30,161,162,121,4730,4712,4669,4569,4550,4548
19/9/2019 13:00,165,168,129,4680,4659,4633,4515,4491,4504
19/9/2019 13:30,172,163,130,4637,4615,4546,4465,4452,4416
19/9/2019 14:00,184,167,150,4609,4589,4547,4425,4422,4397
19/9/2019 14:30,203,170,164,4598,4576,4541,4395,4406,4377
19/9/2019 15:00,219,175,171,4604,4579,4563,4385,4404,4392
19/9/2019 15:30,233,187,170,4635,4611,4599,4402,4424,4429
19/9/2019 16:00,246,195,169,4692,4670,4663,4446,4475,4494
19/9/2019 16:30,258,197,186,4774,4756,4762,4516,4559,4576
19/9/2019 17:00,269,210,211,4865,4848,4861,4596,4638,4650
19/9/2019 17:30,280,223,233,4898,4880,4906,4618,4657,4673
19/9/2019 18:00,302,252,245,4863,4841,4830,4561,4589,4585
19/9/2019 18:30,335,300,284,4791,4771,4753,4456,4471,4469
19/9/2019 19:00,384,380,344,4719,4705,4679,4335,4325,4335
19/9/2019 19:30,451,518,458,4770,4760,4687,4319,4242,4229
19/9/2019 20:00,506,617,627,4911,4904,4904,4405,4287,4277
19/9/2019 20:30,550,695,784,4892,4886,4901,4342,4191,4117
19/9/2019 21:00,600,777,906,4688,4681,4726,4088,3904,3820
19/9/2019 21:30,655,869,995,4455,4440,4461,3800,3571,3466
19/9/2019 22:00,707,938,1074,4228,4203,4217,3521,3265,3143
19/9/2019 22:30,755,982,1140,3987,3964,3949,3232,2982,2809
19/9/2019 23:00,993,1039,1181,3728,3727,3662,2735,2688,2481
19/9/2019 23:30,1028,1089,1143,3521,3518,3453,2493,2429,2310
20/9/2019 0:00,1062,1128,1229,3352,3354,3321,2290,2226,2092
20/9/2019 0:30,1095,1232,1214,3228,3230,3235,2133,1998,2021
20/9/2019 1:00,1128,1270,1209,3143,3143,3131,2015,1873,1922
20/9/2019 1:30,1162,1323,1261,3074,3075,3052,1912,1752,1791
20/9/2019 2:00,1199,1358,1337,3017,3018,2986,1818,1660,1649
20/9/2019 2:30,1239,1383,1388,2978,2980,2946,1739,1597,1558
20/9/2019 3:00,1281,1419,1429,2956,2955,2898,1675,1536,1469
20/9/2019 3:30,1327,1454,1510,2948,2949,2903,1621,1495,1393
20/9/2019 4:00,1392,1526,1540,2953,2954,2911,1561,1428,1371
20/9/2019 4:30,1476,1622,1535,2972,2974,2930,1496,1352,1395
20/9/2019 5:00,1554,1696,1680,3016,3017,3009,1462,1321,1329
20/9/2019 5:30,1626,1753,1748,3128,3131,3080,1502,1378,1332
20/9/2019 6:00,1707,1818,1832,3328,3333,3293,1621,1515,1461
20/9/2019 6:30,1796,1899,1863,3643,3650,3552,1847,1751,1689
20/9/2019 7:00,1874,1972,1974,4036,4041,3935,2162,2069,1961
20/9/2019 7:30,1941,2019,2042,4327,4333,4288,2386,2314,2246
20/9/2019 8:00,1991,2047,2067,4493,4494,4497,2502,2447,2430
20/9/2019 8:30,2024,2012,2061,4622,4612,4569,2598,2600,2508
20/9/2019 9:00,2037,2010,2074,4726,4694,4638,2689,2684,2564
20/9/2019 9:30,2029,2039,2022,4769,4728,4672,2740,2689,2650
20/9/2019 10:00,2061,2053,1966,4755,4716,4620,2694,2663,2654
20/9/2019 10:30,2134,2088,1959,4735,4702,4592,2601,2614,2633
20/9/2019 11:00,2224,2168,2113,4722,4700,4597,2498,2532,2484
20/9/2019 11:30,2332,2299,2278,4717,4701,4580,2385,2402,2302
20/9/2019 12:00,2427,2404,2393,4711,4693,4547,2284,2289,2154
20/9/2019 12:30,2508,2496,2429,4679,4659,4527,2171,2163,2098
20/9/2019 13:00,2583,2573,2578,4619,4604,4507,2036,2031,1929
20/9/2019 13:30,2650,2576,2633,4558,4545,4433,1908,1969,1800
20/9/2019 14:00,2704,2632,2652,4506,4495,4430,1802,1863,1778
20/9/2019 14:30,2743,2743,2734,4476,4468,4415,1733,1725,1681
20/9/2019 15:00,2784,2787,2760,4470,4466,4399,1686,1679,1639
20/9/2019 15:30,2827,2848,2730,4483,4486,4401,1656,1638,1671
20/9/2019 16:00,2860,2870,2717,4517,4524,4424,1657,1654,1707
20/9/2019 16:30,2881,2870,2688,4582,4593,4499,1701,1723,1811
20/9/2019 17:00,2899,2873,2727,4665,4674,4545,1766,1801,1818
20/9/2019 17:30,2914,2838,2752,4697,4702,4564,1783,1864,1812
20/9/2019 18:00,2934,2859,2679,4667,4663,4522,1733,1804,1843
20/9/2019 18:30,2959,2895,2646,4599,4591,4484,1640,1696,1838
20/9/2019 19:00,2982,2932,2687,4530,4520,4409,1548,1588,1722
20/9/2019 19:30,3003,2993,2706,4582,4569,4474,1579,1576,1768
20/9/2019 20:00,3012,3015,2880,4724,4709,4646,1712,1694,1766
20/9/2019 20:30,3010,2947,2963,4709,4694,4576,1699,1747,1613
20/9/2019 21:00,3008,2962,2923,4514,4495,4409,1506,1533,1486
20/9/2019 21:30,3005,2934,2970,4288,4265,4217,1283,1331,1247
20/9/2019 22:00,3000,2933,2998,4068,4041,4029,1068,1108,1031
20/9/2019 22:30,2991,2865,2914,3852,3814,3820,861,949,906
20/9/2019 23:00,2964,2843,2758,3599,3593,3605,635,750,847
20/9/2019 23:30,2922,2845,2689,3421,3418,3425,499,573,736
21/9/2019 0:00,2882,2805,2626,3288,3287,3276,406,482,650
21/9/2019 0:30,2842,2774,2443,3176,3174,3149,334,400,706
21/9/2019 1:00,2791,2735,2381,3079,3076,3045,288,341,664
21/9/2019 1:30,2726,2717,2365,2992,2989,2963,266,272,598
21/9/2019 2:00,2672,2675,2302,2917,2912,2910,245,237,608
21/9/2019 2:30,2629,2578,2276,2864,2857,2870,235,279,594
21/9/2019 3:00,2595,2550,2258,2832,2824,2822,237,274,564
21/9/2019 3:30,2572,2492,2232,2815,2807,2789,243,315,557
21/9/2019 4:00,2560,2486,2237,2810,2802,2782,250,316,545
21/9/2019 4:30,2558,2361,2232,2821,2814,2789,263,453,557
21/9/2019 5:00,2564,2394,2236,2849,2843,2815,285,449,579
21/9/2019 5:30,2577,2430,2256,2901,2895,2838,324,465,582
21/9/2019 6:00,2620,2487,2344,2982,2975,2959,362,488,615
21/9/2019 6:30,2692,2552,2377,3112,3105,3065,420,553,688
21/9/2019 7:00,2761,2638,2375,3289,3282,3176,528,644,801
21/9/2019 7:30,2826,2728,2485,3497,3491,3368,671,763,883
21/9/2019 8:00,2868,2790,2700,3721,3711,3652,853,921,952
21/9/2019 8:30,2887,2799,2877,3918,3897,3890,1031,1098,1013
21/9/2019 9:00,2886,2808,2896,4076,4034,4044,1190,1226,1148
21/9/2019 9:30,2866,2801,2953,4177,4125,4157,1311,1324,1204
21/9/2019 10:00,2878,2822,2901,4225,4174,4185,1347,1352,1284
21/9/2019 10:30,2923,2823,2933,4246,4200,4230,1323,1377,1297
21/9/2019 11:00,2969,2877,2810,4251,4216,4207,1282,1339,1397
21/9/2019 11:30,3019,2935,2747,4260,4223,4183,1241,1288,1436
21/9/2019 12:00,3059,2967,2860,4271,4236,4181,1212,1269,1321
21/9/2019 12:30,3091,3044,2835,4258,4218,4193,1167,1174,1358
21/9/2019 13:00,3106,3044,2773,4219,4176,4152,1113,1132,1379
21/9/2019 13:30,3104,3042,2812,4170,4129,4105,1066,1087,1293
21/9/2019 14:00,3105,3020,2746,4122,4090,4056,1017,1070,1310
21/9/2019 14:30,3108,2949,2725,4094,4061,4026,986,1112,1301
21/9/2019 15:00,3089,2905,2757,4093,4053,4022,1004,1148,1265
21/9/2019 15:30,3049,2766,2737,4119,4072,4011,1070,1306,1274
21/9/2019 16:00,3004,2731,2716,4172,4122,4058,1168,1391,1342
21/9/2019 16:30,2955,2718,2692,4251,4200,4147,1296,1482,1455
21/9/2019 17:00,2905,2697,2604,4340,4290,4250,1435,1593,1646
21/9/2019 17:30,2857,2671,2599,4369,4326,4338,1512,1655,1739
21/9/2019 18:00,2801,2646,2527,4338,4307,4343,1537,1661,1816
21/9/2019 18:30,2739,2586,2481,4321,4299,4302,1582,1713,1821
21/9/2019 19:00,2690,2536,2533,4333,4312,4270,1643,1776,1737
21/9/2019 19:30,2654,2485,2440,4355,4326,4330,1701,1841,1890
21/9/2019 20:00,2597,2408,2293,4368,4326,4288,1771,1918,1995
21/9/2019 20:30,2518,2307,2225,4305,4263,4177,1787,1956,1952
21/9/2019 21:00,2443,2226,2113,4165,4136,4042,1722,1910,1929
21/9/2019 21:30,2372,2105,2062,4005,3986,3896,1633,1881,1834
21/9/2019 22:00,2292,2058,1913,3837,3826,3714,1545,1768,1801
21/9/2019 22:30,2203,2078,1919,3649,3650,3549,1446,1572,1630
21/9/2019 23:00,1783,2025,1832,3468,3466,3412,1685,1441,1580
21/9/2019 23:30,1679,1921,1618,3326,3318,3276,1647,1397,1658
22/9/2019 0:00,1562,1845,1467,3228,3223,3157,1666,1378,1690
22/9/2019 0:30,1433,1739,1358,3132,3129,3060,1699,1390,1702
22/9/2019 1:00,1316,1651,1266,3033,3029,2972,1717,1378,1706
22/9/2019 1:30,1210,1520,1221,2951,2948,2915,1741,1428,1694
22/9/2019 2:00,1127,1436,1125,2889,2887,2874,1762,1451,1749
22/9/2019 2:30,1066,1330,1070,2838,2838,2835,1772,1508,1765
22/9/2019 3:00,1014,1245,886,2797,2796,2812,1783,1551,1926
22/9/2019 3:30,972,1020,798,2774,2775,2788,1802,1755,1990
22/9/2019 4:00,912,931,664,2767,2768,2795,1855,1837,2131
22/9/2019 4:30,835,835,632,2765,2767,2814,1930,1932,2182
22/9/2019 5:00,778,767,608,2769,2771,2841,1991,2004,2233
22/9/2019 5:30,741,694,523,2799,2804,2838,2058,2110,2315
22/9/2019 6:00,714,656,486,2857,2862,2901,2143,2206,2415
22/9/2019 6:30,696,561,514,2924,2927,2984,2228,2366,2470
22/9/2019 7:00,678,521,521,3003,3001,3093,2325,2480,2572
22/9/2019 7:30,661,420,503,3126,3135,3187,2465,2715,2684
22/9/2019 8:00,644,396,482,3297,3324,3414,2653,2928,2932
22/9/2019 8:30,628,397,462,3484,3518,3668,2856,3121,3206
22/9/2019 9:00,612,409,470,3673,3702,3806,3061,3293,3336
22/9/2019 9:30,595,284,485,3825,3856,4003,3230,3572,3518
22/9/2019 10:00,568,318,514,3936,3978,4100,3368,3660,3586
22/9/2019 10:30,530,392,519,4026,4073,4114,3496,3681,3595
22/9/2019 11:00,511,431,515,4100,4147,4287,3589,3716,3772
22/9/2019 11:30,510,497,573,4157,4189,4307,3647,3692,3734
22/9/2019 12:00,527,525,514,4194,4228,4353,3667,3703,3839
22/9/2019 12:30,564,584,563,4196,4234,4394,3632,3650,3831
22/9/2019 13:00,596,611,605,4165,4212,4395,3569,3601,3790
22/9/2019 13:30,625,672,603,4116,4160,4332,3491,3488,3729
22/9/2019 14:00,648,713,658,4059,4095,4238,3411,3382,3580
22/9/2019 14:30,666,781,669,4020,4050,4152,3354,3269,3483
22/9/2019 15:00,701,812,778,4004,4034,4129,3303,3222,3351
22/9/2019 15:30,752,805,738,4009,4038,4103,3257,3233,3365
22/9/2019 16:00,774,814,710,4036,4064,4119,3262,3250,3409
22/9/2019 16:30,767,793,859,4088,4119,4175,3321,3326,3316
22/9/2019 17:00,746,770,814,4152,4193,4251,3406,3423,3437
22/9/2019 17:30,711,731,787,4173,4220,4325,3462,3489,3538
22/9/2019 18:00,650,694,746,4151,4199,4341,3501,3505,3595
22/9/2019 18:30,562,664,691,4136,4182,4332,3574,3518,3641
22/9/2019 19:00,510,639,671,4145,4184,4348,3635,3545,3677
22/9/2019 19:30,494,572,678,4188,4210,4424,3694,3638,3746
22/9/2019 20:00,486,548,653,4245,4245,4495,3759,3697,3842
22/9/2019 20:30,488,542,663,4211,4205,4362,3723,3663,3699
22/9/2019 21:00,484,512,667,4081,4083,4208,3597,3571,3541
22/9/2019 21:30,475,488,590,3926,3922,3987,3451,3434,3397
22/9/2019 22:00,466,490,559,3763,3745,3780,3297,3255,3221
22/9/2019 22:30,457,506,581,3584,3560,3580,3127,3054,2999
22/9/2019 23:00,562,532,592,3374,3377,3372,2812,2845,2780
22/9/2019 23:30,579,605,607,3205,3218,3201,2626,2613,2594
23/9/2019 0:00,582,646,569,3058,3071,3099,2476,2425,2530
23/9/2019 0:30,571,727,586,2947,2959,3019,2376,2232,2433
23/9/2019 1:00,566,731,629,2872,2887,2911,2306,2156,2282
23/9/2019 1:30,564,677,599,2817,2832,2839,2253,2155,2240
23/9/2019 2:00,574,677,633,2776,2791,2799,2202,2114,2166
23/9/2019 2:30,593,684,690,2750,2765,2765,2157,2081,2075
23/9/2019 3:00,630,710,711,2736,2753,2744,2106,2043,2033
23/9/2019 3:30,684,796,742,2736,2754,2734,2052,1958,1992
23/9/2019 4:00,751,871,774,2748,2765,2735,1997,1894,1961
23/9/2019 4:30,831,968,849,2765,2782,2772,1934,1814,1923
23/9/2019 5:00,931,1055,957,2801,2816,2842,1870,1761,1885
23/9/2019 5:30,1049,1125,1086,2913,2927,2909,1864,1802,1823
23/9/2019 6:00,1168,1224,1220,3123,3134,3152,1955,1910,1932
23/9/2019 6:30,1287,1332,1295,3463,3475,3462,2176,2143,2167
23/9/2019 7:00,1427,1451,1418,3889,3903,3876,2462,2452,2458
23/9/2019 7:30,1589,1566,1575,4194,4212,4225,2605,2646,2650
23/9/2019 8:00,1727,1693,1604,4355,4376,4428,2628,2683,2824
23/9/2019 8:30,1842,1779,1653,4489,4512,4524,2647,2733,2871
23/9/2019 9:00,1961,1897,1707,4615,4635,4579,2654,2738,2872
23/9/2019 9:30,2084,1977,1785,4688,4706,4622,2604,2729,2837
23/9/2019 10:00,2210,2057,1874,4706,4724,4601,2496,2667,2727
23/9/2019 10:30,2337,2105,2037,4707,4730,4602,2370,2625,2565
23/9/2019 11:00,2449,2168,2099,4704,4736,4631,2255,2568,2532
23/9/2019 11:30,2544,2237,2162,4710,4738,4645,2166,2501,2483
23/9/2019 12:00,2597,2287,2146,4723,4758,4631,2126,2471,2485
23/9/2019 12:30,2608,2246,2094,4720,4751,4659,2112,2505,2565
23/9/2019 13:00,2605,2232,2006,4700,4722,4620,2095,2490,2614
23/9/2019 13:30,2588,2168,1983,4689,4708,4560,2101,2540,2577
23/9/2019 14:00,2557,2115,2140,4691,4712,4593,2134,2597,2453
23/9/2019 14:30,2512,2051,2147,4692,4717,4586,2180,2666,2439
23/9/2019 15:00,2476,2020,2074,4695,4722,4625,2219,2702,2551
23/9/2019 15:30,2448,1904,2159,4723,4753,4693,2275,2849,2534
23/9/2019 16:00,2433,1923,2188,4782,4811,4756,2349,2888,2568
23/9/2019 16:30,2430,1956,2270,4868,4894,4922,2438,2938,2652
23/9/2019 17:00,2388,1985,2394,4959,4976,5011,2571,2991,2617
23/9/2019 17:30,2306,2054,2301,4971,4985,5021,2665,2931,2720
23/9/2019 18:00,2231,2038,2183,4907,4921,4940,2676,2883,2757
23/9/2019 18:30,2164,2011,2073,4869,4889,4863,2705,2878,2790
23/9/2019 19:00,2096,1925,1987,4868,4895,4811,2772,2970,2824
23/9/2019 19:30,2026,1914,1920,4852,4901,4906,2826,2987,2986
23/9/2019 20:00,1941,1797,1877,4803,4878,4919,2862,3081,3042
23/9/2019 20:30,1842,1740,1827,4706,4780,4770,2864,3040,2943
23/9/2019 21:00,1765,1656,1650,4559,4599,4585,2794,2943,2935
23/9/2019 21:30,1710,1601,1547,4361,4381,4364,2651,2780,2817
23/9/2019 22:00,1633,1530,1486,4123,4139,4093,2490,2609,2607
23/9/2019 22:30,1532,1434,1337,3876,3887,3817,2344,2453,2480
23/9/2019 23:00,1517,1389,1370,3642,3639,3577,2125,2250,2207
23/9/2019 23:30,1493,1354,1341,3437,3433,3383,1944,2079,2042
24/9/2019 0:00,1451,1323,1234,3281,3286,3253,1830,1963,2019
24/9/2019 0:30,1390,1306,1241,3165,3172,3154,1775,1866,1913
24/9/2019 1:00,1339,1270,1208,3083,3088,3070,1744,1818,1862
24/9/2019 1:30,1295,1212,1143,3020,3026,3006,1725,1814,1863
24/9/2019 2:00,1240,1169,1045,2970,2979,2956,1730,1810,1911
24/9/2019 2:30,1174,1119,1014,2936,2946,2912,1762,1827,1898
24/9/2019 3:00,1119,1076,988,2918,2924,2895,1799,1848,1907
24/9/2019 3:30,1077,946,942,2915,2922,2885,1838,1976,1943
24/9/2019 4:00,1048,891,911,2926,2935,2884,1878,2044,1973
24/9/2019 4:30,1034,822,825,2948,2962,2907,1914,2140,2082
24/9/2019 5:00,1035,809,866,2992,3012,2970,1957,2203,2104
24/9/2019 5:30,1051,823,883,3107,3131,3058,2056,2308,2175
24/9/2019 6:00,1079,854,910,3313,3334,3313,2234,2480,2403
24/9/2019 6:30,1119,884,891,3634,3657,3620,2515,2773,2729
24/9/2019 7:00,1171,930,965,4029,4054,4076,2858,3124,3111
24/9/2019 7:30,1234,1030,966,4313,4339,4389,3079,3309,3423
24/9/2019 8:00,1303,1058,894,4467,4482,4601,3164,3424,3707
24/9/2019 8:30,1376,1075,866,4611,4603,4663,3235,3528,3797
24/9/2019 9:00,1425,1090,818,4757,4712,4723,3332,3622,3905
24/9/2019 9:30,1449,997,823,4834,4771,4770,3385,3774,3947
24/9/2019 10:00,1485,1019,791,4839,4777,4724,3354,3758,3933
24/9/2019 10:30,1532,1022,836,4831,4778,4703,3299,3756,3867
24/9/2019 11:00,1572,1053,915,4828,4790,4697,3256,3737,3782
24/9/2019 11:30,1603,1043,988,4837,4802,4714,3234,3759,3726
24/9/2019 12:00,1610,1070,1092,4852,4804,4721,3242,3734,3629
24/9/2019 12:30,1593,1066,1151,4841,4782,4735,3248,3716,3584
24/9/2019 13:00,1565,1062,1215,4803,4748,4725,3238,3686,3510
24/9/2019 13:30,1524,1001,1198,4773,4717,4650,3249,3716,3452
24/9/2019 14:00,1461,954,1060,4757,4699,4648,3296,3745,3588
24/9/2019 14:30,1377,895,1047,4750,4697,4666,3373,3802,3619
24/9/2019 15:00,1260,818,1050,4754,4716,4690,3494,3898,3640
24/9/2019 15:30,1111,759,1045,4783,4763,4747,3672,4004,3702
24/9/2019 16:00,1024,649,887,4839,4838,4791,3815,4189,3904
24/9/2019 16:30,999,604,749,4920,4926,4928,3921,4322,4179
24/9/2019 17:00,1011,550,672,5004,5002,5041,3993,4452,4369
24/9/2019 17:30,1060,515,620,5013,5002,5079,3953,4487,4459
24/9/2019 18:00,1086,520,563,4950,4927,5042,3864,4407,4479
24/9/2019 18:30,1088,571,478,4910,4883,4963,3822,4312,4485
24/9/2019 19:00,1094,599,512,4909,4885,4921,3815,4286,4409
24/9/2019 19:30,1102,705,669,4924,4905,5055,3822,4200,4386
24/9/2019 20:00,1100,716,788,4928,4914,5139,3828,4198,4351
24/9/2019 20:30,1086,706,848,4840,4823,5023,3754,4117,4175
24/9/2019 21:00,1101,713,884,4656,4630,4818,3555,3917,3934
24/9/2019 21:30,1146,788,925,4443,4412,4566,3297,3624,3641
24/9/2019 22:00,1160,792,946,4218,4191,4305,3058,3399,3359
24/9/2019 22:30,1145,754,948,3982,3954,4021,2837,3200,3073
24/9/2019 23:00,720,768,943,3721,3717,3762,3001,2949,2819
24/9/2019 23:30,727,826,920,3507,3501,3558,2780,2675,2638
25/9/2019 0:00,745,834,927,3328,3324,3406,2583,2490,2479
25/9/2019 0:30,772,872,985,3202,3195,3284,2430,2323,2299
25/9/2019 1:00,799,890,982,3124,3118,3184,2325,2228,2202
25/9/2019 1:30,824,959,1004,3062,3054,3107,2238,2095,2103
25/9/2019 2:00,846,968,976,3009,3002,3051,2163,2034,2075
25/9/2019 2:30,864,1013,913,2972,2964,2999,2108,1951,2086
25/9/2019 3:00,868,977,906,2950,2943,2992,2082,1966,2086
25/9/2019 3:30,857,865,856,2944,2937,2975,2087,2072,2119
25/9/2019 4:00,853,844,948,2951,2945,2980,2098,2101,2032
25/9/2019 4:30,855,853,983,2970,2965,3005,2115,2112,2022
25/9/2019 5:00,836,854,964,3012,3011,3073,2176,2157,2109
25/9/2019 5:30,795,818,885,3127,3129,3154,2332,2311,2269
25/9/2019 6:00,750,776,747,3334,3340,3386,2584,2564,2639
25/9/2019 6:30,701,710,652,3663,3672,3691,2962,2962,3039
25/9/2019 7:00,663,657,548,4072,4082,4115,3409,3425,3567
25/9/2019 7:30,637,675,465,4358,4371,4464,3721,3696,3999
25/9/2019 8:00,612,614,399,4500,4511,4686,3888,3897,4287
25/9/2019 8:30,587,555,368,4622,4619,4749,4035,4064,4381
25/9/2019 9:00,557,524,366,4740,4711,4814,4183,4187,4448
25/9/2019 9:30,524,382,311,4802,4760,4845,4278,4378,4534
25/9/2019 10:00,500,382,307,4805,4769,4795,4305,4387,4488
25/9/2019 10:30,487,355,323,4801,4774,4799,4314,4419,4476
25/9/2019 11:00,508,373,319,4803,4792,4773,4295,4419,4454
25/9/2019 11:30,563,412,364,4810,4799,4739,4247,4387,4375
25/9/2019 12:00,627,483,392,4817,4805,4756,4190,4322,4364
25/9/2019 12:30,701,598,476,4803,4785,4778,4102,4187,4302
25/9/2019 13:00,782,694,556,4770,4750,4769,3988,4056,4213
25/9/2019 13:30,871,739,647,4741,4719,4693,3870,3980,4046
25/9/2019 14:00,923,830,783,4723,4704,4711,3800,3874,3928
25/9/2019 14:30,940,934,881,4720,4704,4703,3780,3770,3822
25/9/2019 15:00,956,972,884,4735,4723,4709,3779,3751,3825
25/9/2019 15:30,972,857,860,4778,4763,4739,3806,3906,3879
25/9/2019 16:00,989,864,958,4847,4826,4791,3858,3962,3833
25/9/2019 16:30,1007,890,1065,4933,4919,4916,3926,4029,3851
25/9/2019 17:00,1060,969,1172,5015,5018,5008,3955,4049,3836
25/9/2019 17:30,1147,1080,1283,5017,5035,5061,3870,3955,3778
25/9/2019 18:00,1277,1197,1450,4951,4975,5011,3674,3778,3561
25/9/2019 18:30,1448,1324,1612,4934,4962,4961,3486,3638,3349
25/9/2019 19:00,1592,1440,1849,4972,4999,4983,3380,3559,3134
25/9/2019 19:30,1709,1728,2095,4975,5004,5100,3266,3276,3005
25/9/2019 20:00,1833,1819,2124,4919,4951,5026,3086,3132,2902
25/9/2019 20:30,1965,1911,2220,4798,4841,4869,2833,2930,2649
25/9/2019 21:00,2047,1962,2310,4618,4674,4671,2571,2712,2361
25/9/2019 21:30,2079,2119,2274,4413,4466,4408,2334,2347,2134
25/9/2019 22:00,2078,2165,2410,4192,4226,4187,2114,2061,1777
25/9/2019 22:30,2044,2242,2425,3960,3983,3925,1916,1741,1500
25/9/2019 23:00,1888,2230,2392,3746,3745,3694,1858,1515,1302
25/9/2019 23:30,1962,2210,2327,3528,3521,3498,1566,1311,1171
26/9/2019 0:00,1992,2171,2259,3339,3334,3352,1347,1163,1093
26/9/2019 0:30,1978,2190,2319,3204,3197,3233,1226,1007,914
26/9/2019 1:00,1960,2121,2219,3119,3111,3113,1159,990,894
26/9/2019 1:30,1939,2029,2123,3050,3042,3061,1111,1013,938
26/9/2019 2:00,1927,1968,1980,2990,2980,2975,1063,1012,995
26/9/2019 2:30,1924,1996,1854,2947,2940,2960,1023,944,1106
26/9/2019 3:00,1913,1980,1814,2922,2919,2931,1009,939,1117
26/9/2019 3:30,1893,1899,1951,2910,2914,2942,1017,1015,991
26/9/2019 4:00,1877,1851,1968,2911,2920,2929,1034,1069,961
26/9/2019 4:30,1867,1807,1895,2927,2941,2934,1060,1134,1039
26/9/2019 5:00,1864,1802,1916,2972,2988,2987,1108,1186,1071
26/9/2019 5:30,1868,1825,1944,3089,3107,3076,1221,1282,1132
26/9/2019 6:00,1882,1876,1924,3296,3317,3306,1414,1441,1382
26/9/2019 6:30,1905,1881,1891,3624,3646,3610,1719,1765,1719
26/9/2019 7:00,1938,1933,1899,4030,4051,4029,2092,2118,2130
26/9/2019 7:30,1980,2074,1902,4322,4345,4361,2342,2271,2459
26/9/2019 8:00,2021,2102,1918,4474,4498,4574,2453,2396,2656
26/9/2019 8:30,2062,2161,1972,4581,4604,4608,2519,2443,2636
26/9/2019 9:00,2089,2192,1938,4663,4677,4646,2574,2485,2708
26/9/2019 9:30,2105,2207,1966,4705,4715,4682,2600,2508,2716
26/9/2019 10:00,2139,2201,2074,4710,4719,4673,2571,2518,2599
26/9/2019 10:30,2192,2113,2198,4707,4711,4669,2515,2598,2471
26/9/2019 11:00,2241,2133,2272,4703,4703,4661,2462,2570,2389
26/9/2019 11:30,2286,2157,2351,4711,4704,4673,2425,2547,2322
26/9/2019 12:00,2333,2205,2417,4725,4726,4664,2392,2521,2247
26/9/2019 12:30,2381,2204,2499,4715,4718,4693,2334,2514,2194
26/9/2019 13:00,2409,2246,2470,4681,4687,4657,2272,2441,2187
26/9/2019 13:30,2418,2309,2412,4649,4655,4569,2231,2346,2157
26/9/2019 14:00,2434,2339,2443,4627,4636,4574,2193,2297,2131
26/9/2019 14:30,2458,2457,2474,4622,4628,4535,2164,2171,2061
26/9/2019 15:00,2451,2447,2520,4636,4635,4628,2185,2188,2108
26/9/2019 15:30,2413,2415,2499,4670,4664,4662,2257,2249,2163
26/9/2019 16:00,2408,2409,2455,4724,4716,4730,2316,2307,2275
26/9/2019 16:30,2435,2422,2451,4806,4798,4838,2371,2376,2387
26/9/2019 17:00,2435,2406,2388,4896,4887,4931,2461,2481,2543
26/9/2019 17:30,2406,2341,2288,4909,4900,4988,2503,2559,2700
26/9/2019 18:00,2376,2293,2278,4853,4841,4961,2477,2548,2683
26/9/2019 18:30,2344,2290,2169,4852,4841,4867,2508,2551,2698
26/9/2019 19:00,2301,2201,2169,4910,4901,4838,2609,2700,2669
26/9/2019 19:30,2244,2099,2105,4929,4924,4971,2685,2825,2866
26/9/2019 20:00,2213,2018,2067,4883,4883,4969,2670,2865,2902
26/9/2019 20:30,2207,1956,1928,4774,4763,4855,2567,2807,2927
26/9/2019 21:00,2188,1903,2089,4607,4568,4696,2419,2665,2607
26/9/2019 21:30,2158,1809,2050,4395,4342,4463,2237,2533,2413
26/9/2019 22:00,2116,1773,2116,4150,4101,4230,2034,2328,2114
26/9/2019 22:30,2064,1719,1980,3898,3858,3968,1834,2139,1988
26/9/2019 23:00,1695,1653,1960,3634,3631,3703,1939,1978,1743
26/9/2019 23:30,1649,1591,1910,3455,3448,3486,1806,1857,1576
27/9/2019 0:00,1616,1548,1789,3327,3323,3319,1711,1775,1530
27/9/2019 0:30,1593,1616,1828,3220,3215,3209,1627,1599,1381
27/9/2019 1:00,1581,1629,1895,3128,3122,3147,1547,1493,1252
27/9/2019 1:30,1578,1742,1887,3053,3047,3061,1475,1305,1174
27/9/2019 2:00,1611,1786,1910,2997,2991,3037,1386,1205,1127
27/9/2019 2:30,1681,1832,1977,2963,2959,3005,1282,1127,1028
27/9/2019 3:00,1726,1844,1975,2949,2947,2983,1223,1103,1008
27/9/2019 3:30,1747,1811,1847,2943,2942,2971,1196,1131,1124
27/9/2019 4:00,1759,1818,1764,2943,2941,2967,1184,1123,1203
27/9/2019 4:30,1764,1809,1723,2959,2957,3002,1195,1148,1279
27/9/2019 5:00,1768,1765,1638,3005,3003,3077,1237,1238,1439
27/9/2019 5:30,1772,1737,1697,3127,3127,3182,1355,1390,1485
27/9/2019 6:00,1727,1720,1633,3342,3346,3431,1615,1626,1798
27/9/2019 6:30,1633,1824,1556,3670,3678,3702,2037,1854,2146
27/9/2019 7:00,1568,1815,1530,4071,4081,4152,2503,2266,2622
27/9/2019 7:30,1532,1590,1518,4362,4375,4472,2830,2785,2954
27/9/2019 8:00,1501,1517,1394,4523,4532,4686,3022,3015,3292
27/9/2019 8:30,1475,1480,1369,4649,4642,4736,3174,3162,3367
27/9/2019 9:00,1494,1440,1407,4754,4722,4805,3260,3282,3398
27/9/2019 9:30,1556,1387,1414,4799,4758,4839,3243,3371,3425
27/9/2019 10:00,1615,1390,1455,4785,4757,4808,3170,3367,3353
27/9/2019 10:30,1672,1389,1514,4758,4748,4768,3086,3359,3254
27/9/2019 11:00,1689,1431,1598,4734,4747,4722,3045,3316,3124
27/9/2019 11:30,1668,1459,1741,4728,4730,4682,3060,3271,2941
27/9/2019 12:00,1707,1539,1937,4735,4730,4663,3028,3191,2726
27/9/2019 12:30,1807,1678,2078,4715,4698,4672,2908,3020,2594
27/9/2019 13:00,1869,1786,2051,4665,4645,4589,2796,2859,2538
27/9/2019 13:30,1893,1932,2153,4610,4583,4542,2717,2651,2389
27/9/2019 14:00,1931,2007,2198,4559,4530,4523,2628,2523,2325
27/9/2019 14:30,1985,2112,2267,4531,4510,4518,2546,2398,2251
27/9/2019 15:00,2019,2145,2330,4527,4528,4505,2508,2383,2175
27/9/2019 15:30,2033,2231,2337,4545,4559,4533,2512,2328,2196
27/9/2019 16:00,1995,2169,2298,4584,4603,4541,2589,2434,2243
27/9/2019 16:30,1903,2138,2176,4656,4676,4601,2753,2538,2425
27/9/2019 17:00,1820,2054,2039,4743,4760,4669,2923,2706,2630
27/9/2019 17:30,1745,1906,1893,4763,4781,4747,3018,2875,2854
27/9/2019 18:00,1664,1824,1749,4724,4741,4709,3060,2917,2960
27/9/2019 18:30,1578,1778,1677,4749,4755,4676,3171,2977,2999
27/9/2019 19:00,1550,1785,1753,4837,4821,4644,3287,3036,2891
27/9/2019 19:30,1580,1881,1881,4866,4850,4801,3286,2969,2920
27/9/2019 20:00,1623,1942,1956,4810,4814,4765,3187,2872,2809
27/9/2019 20:30,1680,1974,1980,4686,4709,4645,3006,2735,2665
27/9/2019 21:00,1735,2067,2018,4505,4538,4461,2770,2471,2443
27/9/2019 21:30,1788,2030,2144,4294,4335,4287,2506,2305,2143
27/9/2019 22:00,1861,2147,2311,4066,4109,4100,2205,1962,1789
27/9/2019 22:30,1953,2279,2496,3842,3881,3913,1889,1602,1417
27/9/2019 23:00,2267,2324,2597,3660,3660,3720,1393,1336,1123
27/9/2019 23:30,2304,2404,2623,3488,3489,3559,1184,1085,936
28/9/2019 0:00,2331,2394,2484,3363,3365,3380,1032,971,896
28/9/2019 0:30,2349,2359,2329,3254,3258,3233,905,899,904
28/9/2019 1:00,2359,2339,2481,3157,3161,3158,798,822,677
28/9/2019 1:30,2362,2332,2578,3077,3085,3080,715,753,502
28/9/2019 2:00,2356,2284,2534,3016,3025,3023,660,741,489
28/9/2019 2:30,2340,2222,2423,2965,2976,2976,625,754,553
28/9/2019 3:00,2300,2174,2294,2924,2934,2912,624,760,618
28/9/2019 3:30,2236,2046,2271,2899,2910,2894,663,864,623
28/9/2019 4:00,2185,1996,2197,2892,2901,2886,707,905,689
28/9/2019 4:30,2147,1940,2127,2900,2909,2880,753,969,753
28/9/2019 5:00,2094,1880,2054,2926,2935,2901,832,1055,847
28/9/2019 5:30,2027,1918,1924,2986,2998,2934,959,1080,1010
28/9/2019 6:00,1969,1837,1785,3087,3101,3064,1118,1264,1279
28/9/2019 6:30,1922,1757,1733,3234,3250,3183,1312,1493,1450
28/9/2019 7:00,1847,1667,1657,3420,3435,3350,1573,1768,1693
28/9/2019 7:30,1745,1577,1548,3610,3632,3526,1865,2055,1978
28/9/2019 8:00,1639,1474,1413,3795,3822,3819,2156,2348,2406
28/9/2019 8:30,1530,1382,1264,3976,3999,3975,2446,2617,2711
28/9/2019 9:00,1440,1292,1166,4143,4148,4174,2703,2856,3008
28/9/2019 9:30,1370,1105,995,4256,4256,4233,2886,3151,3238
28/9/2019 10:00,1293,1026,924,4312,4313,4248,3019,3287,3324
28/9/2019 10:30,1211,947,851,4327,4328,4374,3116,3381,3523
28/9/2019 11:00,1117,869,745,4317,4316,4356,3200,3447,3611
28/9/2019 11:30,1012,816,753,4321,4316,4351,3309,3500,3598
28/9/2019 12:00,917,744,669,4338,4328,4363,3421,3584,3694
28/9/2019 12:30,833,640,555,4327,4311,4345,3494,3671,3790
28/9/2019 13:00,738,580,545,4284,4271,4318,3546,3691,3773
28/9/2019 13:30,631,480,503,4232,4234,4264,3601,3754,3761
28/9/2019 14:00,546,450,460,4183,4212,4201,3637,3762,3741
28/9/2019 14:30,481,409,459,4160,4191,4172,3679,3782,3713
28/9/2019 15:00,431,407,445,4167,4178,4154,3736,3771,3709
28/9/2019 15:30,395,410,427,4197,4190,4176,3802,3780,3749
28/9/2019 16:00,385,479,425,4250,4233,4240,3865,3754,3815
28/9/2019 16:30,401,570,437,4335,4312,4320,3934,3742,3883
28/9/2019 17:00,429,678,495,4436,4411,4453,4007,3733,3958
28/9/2019 17:30,471,792,695,4485,4458,4567,4014,3666,3872
28/9/2019 18:00,527,891,846,4485,4457,4574,3958,3566,3728
28/9/2019 18:30,599,1023,965,4517,4486,4579,3918,3463,3614
28/9/2019 19:00,654,1107,1101,4577,4542,4610,3923,3435,3509
28/9/2019 19:30,693,1083,1142,4565,4523,4652,3872,3440,3510
28/9/2019 20:00,746,1143,1108,4471,4421,4534,3725,3278,3426
28/9/2019 20:30,812,1202,1127,4357,4297,4371,3545,3095,3244
28/9/2019 21:00,865,1211,1170,4232,4167,4217,3367,2956,3047
28/9/2019 21:30,906,1224,1119,4075,4018,4042,3169,2794,2923
28/9/2019 22:00,931,1207,1066,3888,3853,3872,2957,2646,2806
28/9/2019 22:30,938,1204,1020,3690,3675,3710,2752,2471,2690
28/9/2019 23:00,912,1191,999,3500,3499,3539,2588,2308,2540
28/9/2019 23:30,884,1133,1036,3359,3361,3399,2475,2228,2363
29/9/2019 0:00,867,1157,1041,3256,3257,3303,2389,2100,2262
29/9/2019 0:30,862,1211,979,3156,3155,3183,2294,1944,2204
29/9/2019 1:00,856,1295,1037,3054,3055,3107,2198,1760,2070
29/9/2019 1:30,847,1391,1126,2968,2970,3015,2121,1579,1889
29/9/2019 2:00,870,1487,1313,2900,2905,2966,2030,1418,1653
29/9/2019 2:30,924,1578,1448,2842,2848,2924,1918,1270,1476
29/9/2019 3:00,980,1649,1383,2793,2797,2877,1813,1148,1494
29/9/2019 3:30,1038,1673,1299,2764,2767,2831,1726,1094,1532
29/9/2019 4:00,1091,1712,1215,2754,2755,2813,1663,1043,1598
29/9/2019 4:30,1139,1718,1042,2750,2750,2795,1611,1032,1753
29/9/2019 5:00,1194,1701,1160,2754,2753,2806,1560,1052,1646
29/9/2019 5:30,1255,1682,1248,2783,2782,2819,1528,1100,1571
29/9/2019 6:00,1322,1656,1459,2839,2841,2906,1517,1185,1447
29/9/2019 6:30,1395,1576,1609,2910,2911,2990,1515,1335,1381
29/9/2019 7:00,1425,1561,1548,2998,2998,3079,1573,1437,1531
29/9/2019 7:30,1411,1374,1515,3121,3127,3133,1710,1753,1618
29/9/2019 8:00,1377,1355,1417,3284,3299,3300,1907,1944,1883
29/9/2019 8:30,1324,1218,1347,3479,3494,3518,2155,2276,2171
29/9/2019 9:00,1288,1219,1264,3690,3694,3726,2402,2475,2462
29/9/2019 9:30,1270,1378,1290,3856,3848,3898,2586,2470,2608
29/9/2019 10:00,1252,1368,1397,3964,3949,4027,2712,2581,2630
29/9/2019 10:30,1235,1416,1463,4031,4028,4102,2796,2612,2639
29/9/2019 11:00,1205,1352,1468,4068,4098,4179,2863,2746,2711
29/9/2019 11:30,1162,1233,1473,4106,4154,4212,2944,2921,2739
29/9/2019 12:00,1125,1180,1401,4144,4190,4257,3019,3010,2856
29/9/2019 12:30,1094,1111,1428,4144,4187,4301,3050,3076,2873
29/9/2019 13:00,1078,1094,1386,4103,4150,4282,3025,3056,2896
29/9/2019 13:30,1075,1088,1326,4051,4088,4194,2976,3000,2868
29/9/2019 14:00,1066,1078,1193,4001,4019,4112,2935,2941,2919
29/9/2019 14:30,1049,1149,1231,3968,3975,4055,2919,2826,2824
29/9/2019 15:00,1030,1098,1097,3956,3968,3996,2926,2870,2899
29/9/2019 15:30,1010,1054,1050,3966,3986,3994,2956,2932,2944
29/9/2019 16:00,972,984,957,4000,4030,4018,3028,3046,3061
29/9/2019 16:30,917,963,856,4063,4102,4090,3146,3139,3234
29/9/2019 17:00,840,867,785,4141,4187,4200,3301,3320,3415
29/9/2019 17:30,742,692,744,4167,4220,4288,3425,3528,3544
29/9/2019 18:00,660,614,645,4154,4210,4321,3494,3596,3676
29/9/2019 18:30,594,553,619,4206,4266,4313,3612,3713,3694
29/9/2019 19:00,540,517,591,4321,4379,4383,3781,3862,3792
29/9/2019 19:30,497,505,575,4372,4429,4567,3875,3924,3992
29/9/2019 20:00,460,475,547,4335,4390,4555,3875,3915,4008
29/9/2019 20:30,427,438,489,4242,4285,4431,3815,3847,3942
29/9/2019 21:00,385,397,387,4106,4132,4273,3721,3735,3886
29/9/2019 21:30,333,351,359,3952,3963,4070,3619,3612,3711
29/9/2019 22:00,283,308,299,3787,3790,3845,3504,3482,3546
29/9/2019 22:30,235,268,242,3613,3616,3642,3378,3348,3400
29/9/2019 23:00,179,232,204,3441,3443,3434,3262,3211,3230
29/9/2019 23:30,148,201,172,3273,3275,3252,3125,3074,3080
30/9/2019 0:00,126,174,164,3119,3121,3135,2993,2947,2971
30/9/2019 0:30,115,152,128,3009,3010,3050,2894,2858,2922
30/9/2019 1:00,104,134,116,2942,2943,2984,2838,2809,2868
30/9/2019 1:30,96,121,108,2889,2891,2923,2793,2770,2815
30/9/2019 2:00,89,109,93,2844,2848,2875,2755,2739,2782
30/9/2019 2:30,84,98,0,2813,2816,2838,2729,2718,2838
30/9/2019 3:00,93,104,0,2795,2798,2811,2702,2694,2811
30/9/2019 3:30,116,128,38,2786,2790,2798,2670,2662,2760
30/9/2019 4:00,160,165,99,2787,2791,2794,2627,2626,2695
30/9/2019 4:30,225,216,138,2802,2805,2824,2577,2589,2686
30/9/2019 5:00,308,292,199,2847,2850,2894,2539,2558,2695
30/9/2019 5:30,407,393,270,2981,2986,2993,2574,2593,2723
30/9/2019 6:00,509,513,373,3223,3230,3254,2714,2717,2881
30/9/2019 6:30,615,651,516,3580,3586,3555,2965,2935,3039
30/9/2019 7:00,727,782,592,4009,4013,3987,3282,3231,3395
30/9/2019 7:30,845,908,712,4328,4335,4329,3483,3427,3617
30/9/2019 8:00,953,1028,821,4510,4524,4581,3557,3496,3760
30/9/2019 8:30,1050,1141,1021,4635,4653,4689,3585,3512,3668
30/9/2019 9:00,1146,1244,1234,4721,4738,4786,3575,3494,3552
30/9/2019 9:30,1242,1337,1362,4768,4782,4839,3526,3445,3477
30/9/2019 10:00,1340,1424,1411,4781,4793,4823,3441,3369,3412
30/9/2019 10:30,1441,1507,1457,4791,4802,4838,3350,3295,3381
30/9/2019 11:00,1523,1552,1542,4805,4832,4900,3282,3280,3358
30/9/2019 11:30,1586,1577,1567,4827,4836,4919,3241,3259,3352
30/9/2019 12:00,1620,1661,1600,4849,4868,4923,3229,3207,3323
30/9/2019 12:30,1624,1808,1620,4845,4868,4927,3221,3060,3307
30/9/2019 13:00,1599,1829,1685,4815,4840,4904,3216,3011,3219
30/9/2019 13:30,1547,1800,1611,4788,4817,4832,3241,3017,3221
30/9/2019 14:00,1499,1779,1541,4774,4809,4851,3275,3030,3310
30/9/2019 14:30,1454,1752,1492,4774,4810,4850,3320,3058,3358
30/9/2019 15:00,1411,1775,1485,4790,4821,4898,3379,3046,3413
30/9/2019 15:30,1370,1743,1591,4829,4853,4982,3459,3110,3391
30/9/2019 16:00,1351,1751,1848,4896,4916,5059,3545,3165,3211
30/9/2019 16:30,1352,1691,1950,5000,5030,5190,3648,3339,3240
30/9/2019 17:00,1333,1654,1908,5119,5174,5265,3786,3520,3357
30/9/2019 17:30,1294,1599,1930,5162,5230,5314,3868,3631,3384
30/9/2019 18:00,1251,1573,1857,5132,5200,5245,3881,3627,3388
30/9/2019 18:30,1206,1498,1751,5137,5203,5121,3931,3705,3370
30/9/2019 19:00,1168,1475,1581,5177,5220,5101,4009,3745,3520
30/9/2019 19:30,1135,1657,1556,5140,5170,5153,4005,3513,3597
30/9/2019 20:00,1085,1619,1597,5012,5041,5037,3927,3422,3440
30/9/2019 20:30,1017,1586,1530,4847,4886,4857,3830,3300,3327
30/9/2019 21:00,973,1506,1499,4657,4708,4687,3684,3202,3188
30/9/2019 21:30,951,1471,1390,4437,4480,4421,3486,3009,3031
30/9/2019 22:00,934,1356,1326,4189,4207,4181,3255,2851,2855
30/9/2019 22:30,922,1119,1356,3932,3932,3932,3010,2813,2576
30/9/2019 23:00,1074,1047,1279,3673,3673,3663,2599,2626,2384
30/9/2019 23:30,1011,1013,1310,3463,3477,3479,2452,2464,2169
1/10/2019 0:00,980,953,1282,3313,3325,3352,2333,2372,2070
1/10/2019 0:30,981,901,1198,3201,3211,3245,2220,2310,2047
1/10/2019 1:00,970,858,1169,3119,3126,3145,2149,2268,1976
1/10/2019 1:30,946,831,1195,3052,3060,3097,2106,2229,1902
1/10/2019 2:00,939,839,1047,2999,3004,3036,2060,2165,1989
1/10/2019 2:30,947,993,980,2960,2962,2993,2013,1969,2013
1/10/2019 3:00,972,1035,999,2935,2931,2973,1963,1896,1974
1/10/2019 3:30,1013,1092,985,2922,2920,2954,1909,1828,1969
1/10/2019 4:00,1059,1134,1007,2923,2926,2947,1864,1792,1940
1/10/2019 4:30,1111,1182,1082,2943,2946,2967,1832,1764,1885
1/10/2019 5:00,1174,1241,1155,2996,2995,3027,1822,1754,1872
1/10/2019 5:30,1247,1342,1221,3129,3130,3116,1882,1788,1895
1/10/2019 6:00,1344,1426,1449,3359,3369,3390,2015,1943,1941
1/10/2019 6:30,1465,1487,1695,3706,3723,3708,2241,2236,2013
1/10/2019 7:00,1587,1602,1777,4128,4146,4155,2541,2544,2378
1/10/2019 7:30,1709,1694,1792,4434,4457,4510,2725,2763,2718
1/10/2019 8:00,1821,1809,1833,4600,4627,4676,2779,2818,2843
1/10/2019 8:30,1924,1920,1891,4720,4747,4698,2796,2827,2807
1/10/2019 9:00,2001,2008,1943,4811,4833,4718,2810,2825,2775
1/10/2019 9:30,2052,2088,2019,4854,4870,4759,2802,2782,2740
1/10/2019 10:00,2100,2160,2079,4854,4859,4724,2754,2699,2645
1/10/2019 10:30,2147,2297,2209,4845,4843,4729,2698,2546,2520
1/10/2019 11:00,2190,2354,2261,4837,4835,4726,2647,2481,2465
1/10/2019 11:30,2229,2349,2307,4839,4845,4719,2610,2496,2412
1/10/2019 12:00,2251,2390,2236,4847,4860,4701,2596,2470,2465
1/10/2019 12:30,2256,2398,2288,4830,4849,4770,2574,2451,2482
1/10/2019 13:00,2268,2413,2377,4788,4817,4764,2520,2404,2387
1/10/2019 13:30,2287,2417,2379,4748,4788,4684,2461,2371,2305
1/10/2019 14:00,2294,2414,2377,4718,4765,4709,2424,2351,2332
1/10/2019 14:30,2289,2419,2480,4706,4755,4701,2417,2336,2221
1/10/2019 15:00,2279,2401,2512,4714,4756,4740,2435,2355,2228
1/10/2019 15:30,2265,2456,2502,4742,4786,4764,2477,2330,2262
1/10/2019 16:00,2227,2408,2457,4794,4843,4852,2567,2435,2395
1/10/2019 16:30,2166,2337,2343,4888,4937,4976,2722,2600,2633
1/10/2019 17:00,2043,2193,2208,5002,5037,5063,2959,2844,2855
1/10/2019 17:30,1858,1929,2021,5036,5045,5095,3178,3116,3074
1/10/2019 18:00,1694,1763,1827,5000,4976,5026,3306,3213,3199
1/10/2019 18:30,1551,1683,1548,5048,5007,4955,3497,3324,3407
1/10/2019 19:00,1439,1543,1423,5171,5129,5004,3732,3586,3581
1/10/2019 19:30,1359,1358,1307,5186,5146,5160,3827,3788,3853
1/10/2019 20:00,1276,1240,1208,5069,5032,5110,3793,3792,3902
1/10/2019 20:30,1190,1127,1105,4911,4864,4966,3721,3737,3861
1/10/2019 21:00,1094,1046,1043,4730,4665,4801,3636,3619,3758
1/10/2019 21:30,988,995,994,4500,4435,4570,3512,3440,3576
1/10/2019 22:00,900,903,941,4228,4183,4325,3328,3280,3384
1/10/2019 22:30,831,753,883,3961,3931,4049,3130,3178,3166
1/10/2019 23:00,752,697,837,3697,3695,3783,2945,2998,2946
1/10/2019 23:30,699,669,756,3507,3503,3563,2808,2834,2807
2/10/2019 0:00,659,649,803,3367,3363,3448,2708,2714,2645
2/10/2019 0:30,634,644,796,3259,3254,3350,2625,2610,2554
2/10/2019 1:00,603,618,798,3177,3173,3249,2574,2555,2451
2/10/2019 1:30,567,608,727,3109,3107,3183,2542,2499,2456
2/10/2019 2:00,535,553,653,3054,3052,3141,2519,2499,2488
2/10/2019 2:30,508,541,599,3014,3013,3103,2506,2472,2504
2/10/2019 3:00,481,483,512,2990,2988,3067,2509,2505,2555
2/10/2019 3:30,455,400,462,2982,2982,3060,2527,2582,2598
2/10/2019 4:00,418,364,366,2991,2992,3060,2573,2628,2694
2/10/2019 4:30,372,338,341,3015,3016,3089,2643,2678,2748
2/10/2019 5:00,329,317,312,3067,3066,3153,2738,2749,2841
2/10/2019 5:30,289,338,249,3204,3203,3241,2915,2865,2992
2/10/2019 6:00,259,315,213,3445,3445,3482,3186,3130,3269
2/10/2019 6:30,237,272,210,3813,3815,3798,3576,3543,3588
2/10/2019 7:00,216,248,222,4260,4261,4283,4044,4013,4061
2/10/2019 7:30,198,213,227,4567,4567,4651,4369,4354,4424
2/10/2019 8:00,176,189,196,4712,4705,4873,4536,4516,4677
2/10/2019 8:30,150,157,149,4825,4793,4937,4675,4636,4788
2/10/2019 9:00,124,131,109,4924,4851,4993,4800,4720,4884
2/10/2019 9:30,96,71,91,4957,4865,5008,4861,4794,4917
2/10/2019 10:00,81,63,41,4927,4842,4974,4846,4779,4933
2/10/2019 10:30,79,68,30,4895,4812,4941,4816,4744,4911
2/10/2019 11:00,80,69,25,4878,4795,4921,4798,4726,4896
2/10/2019 11:30,84,80,44,4869,4802,4886,4785,4722,4842
2/10/2019 12:00,86,81,41,4861,4803,4886,4775,4722,4845
2/10/2019 12:30,86,74,36,4835,4779,4911,4749,4705,4875
2/10/2019 13:00,85,72,26,4792,4744,4850,4707,4672,4824
2/10/2019 13:30,82,71,18,4756,4712,4770,4674,4641,4752
2/10/2019 14:00,79,69,11,4734,4699,4773,4655,4630,4762
2/10/2019 14:30,75,70,15,4726,4701,4765,4651,4631,4750
2/10/2019 15:00,71,68,14,4735,4725,4787,4664,4657,4773
2/10/2019 15:30,69,65,12,4775,4773,4828,4706,4708,4816
2/10/2019 16:00,68,62,53,4849,4847,4902,4781,4785,4849
2/10/2019 16:30,67,58,63,4961,4936,5041,4894,4878,4978
2/10/2019 17:00,71,62,66,5083,5052,5140,5012,4990,5074
2/10/2019 17:30,79,65,75,5101,5072,5218,5022,5007,5143
2/10/2019 18:00,93,79,87,5036,5015,5212,4943,4936,5125
2/10/2019 18:30,114,95,108,5092,5072,5181,4978,4977,5073
2/10/2019 19:00,151,126,140,5260,5231,5272,5109,5105,5132
2/10/2019 19:30,207,176,191,5291,5266,5395,5084,5090,5204
2/10/2019 20:00,257,225,234,5157,5149,5282,4900,4924,5048
2/10/2019 20:30,301,284,276,4980,4988,5106,4679,4704,4830
2/10/2019 21:00,356,347,363,4785,4807,4917,4429,4460,4554
2/10/2019 21:30,421,382,426,4554,4577,4646,4133,4195,4220
2/10/2019 22:00,492,439,424,4290,4299,4372,3798,3860,3948
2/10/2019 22:30,570,484,467,4031,4028,4068,3461,3544,3601
2/10/2019 23:00,701,561,573,3806,3782,3795,3105,3221,3222
2/10/2019 23:30,782,663,649,3600,3586,3567,2818,2923,2918
3/10/2019 0:00,874,769,793,3440,3436,3431,2566,2667,2638
3/10/2019 0:30,975,917,1051,3318,3316,3336,2343,2399,2285
3/10/2019 1:00,1083,1041,1283,3230,3224,3252,2147,2183,1969
3/10/2019 1:30,1196,1164,1519,3161,3151,3176,1965,1987,1657
3/10/2019 2:00,1308,1296,1693,3106,3096,3122,1798,1800,1429
3/10/2019 2:30,1417,1436,1772,3067,3055,3086,1650,1619,1314
3/10/2019 3:00,1519,1541,1814,3043,3027,3058,1524,1486,1244
3/10/2019 3:30,1613,1670,1820,3035,3021,3049,1422,1351,1229
3/10/2019 4:00,1717,1761,1895,3043,3032,3061,1326,1271,1166
3/10/2019 4:30,1834,1854,1993,3065,3056,3097,1231,1202,1104
3/10/2019 5:00,1948,1945,2080,3116,3104,3168,1168,1159,1088
3/10/2019 5:30,2062,2185,2163,3252,3242,3248,1190,1057,1085
3/10/2019 6:00,2174,2277,2247,3492,3486,3479,1318,1209,1232
3/10/2019 6:30,2285,2355,2545,3858,3844,3794,1573,1489,1249
3/10/2019 7:00,2413,2492,2765,4302,4274,4304,1889,1782,1539
3/10/2019 7:30,2559,2624,2911,4616,4605,4644,2057,1981,1733
3/10/2019 8:00,2685,2752,3013,4770,4802,4856,2085,2050,1843
3/10/2019 8:30,2792,2851,3063,4867,4911,4892,2075,2060,1829
3/10/2019 9:00,2878,2928,3136,4929,4952,4941,2051,2024,1805
3/10/2019 9:30,2945,3015,3228,4946,4967,4966,2001,1952,1738
3/10/2019 10:00,3028,3076,3363,4924,4968,4962,1896,1892,1599
3/10/2019 10:30,3129,3247,3433,4900,4971,4980,1771,1724,1547
3/10/2019 11:00,3207,3276,3487,4884,4981,5020,1677,1705,1533
3/10/2019 11:30,3262,3319,3440,4894,4991,5018,1632,1672,1578
3/10/2019 12:00,3295,3321,3398,4921,5001,5023,1626,1680,1625
3/10/2019 12:30,3306,3303,3383,4925,4984,5019,1619,1681,1636
3/10/2019 13:00,3311,3293,3356,4901,4945,4997,1590,1652,1641
3/10/2019 13:30,3312,3344,3324,4885,4907,4902,1573,1563,1578
3/10/2019 14:00,3300,3317,3316,4882,4877,4882,1582,1560,1566
3/10/2019 14:30,3276,3298,3302,4892,4864,4870,1616,1566,1568
3/10/2019 15:00,3253,3270,3262,4916,4873,4888,1663,1603,1626
3/10/2019 15:30,3232,3224,3135,4962,4914,4948,1730,1690,1813
3/10/2019 16:00,3226,3211,3149,5034,4988,5005,1808,1777,1856
3/10/2019 16:30,3237,3204,3102,5135,5083,5150,1898,1879,2048
3/10/2019 17:00,3237,3183,3008,5245,5180,5242,2008,1997,2234
3/10/2019 17:30,3226,3146,3025,5270,5206,5306,2044,2060,2281
3/10/2019 18:00,3222,3116,3027,5223,5176,5275,2001,2060,2248
3/10/2019 18:30,3225,3084,2997,5240,5223,5234,2015,2139,2237
3/10/2019 19:00,3221,3062,2970,5317,5333,5248,2096,2271,2278
3/10/2019 19:30,3208,3012,2938,5304,5330,5257,2096,2318,2319
3/10/2019 20:00,3190,2985,2983,5183,5189,5112,1993,2204,2129
3/10/2019 20:30,3167,2911,2977,5024,5015,4960,1857,2104,1983
3/10/2019 21:00,3146,2912,2880,4841,4825,4749,1695,1913,1869
3/10/2019 21:30,3128,2936,2874,4610,4589,4523,1482,1653,1649
3/10/2019 22:00,3097,2918,2861,4338,4309,4261,1241,1391,1400
3/10/2019 22:30,3052,2873,2698,4072,4033,3976,1020,1160,1278
3/10/2019 23:00,2872,2814,2673,3782,3782,3760,910,968,1087
3/10/2019 23:30,2805,2749,2537,3587,3587,3535,782,838,998
4/10/2019 0:00,2751,2690,2535,3449,3445,3418,698,755,883
4/10/2019 0:30,2710,2616,2508,3339,3332,3334,629,716,826
4/10/2019 1:00,2661,2577,2448,3250,3239,3235,589,662,787
4/10/2019 1:30,2604,2524,2401,3178,3165,3165,574,641,764
4/10/2019 2:00,2542,2485,2282,3124,3106,3110,582,621,828
4/10/2019 2:30,2474,2449,2269,3082,3063,3070,608,614,801
4/10/2019 3:00,2422,2419,2244,3055,3032,3031,633,613,787
4/10/2019 3:30,2385,2368,2233,3049,3025,3011,664,657,778
4/10/2019 4:00,2358,2363,2231,3061,3034,3016,703,671,785
4/10/2019 4:30,2341,2371,2241,3083,3057,3035,742,686,794
4/10/2019 5:00,2331,2372,2265,3127,3104,3094,796,732,829
4/10/2019 5:30,2326,2333,2354,3255,3235,3199,929,902,845
4/10/2019 6:00,2350,2375,2623,3484,3466,3466,1134,1091,843
4/10/2019 6:30,2403,2454,2628,3828,3817,3745,1425,1363,1117
4/10/2019 7:00,2452,2499,2758,4244,4241,4221,1792,1742,1463
4/10/2019 7:30,2498,2501,2797,4556,4557,4574,2058,2056,1777
4/10/2019 8:00,2495,2505,2839,4733,4729,4817,2238,2224,1978
4/10/2019 8:30,2442,2483,2876,4836,4825,4884,2394,2342,2008
4/10/2019 9:00,2406,2493,2869,4884,4863,4948,2478,2370,2079
4/10/2019 9:30,2387,2620,2789,4896,4876,4946,2509,2256,2157
4/10/2019 10:00,2353,2603,2796,4883,4874,4907,2530,2271,2111
4/10/2019 10:30,2304,2609,2717,4865,4867,4892,2561,2258,2175
4/10/2019 11:00,2223,2572,2675,4850,4859,4882,2627,2287,2207
4/10/2019 11:30,2112,2595,2706,4847,4851,4866,2735,2256,2160
4/10/2019 12:00,1981,2533,2671,4852,4850,4932,2871,2317,2261
4/10/2019 12:30,1832,2484,2446,4831,4823,4943,2999,2339,2497
4/10/2019 13:00,1690,2377,2230,4784,4771,4866,3094,2394,2636
4/10/2019 13:30,1557,2221,2038,4730,4716,4770,3173,2495,2732
4/10/2019 14:00,1418,2048,1756,4680,4670,4723,3262,2622,2967
4/10/2019 14:30,1274,1771,1569,4653,4645,4700,3379,2874,3131
4/10/2019 15:00,1124,1531,1462,4654,4645,4712,3530,3114,3250
4/10/2019 15:30,969,1286,1249,4670,4661,4727,3701,3375,3478
4/10/2019 16:00,826,1062,1048,4705,4699,4747,3879,3637,3699
4/10/2019 16:30,694,817,810,4780,4777,4830,4086,3960,4020
4/10/2019 17:00,572,681,576,4874,4878,4912,4302,4197,4336
4/10/2019 17:30,460,499,383,4893,4902,5000,4433,4403,4617
4/10/2019 18:00,380,419,230,4857,4864,4991,4477,4445,4761
4/10/2019 18:30,334,405,214,4939,4921,4965,4605,4516,4751
4/10/2019 19:00,320,353,217,5120,5060,5053,4800,4707,4836
4/10/2019 19:30,340,268,269,5148,5065,5115,4808,4797,4846
4/10/2019 20:00,361,286,319,4998,4917,4983,4637,4631,4664
4/10/2019 20:30,383,349,286,4823,4746,4817,4440,4397,4531
4/10/2019 21:00,417,394,292,4652,4582,4633,4235,4188,4341
4/10/2019 21:30,462,372,309,4445,4379,4423,3983,4007,4114
4/10/2019 22:00,498,422,349,4202,4144,4194,3704,3722,3845
4/10/2019 22:30,527,490,417,3960,3912,3985,3433,3422,3568
4/10/2019 23:00,542,519,435,3708,3705,3789,3166,3186,3354
4/10/2019 23:30,592,581,421,3536,3524,3624,2944,2943,3203
5/10/2019 0:00,643,601,459,3402,3394,3505,2759,2793,3046
5/10/2019 0:30,695,583,508,3289,3284,3391,2594,2701,2883
5/10/2019 1:00,740,622,559,3195,3191,3278,2455,2569,2719
5/10/2019 1:30,777,645,575,3112,3108,3176,2335,2463,2601
5/10/2019 2:00,814,712,576,3041,3034,3113,2227,2322,2537
5/10/2019 2:30,851,791,639,2984,2977,3055,2133,2186,2416
5/10/2019 3:00,900,859,745,2943,2936,3019,2043,2077,2274
5/10/2019 3:30,963,893,866,2920,2911,2998,1957,2018,2132
5/10/2019 4:00,1019,955,1009,2914,2901,2977,1895,1946,1968
5/10/2019 4:30,1069,894,1066,2921,2908,2966,1852,2014,1900
5/10/2019 5:00,1114,945,1083,2946,2934,2991,1832,1989,1908
5/10/2019 5:30,1155,997,1159,3005,2995,3032,1850,1998,1873
5/10/2019 6:00,1219,1078,1170,3108,3099,3140,1889,2021,1970
5/10/2019 6:30,1308,1178,1283,3266,3261,3257,1958,2083,1974
5/10/2019 7:00,1405,1276,1428,3471,3468,3464,2066,2192,2036
5/10/2019 7:30,1509,1469,1441,3667,3668,3590,2158,2199,2149
5/10/2019 8:00,1632,1569,1575,3842,3843,3795,2210,2274,2220
5/10/2019 8:30,1775,1700,1831,3999,4000,4050,2224,2300,2219
5/10/2019 9:00,1894,1819,1933,4138,4136,4256,2244,2317,2323
5/10/2019 9:30,1988,1873,2074,4254,4248,4370,2266,2375,2296
5/10/2019 10:00,2070,1967,2217,4344,4335,4470,2274,2368,2253
5/10/2019 10:30,2138,2049,2264,4393,4386,4519,2255,2337,2255
5/10/2019 11:00,2183,2088,2274,4408,4408,4557,2225,2320,2283
5/10/2019 11:30,2206,2086,2167,4418,4428,4543,2212,2342,2376
5/10/2019 12:00,2180,2062,2125,4428,4451,4517,2248,2389,2392
5/10/2019 12:30,2107,2092,2015,4416,4445,4519,2309,2353,2504
5/10/2019 13:00,2029,2036,1926,4381,4408,4479,2352,2372,2553
5/10/2019 13:30,1944,2026,1919,4331,4352,4469,2387,2326,2550
5/10/2019 14:00,1850,1935,1697,4277,4293,4410,2427,2358,2713
5/10/2019 14:30,1748,1782,1647,4249,4263,4362,2501,2481,2715
5/10/2019 15:00,1650,1691,1782,4251,4267,4346,2601,2576,2564
5/10/2019 15:30,1558,1602,1841,4268,4286,4332,2710,2684,2491
5/10/2019 16:00,1465,1560,1593,4304,4321,4348,2839,2761,2755
5/10/2019 16:30,1369,1519,1521,4383,4399,4430,3014,2880,2909
5/10/2019 17:00,1286,1464,1478,4493,4505,4573,3207,3041,3095
5/10/2019 17:30,1217,1333,1383,4546,4561,4655,3329,3228,3272
5/10/2019 18:00,1155,1230,1330,4545,4566,4650,3390,3336,3320
5/10/2019 18:30,1102,1193,1246,4581,4604,4626,3479,3411,3380
5/10/2019 19:00,1050,1141,1233,4645,4664,4692,3595,3523,3459
5/10/2019 19:30,1000,1210,1233,4617,4639,4665,3617,3429,3432
5/10/2019 20:00,972,1197,1228,4489,4518,4500,3517,3321,3272
5/10/2019 20:30,966,1132,1250,4350,4374,4374,3384,3242,3124
5/10/2019 21:00,962,1137,1208,4214,4228,4234,3252,3091,3026
5/10/2019 21:30,959,1206,1277,4047,4061,4104,3088,2855,2827
5/10/2019 22:00,970,1214,1323,3849,3878,3929,2879,2664,2606
5/10/2019 22:30,994,1230,1347,3651,3688,3757,2657,2458,2410
5/10/2019 23:00,1197,1243,1406,3514,3514,3580,2317,2271,2174
5/10/2019 23:30,1211,1282,1497,3393,3410,3450,2182,2128,1953
6/10/2019 0:00,1234,1304,1515,3321,3335,3367,2087,2031,1852
6/10/2019 0:30,1265,1324,1542,3226,3232,3299,1961,1908,1757
6/10/2019 1:00,1298,1348,1623,3103,3098,3195,1805,1750,1572
6/10/2019 1:30,1332,1394,1614,3000,2992,3097,1668,1598,1483
6/10/2019 2:00,1355,1421,1584,2927,2919,3018,1572,1498,1434
6/10/2019 2:30,1365,1536,1563,2870,2865,2965,1505,1329,1402
6/10/2019 3:00,1364,1560,1612,2827,2823,2898,1463,1263,1286
6/10/2019 3:30,1352,1620,1686,2800,2801,2888,1448,1181,1202
6/10/2019 4:00,1366,1636,1650,2790,2792,2861,1424,1156,1211
6/10/2019 4:30,1405,1636,1741,2792,2796,2865,1387,1160,1124
6/10/2019 5:00,1428,1642,1766,2807,2811,2889,1379,1169,1123
6/10/2019 5:30,1434,1659,1794,2843,2849,2917,1409,1190,1123
6/10/2019 6:00,1420,1658,1775,2900,2909,2980,1480,1251,1205
6/10/2019 6:30,1386,1658,1704,2971,2979,3028,1585,1321,1324
6/10/2019 7:00,1348,1633,1637,3059,3061,3157,1711,1428,1520
6/10/2019 7:30,1305,1541,1621,3182,3190,3207,1877,1649,1586
6/10/2019 8:00,1244,1460,1553,3344,3365,3354,2100,1905,1801
6/10/2019 8:30,1166,1383,1371,3537,3563,3543,2371,2180,2172
6/10/2019 9:00,1069,1282,1245,3744,3764,3712,2675,2482,2467
6/10/2019 9:30,954,1095,1008,3898,3917,3881,2944,2822,2873
6/10/2019 10:00,900,1032,889,3995,4014,4036,3095,2982,3147
6/10/2019 10:30,907,995,902,4074,4087,4109,3167,3092,3207
6/10/2019 11:00,879,978,853,4142,4150,4145,3263,3172,3292
6/10/2019 11:30,815,935,790,4196,4202,4190,3381,3267,3400
6/10/2019 12:00,748,875,720,4230,4233,4227,3482,3358,3507
6/10/2019 12:30,676,825,696,4226,4228,4265,3550,3403,3569
6/10/2019 13:00,612,764,679,4185,4185,4263,3573,3421,3584
6/10/2019 13:30,554,657,662,4124,4124,4218,3570,3467,3556
6/10/2019 14:00,496,612,599,4056,4056,4129,3560,3444,3530
6/10/2019 14:30,438,542,480,4015,4015,4077,3577,3473,3597
6/10/2019 15:00,385,514,352,4007,4009,4020,3622,3495,3668
6/10/2019 15:30,335,426,303,4024,4028,4006,3689,3602,3703
6/10/2019 16:00,311,398,256,4069,4074,4074,3758,3676,3818
6/10/2019 16:30,310,389,250,4159,4167,4182,3849,3778,3932
6/10/2019 17:00,333,394,297,4276,4289,4288,3943,3895,3991
6/10/2019 17:30,379,458,437,4329,4343,4416,3950,3885,3979
6/10/2019 18:00,476,565,571,4332,4342,4461,3856,3777,3890
6/10/2019 18:30,624,680,697,4429,4438,4534,3805,3758,3837
6/10/2019 19:00,788,888,927,4600,4610,4701,3812,3722,3774
6/10/2019 19:30,967,1090,1337,4619,4624,4731,3652,3534,3394
6/10/2019 20:00,1176,1341,1696,4471,4464,4632,3295,3123,2936
6/10/2019 20:30,1416,1617,2004,4315,4306,4487,2899,2689,2483
6/10/2019 21:00,1647,1850,2322,4179,4184,4337,2532,2334,2015
6/10/2019 21:30,1868,2150,2488,4016,4027,4138,2148,1877,1650
6/10/2019 22:00,2091,2367,2571,3821,3833,3933,1730,1466,1362
6/10/2019 22:30,2313,2570,2487,3623,3631,3696,1310,1061,1209
6/10/2019 23:00,2552,2692,2257,3442,3442,3476,890,750,1219
6/10/2019 23:30,2641,2873,2158,3287,3294,3298,646,421,1140
7/10/2019 0:00,2700,2876,2092,3169,3176,3208,469,300,1116
7/10/2019 0:30,2729,2938,2025,3067,3073,3114,338,135,1089
7/10/2019 1:00,2725,2894,2080,2979,2984,2997,254,90,917
7/10/2019 1:30,2688,2789,2139,2911,2917,2925,223,128,786
7/10/2019 2:00,2632,2716,2131,2862,2870,2875,230,154,744
7/10/2019 2:30,2557,2391,2090,2827,2836,2817,270,445,727
7/10/2019 3:00,2498,2349,2037,2804,2812,2774,306,463,737
7/10/2019 3:30,2454,2199,1982,2801,2809,2753,347,610,771
7/10/2019 4:00,2416,2172,1975,2816,2821,2754,400,649,779
7/10/2019 4:30,2384,2121,1991,2839,2846,2777,455,725,786
7/10/2019 5:00,2337,2079,2111,2885,2895,2865,548,816,754
7/10/2019 5:30,2276,1972,2182,3026,3034,2993,750,1062,811
7/10/2019 6:00,2221,1937,2261,3280,3279,3275,1059,1342,1014
7/10/2019 6:30,2170,1913,2291,3641,3641,3581,1471,1728,1290
7/10/2019 7:00,2125,1907,2320,4069,4077,4082,1944,2170,1762
7/10/2019 7:30,2087,1872,2292,4413,4425,4478,2326,2553,2186
7/10/2019 8:00,2038,1861,2126,4638,4642,4652,2600,2781,2526
7/10/2019 8:30,1979,1889,2068,4758,4746,4683,2779,2857,2615
7/10/2019 9:00,1919,1884,2103,4794,4762,4725,2875,2878,2622
7/10/2019 9:30,1858,2068,2071,4812,4782,4758,2954,2714,2687
7/10/2019 10:00,1843,2113,2099,4826,4818,4746,2983,2705,2647
7/10/2019 10:30,1873,2255,2239,4831,4831,4791,2958,2576,2552
7/10/2019 11:00,1927,2328,2479,4829,4824,4864,2902,2496,2385
7/10/2019 11:30,2006,2361,2513,4840,4814,4839,2834,2453,2326
7/10/2019 12:00,2070,2447,2639,4858,4834,4838,2788,2387,2199
7/10/2019 12:30,2120,2541,2568,4844,4821,4836,2724,2280,2268
7/10/2019 13:00,2190,2599,2616,4797,4777,4812,2607,2178,2196
7/10/2019 13:30,2282,2622,2679,4752,4741,4718,2470,2119,2039
7/10/2019 14:00,2361,2651,2672,4720,4719,4682,2359,2068,2010
7/10/2019 14:30,2429,2783,2663,4710,4710,4673,2281,1927,2010
7/10/2019 15:00,2481,2754,2711,4723,4714,4696,2242,1960,1985
7/10/2019 15:30,2518,2627,2695,4759,4745,4721,2241,2118,2026
7/10/2019 16:00,2531,2623,2645,4818,4806,4785,2287,2183,2140
7/10/2019 16:30,2522,2618,2658,4908,4905,4909,2386,2287,2251
7/10/2019 17:00,2514,2625,2699,5005,5016,4995,2491,2391,2296
7/10/2019 17:30,2508,2645,2679,5014,5012,5060,2506,2367,2381
7/10/2019 18:00,2505,2644,2598,4956,4962,5007,2451,2318,2409
7/10/2019 18:30,2506,2655,2591,5017,5030,4996,2511,2375,2405
7/10/2019 19:00,2497,2658,2720,5175,5193,5160,2678,2535,2440
7/10/2019 19:30,2479,2657,2765,5165,5200,5253,2686,2543,2488
7/10/2019 20:00,2488,2683,2813,4967,5026,5130,2479,2343,2317
7/10/2019 20:30,2524,2745,2774,4774,4833,4970,2250,2088,2196
7/10/2019 21:00,2551,2761,2729,4613,4648,4757,2062,1887,2028
7/10/2019 21:30,2567,2670,2640,4410,4425,4518,1843,1755,1878
7/10/2019 22:00,2576,2683,2670,4156,4158,4254,1580,1475,1584
7/10/2019 22:30,2577,2713,2662,3896,3882,3959,1319,1169,1297
7/10/2019 23:00,2748,2705,2569,3643,3619,3701,895,914,1132
7/10/2019 23:30,2731,2711,2346,3446,3418,3489,715,707,1143
8/10/2019 0:00,2707,2693,2149,3310,3293,3341,603,600,1192
8/10/2019 0:30,2677,2680,2169,3203,3187,3243,526,507,1074
8/10/2019 1:00,2644,2654,2320,3117,3097,3189,473,443,869
8/10/2019 1:30,2607,2579,2327,3049,3027,3108,442,448,781
8/10/2019 2:00,2567,2532,2275,2997,2976,3066,430,444,791
8/10/2019 2:30,2525,2453,2192,2957,2939,3011,432,486,819
8/10/2019 3:00,2489,2415,2139,2928,2914,2984,439,499,845
8/10/2019 3:30,2459,2288,2122,2916,2903,2954,457,615,832
8/10/2019 4:00,2441,2284,2127,2922,2906,2950,481,622,823
8/10/2019 4:30,2434,2264,2106,2949,2925,2967,515,661,861
8/10/2019 5:00,2444,2282,2116,3009,2975,3030,565,693,914
8/10/2019 5:30,2468,2318,2162,3151,3107,3103,683,789,941
8/10/2019 6:00,2517,2370,2333,3390,3340,3371,873,970,1038
8/10/2019 6:30,2590,2407,2542,3746,3700,3703,1156,1293,1161
8/10/2019 7:00,2653,2496,2697,4182,4141,4205,1529,1645,1508
8/10/2019 7:30,2708,2579,2700,4531,4481,4539,1823,1902,1839
8/10/2019 8:00,2766,2653,2735,4753,4675,4704,1987,2022,1969
8/10/2019 8:30,2826,2682,2740,4853,4755,4713,2027,2073,1973
8/10/2019 9:00,2870,2712,2720,4854,4745,4750,1984,2033,2030
8/10/2019 9:30,2897,2812,2757,4844,4732,4776,1947,1920,2019
8/10/2019 10:00,2949,2855,2846,4840,4741,4774,1891,1886,1928
8/10/2019 10:30,3025,2990,2798,4827,4755,4753,1802,1765,1955
8/10/2019 11:00,3074,3041,2759,4808,4777,4747,1734,1736,1988
8/10/2019 11:30,3093,3065,2789,4810,4781,4744,1717,1716,1955
8/10/2019 12:00,3102,3089,2835,4829,4777,4753,1727,1688,1918
8/10/2019 12:30,3101,3033,2930,4821,4756,4801,1720,1723,1871
8/10/2019 13:00,3096,3036,2892,4784,4721,4744,1688,1685,1852
8/10/2019 13:30,3088,3058,2931,4756,4692,4666,1668,1634,1735
8/10/2019 14:00,3084,3058,2977,4744,4675,4694,1660,1617,1717
8/10/2019 14:30,3085,2985,2978,4738,4672,4686,1653,1687,1708
8/10/2019 15:00,3070,2994,2963,4741,4686,4706,1671,1692,1743
8/10/2019 15:30,3038,2992,2904,4779,4732,4759,1741,1740,1855
8/10/2019 16:00,3016,3008,2897,4857,4812,4815,1841,1804,1918
8/10/2019 16:30,3004,3012,2993,4965,4917,4918,1961,1905,1925
8/10/2019 17:00,2970,2998,3014,5078,5025,5051,2108,2027,2037
8/10/2019 17:30,2915,2983,3118,5096,5047,5127,2181,2064,2009
8/10/2019 18:00,2856,2931,3004,5044,5005,5094,2188,2074,2090
8/10/2019 18:30,2791,2857,2952,5124,5092,5052,2333,2235,2100
8/10/2019 19:00,2738,2808,2978,5312,5279,5206,2574,2471,2228
8/10/2019 19:30,2698,2712,2912,5319,5289,5233,2621,2577,2321
8/10/2019 20:00,2659,2682,2999,5119,5098,5122,2460,2416,2123
8/10/2019 20:30,2621,2693,2871,4915,4897,4954,2294,2204,2083
8/10/2019 21:00,2573,2653,2797,4737,4718,4760,2164,2065,1963
8/10/2019 21:30,2515,2615,2659,4516,4497,4529,2001,1882,1870
8/10/2019 22:00,2475,2548,2573,4244,4229,4254,1769,1681,1681
8/10/2019 22:30,2453,2470,2483,3972,3963,3967,1519,1493,1484
8/10/2019 23:00,2439,2406,2429,3716,3716,3707,1277,1310,1278
8/10/2019 23:30,2401,2382,2209,3515,3516,3518,1114,1134,1309
9/10/2019 0:00,2359,2345,2136,3363,3362,3389,1004,1017,1253
9/10/2019 0:30,2311,2342,2183,3247,3246,3299,936,904,1116
9/10/2019 1:00,2259,2307,2302,3163,3161,3215,904,854,913
9/10/2019 1:30,2201,2236,2359,3097,3096,3142,896,860,783
9/10/2019 2:00,2170,2183,2286,3045,3044,3107,875,861,821
9/10/2019 2:30,2167,2134,2191,3004,3002,3065,837,868,874
9/10/2019 3:00,2152,2117,2193,2973,2970,3021,821,853,828
9/10/2019 3:30,2125,2072,2154,2965,2962,2982,840,890,828
9/10/2019 4:00,2101,2077,2208,2978,2975,2998,877,898,790
9/10/2019 4:30,2081,2062,2183,2999,2996,2990,918,934,807
9/10/2019 5:00,2052,2055,2304,3044,3042,3071,992,987,767
9/10/2019 5:30,2014,2109,2412,3183,3181,3191,1169,1072,779
9/10/2019 6:00,2012,2124,2344,3435,3432,3418,1423,1308,1074
9/10/2019 6:30,2047,2173,2185,3798,3801,3719,1751,1628,1534
9/10/2019 7:00,2071,2205,2212,4232,4239,4223,2161,2034,2011
9/10/2019 7:30,2085,2242,2251,4581,4575,4591,2496,2333,2340
9/10/2019 8:00,2086,2234,2328,4806,4768,4779,2720,2534,2451
9/10/2019 8:30,2073,2241,2163,4903,4859,4821,2830,2618,2658
9/10/2019 9:00,2061,2200,2151,4894,4870,4838,2833,2670,2687
9/10/2019 9:30,2050,2286,2103,4873,4864,4850,2823,2578,2747
9/10/2019 10:00,2093,2248,2155,4862,4862,4823,2769,2614,2668
9/10/2019 10:30,2190,2172,2286,4855,4851,4774,2665,2679,2488
9/10/2019 11:00,2265,2212,2343,4851,4837,4777,2586,2625,2434
9/10/2019 11:30,2317,2329,2484,4848,4831,4790,2531,2502,2306
9/10/2019 12:00,2363,2395,2651,4841,4842,4793,2478,2447,2142
9/10/2019 12:30,2405,2345,2697,4816,4823,4834,2411,2478,2137
9/10/2019 13:00,2468,2408,2728,4775,4778,4805,2307,2370,2077
9/10/2019 13:30,2551,2522,2888,4738,4744,4726,2187,2222,1838
9/10/2019 14:00,2564,2575,3034,4713,4727,4757,2149,2152,1723
9/10/2019 14:30,2508,2673,2959,4705,4723,4729,2197,2050,1770
9/10/2019 15:00,2506,2673,2942,4720,4733,4749,2214,2060,1807
9/10/2019 15:30,2556,2721,2949,4764,4773,4795,2208,2052,1846
9/10/2019 16:00,2618,2737,3031,4841,4845,4889,2223,2108,1858
9/10/2019 16:30,2691,2786,2976,4949,4951,5000,2258,2165,2024
9/10/2019 17:00,2732,2794,2889,5064,5067,5092,2332,2273,2203
9/10/2019 17:30,2741,2913,2806,5093,5103,5146,2352,2190,2340
9/10/2019 18:00,2740,2898,2730,5059,5075,5120,2319,2177,2390
9/10/2019 18:30,2729,2818,2816,5154,5152,5110,2425,2334,2294
9/10/2019 19:00,2723,2804,2866,5355,5311,5283,2632,2507,2417
9/10/2019 19:30,2723,2842,2789,5368,5317,5292,2645,2475,2503
9/10/2019 20:00,2724,2830,2846,5170,5148,5181,2446,2318,2335
9/10/2019 20:30,2727,2803,2886,4965,4955,5054,2238,2152,2168
9/10/2019 21:00,2716,2791,2841,4785,4771,4839,2069,1980,1998
9/10/2019 21:30,2692,2701,2825,4562,4544,4605,1870,1843,1780
9/10/2019 22:00,2674,2686,2830,4290,4271,4327,1616,1585,1497
9/10/2019 22:30,2664,2730,2770,4021,4000,4032,1357,1270,1262
9/10/2019 23:00,2668,2692,2676,3754,3753,3770,1086,1061,1094
9/10/2019 23:30,2616,2657,2580,3556,3559,3546,940,902,966
10/10/2019 0:00,2556,2593,2616,3411,3415,3435,855,822,819
10/10/2019 0:30,2488,2511,2555,3295,3299,3338,807,788,783
10/10/2019 1:00,2418,2441,2602,3203,3207,3316,785,766,714
10/10/2019 1:30,2347,2394,2467,3133,3138,3198,786,744,731
10/10/2019 2:00,2275,2327,2266,3082,3085,3122,807,758,856
10/10/2019 2:30,2205,2221,2161,3042,3046,3073,837,825,912
10/10/2019 3:00,2125,2149,2000,3015,3017,3001,890,868,1001
10/10/2019 3:30,2038,2081,1885,3007,3010,2981,969,929,1096
10/10/2019 4:00,1944,2005,1918,3021,3021,2947,1077,1016,1029
10/10/2019 4:30,1844,1903,2052,3046,3046,2985,1202,1143,933
10/10/2019 5:00,1748,1796,2130,3096,3097,3067,1348,1301,937
10/10/2019 5:30,1657,1679,1933,3234,3236,3156,1577,1557,1223
10/10/2019 6:00,1604,1612,1789,3478,3480,3375,1874,1868,1586
10/10/2019 6:30,1586,1559,1797,3837,3846,3677,2251,2287,1880
10/10/2019 7:00,1585,1591,1836,4272,4288,4165,2687,2697,2329
10/10/2019 7:30,1599,1590,1786,4621,4625,4562,3022,3035,2776
10/10/2019 8:00,1676,1700,1902,4844,4818,4764,3168,3118,2862
10/10/2019 8:30,1817,2019,1948,4949,4912,4834,3132,2893,2886
10/10/2019 9:00,1950,2147,2048,4958,4925,4879,3008,2778,2831
10/10/2019 9:30,2074,2197,2256,4958,4924,4935,2884,2727,2679
10/10/2019 10:00,2171,2306,2463,4965,4925,4944,2794,2619,2481
10/10/2019 10:30,2241,2394,2545,4960,4926,4909,2719,2532,2364
10/10/2019 11:00,2322,2461,2716,4947,4928,4937,2625,2467,2221
10/10/2019 11:30,2412,2576,2911,4953,4948,4935,2541,2372,2024
10/10/2019 12:00,2521,2677,2959,4973,4967,4925,2452,2290,1966
10/10/2019 12:30,2646,2752,3050,4956,4951,4933,2310,2199,1883
10/10/2019 13:00,2748,2842,3160,4901,4903,4894,2153,2061,1734
10/10/2019 13:30,2825,2987,3153,4853,4861,4792,2028,1874,1639
10/10/2019 14:00,2882,3019,3118,4823,4833,4786,1941,1814,1668
10/10/2019 14:30,2920,3063,3039,4809,4818,4766,1889,1755,1727
10/10/2019 15:00,2949,3076,2966,4811,4816,4746,1862,1740,1780
10/10/2019 15:30,2969,3123,3066,4837,4843,4803,1868,1720,1737
10/10/2019 16:00,2984,3102,3130,4894,4902,4870,1910,1800,1740
10/10/2019 16:30,2994,3113,3188,4989,4998,4982,1995,1885,1794
10/10/2019 17:00,2997,3109,3095,5103,5108,5091,2106,1999,1996
10/10/2019 17:30,2993,3036,3126,5146,5156,5193,2153,2120,2067
10/10/2019 18:00,2995,3021,3160,5129,5148,5212,2134,2127,2052
10/10/2019 18:30,3003,2962,3130,5193,5204,5227,2190,2242,2097
10/10/2019 19:00,2999,2976,3147,5320,5308,5372,2321,2332,2225
10/10/2019 19:30,2981,3043,3081,5307,5290,5343,2326,2247,2262
10/10/2019 20:00,2972,3042,3109,5139,5134,5212,2167,2092,2103
10/10/2019 20:30,2972,3026,3107,4951,4950,5056,1979,1924,1949
10/10/2019 21:00,2962,3003,3148,4768,4766,4839,1806,1763,1691
10/10/2019 21:30,2943,2995,3099,4547,4544,4596,1604,1549,1497
10/10/2019 22:00,2911,2935,3150,4288,4283,4346,1377,1348,1196
10/10/2019 22:30,2865,2887,3058,4027,4014,4090,1162,1127,1032
10/10/2019 23:00,2844,2804,2940,3761,3759,3835,917,955,895
10/10/2019 23:30,2766,2698,2802,3563,3556,3601,797,858,799
11/10/2019 0:00,2699,2592,2700,3426,3422,3480,727,830,780
11/10/2019 0:30,2642,2493,2626,3314,3311,3387,672,818,761
11/10/2019 1:00,2564,2388,2409,3221,3220,3253,657,832,844
11/10/2019 1:30,2463,2339,2437,3148,3149,3192,685,810,755
11/10/2019 2:00,2358,2223,2326,3092,3094,3125,734,871,799
11/10/2019 2:30,2250,2115,2155,3043,3047,3088,793,932,933
11/10/2019 3:00,2154,2003,1920,3002,3006,3028,848,1003,1108
11/10/2019 3:30,2071,1837,1833,2981,2985,3018,910,1148,1185
11/10/2019 4:00,1981,1738,1741,2980,2984,2996,999,1246,1255
11/10/2019 4:30,1885,1648,1657,2999,3001,2994,1114,1353,1337
11/10/2019 5:00,1792,1599,1589,3047,3052,3068,1255,1453,1479
11/10/2019 5:30,1701,1631,1711,3171,3174,3152,1470,1543,1441
11/10/2019 6:00,1665,1631,1878,3386,3390,3445,1721,1759,1567
11/10/2019 6:30,1684,1620,1896,3718,3724,3731,2034,2104,1835
11/10/2019 7:00,1719,1631,1901,4132,4142,4193,2413,2511,2292
11/10/2019 7:30,1769,1697,1903,4469,4471,4581,2700,2774,2678
11/10/2019 8:00,1806,1696,1851,4689,4677,4751,2883,2981,2900
11/10/2019 8:30,1832,1663,1797,4800,4781,4777,2968,3118,2980
11/10/2019 9:00,1867,1677,1755,4822,4802,4796,2955,3125,3041
11/10/2019 9:30,1913,1810,1722,4816,4799,4784,2903,2989,3062
11/10/2019 10:00,1985,1857,1769,4799,4791,4730,2814,2934,2961
11/10/2019 10:30,2081,1994,1860,4780,4778,4697,2699,2784,2837
11/10/2019 11:00,2191,2093,2025,4764,4766,4692,2573,2673,2667
11/10/2019 11:30,2313,2150,2222,4761,4749,4686,2448,2599,2464
11/10/2019 12:00,2400,2221,2395,4768,4745,4685,2368,2524,2290
11/10/2019 12:30,2452,2245,2513,4752,4719,4683,2300,2474,2170
11/10/2019 13:00,2478,2284,2700,4711,4677,4659,2233,2393,1959
11/10/2019 13:30,2479,2327,2685,4664,4636,4595,2185,2309,1910
11/10/2019 14:00,2461,2332,2615,4619,4605,4549,2158,2273,1934
11/10/2019 14:30,2425,2322,2622,4593,4591,4537,2168,2269,1915
11/10/2019 15:00,2357,2268,2513,4589,4595,4516,2232,2327,2003
11/10/2019 15:30,2257,2298,2473,4611,4620,4548,2354,2322,2075
11/10/2019 16:00,2128,2178,2468,4662,4666,4620,2534,2488,2152
11/10/2019 16:30,1969,2128,2410,4752,4759,4726,2783,2631,2316
11/10/2019 17:00,1829,1991,2202,4863,4877,4811,3034,2886,2609
11/10/2019 17:30,1707,1819,2060,4912,4937,4845,3205,3118,2785
11/10/2019 18:00,1560,1691,2006,4911,4943,4847,3351,3252,2841
11/10/2019 18:30,1388,1545,1909,4993,5035,4903,3605,3490,2994
11/10/2019 19:00,1264,1453,1845,5140,5184,5080,3876,3731,3235
11/10/2019 19:30,1187,1510,1751,5140,5184,5061,3953,3674,3310
11/10/2019 20:00,1133,1447,1648,4979,5014,4900,3846,3567,3252
11/10/2019 20:30,1102,1428,1558,4799,4824,4750,3697,3396,3192
11/10/2019 21:00,1068,1363,1440,4627,4643,4560,3559,3280,3120
11/10/2019 21:30,1032,1260,1276,4422,4437,4326,3390,3177,3050
11/10/2019 22:00,1007,1180,1145,4182,4198,4106,3175,3018,2961
11/10/2019 22:30,995,1139,1031,3940,3961,3920,2945,2822,2889
11/10/2019 23:00,825,1056,907,3740,3740,3719,2915,2684,2812
11/10/2019 23:30,806,958,853,3577,3574,3565,2771,2616,2712
12/10/2019 0:00,791,906,845,3466,3465,3465,2675,2559,2620
12/10/2019 0:30,782,892,802,3360,3361,3355,2578,2469,2553
12/10/2019 1:00,788,885,802,3250,3252,3248,2462,2367,2446
12/10/2019 1:30,812,795,792,3156,3161,3137,2344,2366,2345
12/10/2019 2:00,809,795,792,3081,3085,3071,2272,2290,2279
12/10/2019 2:30,780,781,773,3019,3024,3024,2239,2243,2251
12/10/2019 3:00,755,782,776,2970,2975,2955,2215,2193,2179
12/10/2019 3:30,735,784,743,2941,2948,2922,2206,2164,2179
12/10/2019 4:00,707,778,752,2934,2940,2917,2227,2162,2165
12/10/2019 4:30,671,741,750,2942,2948,2928,2271,2207,2178
12/10/2019 5:00,650,727,733,2970,2975,2962,2320,2248,2229
12/10/2019 5:30,642,744,764,3038,3042,2995,2396,2298,2231
12/10/2019 6:00,634,749,749,3155,3157,3106,2521,2408,2357
12/10/2019 6:30,625,765,738,3327,3332,3238,2702,2567,2500
12/10/2019 7:00,619,767,706,3542,3552,3424,2923,2785,2718
12/10/2019 7:30,616,742,711,3748,3749,3623,3132,3007,2912
12/10/2019 8:00,612,732,757,3934,3909,3812,3322,3177,3055
12/10/2019 8:30,608,715,705,4112,4081,4059,3504,3366,3354
12/10/2019 9:00,597,689,699,4276,4249,4268,3679,3560,3569
12/10/2019 9:30,579,618,613,4380,4354,4372,3801,3736,3759
12/10/2019 10:00,571,605,589,4422,4390,4447,3851,3785,3858
12/10/2019 10:30,572,619,529,4434,4405,4467,3862,3786,3938
12/10/2019 11:00,592,659,544,4427,4411,4474,3835,3752,3930
12/10/2019 11:30,629,747,610,4424,4403,4472,3795,3656,3862
12/10/2019 12:00,654,780,701,4423,4399,4411,3769,3619,3710
12/10/2019 12:30,668,780,793,4401,4375,4394,3733,3595,3601
12/10/2019 13:00,675,807,849,4356,4333,4310,3681,3526,3461
12/10/2019 13:30,676,831,982,4302,4275,4220,3626,3444,3238
12/10/2019 14:00,660,826,947,4250,4215,4222,3590,3389,3275
12/10/2019 14:30,625,744,906,4222,4180,4175,3597,3436,3269
12/10/2019 15:00,587,702,844,4222,4181,4141,3635,3479,3297
12/10/2019 15:30,544,706,750,4245,4206,4108,3701,3500,3358
12/10/2019 16:00,491,618,638,4292,4259,4171,3801,3641,3533
12/10/2019 16:30,428,531,581,4382,4347,4240,3954,3816,3659
12/10/2019 17:00,382,452,468,4499,4453,4363,4117,4001,3895
12/10/2019 17:30,352,419,407,4562,4498,4510,4210,4079,4103
12/10/2019 18:00,345,384,393,4581,4498,4589,4236,4114,4196
12/10/2019 18:30,360,381,366,4679,4601,4648,4319,4220,4282
12/10/2019 19:00,365,383,357,4837,4782,4812,4472,4399,4455
12/10/2019 19:30,360,362,337,4847,4798,4738,4487,4436,4401
12/10/2019 20:00,357,362,326,4694,4633,4573,4337,4271,4247
12/10/2019 20:30,356,353,326,4525,4459,4428,4169,4106,4102
12/10/2019 21:00,352,337,317,4369,4311,4270,4017,3974,3953
12/10/2019 21:30,347,332,314,4192,4139,4113,3845,3807,3799
12/10/2019 22:00,342,315,287,3990,3943,3950,3648,3628,3663
12/10/2019 22:30,337,272,260,3780,3742,3774,3443,3470,3514
12/10/2019 23:00,292,254,268,3563,3562,3612,3271,3308,3344
12/10/2019 23:30,281,236,242,3453,3455,3450,3172,3219,3208
13/10/2019 0:00,266,230,200,3403,3405,3384,3137,3175,3184
13/10/2019 0:30,248,228,181,3320,3323,3306,3072,3095,3125
13/10/2019 1:00,240,221,152,3194,3196,3206,2954,2975,3054
13/10/2019 1:30,242,200,147,3086,3090,3119,2844,2890,2972
13/10/2019 2:00,248,190,167,3007,3010,3055,2759,2820,2888
13/10/2019 2:30,257,186,191,2943,2946,2995,2686,2760,2804
13/10/2019 3:00,260,184,200,2892,2894,2955,2632,2710,2755
13/10/2019 3:30,258,176,240,2864,2865,2922,2606,2689,2682
13/10/2019 4:00,257,180,290,2858,2857,2895,2601,2677,2605
13/10/2019 4:30,257,199,320,2860,2858,2883,2603,2659,2563
13/10/2019 5:00,258,207,297,2871,2869,2903,2613,2662,2606
13/10/2019 5:30,261,189,275,2906,2904,2922,2645,2715,2647
13/10/2019 6:00,272,198,266,2967,2965,2984,2695,2767,2718
13/10/2019 6:30,293,237,240,3044,3041,3056,2751,2804,2816
13/10/2019 7:00,316,246,256,3140,3135,3178,2824,2889,2922
13/10/2019 7:30,340,261,252,3276,3271,3291,2936,3010,3039
13/10/2019 8:00,361,258,287,3451,3450,3435,3090,3192,3148
13/10/2019 8:30,378,270,297,3643,3647,3642,3265,3377,3345
13/10/2019 9:00,384,262,296,3834,3847,3846,3450,3585,3550
13/10/2019 9:30,378,203,253,3986,4008,4032,3608,3805,3779
13/10/2019 10:00,375,199,222,4092,4123,4191,3717,3924,3969
13/10/2019 10:30,376,181,192,4170,4212,4299,3794,4031,4107
13/10/2019 11:00,383,197,176,4228,4281,4376,3845,4084,4200
13/10/2019 11:30,394,245,191,4278,4367,4443,3884,4122,4252
13/10/2019 12:00,412,271,215,4315,4401,4477,3903,4130,4262
13/10/2019 12:30,436,322,328,4317,4388,4522,3881,4066,4194
13/10/2019 13:00,499,371,389,4280,4333,4513,3781,3962,4124
13/10/2019 13:30,601,433,405,4223,4271,4402,3622,3838,3997
13/10/2019 14:00,669,478,406,4159,4218,4358,3490,3740,3952
13/10/2019 14:30,704,438,438,4121,4178,4285,3417,3740,3847
13/10/2019 15:00,730,449,474,4116,4161,4220,3386,3712,3746
13/10/2019 15:30,748,586,450,4138,4173,4186,3390,3587,3736
13/10/2019 16:00,743,568,412,4187,4217,4197,3444,3649,3785
13/10/2019 16:30,717,507,424,4266,4283,4264,3549,3776,3840
13/10/2019 17:00,673,448,403,4364,4368,4355,3691,3920,3952
13/10/2019 17:30,612,371,344,4422,4438,4451,3810,4067,4107
13/10/2019 18:00,564,335,298,4453,4503,4501,3889,4168,4203
13/10/2019 18:30,528,281,300,4562,4611,4604,4034,4330,4304
13/10/2019 19:00,507,264,320,4725,4740,4819,4218,4476,4499
13/10/2019 19:30,500,253,337,4737,4731,4806,4237,4478,4469
13/10/2019 20:00,498,265,335,4586,4575,4703,4088,4310,4368
13/10/2019 20:30,500,314,354,4425,4411,4558,3925,4097,4204
13/10/2019 21:00,505,336,362,4282,4270,4396,3777,3934,4034
13/10/2019 21:30,514,359,388,4107,4103,4179,3593,3744,3791
13/10/2019 22:00,523,379,405,3900,3906,3967,3377,3527,3562
13/10/2019 22:30,532,397,387,3701,3716,3736,3169,3319,3349
13/10/2019 23:00,474,418,352,3539,3540,3518,3065,3122,3166
13/10/2019 23:30,490,443,373,3378,3379,3335,2888,2936,2962
14/10/2019 0:00,483,448,366,3236,3236,3260,2753,2788,2894
14/10/2019 0:30,453,435,381,3129,3130,3178,2676,2695,2797
14/10/2019 1:00,450,433,381,3057,3058,3088,2607,2625,2707
14/10/2019 1:30,472,444,377,3004,3005,3028,2532,2561,2651
14/10/2019 2:00,527,469,386,2963,2965,2985,2436,2496,2599
14/10/2019 2:30,614,510,427,2934,2937,2958,2320,2427,2531
14/10/2019 3:00,713,569,515,2917,2920,2937,2204,2351,2422
14/10/2019 3:30,823,646,623,2913,2915,2933,2090,2269,2310
14/10/2019 4:00,932,708,713,2921,2923,2941,1989,2215,2228
14/10/2019 4:30,1038,755,753,2941,2944,2949,1903,2189,2196
14/10/2019 5:00,1119,810,814,2989,2992,3018,1870,2182,2204
14/10/2019 5:30,1176,874,844,3127,3130,3108,1951,2256,2264
14/10/2019 6:00,1229,935,960,3375,3378,3369,2146,2443,2409
14/10/2019 6:30,1277,996,1030,3749,3752,3679,2472,2756,2649
14/10/2019 7:00,1314,1063,1139,4207,4209,4173,2893,3146,3034
14/10/2019 7:30,1338,1137,1284,4565,4568,4626,3227,3431,3342
14/10/2019 8:00,1343,1196,1309,4787,4791,4823,3444,3595,3514
14/10/2019 8:30,1327,1239,1411,4911,4917,4847,3584,3678,3436
14/10/2019 9:00,1304,1256,1436,4960,4967,4923,3656,3711,3487
14/10/2019 9:30,1275,1249,1374,4985,4996,4959,3710,3747,3585
14/10/2019 10:00,1278,1244,1352,5001,5016,4944,3723,3772,3592
14/10/2019 10:30,1312,1241,1216,5008,5024,4987,3696,3783,3771
14/10/2019 11:00,1312,1062,1099,5010,5047,4992,3698,3985,3893
14/10/2019 11:30,1276,1178,1017,5012,5057,5025,3736,3879,4008
14/10/2019 12:00,1227,1148,939,5009,5060,5044,3782,3912,4105
14/10/2019 12:30,1162,1135,940,4976,5039,5092,3814,3904,4152
14/10/2019 13:00,1107,1109,897,4921,5000,5056,3814,3891,4159
14/10/2019 13:30,1061,1079,806,4893,4978,4975,3832,3899,4169
14/10/2019 14:00,1020,1015,744,4897,4974,4978,3877,3959,4234
14/10/2019 14:30,986,880,678,4897,4963,4976,3911,4083,4298
14/10/2019 15:00,1001,816,622,4897,4948,4986,3896,4132,4364
14/10/2019 15:30,1067,800,586,4934,4980,5006,3867,4180,4420
14/10/2019 16:00,1087,772,565,5016,5062,5080,3929,4290,4515
14/10/2019 16:30,1062,735,557,5123,5170,5211,4061,4435,4654
14/10/2019 17:00,1056,731,568,5241,5290,5327,4185,4559,4759
14/10/2019 17:30,1067,711,613,5322,5372,5399,4255,4661,4786
14/10/2019 18:00,1084,763,609,5362,5415,5382,4278,4652,4773
14/10/2019 18:30,1107,798,641,5395,5450,5417,4288,4652,4776
14/10/2019 19:00,1114,829,700,5408,5470,5489,4294,4641,4789
14/10/2019 19:30,1105,737,740,5322,5396,5400,4217,4659,4660
14/10/2019 20:00,1100,734,776,5140,5225,5224,4040,4491,4448
14/10/2019 20:30,1099,739,776,4946,5030,5041,3847,4291,4265
14/10/2019 21:00,1075,746,730,4754,4827,4849,3679,4081,4119
14/10/2019 21:30,1030,723,717,4532,4592,4602,3502,3869,3885
14/10/2019 22:00,988,716,717,4280,4321,4333,3292,3605,3616
14/10/2019 22:30,948,698,685,4022,4037,4062,3074,3339,3377
14/10/2019 23:00,849,711,716,3763,3763,3818,2914,3052,3102
14/10/2019 23:30,809,780,707,3559,3557,3605,2750,2777,2898
15/10/2019 0:00,764,797,731,3428,3427,3508,2664,2630,2777
15/10/2019 0:30,714,788,706,3323,3319,3417,2609,2531,2711
15/10/2019 1:00,670,784,652,3231,3226,3323,2561,2442,2671
15/10/2019 1:30,631,758,728,3160,3156,3258,2529,2398,2530
15/10/2019 2:00,601,735,703,3109,3103,3207,2508,2368,2504
15/10/2019 2:30,578,705,742,3071,3066,3161,2493,2361,2419
15/10/2019 3:00,556,675,670,3047,3042,3107,2491,2367,2437
15/10/2019 3:30,534,653,567,3039,3034,3095,2505,2381,2528
15/10/2019 4:00,516,649,584,3047,3040,3094,2531,2391,2510
15/10/2019 4:30,500,641,549,3064,3058,3098,2564,2417,2549
15/10/2019 5:00,481,626,577,3106,3100,3171,2625,2474,2594
15/10/2019 5:30,458,625,639,3235,3228,3235,2777,2603,2596
15/10/2019 6:00,440,623,648,3473,3463,3486,3033,2840,2838
15/10/2019 6:30,430,648,682,3838,3832,3801,3408,3184,3119
15/10/2019 7:00,440,682,697,4290,4290,4295,3850,3608,3598
15/10/2019 7:30,473,653,753,4645,4637,4723,4172,3984,3970
15/10/2019 8:00,527,711,790,4865,4833,4874,4338,4122,4084
15/10/2019 8:30,603,764,827,4973,4925,4889,4370,4161,4062
15/10/2019 9:00,699,834,914,4992,4938,4920,4293,4104,4006
15/10/2019 9:30,816,871,980,4994,4936,4934,4178,4065,3954
15/10/2019 10:00,917,942,1056,4996,4942,4879,4079,4000,3823
15/10/2019 10:30,1002,1019,1072,4989,4938,4859,3987,3919,3787
15/10/2019 11:00,1137,1130,1201,4974,4933,4830,3837,3803,3629
15/10/2019 11:30,1322,1289,1409,4962,4929,4833,3640,3640,3424
15/10/2019 12:00,1489,1428,1483,4951,4944,4844,3462,3516,3361
15/10/2019 12:30,1636,1597,1573,4923,4931,4873,3287,3334,3300
15/10/2019 13:00,1784,1744,1747,4882,4896,4851,3098,3152,3104
15/10/2019 13:30,1931,1910,1932,4859,4873,4792,2928,2963,2860
15/10/2019 14:00,2039,2030,2103,4855,4866,4823,2816,2836,2720
15/10/2019 14:30,2108,2106,2224,4845,4867,4816,2737,2761,2592
15/10/2019 15:00,2186,2195,2351,4833,4874,4828,2647,2679,2477
15/10/2019 15:30,2273,2289,2456,4866,4921,4901,2593,2632,2445
15/10/2019 16:00,2355,2388,2507,4953,5006,4985,2598,2618,2478
15/10/2019 16:30,2432,2479,2614,5081,5129,5106,2649,2650,2492
15/10/2019 17:00,2508,2563,2644,5228,5263,5199,2720,2700,2555
15/10/2019 17:30,2581,2676,2759,5320,5338,5296,2739,2662,2537
15/10/2019 18:00,2632,2723,2874,5357,5352,5293,2725,2629,2419
15/10/2019 18:30,2660,2782,2942,5413,5394,5383,2753,2612,2441
15/10/2019 19:00,2632,2752,2894,5476,5449,5461,2844,2697,2567
15/10/2019 19:30,2548,2671,2788,5424,5388,5337,2876,2717,2549
15/10/2019 20:00,2488,2658,2853,5251,5205,5183,2763,2547,2330
15/10/2019 20:30,2451,2708,3010,5055,5008,5049,2604,2300,2039
15/10/2019 21:00,2438,2732,3050,4855,4816,4850,2417,2084,1800
15/10/2019 21:30,2448,2704,2870,4624,4591,4581,2176,1887,1711
15/10/2019 22:00,2380,2670,2709,4361,4332,4324,1981,1662,1615
15/10/2019 22:30,2235,2659,2541,4088,4070,4051,1853,1411,1510
15/10/2019 23:00,2335,2518,2329,3825,3824,3763,1490,1306,1434
15/10/2019 23:30,2272,2293,2164,3621,3612,3572,1349,1319,1408
16/10/2019 0:00,2152,2104,2085,3466,3462,3472,1314,1358,1387
16/10/2019 0:30,1974,2050,1907,3348,3347,3364,1374,1297,1457
16/10/2019 1:00,1842,1913,1768,3261,3259,3297,1419,1346,1529
16/10/2019 1:30,1756,1692,1633,3192,3196,3197,1436,1504,1564
16/10/2019 2:00,1653,1544,1464,3138,3147,3137,1485,1603,1673
16/10/2019 2:30,1532,1327,1349,3096,3111,3092,1564,1784,1743
16/10/2019 3:00,1441,1240,1255,3065,3081,3041,1624,1841,1786
16/10/2019 3:30,1378,1226,1264,3053,3069,3014,1675,1843,1750
16/10/2019 4:00,1334,1182,1257,3059,3069,3017,1725,1887,1760
16/10/2019 4:30,1309,1124,1197,3083,3088,3037,1774,1964,1840
16/10/2019 5:00,1287,1087,1144,3138,3138,3121,1851,2051,1977
16/10/2019 5:30,1267,988,1115,3277,3274,3217,2010,2286,2102
16/10/2019 6:00,1253,977,1080,3517,3517,3467,2264,2540,2387
16/10/2019 6:30,1244,989,1122,3877,3888,3763,2633,2899,2641
16/10/2019 7:00,1246,987,1069,4319,4340,4280,3073,3353,3211
16/10/2019 7:30,1259,1070,1031,4671,4667,4723,3412,3597,3692
16/10/2019 8:00,1259,1061,1047,4889,4839,4859,3630,3778,3812
16/10/2019 8:30,1246,1055,970,4985,4922,4891,3739,3867,3921
16/10/2019 9:00,1216,1047,947,4979,4934,4913,3763,3887,3966
16/10/2019 9:30,1167,937,873,4957,4911,4897,3790,3974,4024
16/10/2019 10:00,1162,924,769,4937,4873,4884,3775,3949,4115
16/10/2019 10:30,1201,883,721,4907,4850,4863,3706,3967,4142
16/10/2019 11:00,1282,969,756,4873,4846,4867,3591,3877,4111
16/10/2019 11:30,1405,1171,849,4863,4832,4812,3458,3661,3963
16/10/2019 12:00,1483,1319,997,4871,4827,4778,3388,3508,3781
16/10/2019 12:30,1515,1441,1210,4855,4799,4757,3340,3358,3547
16/10/2019 13:00,1539,1524,1300,4812,4757,4683,3273,3233,3383
16/10/2019 13:30,1555,1515,1460,4777,4724,4618,3222,3209,3158
16/10/2019 14:00,1553,1544,1486,4758,4709,4619,3205,3165,3133
16/10/2019 14:30,1533,1497,1554,4751,4710,4611,3218,3213,3057
16/10/2019 15:00,1521,1505,1611,4760,4732,4618,3239,3227,3007
16/10/2019 15:30,1519,1289,1449,4803,4779,4650,3284,3490,3201
16/10/2019 16:00,1499,1235,1423,4882,4853,4744,3383,3618,3321
16/10/2019 16:30,1464,1167,1376,4988,4960,4848,3524,3793,3472
16/10/2019 17:00,1460,1166,1266,5101,5079,4962,3641,3913,3696
16/10/2019 17:30,1486,1269,1210,5144,5138,5023,3658,3869,3813
16/10/2019 18:00,1540,1346,1281,5138,5149,4971,3598,3803,3690
16/10/2019 18:30,1621,1517,1483,5244,5253,5083,3623,3736,3600
16/10/2019 19:00,1716,1642,1645,5434,5420,5223,3718,3778,3578
16/10/2019 19:30,1823,1794,1798,5435,5416,5237,3612,3622,3439
16/10/2019 20:00,1927,1944,1871,5231,5222,5110,3304,3278,3239
16/10/2019 20:30,2026,2101,1925,5021,5018,4947,2995,2917,3022
16/10/2019 21:00,2125,2210,1989,4839,4834,4772,2714,2624,2783
16/10/2019 21:30,2224,2111,2087,4617,4609,4514,2393,2498,2427
16/10/2019 22:00,2304,2194,2114,4349,4340,4238,2045,2146,2124
16/10/2019 22:30,2366,2327,2310,4087,4070,3986,1721,1743,1676
16/10/2019 23:00,2411,2379,2404,3824,3822,3757,1413,1443,1353
16/10/2019 23:30,2439,2457,2447,3632,3626,3560,1193,1169,1113
17/10/2019 0:00,2455,2470,2492,3496,3494,3457,1041,1024,965
17/10/2019 0:30,2459,2401,2487,3387,3388,3364,928,987,877
17/10/2019 1:00,2452,2380,2480,3296,3298,3282,844,918,802
17/10/2019 1:30,2434,2312,2488,3217,3221,3179,783,909,691
17/10/2019 2:00,2403,2291,2327,3149,3151,3117,746,860,790
17/10/2019 2:30,2357,2380,2295,3098,3100,3067,741,720,772
17/10/2019 3:00,2328,2355,2247,3066,3066,3025,738,711,778
17/10/2019 3:30,2317,2352,2218,3057,3057,3017,740,705,799
17/10/2019 4:00,2313,2331,2250,3069,3068,3020,756,737,770
17/10/2019 4:30,2318,2304,2212,3092,3091,3022,774,787,810
17/10/2019 5:00,2329,2301,2217,3137,3139,3095,808,838,878
17/10/2019 5:30,2347,2270,2234,3270,3272,3198,923,1002,964
17/10/2019 6:00,2361,2296,2199,3511,3513,3429,1150,1217,1230
17/10/2019 6:30,2371,2306,2217,3880,3888,3728,1509,1582,1511
17/10/2019 7:00,2390,2345,2183,4335,4347,4243,1945,2002,2060
17/10/2019 7:30,2416,2359,2104,4683,4685,4667,2267,2326,2563
17/10/2019 8:00,2416,2363,2031,4886,4859,4820,2470,2496,2789
17/10/2019 8:30,2391,2335,2097,4982,4939,4867,2591,2604,2770
17/10/2019 9:00,2379,2301,2033,4994,4947,4858,2615,2646,2825
17/10/2019 9:30,2382,2205,2058,4977,4940,4854,2595,2735,2796
17/10/2019 10:00,2404,2177,2064,4947,4933,4810,2543,2756,2746
17/10/2019 10:30,2446,2193,2017,4915,4916,4787,2469,2723,2770
17/10/2019 11:00,2454,2193,1974,4888,4892,4776,2434,2699,2802
17/10/2019 11:30,2428,2073,1900,4881,4869,4751,2453,2796,2851
17/10/2019 12:00,2376,2039,1827,4889,4859,4746,2513,2820,2919
17/10/2019 12:30,2299,1953,1896,4874,4828,4797,2575,2875,2901
17/10/2019 13:00,2248,1924,1946,4835,4781,4780,2587,2857,2834
17/10/2019 13:30,2224,1954,2000,4805,4749,4705,2581,2795,2705
17/10/2019 14:00,2211,1943,1986,4792,4741,4699,2581,2798,2713
17/10/2019 14:30,2209,1927,1925,4796,4745,4671,2587,2818,2746
17/10/2019 15:00,2171,1902,1818,4818,4761,4708,2647,2859,2890
17/10/2019 15:30,2097,1580,1826,4861,4809,4763,2764,3229,2937
17/10/2019 16:00,2016,1553,1765,4928,4889,4849,2912,3336,3084
17/10/2019 16:30,1927,1600,1656,5032,5001,4969,3105,3401,3313
17/10/2019 17:00,1862,1568,1510,5156,5125,5053,3294,3557,3543
17/10/2019 17:30,1819,1586,1457,5229,5191,5107,3410,3605,3650
17/10/2019 18:00,1778,1543,1504,5256,5209,5148,3478,3666,3644
17/10/2019 18:30,1738,1483,1650,5339,5290,5284,3601,3807,3634
17/10/2019 19:00,1722,1454,1566,5459,5412,5358,3737,3958,3792
17/10/2019 19:30,1732,1491,1461,5430,5385,5276,3698,3894,3815
17/10/2019 20:00,1741,1510,1570,5244,5197,5126,3503,3687,3556
17/10/2019 20:30,1751,1450,1478,5046,4999,4970,3295,3549,3492
17/10/2019 21:00,1764,1471,1510,4860,4818,4782,3096,3347,3272
17/10/2019 21:30,1782,1505,1552,4634,4595,4542,2852,3090,2990
17/10/2019 22:00,1791,1503,1632,4368,4328,4304,2577,2825,2672
17/10/2019 22:30,1789,1603,1580,4102,4062,4034,2313,2459,2454
17/10/2019 23:00,1602,1631,1519,3821,3820,3772,2219,2189,2253
17/10/2019 23:30,1600,1672,1412,3642,3648,3570,2042,1976,2158
18/10/2019 0:00,1591,1679,1442,3525,3530,3470,1934,1851,2028
18/10/2019 0:30,1574,1610,1421,3421,3427,3397,1847,1817,1976
18/10/2019 1:00,1523,1580,1553,3322,3328,3294,1799,1748,1741
18/10/2019 1:30,1438,1612,1572,3239,3246,3213,1801,1634,1641
18/10/2019 2:00,1414,1581,1489,3174,3178,3179,1760,1597,1690
18/10/2019 2:30,1450,1483,1370,3127,3131,3133,1677,1648,1763
18/10/2019 3:00,1468,1431,1236,3100,3102,3095,1632,1671,1859
18/10/2019 3:30,1470,1291,1144,3091,3093,3095,1621,1802,1951
18/10/2019 4:00,1438,1260,1183,3098,3098,3108,1660,1838,1925
18/10/2019 4:30,1373,1137,1072,3118,3118,3131,1745,1981,2059
18/10/2019 5:00,1335,1083,978,3162,3164,3192,1827,2081,2214
18/10/2019 5:30,1323,1147,988,3286,3288,3293,1963,2141,2305
18/10/2019 6:00,1311,1156,944,3510,3510,3523,2199,2354,2579
18/10/2019 6:30,1300,1145,981,3861,3866,3821,2561,2721,2840
18/10/2019 7:00,1289,1146,1060,4299,4309,4322,3010,3163,3262
18/10/2019 7:30,1276,1031,984,4636,4636,4789,3360,3605,3805
18/10/2019 8:00,1245,990,886,4837,4811,4912,3592,3821,4026
18/10/2019 8:30,1196,917,795,4952,4914,4944,3756,3997,4149
18/10/2019 9:00,1136,842,733,5002,4962,4976,3866,4120,4243
18/10/2019 9:30,1067,826,651,5015,4965,5016,3948,4139,4365
18/10/2019 10:00,1006,773,574,5001,4938,4992,3995,4165,4418
18/10/2019 10:30,954,754,600,4977,4911,4890,4023,4157,4290
18/10/2019 11:00,909,717,663,4950,4897,4888,4041,4180,4225
18/10/2019 11:30,871,666,719,4933,4882,4913,4062,4216,4194
18/10/2019 12:00,863,666,840,4923,4883,4967,4060,4217,4127
18/10/2019 12:30,884,623,880,4890,4860,4956,4006,4237,4076
18/10/2019 13:00,897,642,909,4834,4821,4895,3937,4179,3986
18/10/2019 13:30,902,637,978,4784,4775,4812,3882,4138,3834
18/10/2019 14:00,909,676,990,4748,4736,4805,3839,4060,3815
18/10/2019 14:30,918,775,948,4729,4715,4778,3811,3940,3830
18/10/2019 15:00,931,814,921,4728,4718,4784,3797,3904,3863
18/10/2019 15:30,947,908,921,4755,4748,4823,3808,3840,3902
18/10/2019 16:00,962,906,908,4812,4806,4850,3850,3900,3942
18/10/2019 16:30,977,900,915,4903,4891,4923,3926,3991,4008
18/10/2019 17:00,983,869,828,5012,4995,5013,4029,4126,4185
18/10/2019 17:30,980,852,741,5087,5066,5101,4107,4214,4360
18/10/2019 18:00,971,822,739,5132,5112,5138,4161,4290,4399
18/10/2019 18:30,958,803,781,5220,5196,5275,4262,4393,4494
18/10/2019 19:00,937,808,738,5328,5301,5337,4391,4493,4599
18/10/2019 19:30,908,820,715,5292,5263,5210,4384,4443,4495
18/10/2019 20:00,891,821,692,5105,5081,5050,4214,4260,4358
18/10/2019 20:30,887,778,710,4910,4884,4881,4023,4106,4171
18/10/2019 21:00,877,766,717,4731,4703,4712,3854,3937,3995
18/10/2019 21:30,861,734,624,4519,4488,4482,3658,3754,3858
18/10/2019 22:00,846,724,651,4271,4243,4261,3425,3519,3610
18/10/2019 22:30,833,712,589,4033,4006,4039,3200,3294,3450
18/10/2019 23:00,658,718,589,3803,3802,3849,3145,3084,3260
18/10/2019 23:30,654,697,575,3645,3646,3668,2991,2949,3093
19/10/2019 0:00,659,721,605,3531,3533,3538,2872,2812,2933
19/10/2019 0:30,675,759,633,3421,3425,3447,2746,2666,2814
19/10/2019 1:00,691,757,662,3310,3314,3327,2619,2557,2665
19/10/2019 1:30,709,722,640,3214,3219,3235,2505,2497,2595
19/10/2019 2:00,719,714,592,3136,3142,3158,2417,2428,2566
19/10/2019 2:30,722,707,549,3076,3082,3110,2354,2375,2561
19/10/2019 3:00,724,715,600,3033,3039,3055,2309,2324,2455
19/10/2019 3:30,726,675,589,3012,3018,3014,2286,2343,2425
19/10/2019 4:00,736,658,627,3011,3017,2992,2275,2359,2365
19/10/2019 4:30,753,638,666,3024,3032,2991,2271,2394,2325
19/10/2019 5:00,782,651,658,3053,3063,3018,2271,2412,2360
19/10/2019 5:30,823,661,671,3108,3120,3043,2285,2459,2372
19/10/2019 6:00,868,699,724,3202,3213,3145,2334,2514,2421
19/10/2019 6:30,918,696,747,3379,3394,3268,2461,2698,2521
19/10/2019 7:00,949,742,797,3622,3642,3478,2673,2900,2681
19/10/2019 7:30,960,866,869,3833,3844,3726,2873,2978,2857
19/10/2019 8:00,986,923,978,3998,3984,3928,3012,3061,2950
19/10/2019 8:30,1029,993,1079,4163,4142,4156,3134,3149,3077
19/10/2019 9:00,1045,1022,1121,4328,4308,4339,3283,3286,3218
19/10/2019 9:30,1035,1153,1186,4435,4417,4453,3400,3264,3267
19/10/2019 10:00,1050,1175,1210,4479,4462,4547,3429,3287,3337
19/10/2019 10:30,1090,1195,1253,4491,4488,4647,3401,3293,3394
19/10/2019 11:00,1123,1221,1344,4486,4511,4676,3363,3290,3332
19/10/2019 11:30,1149,1243,1371,4490,4525,4585,3341,3282,3214
19/10/2019 12:00,1188,1261,1406,4501,4555,4618,3313,3294,3212
19/10/2019 12:30,1242,1284,1502,4487,4541,4599,3245,3257,3097
19/10/2019 13:00,1285,1314,1521,4442,4486,4483,3157,3172,2962
19/10/2019 13:30,1316,1377,1540,4381,4422,4430,3065,3045,2890
19/10/2019 14:00,1339,1423,1605,4315,4364,4329,2976,2941,2724
19/10/2019 14:30,1352,1524,1576,4277,4332,4231,2925,2808,2655
19/10/2019 15:00,1367,1555,1639,4272,4333,4178,2905,2778,2539
19/10/2019 15:30,1384,1582,1724,4296,4352,4157,2912,2770,2433
19/10/2019 16:00,1407,1617,1699,4348,4391,4216,2941,2774,2517
19/10/2019 16:30,1437,1693,1655,4428,4460,4302,2991,2767,2647
19/10/2019 17:00,1451,1686,1640,4528,4554,4444,3077,2868,2804
19/10/2019 17:30,1449,1620,1657,4616,4648,4579,3167,3028,2922
19/10/2019 18:00,1461,1578,1625,4690,4737,4676,3229,3159,3051
19/10/2019 18:30,1490,1566,1562,4781,4819,4821,3291,3253,3259
19/10/2019 19:00,1523,1589,1567,4866,4873,4879,3343,3284,3312
19/10/2019 19:30,1562,1656,1628,4826,4819,4765,3264,3163,3137
19/10/2019 20:00,1582,1697,1701,4661,4657,4603,3079,2960,2902
19/10/2019 20:30,1583,1703,1831,4494,4491,4484,2911,2788,2653
19/10/2019 21:00,1580,1734,1842,4347,4345,4324,2767,2611,2482
19/10/2019 21:30,1573,1780,1827,4170,4173,4142,2597,2393,2315
19/10/2019 22:00,1560,1777,1837,3963,3975,4006,2403,2198,2169
19/10/2019 22:30,1541,1721,1842,3762,3777,3805,2221,2056,1963
19/10/2019 23:00,1547,1678,1824,3607,3605,3658,2060,1927,1834
19/10/2019 23:30,1517,1656,1729,3500,3492,3491,1983,1836,1762
20/10/2019 0:00,1519,1626,1694,3450,3443,3410,1931,1817,1716
20/10/2019 0:30,1553,1655,1639,3365,3360,3321,1812,1705,1682
20/10/2019 1:00,1576,1640,1552,3237,3234,3252,1661,1594,1700
20/10/2019 1:30,1588,1596,1600,3124,3124,3182,1536,1528,1582
20/10/2019 2:00,1598,1602,1616,3039,3041,3096,1441,1439,1480
20/10/2019 2:30,1607,1686,1611,2972,2976,3058,1365,1290,1447
20/10/2019 3:00,1624,1700,1560,2923,2927,2996,1299,1227,1436
20/10/2019 3:30,1648,1670,1506,2893,2898,2947,1245,1228,1441
20/10/2019 4:00,1679,1681,1440,2881,2884,2903,1202,1203,1463
20/10/2019 4:30,1716,1592,1522,2879,2881,2875,1163,1289,1353
20/10/2019 5:00,1750,1613,1719,2890,2891,2922,1140,1278,1203
20/10/2019 5:30,1782,1674,1801,2923,2923,2969,1141,1249,1168
20/10/2019 6:00,1793,1697,1767,2981,2982,3040,1188,1285,1273
20/10/2019 6:30,1783,1691,1822,3063,3061,3123,1280,1370,1301
20/10/2019 7:00,1754,1709,1856,3169,3162,3221,1415,1453,1365
20/10/2019 7:30,1705,1699,1941,3301,3299,3357,1596,1600,1416
20/10/2019 8:00,1677,1713,1896,3461,3472,3472,1784,1759,1576
20/10/2019 8:30,1668,1784,1898,3654,3672,3676,1986,1888,1778
20/10/2019 9:00,1638,1729,1774,3864,3883,3865,2226,2154,2091
20/10/2019 9:30,1586,1683,1684,4016,4043,3987,2430,2360,2303
20/10/2019 10:00,1567,1651,1616,4103,4145,4133,2536,2494,2517
20/10/2019 10:30,1581,1639,1705,4171,4225,4242,2590,2586,2537
20/10/2019 11:00,1650,1697,1713,4232,4295,4292,2582,2598,2579
20/10/2019 11:30,1774,1892,1735,4290,4332,4266,2516,2440,2531
20/10/2019 12:00,1879,1979,1862,4336,4352,4309,2457,2373,2447
20/10/2019 12:30,1964,2008,2010,4339,4335,4405,2375,2327,2395
20/10/2019 13:00,2011,2060,1969,4298,4283,4372,2287,2223,2403
20/10/2019 13:30,2020,2069,2067,4248,4214,4306,2228,2145,2239
20/10/2019 14:00,2008,2095,2153,4200,4140,4248,2192,2045,2095
20/10/2019 14:30,1978,2123,2151,4174,4089,4189,2196,1966,2038
20/10/2019 15:00,1929,2109,2114,4174,4073,4144,2245,1964,2030
20/10/2019 15:30,1861,2060,1976,4200,4098,4096,2339,2038,2120
20/10/2019 16:00,1770,1947,1936,4252,4166,4175,2482,2219,2239
20/10/2019 16:30,1654,1746,1832,4337,4262,4285,2683,2516,2453
20/10/2019 17:00,1551,1610,1689,4449,4386,4380,2898,2776,2691
20/10/2019 17:30,1459,1547,1578,4572,4518,4517,3113,2971,2939
20/10/2019 18:00,1369,1449,1502,4691,4651,4602,3322,3202,3100
20/10/2019 18:30,1282,1358,1464,4778,4747,4833,3496,3389,3369
20/10/2019 19:00,1216,1302,1331,4814,4789,4926,3598,3487,3595
20/10/2019 19:30,1172,1282,1285,4755,4736,4857,3583,3454,3572
20/10/2019 20:00,1139,1250,1210,4612,4594,4746,3473,3344,3536
20/10/2019 20:30,1117,1213,1149,4468,4451,4604,3351,3238,3455
20/10/2019 21:00,1088,1165,1118,4333,4319,4448,3245,3154,3330
20/10/2019 21:30,1052,1107,1126,4165,4160,4243,3113,3053,3117
20/10/2019 22:00,1007,1060,1090,3964,3972,4026,2957,2912,2936
20/10/2019 22:30,953,1024,1027,3775,3788,3792,2822,2764,2765
20/10/2019 23:00,1009,987,949,3619,3620,3566,2610,2633,2617
20/10/2019 23:30,979,883,862,3470,3462,3399,2491,2579,2537
21/10/2019 0:00,949,849,845,3345,3335,3327,2396,2486,2482
21/10/2019 0:30,922,821,809,3248,3236,3253,2326,2415,2444
21/10/2019 1:00,890,791,789,3176,3166,3175,2286,2375,2386
21/10/2019 1:30,854,770,786,3116,3108,3125,2262,2338,2339
21/10/2019 2:00,812,731,788,3066,3061,3088,2254,2330,2300
21/10/2019 2:30,764,709,751,3031,3029,3065,2267,2320,2314
21/10/2019 3:00,720,675,653,3009,3008,3024,2289,2333,2371
21/10/2019 3:30,683,620,569,2994,2995,2999,2311,2375,2430
21/10/2019 4:00,649,587,539,2988,2986,3004,2339,2399,2465
21/10/2019 4:30,620,558,509,3007,3006,3021,2387,2448,2512
21/10/2019 5:00,583,520,473,3066,3069,3110,2483,2549,2637
21/10/2019 5:30,538,497,451,3219,3225,3204,2681,2728,2753
21/10/2019 6:00,489,438,409,3481,3492,3468,2992,3054,3059
21/10/2019 6:30,437,359,362,3865,3880,3789,3428,3521,3427
21/10/2019 7:00,394,305,324,4328,4344,4308,3934,4039,3984
21/10/2019 7:30,360,230,286,4681,4701,4793,4321,4471,4507
21/10/2019 8:00,323,196,234,4891,4911,5012,4568,4715,4778
21/10/2019 8:30,283,152,192,5018,5027,5076,4735,4875,4884
21/10/2019 9:00,238,128,151,5081,5068,5123,4843,4940,4972
21/10/2019 9:30,187,97,116,5102,5083,5172,4915,4986,5056
21/10/2019 10:00,147,78,76,5090,5082,5138,4943,5004,5062
21/10/2019 10:30,116,62,50,5068,5059,5131,4952,4997,5081
21/10/2019 11:00,97,52,0,5043,5023,5110,4946,4971,5110
21/10/2019 11:30,88,47,0,5031,5010,5069,4943,4963,5069
21/10/2019 12:00,85,62,0,5025,5013,5050,4940,4951,5050
21/10/2019 12:30,86,54,0,4993,4990,5042,4907,4936,5042
21/10/2019 13:00,89,61,0,4936,4939,4988,4847,4878,4988
21/10/2019 13:30,92,59,0,4888,4896,4887,4796,4837,4887
21/10/2019 14:00,98,72,67,4858,4871,4891,4760,4799,4824
21/10/2019 14:30,106,77,85,4842,4856,4862,4736,4779,4777
21/10/2019 15:00,115,93,112,4845,4857,4869,4730,4764,4757
21/10/2019 15:30,125,120,147,4893,4895,4914,4768,4775,4767
21/10/2019 16:00,132,132,183,4988,4973,4997,4856,4841,4814
21/10/2019 16:30,136,134,217,5105,5078,5134,4969,4944,4917
21/10/2019 17:00,140,145,242,5232,5198,5233,5092,5053,4991
21/10/2019 17:30,147,167,251,5340,5288,5321,5193,5121,5070
21/10/2019 18:00,156,192,242,5424,5355,5363,5268,5163,5121
21/10/2019 18:30,169,224,286,5495,5459,5558,5326,5235,5272
21/10/2019 19:00,185,257,298,5533,5576,5637,5348,5319,5339
21/10/2019 19:30,204,321,291,5459,5545,5517,5255,5224,5226
21/10/2019 20:00,231,361,335,5278,5356,5325,5047,4995,4990
21/10/2019 20:30,268,430,394,5085,5148,5154,4817,4718,4760
21/10/2019 21:00,312,482,458,4897,4945,4944,4585,4463,4486
21/10/2019 21:30,362,529,521,4672,4701,4693,4310,4172,4172
21/10/2019 22:00,409,592,518,4411,4415,4432,4002,3823,3914
21/10/2019 22:30,454,647,512,4156,4130,4129,3702,3483,3617
21/10/2019 23:00,674,704,569,3872,3872,3849,3198,3168,3280
21/10/2019 23:30,715,749,681,3678,3675,3627,2963,2926,2946
22/10/2019 0:00,752,804,791,3549,3548,3520,2797,2744,2729
22/10/2019 0:30,786,875,889,3445,3443,3447,2659,2568,2558
22/10/2019 1:00,823,926,990,3357,3356,3376,2534,2430,2386
22/10/2019 1:30,862,954,967,3288,3289,3280,2426,2335,2313
22/10/2019 2:00,889,987,962,3236,3237,3236,2347,2250,2274
22/10/2019 2:30,905,949,957,3191,3194,3209,2286,2245,2252
22/10/2019 3:00,921,968,980,3153,3155,3174,2232,2187,2194
22/10/2019 3:30,939,973,1008,3137,3141,3156,2198,2168,2148
22/10/2019 4:00,955,992,1005,3145,3146,3143,2190,2154,2138
22/10/2019 4:30,969,937,1028,3171,3172,3164,2202,2235,2136
22/10/2019 5:00,983,966,1029,3226,3229,3227,2243,2263,2198
22/10/2019 5:30,997,1015,1056,3361,3365,3314,2364,2350,2258
22/10/2019 6:00,1022,1054,1057,3597,3600,3529,2575,2546,2472
22/10/2019 6:30,1057,1112,1084,3973,3982,3854,2916,2870,2770
22/10/2019 7:00,1092,1174,1125,4446,4458,4358,3354,3284,3233
22/10/2019 7:30,1125,1268,1242,4797,4806,4813,3672,3538,3571
22/10/2019 8:00,1161,1320,1273,4990,4986,5039,3829,3666,3766
22/10/2019 8:30,1197,1345,1259,5097,5090,5065,3900,3745,3806
22/10/2019 9:00,1220,1366,1301,5143,5137,5092,3923,3771,3791
22/10/2019 9:30,1229,1271,1319,5162,5157,5127,3933,3886,3808
22/10/2019 10:00,1234,1271,1315,5160,5156,5094,3926,3885,3779
22/10/2019 10:30,1236,1287,1323,5133,5143,5077,3897,3856,3754
22/10/2019 11:00,1263,1293,1318,5093,5121,5062,3830,3828,3744
22/10/2019 11:30,1315,1315,1311,5085,5103,5029,3770,3788,3718
22/10/2019 12:00,1386,1355,1301,5105,5105,5059,3719,3750,3758
22/10/2019 12:30,1474,1404,1268,5092,5078,5046,3618,3674,3778
22/10/2019 13:00,1549,1471,1355,5041,5023,4981,3492,3552,3626
22/10/2019 13:30,1609,1565,1412,4997,4979,4879,3388,3414,3467
22/10/2019 14:00,1665,1622,1500,4970,4953,4864,3305,3331,3364
22/10/2019 14:30,1718,1652,1520,4956,4942,4850,3238,3290,3330
22/10/2019 15:00,1737,1654,1643,4960,4952,4877,3223,3298,3234
22/10/2019 15:30,1725,1610,1808,5004,5008,4945,3279,3398,3137
22/10/2019 16:00,1711,1590,1818,5090,5106,5039,3379,3516,3221
22/10/2019 16:30,1698,1563,1818,5195,5215,5191,3497,3652,3373
22/10/2019 17:00,1701,1573,1815,5312,5327,5289,3611,3754,3474
22/10/2019 17:30,1721,1617,1841,5429,5450,5393,3708,3833,3552
22/10/2019 18:00,1746,1662,1870,5537,5566,5444,3791,3904,3574
22/10/2019 18:30,1775,1715,1920,5604,5626,5576,3829,3911,3656
22/10/2019 19:00,1824,1743,2014,5613,5612,5581,3789,3869,3567
22/10/2019 19:30,1890,1836,1982,5529,5511,5433,3639,3675,3451
22/10/2019 20:00,1948,1862,2010,5358,5329,5289,3410,3467,3279
22/10/2019 20:30,1997,1936,2033,5166,5134,5141,3169,3198,3108
22/10/2019 21:00,2047,1967,2071,4964,4936,4933,2917,2969,2862
22/10/2019 21:30,2098,2043,2187,4723,4700,4711,2625,2657,2524
22/10/2019 22:00,2147,2068,2233,4447,4428,4456,2300,2360,2223
22/10/2019 22:30,2192,2115,2274,4172,4155,4169,1980,2040,1895
22/10/2019 23:00,2106,2132,2113,3904,3902,3866,1798,1770,1753
22/10/2019 23:30,2144,2152,2091,3708,3711,3631,1564,1559,1540
23/10/2019 0:00,2173,2179,2089,3571,3574,3508,1398,1395,1419
23/10/2019 0:30,2192,2221,2168,3461,3463,3445,1269,1242,1277
23/10/2019 1:00,2200,2246,2286,3370,3371,3393,1170,1125,1107
23/10/2019 1:30,2197,2298,2294,3296,3298,3323,1099,1000,1029
23/10/2019 2:00,2208,2304,2243,3238,3239,3269,1030,935,1026
23/10/2019 2:30,2233,2344,2214,3194,3196,3219,961,852,1005
23/10/2019 3:00,2259,2331,2174,3165,3166,3183,906,835,1009
23/10/2019 3:30,2285,2238,2143,3153,3156,3151,868,918,1008
23/10/2019 4:00,2302,2267,2130,3158,3159,3137,856,892,1007
23/10/2019 4:30,2309,2311,2175,3178,3181,3153,869,870,978
23/10/2019 5:00,2332,2357,2183,3225,3229,3189,893,872,1006
23/10/2019 5:30,2372,2407,2194,3350,3353,3259,978,946,1065
23/10/2019 6:00,2429,2473,2423,3576,3578,3518,1147,1105,1095
23/10/2019 6:30,2503,2538,2596,3944,3949,3850,1441,1411,1254
23/10/2019 7:00,2588,2639,2864,4411,4421,4408,1823,1782,1544
23/10/2019 7:30,2683,2737,3004,4763,4770,4890,2080,2033,1886
23/10/2019 8:00,2765,2846,2979,4962,4956,5094,2197,2110,2115
23/10/2019 8:30,2835,2903,3015,5068,5049,5110,2233,2146,2095
23/10/2019 9:00,2900,2968,3084,5105,5071,5103,2205,2103,2019
23/10/2019 9:30,2961,3145,3170,5120,5074,5127,2159,1929,1957
23/10/2019 10:00,3020,3171,3243,5124,5068,5088,2104,1897,1845
23/10/2019 10:30,3078,3256,3232,5113,5054,5076,2035,1798,1844
23/10/2019 11:00,3138,3267,3373,5090,5040,5076,1952,1773,1703
23/10/2019 11:30,3201,3252,3324,5080,5039,5064,1879,1787,1740
23/10/2019 12:00,3243,3268,3298,5080,5046,5057,1837,1778,1759
23/10/2019 12:30,3263,3246,3297,5063,5023,5085,1800,1777,1788
23/10/2019 13:00,3276,3248,3205,5029,4976,5058,1753,1728,1853
23/10/2019 13:30,3283,3255,3178,5014,4945,4973,1731,1690,1795
23/10/2019 14:00,3279,3236,3255,5021,4940,4995,1742,1704,1740
23/10/2019 14:30,3262,3253,3156,5027,4950,4975,1765,1697,1819
23/10/2019 15:00,3228,3193,3009,5037,4979,4992,1809,1786,1983
23/10/2019 15:30,3175,3093,2986,5093,5034,5078,1918,1941,2092
23/10/2019 16:00,3085,2992,2906,5199,5124,5153,2114,2132,2247
23/10/2019 16:30,2959,2937,2855,5333,5259,5313,2374,2322,2458
23/10/2019 17:00,2816,2781,2676,5482,5427,5426,2666,2646,2750
23/10/2019 17:30,2657,2597,2582,5609,5556,5494,2952,2959,2912
23/10/2019 18:00,2513,2421,2490,5693,5627,5480,3180,3206,2990
23/10/2019 18:30,2383,2171,2342,5693,5625,5586,3310,3454,3244
23/10/2019 19:00,2251,2040,2189,5606,5553,5545,3355,3513,3356
23/10/2019 19:30,2119,1896,2021,5475,5434,5394,3356,3538,3373
23/10/2019 20:00,1979,1783,1860,5313,5282,5220,3334,3499,3360
23/10/2019 20:30,1832,1682,1788,5136,5101,5062,3304,3419,3274
23/10/2019 21:00,1715,1612,1778,4943,4915,4909,3228,3303,3131
23/10/2019 21:30,1630,1583,1702,4710,4687,4651,3080,3104,2949
23/10/2019 22:00,1563,1550,1635,4441,4422,4359,2878,2872,2724
23/10/2019 22:30,1517,1565,1596,4176,4159,4100,2659,2594,2504
23/10/2019 23:00,1431,1548,1544,3909,3917,3812,2478,2369,2268
23/10/2019 23:30,1373,1534,1577,3705,3710,3626,2332,2176,2049
24/10/2019 0:00,1328,1493,1567,3547,3546,3533,2219,2053,1966
24/10/2019 0:30,1294,1475,1460,3437,3431,3430,2143,1956,1970
24/10/2019 1:00,1258,1434,1436,3365,3361,3341,2107,1927,1905
24/10/2019 1:30,1219,1393,1442,3300,3299,3267,2081,1906,1825
24/10/2019 2:00,1191,1379,1516,3237,3234,3226,2046,1855,1710
24/10/2019 2:30,1175,1397,1555,3187,3186,3174,2012,1789,1619
24/10/2019 3:00,1174,1387,1570,3154,3149,3120,1980,1762,1550
24/10/2019 3:30,1189,1398,1606,3138,3133,3112,1949,1735,1506
24/10/2019 4:00,1197,1376,1649,3137,3130,3122,1940,1754,1473
24/10/2019 4:30,1201,1345,1615,3146,3144,3160,1945,1799,1545
24/10/2019 5:00,1234,1338,1436,3181,3185,3223,1947,1847,1787
24/10/2019 5:30,1297,1358,1360,3314,3319,3302,2017,1961,1942
24/10/2019 6:00,1333,1352,1305,3564,3567,3536,2231,2215,2231
24/10/2019 6:30,1339,1394,1259,3941,3947,3825,2602,2553,2566
24/10/2019 7:00,1348,1407,1268,4400,4411,4343,3052,3004,3075
24/10/2019 7:30,1357,1463,1247,4747,4753,4793,3390,3290,3546
24/10/2019 8:00,1351,1432,1263,4947,4934,4980,3596,3502,3717
24/10/2019 8:30,1328,1322,1220,5051,5031,4980,3723,3709,3760
24/10/2019 9:00,1318,1253,1154,5081,5062,4972,3763,3809,3818
24/10/2019 9:30,1320,1278,1003,5069,5057,4996,3749,3779,3993
24/10/2019 10:00,1319,1170,858,5033,5029,4964,3714,3859,4106
24/10/2019 10:30,1316,957,767,4997,5001,4947,3681,4044,4180
24/10/2019 11:00,1335,879,731,4972,4980,4932,3637,4101,4201
24/10/2019 11:30,1374,852,732,4964,4971,4931,3590,4119,4199
24/10/2019 12:00,1420,840,729,4967,4976,4909,3547,4136,4180
24/10/2019 12:30,1473,779,792,4939,4954,4931,3466,4175,4139
24/10/2019 13:00,1523,780,813,4881,4906,4887,3358,4126,4074
24/10/2019 13:30,1569,779,776,4836,4864,4811,3267,4085,4035
24/10/2019 14:00,1608,797,744,4815,4835,4817,3207,4038,4073
24/10/2019 14:30,1639,802,765,4813,4828,4822,3174,4026,4057
24/10/2019 15:00,1629,799,882,4834,4848,4836,3205,4049,3954
24/10/2019 15:30,1578,764,825,4885,4897,4869,3307,4133,4044
24/10/2019 16:00,1529,733,829,4963,4982,4974,3434,4249,4145
24/10/2019 16:30,1482,730,754,5060,5071,5093,3578,4341,4339
24/10/2019 17:00,1425,671,677,5170,5159,5224,3745,4488,4547
24/10/2019 17:30,1358,579,620,5287,5271,5305,3929,4692,4685
24/10/2019 18:00,1308,509,611,5402,5396,5354,4094,4887,4743
24/10/2019 18:30,1274,472,565,5494,5490,5564,4220,5018,4999
24/10/2019 19:00,1221,414,527,5539,5531,5586,4318,5117,5059
24/10/2019 19:30,1150,371,421,5473,5456,5499,4323,5085,5078
24/10/2019 20:00,1078,332,369,5302,5278,5368,4224,4946,4999
24/10/2019 20:30,1005,289,319,5119,5095,5221,4114,4806,4902
24/10/2019 21:00,945,255,258,4937,4923,5055,3992,4668,4797
24/10/2019 21:30,897,298,196,4713,4701,4809,3816,4403,4613
24/10/2019 22:00,844,257,153,4448,4435,4546,3604,4178,4393
24/10/2019 22:30,785,206,102,4193,4184,4278,3408,3978,4176
24/10/2019 23:00,143,138,41,3966,3945,4020,3823,3807,3979
24/10/2019 23:30,134,116,0,3790,3767,3802,3656,3651,3802
25/10/2019 0:00,133,92,0,3653,3639,3688,3520,3547,3688
25/10/2019 0:30,140,86,0,3540,3525,3607,3400,3439,3607
25/10/2019 1:00,158,73,0,3446,3436,3512,3288,3363,3512
25/10/2019 1:30,187,75,0,3370,3360,3432,3183,3285,3432
25/10/2019 2:00,229,105,87,3308,3301,3373,3079,3196,3286
25/10/2019 2:30,284,124,101,3259,3251,3325,2975,3127,3224
25/10/2019 3:00,327,98,127,3223,3213,3279,2896,3115,3152
25/10/2019 3:30,360,127,142,3210,3200,3253,2850,3073,3111
25/10/2019 4:00,387,152,172,3221,3211,3240,2834,3059,3068
25/10/2019 4:30,409,173,238,3247,3237,3256,2838,3064,3018
25/10/2019 5:00,428,199,274,3298,3291,3316,2870,3092,3042
25/10/2019 5:30,446,223,263,3417,3412,3398,2971,3189,3135
25/10/2019 6:00,452,253,247,3628,3625,3650,3176,3372,3403
25/10/2019 6:30,447,267,276,3985,3985,3946,3538,3718,3670
25/10/2019 7:00,438,239,270,4443,4445,4429,4005,4206,4159
25/10/2019 7:30,427,242,250,4769,4776,4909,4342,4534,4659
25/10/2019 8:00,403,288,235,4931,4939,5203,4528,4651,4968
25/10/2019 8:30,368,291,214,5040,5045,5253,4672,4754,5039
25/10/2019 9:00,340,258,200,5122,5107,5313,4782,4849,5113
25/10/2019 9:30,318,241,196,5168,5138,5381,4850,4897,5185
25/10/2019 10:00,302,231,175,5184,5150,5366,4882,4919,5191
25/10/2019 10:30,290,218,139,5197,5163,5381,4907,4945,5242
25/10/2019 11:00,279,182,129,5213,5196,5388,4934,5014,5259
25/10/2019 11:30,269,196,135,5229,5203,5373,4960,5007,5238
25/10/2019 12:00,276,193,161,5239,5210,5381,4963,5017,5220
25/10/2019 12:30,300,190,170,5222,5185,5391,4922,4995,5221
25/10/2019 13:00,326,175,131,5181,5150,5337,4855,4975,5206
25/10/2019 13:30,355,157,117,5141,5112,5261,4786,4955,5144
25/10/2019 14:00,372,127,128,5111,5091,5230,4739,4964,5102
25/10/2019 14:30,377,117,138,5097,5071,5207,4720,4954,5069
25/10/2019 15:00,373,119,130,5102,5073,5192,4729,4954,5062
25/10/2019 15:30,358,130,119,5142,5112,5211,4784,4982,5092
25/10/2019 16:00,346,112,109,5219,5204,5247,4873,5092,5138
25/10/2019 16:30,339,117,97,5320,5330,5340,4981,5213,5243
25/10/2019 17:00,332,118,97,5437,5485,5419,5105,5367,5322
25/10/2019 17:30,326,116,100,5543,5599,5492,5217,5483,5392
25/10/2019 18:00,323,127,105,5619,5660,5566,5296,5533,5461
25/10/2019 18:30,321,126,111,5618,5641,5658,5297,5515,5547
25/10/2019 19:00,317,136,107,5538,5554,5558,5221,5418,5451
25/10/2019 19:30,311,139,132,5408,5432,5427,5097,5293,5295
25/10/2019 20:00,312,124,158,5244,5289,5224,4932,5165,5066
25/10/2019 20:30,320,118,137,5071,5116,5073,4751,4998,4936
25/10/2019 21:00,331,121,119,4887,4914,4910,4556,4793,4791
25/10/2019 21:30,346,117,105,4663,4685,4708,4317,4568,4603
25/10/2019 22:00,356,117,108,4409,4430,4475,4053,4313,4367
25/10/2019 22:30,361,126,109,4193,4205,4251,3832,4079,4142
25/10/2019 23:00,164,154,107,4022,4025,4057,3858,3871,3950
25/10/2019 23:30,167,160,114,3873,3876,3876,3706,3716,3762
26/10/2019 0:00,171,161,152,3750,3751,3774,3579,3590,3622
26/10/2019 0:30,174,183,151,3629,3629,3679,3455,3446,3528
26/10/2019 1:00,184,199,137,3506,3506,3556,3322,3307,3419
26/10/2019 1:30,202,216,166,3397,3399,3463,3195,3183,3297
26/10/2019 2:00,216,199,176,3304,3304,3379,3088,3105,3203
26/10/2019 2:30,225,215,201,3233,3235,3318,3008,3020,3117
26/10/2019 3:00,231,205,196,3184,3183,3269,2953,2978,3073
26/10/2019 3:30,233,217,239,3152,3153,3234,2919,2936,2995
26/10/2019 4:00,238,236,285,3136,3137,3214,2898,2901,2929
26/10/2019 4:30,243,245,284,3143,3145,3210,2900,2900,2926
26/10/2019 5:00,250,234,322,3173,3178,3238,2923,2944,2916
26/10/2019 5:30,260,233,329,3225,3231,3272,2965,2998,2943
26/10/2019 6:00,272,250,311,3312,3319,3370,3040,3069,3059
26/10/2019 6:30,286,259,288,3486,3495,3495,3200,3236,3207
26/10/2019 7:00,312,285,267,3732,3741,3677,3420,3456,3410
26/10/2019 7:30,348,298,269,3937,3950,3911,3589,3652,3642
26/10/2019 8:00,383,329,292,4090,4099,4150,3707,3770,3858
26/10/2019 8:30,417,348,300,4255,4268,4368,3838,3920,4068
26/10/2019 9:00,449,371,324,4434,4444,4556,3985,4073,4232
26/10/2019 9:30,480,393,342,4565,4579,4652,4085,4186,4310
26/10/2019 10:00,511,433,376,4636,4658,4765,4125,4225,4389
26/10/2019 10:30,544,461,357,4665,4695,4702,4121,4234,4345
26/10/2019 11:00,625,493,342,4660,4682,4721,4035,4189,4379
26/10/2019 11:30,755,536,436,4647,4677,4741,3892,4141,4305
26/10/2019 12:00,916,604,559,4629,4670,4676,3713,4066,4117
26/10/2019 12:30,1107,735,736,4591,4632,4594,3484,3897,3858
26/10/2019 13:00,1303,878,1027,4533,4566,4518,3230,3688,3491
26/10/2019 13:30,1506,1061,1296,4466,4486,4406,2960,3425,3110
26/10/2019 14:00,1668,1206,1472,4401,4408,4300,2733,3202,2828
26/10/2019 14:30,1791,1412,1784,4360,4357,4270,2569,2945,2486
26/10/2019 15:00,1847,1461,1886,4352,4346,4287,2505,2885,2401
26/10/2019 15:30,1835,1537,1863,4381,4375,4260,2546,2838,2397
26/10/2019 16:00,1793,1694,1982,4446,4443,4280,2653,2749,2298
26/10/2019 16:30,1720,1733,1969,4535,4525,4386,2815,2792,2417
26/10/2019 17:00,1649,1855,1837,4644,4618,4553,2995,2763,2716
26/10/2019 17:30,1579,1840,1832,4784,4754,4689,3205,2914,2857
26/10/2019 18:00,1529,1905,1835,4937,4912,4778,3408,3007,2943
26/10/2019 18:30,1500,1850,1799,5031,5014,5015,3531,3164,3216
26/10/2019 19:00,1476,1760,1666,5047,5033,4987,3571,3273,3321
26/10/2019 19:30,1457,1707,1626,4977,4957,4864,3520,3250,3238
26/10/2019 20:00,1433,1616,1693,4833,4791,4699,3400,3175,3006
26/10/2019 20:30,1404,1577,1625,4676,4633,4575,3272,3056,2950
26/10/2019 21:00,1383,1607,1531,4513,4487,4396,3130,2880,2865
26/10/2019 21:30,1369,1596,1532,4324,4313,4223,2955,2717,2691
26/10/2019 22:00,1347,1557,1505,4115,4106,4064,2768,2549,2559
26/10/2019 22:30,1316,1521,1414,3928,3919,3885,2612,2398,2471
26/10/2019 23:00,1391,1501,1316,3770,3771,3722,2379,2270,2406
26/10/2019 23:30,1390,1435,1345,3683,3686,3592,2293,2251,2247
27/10/2019 0:00,1385,1339,1350,3638,3639,3555,2253,2300,2205
27/10/2019 0:30,1377,1338,1379,3530,3532,3492,2153,2194,2113
27/10/2019 1:00,1382,1331,1473,3372,3369,3392,1990,2038,1919
27/10/2019 1:30,1400,1320,1436,3323,3324,3280,1923,2004,1844
27/10/2019 2:00,1411,1229,1367,3207,3204,3127,1796,1975,1760
27/10/2019 2:30,1370,1181,1237,3105,3101,3077,1735,1920,1840
27/10/2019 3:00,1349,1146,1046,3061,3058,3042,1712,1912,1996
27/10/2019 3:30,1346,1114,1007,3038,3034,3026,1692,1920,2019
27/10/2019 4:00,1335,1263,984,3029,3025,3032,1694,1762,2048
27/10/2019 4:30,1316,1263,919,3038,3037,3020,1722,1774,2101
27/10/2019 5:00,1268,1228,1016,3062,3058,3034,1794,1830,2018
27/10/2019 5:30,1191,1173,1022,3080,3079,3080,1889,1906,2058
27/10/2019 6:00,1109,993,997,3098,3093,3137,1989,2100,2140
27/10/2019 6:30,1022,913,1061,3172,3173,3270,2150,2260,2209
27/10/2019 7:00,932,780,1040,3305,3305,3380,2373,2525,2340
27/10/2019 7:30,839,683,812,3460,3460,3533,2621,2777,2721
27/10/2019 8:00,762,572,723,3629,3621,3760,2867,3049,3037
27/10/2019 8:30,701,513,589,3812,3807,3971,3111,3294,3382
27/10/2019 9:00,630,458,485,4001,3995,4186,3371,3537,3701
27/10/2019 9:30,549,404,365,4153,4150,4302,3604,3746,3937
27/10/2019 10:00,519,489,312,4260,4260,4423,3741,3771,4111
27/10/2019 10:30,540,513,310,4330,4321,4395,3790,3808,4085
27/10/2019 11:00,579,543,326,4371,4351,4444,3792,3808,4118
27/10/2019 11:30,635,602,351,4408,4370,4420,3773,3768,4069
27/10/2019 12:00,666,603,397,4442,4393,4425,3776,3790,4028
27/10/2019 12:30,672,605,362,4451,4391,4420,3779,3786,4058
27/10/2019 13:00,655,546,384,4430,4371,4397,3775,3825,4013
27/10/2019 13:30,615,544,359,4374,4311,4324,3759,3767,3965
27/10/2019 14:00,569,502,348,4300,4243,4263,3731,3741,3915
27/10/2019 14:30,518,453,331,4275,4204,4204,3757,3751,3873
27/10/2019 15:00,464,337,284,4306,4223,4205,3842,3886,3921
27/10/2019 15:30,408,305,283,4345,4267,4222,3937,3962,3939
27/10/2019 16:00,372,253,233,4402,4362,4315,4030,4109,4082
27/10/2019 16:30,356,257,257,4570,4549,4449,4214,4292,4192
27/10/2019 17:00,348,253,280,4835,4817,4666,4487,4564,4386
27/10/2019 17:30,350,280,319,5047,5021,5037,4697,4741,4718
27/10/2019 18:00,357,372,404,5159,5120,5036,4802,4748,4632
27/10/2019 18:30,369,446,464,5132,5092,4939,4763,4646,4475
27/10/2019 19:00,383,503,495,4986,4955,4798,4603,4452,4303
27/10/2019 19:30,399,544,499,4844,4809,4668,4445,4265,4169
27/10/2019 20:00,412,576,512,4729,4682,4544,4317,4106,4032
27/10/2019 20:30,423,598,507,4606,4557,4428,4183,3959,3921
27/10/2019 21:00,441,627,558,4462,4420,4322,4021,3793,3764
27/10/2019 21:30,468,662,552,4279,4239,4153,3811,3577,3601
27/10/2019 22:00,486,703,633,4069,4022,4015,3583,3319,3382
27/10/2019 22:30,497,750,708,3889,3835,3871,3392,3085,3163
27/10/2019 23:00,749,788,731,3693,3693,3801,2944,2905,3070
27/10/2019 23:30,758,814,740,3594,3593,3699,2836,2779,2959
28/10/2019 0:00,775,848,774,3525,3525,3589,2750,2677,2815
28/10/2019 0:30,799,888,786,3439,3439,3481,2640,2551,2695
28/10/2019 1:00,831,924,814,3332,3332,3399,2501,2408,2585
28/10/2019 1:30,868,954,867,3238,3238,3321,2370,2284,2454
28/10/2019 2:00,903,991,886,3167,3167,3267,2264,2176,2381
28/10/2019 2:30,936,1035,866,3122,3122,3204,2186,2087,2338
28/10/2019 3:00,972,1070,904,3101,3101,3171,2129,2031,2267
28/10/2019 3:30,1011,1096,936,3090,3091,3153,2079,1995,2217
28/10/2019 4:00,1042,1133,982,3085,3086,3163,2043,1953,2181
28/10/2019 4:30,1063,1182,1088,3086,3088,3176,2023,1906,2088
28/10/2019 5:00,1086,1228,1153,3105,3107,3232,2019,1879,2079
28/10/2019 5:30,1110,1273,1188,3188,3190,3287,2078,1917,2099
28/10/2019 6:00,1143,1311,1203,3335,3339,3423,2192,2028,2220
28/10/2019 6:30,1186,1341,1235,3506,3511,3566,2320,2170,2331
28/10/2019 7:00,1229,1363,1292,3688,3689,3719,2459,2326,2427
28/10/2019 7:30,1272,1409,1329,3862,3869,3867,2590,2460,2538
28/10/2019 8:00,1296,1419,1340,4027,4033,4045,2731,2614,2705
28/10/2019 8:30,1302,1395,1403,4191,4196,4238,2889,2801,2835
28/10/2019 9:00,1250,1315,1328,4348,4353,4403,3098,3038,3075
28/10/2019 9:30,1142,1179,1233,4464,4466,4539,3322,3287,3306
28/10/2019 10:00,1086,1108,1195,4533,4529,4607,3447,3421,3412
28/10/2019 10:30,1082,1103,1154,4563,4562,4628,3481,3459,3474
28/10/2019 11:00,1106,1143,1175,4564,4575,4650,3458,3432,3475
28/10/2019 11:30,1158,1228,1285,4570,4587,4628,3412,3359,3343
28/10/2019 12:00,1214,1330,1372,4581,4597,4616,3367,3267,3244
28/10/2019 12:30,1273,1450,1499,4566,4576,4602,3293,3126,3103
28/10/2019 13:00,1307,1442,1639,4525,4516,4579,3218,3074,2940
28/10/2019 13:30,1316,1493,1648,4483,4467,4517,3167,2974,2869
28/10/2019 14:00,1334,1577,1647,4447,4447,4478,3113,2870,2831
28/10/2019 14:30,1361,1586,1742,4429,4426,4489,3068,2840,2747
28/10/2019 15:00,1379,1646,1672,4436,4428,4496,3057,2782,2824
28/10/2019 15:30,1388,1635,1650,4497,4471,4556,3109,2836,2906
28/10/2019 16:00,1423,1708,1564,4632,4595,4635,3209,2887,3071
28/10/2019 16:30,1483,1735,1585,4892,4845,4838,3409,3110,3253
28/10/2019 17:00,1539,1720,1672,5228,5189,5134,3689,3469,3462
28/10/2019 17:30,1592,1748,1845,5390,5342,5491,3798,3594,3646
28/10/2019 18:00,1646,1696,1976,5347,5290,5503,3701,3594,3527
28/10/2019 18:30,1699,1750,2028,5226,5163,5356,3527,3413,3328
28/10/2019 19:00,1745,1785,2171,5070,5009,5200,3325,3224,3029
28/10/2019 19:30,1781,1819,2201,4917,4856,5048,3136,3037,2847
28/10/2019 20:00,1809,1896,2230,4774,4730,4907,2965,2834,2677
28/10/2019 20:30,1829,1891,2259,4637,4592,4740,2808,2701,2481
28/10/2019 21:00,1837,2005,2293,4492,4450,4588,2655,2445,2295
28/10/2019 21:30,1834,1982,2302,4296,4263,4386,2462,2281,2084
28/10/2019 22:00,1829,2017,2252,4061,4076,4161,2232,2059,1909
28/10/2019 22:30,1821,1989,2219,3879,3908,3959,2058,1919,1740
28/10/2019 23:00,1894,1967,2172,3807,3791,3833,1913,1824,1661
28/10/2019 23:30,1877,1989,2196,3730,3713,3720,1853,1724,1524
29/10/2019 0:00,1861,1971,2192,3668,3660,3571,1807,1689,1379
29/10/2019 0:30,1844,2000,2206,3585,3582,3463,1741,1582,1257
29/10/2019 1:00,1844,1984,2254,3480,3472,3379,1636,1488,1125
29/10/2019 1:30,1861,2026,2279,3391,3382,3308,1530,1356,1029
29/10/2019 2:00,1900,2020,2310,3327,3320,3247,1427,1300,937
29/10/2019 2:30,1960,2046,2294,3279,3273,3207,1319,1227,913
29/10/2019 3:00,1993,2050,2288,3246,3238,3171,1253,1188,883
29/10/2019 3:30,2001,2071,2304,3230,3230,3152,1229,1159,848
29/10/2019 4:00,2029,2096,2312,3232,3245,3152,1203,1149,840
29/10/2019 4:30,2080,2179,2414,3248,3268,3180,1168,1089,766
29/10/2019 5:00,2133,2212,2438,3292,3309,3231,1159,1097,793
29/10/2019 5:30,2190,2290,2444,3426,3443,3312,1236,1153,868
29/10/2019 6:00,2231,2315,2461,3672,3687,3554,1441,1372,1093
29/10/2019 6:30,2257,2382,2443,4057,4061,3846,1800,1679,1403
29/10/2019 7:00,2279,2405,2555,4527,4512,4173,2248,2107,1618
29/10/2019 7:30,2297,2430,2613,4846,4831,4453,2549,2401,1840
29/10/2019 8:00,2309,2435,2645,4987,4984,4701,2678,2549,2056
29/10/2019 8:30,2316,2457,2603,5089,5090,4933,2773,2633,2330
29/10/2019 9:00,2324,2418,2476,5176,5165,5088,2852,2747,2612
29/10/2019 9:30,2333,2378,2397,5205,5187,5150,2872,2809,2753
29/10/2019 10:00,2375,2393,2434,5180,5159,5137,2805,2766,2703
29/10/2019 10:30,2451,2539,2494,5159,5136,5138,2708,2597,2644
29/10/2019 11:00,2526,2618,2592,5152,5121,5153,2626,2503,2561
29/10/2019 11:30,2601,2691,2712,5145,5115,5127,2544,2424,2415
29/10/2019 12:00,2654,2742,2906,5134,5109,5167,2480,2367,2261
29/10/2019 12:30,2685,2746,2941,5109,5091,5180,2424,2345,2239
29/10/2019 13:00,2680,2732,2811,5073,5055,5116,2393,2323,2305
29/10/2019 13:30,2640,2730,2674,5047,5028,5028,2407,2298,2354
29/10/2019 14:00,2598,2672,2635,5035,5019,5008,2437,2347,2373
29/10/2019 14:30,2553,2633,2674,5043,5035,5009,2490,2402,2335
29/10/2019 15:00,2510,2561,2629,5073,5078,5023,2563,2517,2394
29/10/2019 15:30,2469,2532,2600,5136,5148,5090,2667,2616,2490
29/10/2019 16:00,2451,2489,2481,5251,5264,5195,2800,2775,2714
29/10/2019 16:30,2456,2442,2416,5484,5497,5377,3028,3055,2961
29/10/2019 17:00,2471,2436,2520,5795,5813,5691,3324,3377,3171
29/10/2019 17:30,2494,2394,2590,5954,5985,5961,3460,3591,3371
29/10/2019 18:00,2518,2421,2634,5931,5978,5936,3413,3557,3302
29/10/2019 18:30,2543,2562,2628,5823,5882,5800,3280,3320,3172
29/10/2019 19:00,2561,2581,2673,5666,5728,5650,3105,3147,2977
29/10/2019 19:30,2572,2585,2716,5502,5559,5474,2930,2974,2758
29/10/2019 20:00,2583,2602,2729,5341,5387,5280,2758,2785,2551
29/10/2019 20:30,2594,2605,2810,5168,5212,5102,2574,2607,2292
29/10/2019 21:00,2601,2618,2796,4978,5020,4919,2377,2402,2123
29/10/2019 21:30,2602,2664,2801,4754,4780,4696,2152,2116,1895
29/10/2019 22:00,2595,2648,2783,4505,4505,4445,1910,1857,1662
29/10/2019 22:30,2580,2628,2755,4282,4270,4193,1702,1642,1438
29/10/2019 23:00,2592,2603,2828,4075,4075,4041,1483,1472,1213
29/10/2019 23:30,2576,2610,2797,3882,3883,3875,1306,1273,1078
30/10/2019 0:00,2554,2579,2816,3690,3692,3712,1136,1113,896
30/10/2019 0:30,2526,2565,2825,3547,3550,3582,1021,985,757
30/10/2019 1:00,2492,2524,2854,3453,3454,3492,961,930,638
30/10/2019 1:30,2453,2500,2809,3371,3371,3412,918,871,603
30/10/2019 2:00,2425,2466,2689,3294,3293,3320,869,827,631
30/10/2019 2:30,2408,2483,2627,3235,3237,3254,827,754,627
30/10/2019 3:00,2406,2462,2599,3200,3201,3229,794,739,630
30/10/2019 3:30,2419,2483,2590,3190,3191,3217,771,708,627
30/10/2019 4:00,2435,2481,2588,3202,3203,3211,767,722,623
30/10/2019 4:30,2454,2554,2623,3220,3222,3208,766,668,585
30/10/2019 5:00,2497,2578,2677,3257,3260,3260,760,682,583
30/10/2019 5:30,2566,2636,2778,3386,3390,3352,820,754,574
30/10/2019 6:00,2642,2698,2912,3627,3630,3590,985,932,678
30/10/2019 6:30,2725,2796,2979,3986,3991,3869,1261,1195,890
30/10/2019 7:00,2789,2858,2948,4418,4425,4184,1629,1567,1236
30/10/2019 7:30,2834,2899,3013,4735,4731,4446,1901,1832,1433
30/10/2019 8:00,2871,2930,3012,4909,4884,4669,2038,1954,1657
30/10/2019 8:30,2899,3003,3022,5026,4994,4873,2127,1991,1851
30/10/2019 9:00,2918,3004,3097,5104,5084,5058,2186,2080,1961
30/10/2019 9:30,2926,3031,3139,5132,5118,5136,2206,2087,1997
30/10/2019 10:00,2965,3051,3207,5119,5105,5139,2154,2054,1932
30/10/2019 10:30,3035,3082,3297,5108,5087,5141,2073,2005,1844
30/10/2019 11:00,3099,3142,3355,5107,5086,5164,2008,1944,1809
30/10/2019 11:30,3156,3199,3361,5109,5098,5132,1953,1899,1771
30/10/2019 12:00,3185,3221,3368,5111,5110,5180,1926,1889,1812
30/10/2019 12:30,3186,2971,3313,5104,5160,5174,1918,2189,1861
30/10/2019 13:00,3181,2970,3291,5087,5128,5144,1906,2158,1853
30/10/2019 13:30,3170,2915,3299,5068,5110,5059,1898,2195,1760
30/10/2019 14:00,3148,2891,3258,5057,5128,5055,1909,2237,1797
30/10/2019 14:30,3115,3195,3242,5078,5033,5086,1963,1838,1844
30/10/2019 15:00,3085,3146,3168,5136,5082,5094,2051,1936,1926
30/10/2019 15:30,3057,3092,3088,5220,5156,5170,2163,2064,2082
30/10/2019 16:00,3026,3052,3056,5344,5276,5260,2318,2224,2204
30/10/2019 16:30,2992,2988,2969,5578,5517,5435,2586,2529,2466
30/10/2019 17:00,2971,2967,2996,5881,5841,5699,2910,2874,2703
30/10/2019 17:30,2962,2970,2992,6013,5981,5891,3051,3011,2899
30/10/2019 18:00,2945,2950,2954,5950,5912,5843,3005,2962,2889
30/10/2019 18:30,2920,2909,2932,5829,5783,5690,2909,2874,2758
30/10/2019 19:00,2881,2866,2860,5688,5636,5553,2807,2770,2693
30/10/2019 19:30,2829,2821,2795,5531,5472,5382,2702,2651,2587
30/10/2019 20:00,2771,2775,2722,5361,5301,5215,2590,2526,2493
30/10/2019 20:30,2708,2702,2779,5186,5129,5059,2478,2427,2280
30/10/2019 21:00,2645,2660,2735,4998,4947,4877,2353,2287,2142
30/10/2019 21:30,2583,2608,2730,4766,4718,4666,2183,2110,1936
30/10/2019 22:00,2509,2546,2688,4497,4455,4472,1988,1909,1784
30/10/2019 22:30,2423,2491,2618,4260,4221,4246,1837,1730,1628
30/10/2019 23:00,2537,2411,2527,4044,4033,4081,1507,1622,1554
30/10/2019 23:30,2456,2303,2435,3864,3854,3931,1408,1551,1496
31/10/2019 0:00,2374,2233,2222,3687,3681,3754,1313,1448,1532
31/10/2019 0:30,2293,2201,2214,3550,3548,3613,1257,1347,1399
31/10/2019 1:00,2215,2133,2207,3455,3450,3537,1240,1317,1330
31/10/2019 1:30,2140,2070,2114,3371,3367,3425,1231,1297,1311
31/10/2019 2:00,2073,1994,2017,3296,3292,3325,1223,1298,1308
31/10/2019 2:30,2015,1887,2000,3243,3241,3260,1228,1354,1260
31/10/2019 3:00,1952,1813,1981,3214,3211,3250,1262,1398,1269
31/10/2019 3:30,1885,1734,1835,3203,3199,3230,1318,1465,1395
31/10/2019 4:00,1821,1675,1703,3206,3203,3225,1385,1528,1522
31/10/2019 4:30,1761,1638,1610,3224,3221,3218,1463,1583,1608
31/10/2019 5:00,1726,1614,1521,3268,3267,3252,1542,1653,1731
31/10/2019 5:30,1714,1613,1462,3395,3392,3320,1681,1779,1858
31/10/2019 6:00,1692,1603,1488,3622,3619,3554,1930,2016,2066
31/10/2019 6:30,1661,1643,1534,3972,3969,3829,2311,2326,2295
31/10/2019 7:00,1641,1625,1567,4399,4394,4196,2758,2769,2629
31/10/2019 7:30,1630,1573,1561,4705,4690,4426,3075,3117,2865
31/10/2019 8:00,1611,1562,1571,4864,4837,4640,3253,3275,3069
31/10/2019 8:30,1584,1566,1526,4976,4955,4814,3392,3389,3288
31/10/2019 9:00,1575,1550,1477,5060,5068,5000,3485,3518,3523
31/10/2019 9:30,1583,1517,1394,5105,5131,5108,3522,3614,3714
31/10/2019 10:00,1585,1530,1393,5115,5148,5125,3530,3618,3732
31/10/2019 10:30,1580,1574,1330,5127,5139,5133,3547,3565,3803
31/10/2019 11:00,1586,1577,1321,5145,5139,5170,3559,3562,3849
31/10/2019 11:30,1603,1561,1227,5160,5151,5174,3557,3590,3947
31/10/2019 12:00,1605,1500,1171,5167,5162,5214,3562,3662,4043
31/10/2019 12:30,1592,1368,1142,5152,5157,5224,3560,3789,4082
31/10/2019 13:00,1573,1295,1072,5119,5128,5201,3546,3833,4129
31/10/2019 13:30,1548,1206,1078,5091,5108,5142,3543,3902,4064
31/10/2019 14:00,1521,1158,1126,5076,5099,5141,3555,3941,4015
31/10/2019 14:30,1492,1126,1131,5079,5105,5165,3587,3979,4034
31/10/2019 15:00,1472,1113,1233,5109,5136,5199,3637,4023,3966
31/10/2019 15:30,1463,1026,1173,5185,5231,5247,3722,4205,4074
31/10/2019 16:00,1473,1042,1117,5320,5397,5323,3847,4355,4206
31/10/2019 16:30,1503,1035,1110,5548,5618,5496,4045,4583,4386
31/10/2019 17:00,1539,1087,1125,5828,5856,5685,4289,4769,4560
31/10/2019 17:30,1581,1205,1117,5953,5947,5688,4372,4742,4571
31/10/2019 18:00,1620,1243,1108,5898,5879,5556,4278,4636,4448
31/10/2019 18:30,1658,1290,1138,5776,5752,5409,4118,4462,4271
31/10/2019 19:00,1690,1334,1208,5621,5602,5259,3931,4268,4051
31/10/2019 19:30,1717,1391,1208,5457,5438,5140,3740,4047,3932
31/10/2019 20:00,1740,1463,1302,5288,5273,5013,3548,3810,3711
31/10/2019 20:30,1759,1484,1414,5117,5106,4925,3358,3622,3511
31/10/2019 21:00,1768,1508,1478,4936,4930,4795,3168,3422,3317
31/10/2019 21:30,1767,1446,1439,4714,4711,4621,2947,3265,3182
31/10/2019 22:00,1750,1447,1361,4459,4462,4401,2709,3015,3040
31/10/2019 22:30,1717,1443,1368,4227,4247,4196,2510,2804,2828
31/10/2019 23:00,1409,1422,1373,4052,4061,4092,2643,2639,2719
31/10/2019 23:30,1421,1369,1281,3879,3890,3953,2458,2521,2672
1/11/2019 0:00,1413,1355,1246,3721,3729,3814,2308,2374,2568
1/11/2019 0:30,1384,1394,1289,3591,3603,3698,2207,2209,2409
1/11/2019 1:00,1356,1407,1258,3490,3501,3607,2134,2094,2349
1/11/2019 1:30,1328,1413,1291,3400,3412,3528,2072,1999,2237
1/11/2019 2:00,1332,1454,1316,3322,3327,3450,1990,1873,2134
1/11/2019 2:30,1365,1508,1339,3270,3276,3399,1905,1768,2060
1/11/2019 3:00,1383,1560,1429,3246,3250,3361,1863,1690,1932
1/11/2019 3:30,1385,1576,1418,3234,3236,3305,1849,1660,1887
1/11/2019 4:00,1395,1602,1463,3232,3232,3283,1837,1630,1820
1/11/2019 4:30,1413,1597,1434,3242,3240,3265,1829,1643,1831
1/11/2019 5:00,1408,1577,1459,3278,3275,3318,1870,1698,1859
1/11/2019 5:30,1381,1543,1324,3397,3393,3376,2016,1850,2052
1/11/2019 6:00,1352,1491,1179,3615,3613,3574,2263,2122,2395
1/11/2019 6:30,1321,1387,1075,3943,3938,3817,2622,2551,2742
1/11/2019 7:00,1288,1303,947,4339,4329,4115,3051,3026,3168
1/11/2019 7:30,1253,1173,855,4631,4615,4344,3378,3442,3489
1/11/2019 8:00,1209,1067,841,4795,4779,4579,3586,3712,3738
1/11/2019 8:30,1156,894,775,4915,4903,4790,3759,4009,4015
1/11/2019 9:00,1119,801,704,5008,5012,4972,3889,4211,4268
1/11/2019 9:30,1097,646,585,5063,5074,5057,3966,4428,4472
1/11/2019 10:00,1073,627,519,5084,5095,5110,4011,4468,4591
1/11/2019 10:30,1049,610,498,5098,5100,5104,4049,4490,4606
1/11/2019 11:00,1028,632,536,5113,5109,5130,4085,4477,4594
1/11/2019 11:30,1011,646,537,5126,5127,5129,4115,4481,4592
1/11/2019 12:00,987,718,573,5132,5138,5156,4145,4420,4583
1/11/2019 12:30,957,873,603,5116,5127,5167,4159,4254,4564
1/11/2019 13:00,943,956,624,5078,5083,5131,4135,4127,4507
1/11/2019 13:30,946,991,628,5038,5040,5064,4092,4049,4436
1/11/2019 14:00,956,1055,591,5004,5005,5035,4048,3950,4444
1/11/2019 14:30,974,951,640,4992,4993,5034,4018,4042,4394
1/11/2019 15:00,1015,1028,748,5009,5006,5041,3994,3978,4293
1/11/2019 15:30,1080,1117,874,5062,5038,5057,3982,3921,4183
1/11/2019 16:00,1179,1271,933,5166,5110,5099,3987,3839,4166
1/11/2019 16:30,1313,1474,1151,5368,5310,5286,4055,3836,4135
1/11/2019 17:00,1426,1638,1552,5630,5604,5572,4204,3966,4020
1/11/2019 17:30,1517,1669,1659,5744,5724,5718,4227,4055,4059
1/11/2019 18:00,1620,1823,1836,5687,5653,5675,4067,3830,3839
1/11/2019 18:30,1736,1926,1951,5568,5524,5530,3832,3598,3579
1/11/2019 19:00,1833,2061,1911,5421,5382,5343,3588,3321,3432
1/11/2019 19:30,1911,2136,2049,5264,5222,5213,3353,3086,3164
1/11/2019 20:00,1974,2192,2148,5102,5056,5016,3128,2864,2868
1/11/2019 20:30,2024,2189,2052,4935,4884,4814,2911,2695,2762
1/11/2019 21:00,2043,2138,2039,4758,4704,4605,2715,2566,2566
1/11/2019 21:30,2031,2112,2060,4549,4485,4400,2518,2373,2340
1/11/2019 22:00,2019,2033,2002,4313,4245,4216,2294,2212,2214
1/11/2019 22:30,2006,1895,1848,4102,4063,4019,2096,2168,2171
1/11/2019 23:00,1728,1814,1862,3905,3920,3981,2177,2106,2119
1/11/2019 23:30,1536,1696,1741,3773,3789,3883,2237,2093,2142
2/11/2019 0:00,1344,1526,1494,3646,3660,3705,2302,2134,2211
2/11/2019 0:30,1152,1248,1287,3521,3538,3552,2369,2290,2265
2/11/2019 1:00,1042,1063,1065,3402,3414,3425,2360,2351,2360
2/11/2019 1:30,1013,929,853,3296,3307,3318,2283,2378,2465
2/11/2019 2:00,1009,835,753,3206,3210,3239,2197,2375,2486
2/11/2019 2:30,1029,848,715,3137,3141,3176,2108,2293,2461
2/11/2019 3:00,1077,852,610,3090,3087,3119,2013,2235,2509
2/11/2019 3:30,1152,863,620,3061,3057,3118,1909,2194,2498
2/11/2019 4:00,1232,944,698,3049,3045,3125,1817,2101,2427
2/11/2019 4:30,1318,1019,979,3049,3045,3139,1731,2026,2160
2/11/2019 5:00,1426,1151,1327,3062,3058,3179,1636,1907,1852
2/11/2019 5:30,1554,1307,1576,3106,3100,3222,1552,1793,1646
2/11/2019 6:00,1659,1418,1672,3189,3181,3343,1530,1763,1671
2/11/2019 6:30,1740,1404,1698,3331,3322,3456,1591,1918,1758
2/11/2019 7:00,1789,1500,1672,3522,3515,3597,1733,2015,1925
2/11/2019 7:30,1807,1606,1697,3705,3691,3715,1898,2085,2018
2/11/2019 8:00,1840,1712,1677,3874,3854,3896,2034,2142,2219
2/11/2019 8:30,1888,1870,1732,4065,4053,4134,2177,2183,2402
2/11/2019 9:00,1943,1915,1766,4270,4288,4366,2327,2373,2600
2/11/2019 9:30,2003,2058,1882,4420,4449,4449,2417,2391,2567
2/11/2019 10:00,2043,2079,1999,4507,4533,4624,2464,2454,2625
2/11/2019 10:30,2065,2126,1999,4568,4573,4587,2503,2447,2588
2/11/2019 11:00,2083,2161,2048,4614,4594,4651,2531,2433,2603
2/11/2019 11:30,2099,2088,2110,4648,4622,4689,2549,2534,2579
2/11/2019 12:00,2106,2133,2180,4666,4655,4701,2560,2522,2521
2/11/2019 12:30,2104,2131,2224,4658,4654,4712,2554,2523,2488
2/11/2019 13:00,2109,2164,2282,4624,4616,4698,2515,2452,2416
2/11/2019 13:30,2119,2238,2262,4580,4573,4656,2461,2335,2394
2/11/2019 14:00,2115,2235,2250,4538,4535,4579,2423,2300,2329
2/11/2019 14:30,2096,2134,2207,4523,4516,4525,2427,2382,2318
2/11/2019 15:00,2074,2110,2178,4537,4521,4534,2463,2411,2356
2/11/2019 15:30,2049,2085,2077,4561,4548,4542,2512,2463,2465
2/11/2019 16:00,2013,2054,1956,4615,4622,4629,2602,2568,2673
2/11/2019 16:30,1965,2036,1919,4813,4831,4806,2848,2795,2887
2/11/2019 17:00,1913,1989,1901,5116,5140,5157,3203,3151,3256
2/11/2019 17:30,1856,1942,1866,5259,5279,5345,3403,3337,3479
2/11/2019 18:00,1809,1924,1741,5207,5220,5298,3398,3296,3557
2/11/2019 18:30,1772,1935,1728,5094,5095,5164,3322,3160,3436
2/11/2019 19:00,1748,1912,1755,4956,4949,5006,3208,3037,3251
2/11/2019 19:30,1735,1821,1706,4816,4801,4821,3081,2980,3115
2/11/2019 20:00,1698,1773,1737,4679,4664,4672,2981,2891,2935
2/11/2019 20:30,1637,1779,1752,4540,4525,4547,2903,2746,2795
2/11/2019 21:00,1593,1725,1731,4394,4381,4390,2801,2656,2659
2/11/2019 21:30,1567,1609,1704,4217,4199,4244,2650,2590,2540
2/11/2019 22:00,1547,1575,1679,4017,3998,4117,2470,2423,2438
2/11/2019 22:30,1534,1585,1689,3850,3835,3984,2316,2250,2295
2/11/2019 23:00,1519,1552,1640,3741,3736,3913,2222,2184,2273
2/11/2019 23:30,1493,1483,1522,3655,3653,3821,2162,2170,2299
3/11/2019 0:00,1451,1444,1329,3570,3571,3652,2119,2127,2323
3/11/2019 0:30,1394,1459,1344,3461,3467,3537,2067,2008,2193
3/11/2019 1:00,1357,1411,1266,3330,3334,3430,1973,1923,2164
3/11/2019 1:30,1342,1403,1213,3217,3221,3322,1875,1818,2109
3/11/2019 2:00,1319,1353,1273,3129,3133,3243,1810,1780,1970
3/11/2019 2:30,1289,1305,1292,3061,3067,3176,1772,1762,1884
3/11/2019 3:00,1272,1270,1237,3012,3019,3122,1740,1749,1885
3/11/2019 3:30,1268,1183,1170,2990,2997,3102,1722,1814,1932
3/11/2019 4:00,1257,1152,1093,2988,2997,3093,1731,1845,2000
3/11/2019 4:30,1239,1090,1087,2989,2998,3097,1750,1908,2010
3/11/2019 5:00,1232,1037,1051,2992,3002,3121,1760,1965,2070
3/11/2019 5:30,1237,976,988,3025,3038,3099,1788,2062,2111
3/11/2019 6:00,1240,909,860,3088,3105,3172,1848,2196,2312
3/11/2019 6:30,1241,815,785,3161,3176,3233,1920,2361,2448
3/11/2019 7:00,1225,756,725,3243,3250,3334,2018,2494,2609
3/11/2019 7:30,1191,706,694,3344,3361,3359,2153,2655,2665
3/11/2019 8:00,1189,743,754,3475,3514,3488,2286,2771,2734
3/11/2019 8:30,1221,777,873,3663,3712,3690,2442,2935,2817
3/11/2019 9:00,1244,859,910,3891,3942,3921,2647,3083,3011
3/11/2019 9:30,1259,942,879,4076,4117,4104,2817,3175,3225
3/11/2019 10:00,1275,1008,952,4203,4227,4261,2928,3219,3309
3/11/2019 10:30,1293,1049,947,4299,4307,4332,3006,3258,3385
3/11/2019 11:00,1318,1039,927,4374,4381,4403,3056,3342,3476
3/11/2019 11:30,1348,1004,841,4437,4440,4439,3089,3436,3598
3/11/2019 12:00,1327,1002,905,4484,4484,4494,3157,3482,3589
3/11/2019 12:30,1255,1068,837,4493,4496,4541,3238,3428,3704
3/11/2019 13:00,1177,1063,804,4462,4473,4549,3285,3410,3745
3/11/2019 13:30,1094,985,849,4419,4426,4518,3325,3441,3669
3/11/2019 14:00,975,916,756,4374,4368,4455,3399,3452,3699
3/11/2019 14:30,822,697,612,4348,4345,4395,3526,3648,3783
3/11/2019 15:00,680,573,530,4346,4360,4417,3666,3787,3887
3/11/2019 15:30,550,430,454,4362,4386,4458,3812,3956,4004
3/11/2019 16:00,476,365,352,4423,4450,4566,3947,4085,4214
3/11/2019 16:30,456,321,357,4644,4678,4762,4188,4357,4405
3/11/2019 17:00,450,322,524,4982,5030,5149,4532,4708,4625
3/11/2019 17:30,459,329,523,5144,5197,5362,4685,4868,4839
3/11/2019 18:00,465,394,583,5095,5141,5341,4630,4747,4758
3/11/2019 18:30,469,544,589,4987,5024,5236,4518,4480,4647
3/11/2019 19:00,469,582,618,4860,4889,5095,4391,4307,4477
3/11/2019 19:30,464,582,660,4730,4751,4946,4266,4169,4286
3/11/2019 20:00,477,556,706,4600,4621,4785,4123,4065,4079
3/11/2019 20:30,506,612,604,4466,4483,4604,3960,3871,4000
3/11/2019 21:00,533,568,452,4321,4338,4446,3788,3770,3994
3/11/2019 21:30,557,451,355,4143,4174,4262,3586,3723,3907
3/11/2019 22:00,552,409,328,3943,4006,4049,3391,3597,3721
3/11/2019 22:30,518,341,274,3783,3843,3866,3265,3502,3592
3/11/2019 23:00,481,335,294,3703,3702,3736,3222,3367,3442
3/11/2019 23:30,463,429,256,3560,3560,3617,3097,3131,3361
4/11/2019 0:00,452,442,256,3422,3420,3488,2970,2978,3232
4/11/2019 0:30,448,402,216,3308,3308,3373,2860,2906,3157
4/11/2019 1:00,461,410,211,3220,3220,3292,2759,2810,3081
4/11/2019 1:30,489,353,173,3143,3144,3213,2654,2791,3040
4/11/2019 2:00,507,351,155,3074,3073,3167,2567,2722,3012
4/11/2019 2:30,514,247,147,3025,3026,3132,2511,2779,2985
4/11/2019 3:00,538,275,139,3000,2998,3106,2462,2723,2967
4/11/2019 3:30,579,295,153,2996,2993,3085,2417,2698,2932
4/11/2019 4:00,621,348,227,3009,3007,3096,2388,2659,2869
4/11/2019 4:30,664,403,298,3029,3029,3101,2365,2626,2803
4/11/2019 5:00,716,490,370,3074,3074,3160,2358,2584,2790
4/11/2019 5:30,777,588,472,3216,3219,3254,2439,2631,2782
4/11/2019 6:00,827,697,560,3474,3482,3508,2647,2785,2948
4/11/2019 6:30,866,839,662,3845,3855,3814,2979,3016,3152
4/11/2019 7:00,890,939,738,4286,4293,4293,3396,3354,3555
4/11/2019 7:30,899,991,828,4622,4628,4639,3723,3637,3811
4/11/2019 8:00,921,1044,872,4825,4827,4805,3904,3783,3933
4/11/2019 8:30,958,1168,960,4941,4941,4868,3983,3773,3908
4/11/2019 9:00,1005,1201,957,4994,4995,4963,3989,3794,4006
4/11/2019 9:30,1062,1227,1011,5019,5022,5064,3957,3795,4053
4/11/2019 10:00,1131,1283,1123,5030,5036,5050,3899,3753,3927
4/11/2019 10:30,1213,1297,1250,5038,5041,5048,3825,3744,3798
4/11/2019 11:00,1317,1396,1396,5045,5037,5084,3728,3641,3688
4/11/2019 11:30,1446,1448,1502,5052,5042,5084,3606,3594,3582
4/11/2019 12:00,1540,1554,1749,5055,5051,5118,3515,3497,3369
4/11/2019 12:30,1599,1640,1872,5042,5046,5112,3443,3406,3240
4/11/2019 13:00,1675,1737,1845,5014,5023,5055,3339,3286,3210
4/11/2019 13:30,1770,1860,1981,4989,4998,5006,3219,3138,3025
4/11/2019 14:00,1872,1927,2130,4973,4980,5035,3101,3053,2905
4/11/2019 14:30,1980,2097,2228,4980,4993,5093,3000,2896,2865
4/11/2019 15:00,2076,2198,2258,5015,5039,5131,2939,2841,2873
4/11/2019 15:30,2160,2299,2427,5074,5095,5220,2914,2796,2793
4/11/2019 16:00,2229,2370,2501,5182,5189,5303,2953,2819,2802
4/11/2019 16:30,2282,2438,2543,5443,5455,5530,3161,3017,2987
4/11/2019 17:00,2342,2488,2604,5806,5840,5889,3464,3352,3285
4/11/2019 17:30,2409,2583,2739,5960,6002,6053,3551,3419,3314
4/11/2019 18:00,2483,2624,2767,5873,5906,5962,3390,3282,3195
4/11/2019 18:30,2566,2613,2788,5719,5758,5799,3153,3145,3011
4/11/2019 19:00,2634,2673,2763,5546,5604,5632,2912,2931,2869
4/11/2019 19:30,2686,2779,2801,5373,5438,5502,2687,2659,2701
4/11/2019 20:00,2741,2805,2689,5203,5263,5307,2462,2458,2618
4/11/2019 20:30,2797,2852,2728,5027,5080,5122,2230,2228,2394
4/11/2019 21:00,2822,2844,2703,4837,4881,4921,2015,2037,2218
4/11/2019 21:30,2816,2861,2707,4613,4639,4693,1797,1778,1986
4/11/2019 22:00,2795,2789,2636,4359,4368,4432,1564,1579,1796
4/11/2019 22:30,2761,2685,2602,4120,4126,4189,1359,1441,1587
4/11/2019 23:00,2494,2607,2624,3912,3923,4046,1418,1316,1422
4/11/2019 23:30,2443,2459,2611,3739,3748,3887,1296,1289,1276
5/11/2019 0:00,2398,2411,2560,3591,3602,3706,1193,1191,1146
5/11/2019 0:30,2360,2347,2526,3470,3483,3570,1110,1136,1044
5/11/2019 1:00,2316,2297,2472,3372,3386,3469,1056,1089,997
5/11/2019 1:30,2267,2220,2366,3289,3306,3376,1022,1086,1010
5/11/2019 2:00,2226,2184,2376,3219,3236,3303,993,1052,927
5/11/2019 2:30,2195,2230,2313,3169,3187,3232,974,957,919
5/11/2019 3:00,2175,2190,2344,3139,3156,3222,964,966,878
5/11/2019 3:30,2168,2155,2351,3132,3148,3207,964,993,856
5/11/2019 4:00,2159,2137,2356,3145,3160,3204,986,1023,848
5/11/2019 4:30,2147,2166,2315,3166,3181,3218,1019,1015,903
5/11/2019 5:00,2137,2144,2201,3210,3226,3301,1073,1082,1100
5/11/2019 5:30,2129,2119,2096,3348,3363,3398,1219,1244,1302
5/11/2019 6:00,2110,2062,1951,3598,3610,3635,1488,1548,1684
5/11/2019 6:30,2079,2031,1930,3959,3975,3949,1880,1944,2019
5/11/2019 7:00,2009,1949,1854,4392,4410,4468,2383,2461,2614
5/11/2019 7:30,1901,1903,1641,4732,4734,4789,2831,2831,3148
5/11/2019 8:00,1779,1774,1555,4945,4911,4958,3166,3137,3403
5/11/2019 8:30,1644,1586,1387,5049,5006,4987,3405,3420,3600
5/11/2019 9:00,1511,1474,1239,5068,5047,5050,3557,3573,3811
5/11/2019 9:30,1379,1381,1107,5069,5064,5104,3690,3683,3997
5/11/2019 10:00,1305,1323,968,5068,5070,5091,3763,3747,4123
5/11/2019 10:30,1289,1300,897,5059,5074,5109,3770,3774,4212
5/11/2019 11:00,1240,1244,831,5044,5079,5109,3804,3835,4278
5/11/2019 11:30,1159,1030,759,5045,5071,5109,3886,4041,4350
5/11/2019 12:00,1081,960,759,5060,5087,5130,3979,4127,4371
5/11/2019 12:30,1004,904,716,5059,5082,5172,4055,4178,4456
5/11/2019 13:00,940,855,716,5040,5056,5121,4100,4201,4405
5/11/2019 13:30,890,815,697,5013,5031,5049,4123,4216,4352
5/11/2019 14:00,822,758,761,4989,5017,5078,4167,4259,4317
5/11/2019 14:30,737,684,749,5005,5032,5087,4268,4348,4338
5/11/2019 15:00,660,618,618,5060,5077,5123,4400,4459,4505
5/11/2019 15:30,591,560,526,5131,5138,5224,4540,4578,4698
5/11/2019 16:00,545,533,493,5242,5241,5313,4697,4708,4820
5/11/2019 16:30,521,432,482,5515,5512,5560,4994,5080,5078
5/11/2019 17:00,499,446,468,5899,5902,5920,5400,5456,5452
5/11/2019 17:30,479,511,460,6063,6066,6108,5584,5555,5648
5/11/2019 18:00,437,497,368,5975,5971,6031,5538,5474,5663
5/11/2019 18:30,374,503,314,5834,5826,5892,5460,5323,5578
5/11/2019 19:00,317,457,285,5688,5681,5745,5371,5224,5460
5/11/2019 19:30,267,391,232,5531,5524,5603,5264,5133,5371
5/11/2019 20:00,224,333,184,5363,5358,5462,5139,5025,5278
5/11/2019 20:30,189,214,140,5187,5182,5294,4998,4968,5154
5/11/2019 21:00,162,178,130,4996,4989,5129,4834,4811,4999
5/11/2019 21:30,143,158,101,4763,4756,4872,4620,4598,4771
5/11/2019 22:00,128,146,96,4496,4494,4632,4368,4348,4536
5/11/2019 22:30,118,110,91,4261,4269,4399,4143,4159,4308
5/11/2019 23:00,125,111,93,4093,4091,4233,3968,3980,4140
5/11/2019 23:30,116,102,89,3918,3917,4084,3802,3815,3995
6/11/2019 0:00,111,107,78,3746,3748,3889,3635,3641,3811
6/11/2019 0:30,112,121,96,3612,3616,3722,3500,3495,3626
6/11/2019 1:00,114,126,118,3518,3522,3605,3404,3396,3487
6/11/2019 1:30,117,118,123,3440,3443,3522,3323,3325,3399
6/11/2019 2:00,123,126,121,3372,3373,3437,3249,3247,3316
6/11/2019 2:30,132,135,98,3321,3325,3389,3189,3190,3291
6/11/2019 3:00,140,139,82,3292,3294,3351,3152,3155,3269
6/11/2019 3:30,144,134,69,3283,3285,3345,3139,3151,3276
6/11/2019 4:00,147,136,70,3293,3296,3337,3146,3160,3267
6/11/2019 4:30,149,140,58,3313,3316,3331,3164,3176,3273
6/11/2019 5:00,153,145,71,3358,3362,3395,3205,3217,3324
6/11/2019 5:30,160,156,86,3496,3501,3474,3336,3345,3388
6/11/2019 6:00,169,170,84,3745,3752,3733,3576,3582,3649
6/11/2019 6:30,181,157,98,4113,4129,4057,3932,3972,3959
6/11/2019 7:00,194,180,115,4556,4578,4560,4362,4398,4445
6/11/2019 7:30,207,190,138,4892,4898,4924,4685,4708,4786
6/11/2019 8:00,225,216,188,5088,5054,5088,4863,4838,4900
6/11/2019 8:30,247,237,207,5192,5146,5132,4945,4909,4925
6/11/2019 9:00,279,279,240,5227,5200,5220,4948,4921,4980
6/11/2019 9:30,321,319,279,5242,5231,5286,4921,4912,5007
6/11/2019 10:00,370,387,339,5247,5247,5270,4877,4860,4931
6/11/2019 10:30,425,491,359,5248,5263,5267,4823,4772,4908
6/11/2019 11:00,458,558,394,5248,5272,5275,4790,4714,4881
6/11/2019 11:30,469,600,412,5256,5284,5251,4787,4684,4839
6/11/2019 12:00,533,665,422,5268,5298,5235,4735,4633,4813
6/11/2019 12:30,650,741,630,5262,5278,5264,4612,4537,4634
6/11/2019 13:00,761,867,823,5236,5225,5225,4475,4358,4402
6/11/2019 13:30,868,1083,1068,5213,5194,5143,4345,4111,4075
6/11/2019 14:00,993,1199,1078,5200,5191,5133,4207,3992,4055
6/11/2019 14:30,1138,1238,1216,5213,5206,5169,4075,3968,3953
6/11/2019 15:00,1209,1330,1274,5257,5237,5189,4048,3907,3915
6/11/2019 15:30,1206,1382,1440,5338,5292,5319,4132,3910,3879
6/11/2019 16:00,1222,1458,1464,5474,5396,5452,4252,3938,3988
6/11/2019 16:30,1257,1518,1496,5722,5653,5704,4465,4135,4208
6/11/2019 17:00,1313,1575,1552,6034,6011,5957,4721,4436,4405
6/11/2019 17:30,1390,1622,1458,6152,6156,6059,4762,4534,4601
6/11/2019 18:00,1436,1669,1373,6054,6057,5979,4618,4388,4606
6/11/2019 18:30,1452,1680,1453,5911,5918,5828,4459,4238,4375
6/11/2019 19:00,1446,1705,1466,5764,5784,5764,4318,4079,4298
6/11/2019 19:30,1417,1745,1497,5608,5634,5623,4191,3889,4126
6/11/2019 20:00,1397,1735,1554,5441,5467,5481,4044,3732,3927
6/11/2019 20:30,1385,1591,1452,5263,5290,5303,3878,3699,3851
6/11/2019 21:00,1381,1560,1430,5068,5093,5099,3687,3533,3669
6/11/2019 21:30,1384,1524,1418,4831,4851,4853,3447,3327,3435
6/11/2019 22:00,1361,1542,1361,4564,4578,4580,3203,3036,3219
6/11/2019 22:30,1311,1497,1444,4344,4356,4340,3033,2859,2896
6/11/2019 23:00,1435,1506,1475,4190,4189,4164,2755,2683,2689
6/11/2019 23:30,1418,1556,1420,4011,4010,4031,2593,2454,2611
7/11/2019 0:00,1386,1536,1427,3816,3815,3845,2430,2279,2418
7/11/2019 0:30,1340,1480,1358,3666,3667,3724,2326,2187,2366
7/11/2019 1:00,1282,1465,1232,3566,3567,3594,2284,2102,2362
7/11/2019 1:30,1212,1371,1253,3483,3485,3500,2271,2114,2247
7/11/2019 2:00,1156,1353,1283,3408,3410,3427,2252,2057,2144
7/11/2019 2:30,1113,1229,1286,3351,3355,3399,2238,2126,2113
7/11/2019 3:00,1075,1129,1305,3314,3318,3349,2239,2189,2044
7/11/2019 3:30,1041,1013,1237,3300,3304,3308,2259,2291,2071
7/11/2019 4:00,1030,935,1209,3305,3309,3308,2275,2374,2099
7/11/2019 4:30,1043,847,1205,3320,3326,3302,2277,2479,2097
7/11/2019 5:00,1046,845,1141,3361,3366,3338,2315,2521,2197
7/11/2019 5:30,1038,893,1021,3492,3498,3397,2454,2605,2376
7/11/2019 6:00,1052,991,1038,3734,3738,3647,2682,2747,2609
7/11/2019 6:30,1086,1209,1145,4098,4108,3941,3012,2899,2796
7/11/2019 7:00,1112,1366,1322,4541,4556,4440,3429,3190,3118
7/11/2019 7:30,1129,1563,1537,4879,4878,4840,3750,3315,3303
7/11/2019 8:00,1144,1682,1612,5078,5039,4989,3934,3357,3377
7/11/2019 8:30,1158,1835,1725,5182,5138,5022,4024,3303,3297
7/11/2019 9:00,1222,1924,1848,5218,5194,5126,3996,3270,3278
7/11/2019 9:30,1338,1969,1876,5233,5217,5241,3895,3248,3365
7/11/2019 10:00,1455,2013,1914,5241,5215,5253,3786,3202,3339
7/11/2019 10:30,1573,2097,1917,5244,5211,5192,3671,3114,3275
7/11/2019 11:00,1680,2162,1895,5245,5209,5268,3565,3047,3373
7/11/2019 11:30,1776,2224,1944,5254,5221,5267,3478,2997,3323
7/11/2019 12:00,1858,2264,2013,5266,5229,5278,3408,2965,3265
7/11/2019 12:30,1927,2295,2131,5253,5222,5327,3326,2927,3196
7/11/2019 13:00,1957,2325,2201,5217,5199,5301,3260,2874,3100
7/11/2019 13:30,1948,2292,2173,5191,5175,5222,3243,2883,3049
7/11/2019 14:00,1924,2294,2209,5183,5158,5248,3259,2864,3039
7/11/2019 14:30,1885,2303,2284,5194,5170,5267,3309,2867,2983
7/11/2019 15:00,1853,2283,2282,5228,5218,5278,3375,2935,2996
7/11/2019 15:30,1827,2229,2335,5292,5308,5345,3465,3079,3010
7/11/2019 16:00,1817,2235,2353,5410,5454,5457,3593,3219,3104
7/11/2019 16:30,1823,2277,2333,5664,5685,5674,3841,3408,3341
7/11/2019 17:00,1829,2298,2312,6002,5956,5972,4173,3658,3660
7/11/2019 17:30,1835,2263,2290,6130,6046,6091,4295,3783,3801
7/11/2019 18:00,1831,2258,2331,6025,5940,6028,4194,3682,3697
7/11/2019 18:30,1817,2259,2301,5882,5808,5883,4065,3549,3582
7/11/2019 19:00,1796,2225,2333,5745,5692,5731,3949,3467,3398
7/11/2019 19:30,1769,2212,2229,5595,5554,5578,3826,3342,3349
7/11/2019 20:00,1728,2162,2098,5427,5395,5416,3699,3233,3318
7/11/2019 20:30,1674,2141,1941,5250,5216,5264,3576,3075,3323
7/11/2019 21:00,1618,2050,1829,5056,5013,5112,3438,2963,3283
7/11/2019 21:30,1562,1915,1836,4821,4775,4879,3259,2860,3043
7/11/2019 22:00,1496,1794,1787,4556,4513,4622,3060,2719,2835
7/11/2019 22:30,1419,1695,1663,4333,4292,4350,2914,2597,2687
7/11/2019 23:00,1480,1611,1586,4117,4119,4188,2637,2508,2602
7/11/2019 23:30,1413,1517,1535,3964,3968,4026,2551,2451,2491
8/11/2019 0:00,1343,1433,1466,3823,3829,3833,2480,2396,2367
8/11/2019 0:30,1272,1319,1347,3689,3696,3677,2417,2377,2330
8/11/2019 1:00,1205,1213,1254,3567,3571,3571,2362,2358,2317
8/11/2019 1:30,1143,1206,1147,3476,3480,3457,2333,2274,2310
8/11/2019 2:00,1074,1114,1002,3416,3420,3396,2342,2306,2394
8/11/2019 2:30,1000,991,908,3365,3370,3351,2365,2379,2443
8/11/2019 3:00,914,891,829,3323,3328,3333,2409,2437,2504
8/11/2019 3:30,817,795,731,3305,3310,3330,2488,2515,2599
8/11/2019 4:00,736,715,666,3312,3315,3349,2576,2600,2683
8/11/2019 4:30,671,609,650,3325,3330,3371,2654,2721,2721
8/11/2019 5:00,617,556,573,3358,3363,3421,2741,2807,2848
8/11/2019 5:30,574,486,500,3474,3478,3528,2900,2992,3028
8/11/2019 6:00,531,441,424,3695,3697,3783,3164,3256,3359
8/11/2019 6:30,490,374,349,4042,4051,4107,3552,3677,3758
8/11/2019 7:00,450,333,285,4474,4492,4602,4024,4159,4317
8/11/2019 7:30,410,289,271,4807,4803,4955,4397,4514,4684
8/11/2019 8:00,355,253,271,5007,4959,5141,4652,4706,4870
8/11/2019 8:30,286,216,232,5132,5074,5192,4846,4858,4960
8/11/2019 9:00,227,175,184,5199,5169,5266,4972,4994,5082
8/11/2019 9:30,178,143,128,5218,5201,5337,5040,5058,5209
8/11/2019 10:00,138,118,98,5200,5186,5288,5062,5068,5190
8/11/2019 10:30,106,89,72,5180,5169,5269,5074,5080,5197
8/11/2019 11:00,86,83,27,5167,5168,5264,5081,5085,5237
8/11/2019 11:30,77,106,0,5161,5175,5224,5084,5069,5224
8/11/2019 12:00,70,104,44,5158,5188,5194,5088,5084,5150
8/11/2019 12:30,65,95,0,5136,5168,5197,5071,5073,5197
8/11/2019 13:00,63,98,0,5093,5118,5138,5030,5020,5138
8/11/2019 13:30,66,89,0,5038,5064,5058,4972,4975,5058
8/11/2019 14:00,70,98,0,4987,5023,5052,4917,4925,5052
8/11/2019 14:30,77,93,24,4991,5022,5049,4914,4929,5025
8/11/2019 15:00,92,115,66,5048,5061,5060,4956,4946,4994
8/11/2019 15:30,113,141,108,5096,5098,5110,4983,4957,5002
8/11/2019 16:00,148,197,160,5166,5165,5198,5018,4968,5038
8/11/2019 16:30,197,275,201,5430,5432,5410,5233,5157,5209
8/11/2019 17:00,263,358,275,5838,5847,5796,5575,5489,5521
8/11/2019 17:30,347,442,327,6003,6021,5997,5656,5579,5670
8/11/2019 18:00,459,566,433,5891,5915,5943,5432,5349,5510
8/11/2019 18:30,600,702,598,5751,5762,5782,5151,5060,5184
8/11/2019 19:00,764,869,818,5635,5622,5594,4871,4753,4776
8/11/2019 19:30,951,1064,1088,5499,5476,5409,4548,4412,4321
8/11/2019 20:00,1127,1220,1250,5335,5323,5233,4208,4103,3983
8/11/2019 20:30,1294,1283,1326,5154,5152,5088,3860,3869,3762
8/11/2019 21:00,1473,1454,1451,4956,4961,4917,3483,3507,3466
8/11/2019 21:30,1665,1661,1647,4729,4734,4709,3064,3073,3062
8/11/2019 22:00,1849,1887,1809,4484,4485,4480,2635,2598,2671
8/11/2019 22:30,2024,2127,2120,4287,4289,4284,2263,2162,2164
8/11/2019 23:00,2362,2333,2427,4146,4147,4188,1784,1814,1761
8/11/2019 23:30,2470,2549,2668,4000,4001,4083,1530,1452,1415
9/11/2019 0:00,2514,2645,2795,3841,3842,3881,1327,1197,1086
9/11/2019 0:30,2494,2659,2816,3694,3696,3712,1200,1037,896
9/11/2019 1:00,2440,2628,2813,3564,3563,3593,1124,935,780
9/11/2019 1:30,2353,2531,2544,3453,3451,3429,1100,920,885
9/11/2019 2:00,2299,2470,2447,3361,3359,3328,1062,889,881
9/11/2019 2:30,2280,2468,2414,3295,3294,3302,1015,826,888
9/11/2019 3:00,2242,2375,2455,3254,3252,3316,1012,877,861
9/11/2019 3:30,2187,2269,2267,3233,3230,3238,1046,961,971
9/11/2019 4:00,2116,2198,2338,3229,3226,3243,1113,1028,905
9/11/2019 4:30,2031,2225,2292,3226,3222,3219,1195,997,927
9/11/2019 5:00,1964,2156,2324,3229,3222,3218,1265,1066,894
9/11/2019 5:30,1916,1935,2269,3278,3270,3235,1362,1335,966
9/11/2019 6:00,1870,1864,2212,3383,3376,3325,1513,1512,1113
9/11/2019 6:30,1826,1935,2202,3557,3556,3466,1731,1621,1264
9/11/2019 7:00,1798,1960,2241,3782,3784,3670,1984,1824,1429
9/11/2019 7:30,1788,2042,2236,3974,3975,3814,2186,1933,1578
9/11/2019 8:00,1790,2066,2186,4128,4120,3966,2338,2054,1780
9/11/2019 8:30,1805,2292,2306,4306,4298,4209,2501,2006,1903
9/11/2019 9:00,1845,2320,2490,4504,4502,4489,2659,2182,1999
9/11/2019 9:30,1911,2398,2674,4643,4648,4690,2732,2250,2016
9/11/2019 10:00,1976,2401,2652,4713,4721,4737,2737,2320,2085
9/11/2019 10:30,2042,2377,2652,4749,4759,4813,2707,2382,2161
9/11/2019 11:00,2100,2363,2738,4766,4779,4886,2666,2416,2148
9/11/2019 11:30,2153,2314,2697,4788,4792,4892,2635,2478,2195
9/11/2019 12:00,2180,2338,2649,4813,4795,4886,2633,2457,2237
9/11/2019 12:30,2183,2433,2668,4807,4778,4903,2624,2345,2235
9/11/2019 13:00,2170,2441,2698,4767,4737,4894,2597,2296,2196
9/11/2019 13:30,2142,2613,2720,4721,4690,4864,2579,2077,2144
9/11/2019 14:00,2111,2579,2584,4680,4648,4773,2569,2069,2189
9/11/2019 14:30,2077,2705,2459,4666,4633,4720,2589,1928,2261
9/11/2019 15:00,2036,2646,2317,4683,4654,4695,2647,2008,2378
9/11/2019 15:30,1986,2553,2226,4722,4709,4726,2736,2156,2500
9/11/2019 16:00,1914,2447,2228,4808,4816,4846,2894,2369,2618
9/11/2019 16:30,1819,2263,2070,5046,5046,5080,3227,2783,3010
9/11/2019 17:00,1722,2183,1939,5388,5356,5408,3666,3173,3469
9/11/2019 17:30,1621,2143,1794,5531,5490,5561,3910,3347,3767
9/11/2019 18:00,1566,2124,1818,5445,5418,5520,3879,3294,3702
9/11/2019 18:30,1556,1986,1777,5311,5276,5387,3755,3290,3610
9/11/2019 19:00,1537,1975,1792,5175,5115,5248,3638,3140,3456
9/11/2019 19:30,1508,1939,1634,5042,4963,5060,3534,3024,3426
9/11/2019 20:00,1478,1908,1573,4911,4829,4890,3433,2921,3317
9/11/2019 20:30,1448,1637,1567,4770,4690,4768,3322,3053,3201
9/11/2019 21:00,1424,1557,1488,4614,4546,4620,3190,2989,3132
9/11/2019 21:30,1407,1389,1399,4431,4371,4459,3024,2982,3060
9/11/2019 22:00,1344,1320,1341,4231,4188,4330,2887,2868,2989
9/11/2019 22:30,1235,1300,1202,4072,4048,4140,2837,2748,2938
9/11/2019 23:00,1400,1225,1106,3953,3958,4075,2553,2733,2969
9/11/2019 23:30,1325,1065,1062,3867,3874,3998,2542,2809,2936
10/11/2019 0:00,1230,975,954,3773,3779,3847,2543,2804,2893
10/11/2019 0:30,1115,926,919,3649,3656,3733,2534,2730,2814
10/11/2019 1:00,1029,837,815,3500,3505,3605,2471,2668,2790
10/11/2019 1:30,973,733,694,3377,3381,3495,2404,2648,2801
10/11/2019 2:00,912,664,639,3290,3294,3423,2378,2630,2784
10/11/2019 2:30,847,605,591,3230,3235,3348,2383,2630,2757
10/11/2019 3:00,785,543,511,3192,3199,3283,2407,2656,2772
10/11/2019 3:30,727,484,449,3168,3177,3242,2441,2693,2793
10/11/2019 4:00,652,410,393,3154,3165,3229,2502,2755,2836
10/11/2019 4:30,560,341,329,3144,3157,3206,2584,2816,2877
10/11/2019 5:00,483,278,294,3141,3153,3220,2658,2875,2926
10/11/2019 5:30,420,202,270,3160,3170,3216,2740,2968,2946
10/11/2019 6:00,368,182,268,3203,3213,3283,2835,3031,3015
10/11/2019 6:30,327,192,271,3263,3274,3355,2936,3082,3084
10/11/2019 7:00,304,203,302,3345,3354,3474,3041,3151,3172
10/11/2019 7:30,301,229,317,3464,3462,3548,3163,3233,3231
10/11/2019 8:00,295,257,366,3624,3609,3649,3329,3352,3283
10/11/2019 8:30,287,319,367,3829,3821,3834,3542,3502,3467
10/11/2019 9:00,298,360,363,4063,4085,4075,3765,3725,3712
10/11/2019 9:30,328,451,406,4252,4286,4254,3924,3835,3848
10/11/2019 10:00,357,502,412,4383,4413,4423,4026,3911,4011
10/11/2019 10:30,383,563,450,4476,4504,4519,4093,3941,4069
10/11/2019 11:00,417,615,498,4541,4571,4584,4124,3956,4086
10/11/2019 11:30,459,679,569,4593,4626,4635,4134,3947,4066
10/11/2019 12:00,520,754,645,4631,4669,4720,4111,3915,4075
10/11/2019 12:30,598,833,847,4639,4683,4763,4041,3850,3916
10/11/2019 13:00,699,1009,1089,4615,4662,4798,3916,3653,3709
10/11/2019 13:30,824,1259,1410,4570,4623,4751,3746,3364,3341
10/11/2019 14:00,1002,1515,1808,4516,4572,4718,3514,3057,2910
10/11/2019 14:30,1236,1858,2210,4493,4536,4691,3257,2678,2481
10/11/2019 15:00,1455,2108,2588,4517,4536,4705,3062,2428,2117
10/11/2019 15:30,1659,2342,2792,4602,4635,4798,2943,2293,2006
10/11/2019 16:00,1856,2567,2816,4755,4834,4931,2899,2267,2115
10/11/2019 16:30,2045,2842,2647,4988,5071,5158,2943,2229,2511
10/11/2019 17:00,2275,3032,2938,5255,5302,5398,2980,2270,2460
10/11/2019 17:30,2547,3299,3284,5368,5398,5520,2821,2099,2236
10/11/2019 18:00,2764,3387,3452,5309,5344,5430,2545,1957,1978
10/11/2019 18:30,2925,3531,3446,5189,5232,5328,2264,1701,1882
10/11/2019 19:00,3055,3478,3484,5045,5094,5200,1990,1616,1716
10/11/2019 19:30,3155,3310,3426,4908,4951,5075,1753,1641,1649
10/11/2019 20:00,3206,3289,3349,4782,4811,4926,1576,1522,1577
10/11/2019 20:30,3208,3240,3479,4648,4674,4818,1440,1434,1339
10/11/2019 21:00,3093,3229,3334,4500,4536,4644,1407,1307,1310
10/11/2019 21:30,2861,3270,3270,4324,4363,4398,1463,1093,1128
10/11/2019 22:00,2716,3173,3173,4133,4171,4190,1417,998,1017
10/11/2019 22:30,2658,3102,3102,3986,4021,3996,1328,919,894
10/11/2019 23:00,2946,3055,3055,3924,3926,3886,978,871,831
10/11/2019 23:30,2975,3086,3086,3795,3800,3747,820,714,661
11/11/2019 0:00,2991,3092,2504,3634,3638,3587,643,546,1083
11/11/2019 0:30,2993,3026,2455,3503,3509,3452,510,483,997
11/11/2019 1:00,2978,2990,2504,3411,3415,3363,433,425,859
11/11/2019 1:30,2946,2931,2463,3334,3338,3294,388,407,831
11/11/2019 2:00,2889,2894,2367,3268,3272,3228,379,378,861
11/11/2019 2:30,2809,2783,2318,3217,3224,3198,408,441,880
11/11/2019 3:00,2764,2759,2278,3185,3191,3167,421,432,889
11/11/2019 3:30,2756,2699,2295,3173,3180,3149,417,481,854
11/11/2019 4:00,2745,2699,2329,3179,3185,3159,434,486,830
11/11/2019 4:30,2731,2623,2322,3194,3201,3172,463,578,850
11/11/2019 5:00,2733,2665,2348,3233,3239,3230,500,574,882
11/11/2019 5:30,2749,2676,2448,3376,3383,3317,627,707,869
11/11/2019 6:00,2769,2762,2671,3640,3649,3606,871,887,935
11/11/2019 6:30,2792,2813,2747,4025,4036,3933,1233,1223,1186
11/11/2019 7:00,2765,2866,3050,4485,4495,4479,1720,1629,1429
11/11/2019 7:30,2686,2875,3139,4833,4843,4867,2147,1968,1728
11/11/2019 8:00,2647,2900,3160,5037,5043,5034,2390,2143,1874
11/11/2019 8:30,2648,2934,2988,5160,5161,5054,2512,2227,2066
11/11/2019 9:00,2653,2930,2991,5224,5219,5184,2571,2289,2193
11/11/2019 9:30,2662,2942,3036,5255,5253,5270,2593,2311,2234
11/11/2019 10:00,2636,2964,2944,5263,5271,5264,2627,2307,2320
11/11/2019 10:30,2576,3067,3024,5260,5265,5264,2684,2198,2240
11/11/2019 11:00,2601,3089,3081,5255,5251,5274,2654,2162,2193
11/11/2019 11:30,2713,3149,3112,5260,5257,5296,2547,2108,2184
11/11/2019 12:00,2790,3165,3060,5271,5278,5301,2481,2113,2241
11/11/2019 12:30,2832,3155,3050,5259,5270,5328,2427,2115,2278
11/11/2019 13:00,2883,3195,3072,5222,5228,5301,2339,2033,2229
11/11/2019 13:30,2943,3221,3076,5196,5196,5212,2253,1975,2136
11/11/2019 14:00,3004,3267,3140,5188,5183,5253,2184,1916,2113
11/11/2019 14:30,3065,3176,3165,5195,5199,5282,2130,2023,2117
11/11/2019 15:00,3063,3175,3211,5225,5243,5326,2162,2068,2115
11/11/2019 15:30,2998,3109,3148,5303,5316,5404,2305,2207,2256
11/11/2019 16:00,2958,3103,2991,5453,5444,5483,2495,2341,2492
11/11/2019 16:30,2942,3060,3083,5743,5736,5785,2801,2676,2702
11/11/2019 17:00,2915,3078,3227,6114,6132,6169,3199,3054,2942
11/11/2019 17:30,2879,3167,3243,6256,6278,6302,3377,3111,3059
11/11/2019 18:00,2844,3207,3345,6141,6143,6203,3297,2936,2858
11/11/2019 18:30,2811,3260,3253,5979,5973,6027,3168,2713,2774
11/11/2019 19:00,2808,3277,3198,5817,5822,5867,3009,2545,2669
11/11/2019 19:30,2834,3355,3220,5648,5673,5717,2814,2318,2497
11/11/2019 20:00,2844,3336,3197,5471,5498,5556,2627,2162,2359
11/11/2019 20:30,2840,3284,3208,5295,5316,5406,2455,2032,2198
11/11/2019 21:00,2832,3256,3205,5110,5118,5201,2278,1862,1996
11/11/2019 21:30,2821,3244,3243,4874,4871,4953,2053,1627,1710
11/11/2019 22:00,2809,3190,3209,4600,4593,4668,1791,1403,1459
11/11/2019 22:30,2796,3103,3100,4377,4355,4360,1581,1252,1260
11/11/2019 23:00,3142,3064,2994,4163,4173,4205,1021,1109,1211
11/11/2019 23:30,3104,3025,2877,3969,3978,4012,865,953,1135
12/11/2019 0:00,3067,2993,2756,3767,3771,3835,700,778,1079
12/11/2019 0:30,3029,2927,2745,3615,3616,3676,586,689,931
12/11/2019 1:00,2985,2917,2728,3519,3519,3602,534,602,874
12/11/2019 1:30,2934,2972,2713,3440,3441,3510,506,469,797
12/11/2019 2:00,2905,2937,2703,3373,3378,3474,468,441,771
12/11/2019 2:30,2897,2838,2673,3322,3333,3404,425,495,731
12/11/2019 3:00,2894,2820,2601,3291,3309,3362,397,489,761
12/11/2019 3:30,2896,2772,2548,3280,3303,3312,384,531,764
12/11/2019 4:00,2890,2775,2524,3287,3314,3311,397,539,787
12/11/2019 4:30,2875,2728,2543,3303,3332,3344,428,604,801
12/11/2019 5:00,2892,2753,2562,3346,3371,3389,454,618,827
12/11/2019 5:30,2940,2795,2645,3486,3509,3444,546,714,799
12/11/2019 6:00,3005,2886,2824,3743,3767,3754,738,881,930
12/11/2019 6:30,3085,3017,2996,4124,4151,4101,1039,1134,1105
12/11/2019 7:00,3131,3104,3324,4584,4609,4620,1453,1505,1296
12/11/2019 7:30,3144,3086,3374,4935,4944,5050,1791,1858,1676
12/11/2019 8:00,3159,3110,3168,5141,5120,5152,1982,2010,1984
12/11/2019 8:30,3177,3155,3228,5254,5226,5229,2077,2071,2001
12/11/2019 9:00,3171,3170,3185,5296,5285,5311,2125,2115,2126
12/11/2019 9:30,3143,3188,3081,5316,5314,5384,2173,2126,2303
12/11/2019 10:00,3096,3169,3095,5325,5324,5367,2229,2155,2272
12/11/2019 10:30,3033,3127,2985,5317,5316,5345,2284,2189,2360
12/11/2019 11:00,3025,3189,2898,5299,5298,5289,2274,2109,2391
12/11/2019 11:30,3074,3182,2870,5301,5300,5285,2227,2118,2415
12/11/2019 12:00,3087,3165,2882,5318,5322,5281,2231,2157,2399
12/11/2019 12:30,3065,3105,2867,5306,5306,5289,2241,2201,2422
12/11/2019 13:00,2995,3001,2847,5262,5252,5253,2267,2251,2406
12/11/2019 13:30,2878,2806,2677,5226,5217,5165,2348,2411,2488
12/11/2019 14:00,2737,2671,2553,5209,5212,5176,2472,2541,2623
12/11/2019 14:30,2572,2612,2390,5223,5224,5145,2651,2612,2755
12/11/2019 15:00,2418,2456,2257,5269,5253,5167,2851,2797,2910
12/11/2019 15:30,2277,2251,2046,5342,5320,5279,3065,3069,3233
12/11/2019 16:00,2144,2079,1929,5469,5450,5402,3325,3371,3473
12/11/2019 16:30,2021,1928,1873,5767,5743,5718,3746,3815,3845
12/11/2019 17:00,1889,1804,1686,6173,6135,6099,4284,4331,4413
12/11/2019 17:30,1750,1667,1529,6325,6285,6237,4575,4618,4708
12/11/2019 18:00,1637,1594,1346,6195,6158,6161,4558,4564,4815
12/11/2019 18:30,1551,1481,1236,6029,5996,6041,4478,4515,4805
12/11/2019 19:00,1468,1437,1238,5883,5851,5902,4415,4414,4664
12/11/2019 19:30,1389,1419,1332,5728,5699,5706,4339,4280,4374
12/11/2019 20:00,1297,1362,1394,5557,5536,5577,4260,4174,4183
12/11/2019 20:30,1195,1293,1289,5379,5358,5439,4184,4065,4150
12/11/2019 21:00,1114,1198,1241,5185,5158,5241,4071,3960,4000
12/11/2019 21:30,1056,991,1219,4947,4918,5011,3891,3927,3792
12/11/2019 22:00,995,878,1068,4676,4652,4754,3681,3774,3686
12/11/2019 22:30,931,785,912,4449,4431,4463,3518,3646,3551
12/11/2019 23:00,841,748,856,4258,4257,4305,3417,3509,3449
12/11/2019 23:30,793,810,847,4075,4068,4119,3282,3258,3272
13/11/2019 0:00,780,828,806,3881,3873,3930,3101,3045,3124
13/11/2019 0:30,802,851,825,3730,3722,3771,2928,2871,2946
13/11/2019 1:00,798,845,744,3627,3619,3677,2829,2774,2933
13/11/2019 1:30,770,834,768,3543,3535,3600,2773,2701,2832
13/11/2019 2:00,742,806,726,3471,3462,3542,2729,2656,2816
13/11/2019 2:30,716,781,799,3416,3407,3476,2700,2626,2677
13/11/2019 3:00,696,783,823,3380,3370,3439,2684,2587,2616
13/11/2019 3:30,682,768,827,3370,3360,3409,2688,2592,2582
13/11/2019 4:00,679,809,893,3384,3372,3407,2705,2563,2514
13/11/2019 4:30,686,835,887,3401,3389,3432,2715,2554,2545
13/11/2019 5:00,714,876,938,3437,3423,3459,2723,2547,2521
13/11/2019 5:30,764,919,856,3568,3553,3578,2804,2634,2722
13/11/2019 6:00,816,955,875,3816,3801,3840,3000,2846,2965
13/11/2019 6:30,869,1041,920,4189,4181,4166,3320,3140,3246
13/11/2019 7:00,944,1121,982,4642,4642,4656,3698,3521,3674
13/11/2019 7:30,1041,1258,1171,4990,4978,5062,3949,3720,3891
13/11/2019 8:00,1132,1335,1257,5199,5154,5205,4067,3819,3948
13/11/2019 8:30,1216,1466,1470,5313,5268,5247,4097,3802,3777
13/11/2019 9:00,1227,1465,1477,5356,5338,5348,4129,3873,3871
13/11/2019 9:30,1163,1338,1199,5381,5372,5406,4218,4034,4207
13/11/2019 10:00,1134,1305,1086,5399,5381,5417,4265,4076,4331
13/11/2019 10:30,1139,1318,1144,5396,5368,5427,4257,4050,4283
13/11/2019 11:00,1191,1381,1307,5380,5355,5449,4189,3974,4142
13/11/2019 11:30,1293,1471,1292,5385,5356,5429,4092,3885,4137
13/11/2019 12:00,1373,1526,1532,5407,5373,5461,4034,3847,3929
13/11/2019 12:30,1433,1588,1606,5406,5370,5493,3973,3782,3887
13/11/2019 13:00,1462,1630,1575,5378,5346,5462,3916,3716,3887
13/11/2019 13:30,1459,1572,1713,5365,5325,5403,3906,3753,3690
13/11/2019 14:00,1458,1614,1691,5374,5317,5395,3916,3703,3704
13/11/2019 14:30,1458,1570,1737,5393,5323,5443,3935,3753,3706
13/11/2019 15:00,1430,1600,1727,5432,5364,5546,4002,3764,3819
13/11/2019 15:30,1376,1701,1696,5534,5492,5660,4158,3791,3964
13/11/2019 16:00,1340,1740,1727,5712,5711,5791,4372,3971,4064
13/11/2019 16:30,1323,1737,1894,5968,5963,6114,4645,4226,4220
13/11/2019 17:00,1329,1784,2046,6249,6204,6378,4920,4420,4332
13/11/2019 17:30,1358,1902,2135,6343,6289,6411,4985,4387,4276
13/11/2019 18:00,1408,1961,2254,6237,6206,6293,4829,4245,4039
13/11/2019 18:30,1477,2087,2310,6087,6065,6148,4610,3978,3838
13/11/2019 19:00,1528,2123,2322,5933,5907,5946,4405,3784,3624
13/11/2019 19:30,1560,2130,2442,5774,5747,5736,4214,3617,3294
13/11/2019 20:00,1604,2117,2516,5607,5588,5610,4003,3471,3094
13/11/2019 20:30,1660,1942,2554,5425,5415,5405,3765,3473,2851
13/11/2019 21:00,1743,1943,2449,5222,5221,5190,3479,3278,2741
13/11/2019 21:30,1855,1995,2411,4979,4982,4927,3124,2987,2516
13/11/2019 22:00,1970,2063,2331,4711,4709,4622,2741,2646,2291
13/11/2019 22:30,2086,2197,2414,4488,4470,4378,2402,2273,1964
13/11/2019 23:00,2292,2321,2681,4300,4294,4261,2008,1973,1580
13/11/2019 23:30,2413,2624,2832,4119,4115,4103,1706,1491,1271
14/11/2019 0:00,2509,2728,2851,3935,3929,3942,1426,1201,1091
14/11/2019 0:30,2582,2857,2805,3790,3786,3815,1208,929,1010
14/11/2019 1:00,2625,2862,2856,3690,3687,3704,1065,825,848
14/11/2019 1:30,2640,2742,2907,3609,3610,3631,969,868,724
14/11/2019 2:00,2635,2722,2803,3542,3542,3566,907,820,763
14/11/2019 2:30,2610,2798,2754,3486,3488,3503,876,690,749
14/11/2019 3:00,2584,2765,2729,3444,3444,3455,860,679,726
14/11/2019 3:30,2557,2726,2653,3430,3432,3426,873,706,773
14/11/2019 4:00,2523,2687,2643,3443,3445,3445,920,758,802
14/11/2019 4:30,2483,2596,2610,3460,3461,3453,977,865,843
14/11/2019 5:00,2464,2572,2617,3494,3493,3521,1030,921,904
14/11/2019 5:30,2467,2601,2655,3629,3628,3609,1162,1027,954
14/11/2019 6:00,2481,2612,2762,3885,3884,3872,1404,1272,1110
14/11/2019 6:30,2506,2657,2817,4255,4260,4219,1749,1603,1402
14/11/2019 7:00,2511,2668,2806,4693,4704,4677,2182,2036,1871
14/11/2019 7:30,2495,2650,2818,5032,5033,5090,2537,2383,2272
14/11/2019 8:00,2486,2635,2825,5238,5210,5256,2752,2575,2431
14/11/2019 8:30,2487,2691,2765,5343,5308,5276,2856,2617,2511
14/11/2019 9:00,2486,2681,2730,5369,5345,5345,2883,2664,2615
14/11/2019 9:30,2484,2717,2677,5372,5358,5415,2888,2641,2738
14/11/2019 10:00,2482,2703,2728,5364,5361,5408,2882,2658,2680
14/11/2019 10:30,2478,2681,2749,5337,5356,5365,2859,2675,2616
14/11/2019 11:00,2537,2695,2792,5298,5346,5375,2761,2651,2583
14/11/2019 11:30,2659,2760,2962,5283,5347,5378,2624,2587,2416
14/11/2019 12:00,2753,2814,3111,5292,5341,5370,2539,2527,2259
14/11/2019 12:30,2819,2868,3188,5280,5320,5403,2461,2452,2215
14/11/2019 13:00,2858,2903,3241,5246,5285,5366,2388,2382,2125
14/11/2019 13:30,2870,2932,3179,5218,5263,5255,2348,2331,2076
14/11/2019 14:00,2874,2924,3142,5206,5260,5273,2332,2336,2131
14/11/2019 14:30,2871,2946,3069,5219,5276,5266,2348,2330,2197
14/11/2019 15:00,2847,2906,3075,5261,5315,5329,2414,2409,2254
14/11/2019 15:30,2804,2951,2859,5352,5388,5354,2548,2437,2495
14/11/2019 16:00,2787,2911,2880,5511,5520,5494,2724,2609,2614
14/11/2019 16:30,2798,2918,2829,5799,5807,5779,3001,2889,2950
14/11/2019 17:00,2807,2886,2786,6159,6191,6121,3352,3305,3335
14/11/2019 17:30,2814,2825,2803,6302,6343,6209,3488,3518,3406
14/11/2019 18:00,2818,2805,2893,6205,6231,6179,3387,3426,3286
14/11/2019 18:30,2820,2881,2844,6058,6065,6043,3238,3184,3199
14/11/2019 19:00,2822,2869,2862,5910,5901,5924,3088,3032,3062
14/11/2019 19:30,2824,2768,2782,5761,5740,5783,2937,2972,3001
14/11/2019 20:00,2811,2736,2761,5606,5580,5615,2795,2844,2854
14/11/2019 20:30,2785,2739,2790,5437,5396,5487,2652,2657,2697
14/11/2019 21:00,2760,2692,2787,5244,5184,5265,2484,2492,2478
14/11/2019 21:30,2737,2643,2810,5002,4928,5034,2265,2285,2224
14/11/2019 22:00,2713,2598,2662,4727,4646,4744,2014,2048,2082
14/11/2019 22:30,2687,2572,2619,4503,4433,4480,1816,1861,1861
14/11/2019 23:00,2508,2533,2723,4281,4285,4369,1773,1752,1646
14/11/2019 23:30,2516,2456,2710,4125,4127,4215,1609,1671,1505
15/11/2019 0:00,2513,2433,2757,3953,3957,4025,1440,1524,1268
15/11/2019 0:30,2501,2448,2764,3810,3814,3915,1309,1366,1151
15/11/2019 1:00,2477,2436,2807,3703,3707,3793,1226,1271,986
15/11/2019 1:30,2444,2469,2739,3615,3619,3688,1171,1150,949
15/11/2019 2:00,2412,2456,2585,3541,3545,3604,1129,1089,1019
15/11/2019 2:30,2382,2527,2534,3480,3485,3536,1098,958,1002
15/11/2019 3:00,2373,2495,2543,3434,3438,3471,1061,943,928
15/11/2019 3:30,2384,2426,2632,3418,3422,3501,1034,996,869
15/11/2019 4:00,2389,2413,2568,3429,3433,3471,1040,1020,903
15/11/2019 4:30,2387,2406,2578,3445,3449,3483,1058,1043,905
15/11/2019 5:00,2382,2397,2518,3479,3485,3510,1097,1088,992
15/11/2019 5:30,2374,2402,2424,3612,3617,3589,1238,1215,1165
15/11/2019 6:00,2364,2406,2413,3862,3867,3853,1498,1461,1440
15/11/2019 6:30,2351,2443,2510,4219,4230,4174,1868,1787,1664
15/11/2019 7:00,2329,2428,2466,4641,4659,4653,2312,2231,2187
15/11/2019 7:30,2295,2384,2420,4969,4969,5098,2674,2585,2678
15/11/2019 8:00,2265,2333,2389,5174,5134,5215,2909,2801,2826
15/11/2019 8:30,2239,2287,2357,5291,5244,5271,3052,2957,2914
15/11/2019 9:00,2189,2230,2290,5339,5311,5366,3150,3081,3076
15/11/2019 9:30,2115,2188,2135,5359,5342,5434,3244,3154,3299
15/11/2019 10:00,2048,2138,2058,5361,5342,5420,3313,3204,3362
15/11/2019 10:30,1989,2064,2075,5350,5329,5415,3361,3265,3340
15/11/2019 11:00,1990,2045,2130,5331,5314,5382,3341,3269,3252
15/11/2019 11:30,2052,2089,2181,5323,5307,5353,3271,3218,3172
15/11/2019 12:00,2080,2091,2154,5324,5311,5330,3244,3220,3176
15/11/2019 12:30,2076,2087,2183,5302,5290,5331,3226,3203,3148
15/11/2019 13:00,2032,2027,2150,5259,5248,5272,3227,3221,3122
15/11/2019 13:30,1946,1881,2021,5223,5211,5202,3277,3330,3181
15/11/2019 14:00,1850,1788,1871,5204,5190,5183,3354,3402,3312
15/11/2019 14:30,1742,1725,1708,5202,5181,5182,3460,3456,3474
15/11/2019 15:00,1637,1603,1484,5226,5198,5179,3589,3595,3695
15/11/2019 15:30,1534,1488,1350,5300,5279,5268,3766,3791,3918
15/11/2019 16:00,1447,1394,1370,5442,5436,5391,3995,4042,4021
15/11/2019 16:30,1376,1391,1360,5698,5676,5663,4322,4285,4303
15/11/2019 17:00,1315,1389,1358,6014,5952,5966,4699,4563,4608
15/11/2019 17:30,1264,1381,1382,6140,6064,6077,4876,4683,4695
15/11/2019 18:00,1213,1360,1368,6052,5993,6028,4839,4633,4660
15/11/2019 18:30,1161,1325,1325,5909,5870,5895,4748,4545,4570
15/11/2019 19:00,1103,1278,1264,5754,5740,5754,4651,4462,4490
15/11/2019 19:30,1041,1212,1168,5603,5602,5611,4562,4390,4443
15/11/2019 20:00,984,1152,1160,5453,5457,5440,4469,4305,4280
15/11/2019 20:30,933,1113,1083,5282,5292,5289,4349,4179,4206
15/11/2019 21:00,879,1046,1003,5082,5102,5114,4203,4056,4111
15/11/2019 21:30,820,978,962,4843,4871,4931,4023,3893,3969
15/11/2019 22:00,770,916,895,4588,4618,4716,3818,3702,3821
15/11/2019 22:30,730,854,809,4404,4440,4523,3674,3586,3714
15/11/2019 23:00,864,810,733,4320,4327,4420,3456,3517,3687
15/11/2019 23:30,832,762,673,4193,4200,4297,3361,3438,3624
16/11/2019 0:00,787,729,609,4040,4046,4109,3253,3317,3500
16/11/2019 0:30,730,678,557,3896,3903,3937,3166,3225,3380
16/11/2019 1:00,687,647,541,3768,3774,3818,3081,3127,3277
16/11/2019 1:30,658,640,479,3659,3664,3714,3001,3024,3235
16/11/2019 2:00,627,605,462,3568,3571,3627,2941,2966,3165
16/11/2019 2:30,595,510,426,3493,3495,3547,2898,2985,3121
16/11/2019 3:00,557,469,362,3434,3436,3489,2877,2967,3127
16/11/2019 3:30,513,381,357,3403,3404,3469,2890,3023,3112
16/11/2019 4:00,476,363,325,3396,3396,3456,2920,3033,3131
16/11/2019 4:30,446,332,272,3392,3394,3429,2946,3062,3157
16/11/2019 5:00,425,324,256,3396,3400,3439,2971,3076,3183
16/11/2019 5:30,413,309,267,3442,3446,3467,3029,3137,3200
16/11/2019 6:00,396,288,254,3543,3546,3583,3147,3258,3329
16/11/2019 6:30,374,269,206,3717,3726,3716,3343,3457,3510
16/11/2019 7:00,343,234,174,3949,3963,3909,3606,3729,3735
16/11/2019 7:30,303,199,164,4155,4157,4112,3852,3958,3948
16/11/2019 8:00,274,167,154,4327,4299,4254,4053,4132,4100
16/11/2019 8:30,256,104,143,4508,4476,4488,4252,4372,4345
16/11/2019 9:00,230,88,108,4696,4679,4740,4466,4591,4632
16/11/2019 9:30,198,79,94,4832,4827,4911,4634,4748,4817
16/11/2019 10:00,169,71,84,4906,4908,5012,4737,4837,4928
16/11/2019 10:30,142,51,0,4943,4958,5068,4801,4907,5068
16/11/2019 11:00,122,48,0,4956,4985,5102,4834,4937,5102
16/11/2019 11:30,108,42,0,4978,5007,5120,4870,4965,5120
16/11/2019 12:00,101,42,0,5008,5025,5143,4907,4983,5143
16/11/2019 12:30,100,46,0,5008,5014,5157,4908,4968,5157
16/11/2019 13:00,102,49,0,4975,4974,5123,4873,4925,5123
16/11/2019 13:30,107,61,0,4933,4927,5049,4826,4866,5049
16/11/2019 14:00,119,65,0,4893,4884,5005,4774,4819,5005
16/11/2019 14:30,137,65,0,4870,4862,4971,4733,4797,4971
16/11/2019 15:00,150,72,0,4882,4879,4968,4732,4807,4968
16/11/2019 15:30,160,70,0,4985,4984,5011,4825,4914,5011
16/11/2019 16:00,172,80,0,5175,5176,5121,5003,5096,5121
16/11/2019 16:30,185,92,0,5381,5393,5411,5196,5301,5411
16/11/2019 17:00,194,105,0,5564,5594,5728,5370,5489,5728
16/11/2019 17:30,197,116,0,5633,5668,5826,5436,5552,5826
16/11/2019 18:00,199,124,0,5584,5607,5746,5385,5483,5746
16/11/2019 18:30,199,128,0,5484,5493,5599,5285,5365,5599
16/11/2019 19:00,205,130,0,5357,5360,5433,5152,5230,5433
16/11/2019 19:30,217,132,0,5224,5216,5259,5007,5084,5259
16/11/2019 20:00,232,138,0,5090,5073,5086,4858,4935,5086
16/11/2019 20:30,251,136,0,4943,4929,4954,4692,4793,4954
16/11/2019 21:00,272,145,0,4779,4783,4803,4507,4638,4803
16/11/2019 21:30,294,154,44,4585,4604,4643,4291,4450,4599
16/11/2019 22:00,319,164,73,4376,4403,4477,4057,4239,4404
16/11/2019 22:30,348,174,137,4221,4257,4310,3873,4083,4173
16/11/2019 23:00,291,188,146,4168,4170,4249,3877,3982,4103
16/11/2019 23:30,321,184,80,4074,4079,4137,3753,3895,4057
17/11/2019 0:00,350,219,160,3960,3967,3987,3610,3748,3827
17/11/2019 0:30,378,270,188,3828,3839,3843,3450,3569,3655
17/11/2019 1:00,425,328,210,3685,3698,3745,3260,3370,3535
17/11/2019 1:30,492,339,261,3563,3580,3655,3071,3241,3394
17/11/2019 2:00,570,425,305,3465,3488,3548,2895,3063,3243
17/11/2019 2:30,659,418,333,3383,3411,3467,2724,2993,3134
17/11/2019 3:00,764,485,360,3315,3347,3397,2551,2862,3037
17/11/2019 3:30,885,555,433,3271,3306,3337,2386,2751,2904
17/11/2019 4:00,1006,637,511,3250,3287,3297,2244,2650,2786
17/11/2019 4:30,1128,741,641,3234,3272,3247,2106,2531,2606
17/11/2019 5:00,1230,835,752,3225,3259,3261,1995,2424,2509
17/11/2019 5:30,1313,944,854,3250,3279,3283,1937,2335,2429
17/11/2019 6:00,1363,1068,950,3308,3331,3334,1945,2263,2384
17/11/2019 6:30,1379,1106,1127,3378,3395,3390,1999,2289,2263
17/11/2019 7:00,1399,1228,1204,3460,3470,3489,2061,2242,2285
17/11/2019 7:30,1423,1309,1370,3580,3587,3607,2157,2278,2237
17/11/2019 8:00,1443,1380,1503,3744,3748,3712,2301,2368,2209
17/11/2019 8:30,1459,1442,1602,3944,3947,3912,2485,2505,2310
17/11/2019 9:00,1484,1492,1699,4164,4166,4164,2680,2674,2465
17/11/2019 9:30,1519,1510,1847,4343,4346,4412,2824,2836,2565
17/11/2019 10:00,1528,1586,1957,4472,4478,4570,2944,2892,2613
17/11/2019 10:30,1512,1702,2038,4581,4589,4696,3069,2887,2658
17/11/2019 11:00,1513,1779,2067,4671,4682,4754,3158,2903,2687
17/11/2019 11:30,1533,1888,1940,4724,4761,4786,3191,2873,2846
17/11/2019 12:00,1561,1891,1899,4738,4799,4858,3177,2908,2959
17/11/2019 12:30,1598,1909,1927,4728,4802,4901,3130,2893,2974
17/11/2019 13:00,1605,1900,1931,4700,4772,4879,3095,2872,2948
17/11/2019 13:30,1582,2034,1953,4656,4727,4796,3074,2693,2843
17/11/2019 14:00,1522,1988,1843,4605,4674,4716,3083,2686,2873
17/11/2019 14:30,1425,2032,1787,4581,4643,4661,3156,2611,2874
17/11/2019 15:00,1348,1935,1588,4594,4644,4643,3246,2709,3055
17/11/2019 15:30,1293,1671,1572,4665,4697,4687,3372,3026,3115
17/11/2019 16:00,1256,1572,1417,4806,4819,4819,3550,3247,3402
17/11/2019 16:30,1235,1464,1447,5052,5072,5098,3817,3608,3651
17/11/2019 17:00,1207,1394,1421,5354,5407,5451,4147,4013,4030
17/11/2019 17:30,1170,1347,1370,5486,5551,5580,4316,4204,4210
17/11/2019 18:00,1133,1290,1391,5426,5478,5550,4293,4188,4159
17/11/2019 18:30,1093,1170,1319,5322,5353,5420,4229,4183,4101
17/11/2019 19:00,1043,1116,1195,5210,5220,5309,4167,4104,4114
17/11/2019 19:30,981,1042,1055,5089,5085,5177,4108,4043,4122
17/11/2019 20:00,921,985,977,4961,4952,5066,4040,3967,4089
17/11/2019 20:30,862,962,888,4831,4818,4947,3969,3856,4059
17/11/2019 21:00,809,905,800,4693,4682,4805,3884,3777,4005
17/11/2019 21:30,762,872,734,4518,4510,4605,3756,3638,3871
17/11/2019 22:00,706,793,629,4319,4323,4413,3613,3530,3784
17/11/2019 22:30,642,709,507,4181,4197,4207,3539,3488,3700
17/11/2019 23:00,671,631,455,4119,4121,4121,3448,3490,3666
17/11/2019 23:30,594,526,427,3987,3992,3981,3393,3466,3554
18/11/2019 0:00,525,458,358,3798,3802,3830,3273,3344,3472
18/11/2019 0:30,464,355,262,3659,3664,3710,3195,3309,3448
18/11/2019 1:00,407,314,254,3581,3587,3618,3174,3273,3364
18/11/2019 1:30,354,277,235,3512,3516,3544,3158,3239,3309
18/11/2019 2:00,314,264,210,3443,3447,3482,3129,3183,3272
18/11/2019 2:30,288,209,185,3392,3398,3437,3104,3189,3252
18/11/2019 3:00,275,186,186,3362,3367,3408,3087,3181,3222
18/11/2019 3:30,278,184,183,3349,3353,3398,3071,3169,3215
18/11/2019 4:00,269,189,94,3350,3351,3388,3081,3162,3294
18/11/2019 4:30,249,207,220,3364,3370,3392,3115,3163,3172
18/11/2019 5:00,239,230,113,3410,3420,3443,3171,3190,3330
18/11/2019 5:30,240,244,129,3552,3565,3543,3312,3321,3414
18/11/2019 6:00,243,261,150,3810,3822,3824,3567,3561,3674
18/11/2019 6:30,250,287,0,4183,4195,4150,3933,3908,4150
18/11/2019 7:00,271,300,0,4630,4642,4675,4359,4342,4675
18/11/2019 7:30,308,328,458,4987,4994,5111,4679,4666,4653
18/11/2019 8:00,351,383,489,5219,5217,5263,4868,4834,4774
18/11/2019 8:30,399,486,544,5347,5348,5302,4948,4862,4758
18/11/2019 9:00,434,530,569,5395,5409,5439,4961,4879,4870
18/11/2019 9:30,455,582,618,5434,5454,5546,4979,4872,4928
18/11/2019 10:00,482,615,589,5475,5493,5527,4993,4878,4938
18/11/2019 10:30,515,649,614,5483,5497,5510,4968,4848,4896
18/11/2019 11:00,533,681,597,5463,5470,5506,4930,4789,4909
18/11/2019 11:30,535,736,632,5459,5461,5496,4924,4725,4864
18/11/2019 12:00,551,778,690,5472,5476,5499,4921,4698,4809
18/11/2019 12:30,580,828,723,5458,5464,5499,4878,4636,4776
18/11/2019 13:00,619,891,838,5415,5422,5434,4796,4531,4596
18/11/2019 13:30,668,944,905,5384,5389,5329,4716,4445,4424
18/11/2019 14:00,750,1044,1002,5374,5373,5316,4624,4329,4314
18/11/2019 14:30,865,1141,1115,5379,5372,5366,4514,4231,4251
18/11/2019 15:00,995,1289,1223,5408,5399,5404,4413,4110,4181
18/11/2019 15:30,1140,1448,1288,5507,5518,5520,4367,4070,4232
18/11/2019 16:00,1279,1590,1381,5692,5737,5657,4413,4147,4276
18/11/2019 16:30,1413,1761,1551,5980,6025,6030,4567,4264,4479
18/11/2019 17:00,1537,1862,1724,6310,6324,6329,4773,4462,4605
18/11/2019 17:30,1649,1934,1865,6428,6428,6389,4779,4494,4524
18/11/2019 18:00,1758,2021,1904,6315,6318,6272,4557,4297,4368
18/11/2019 18:30,1863,2079,2050,6147,6162,6093,4284,4083,4043
18/11/2019 19:00,1954,2168,2100,5972,6001,5944,4018,3833,3844
18/11/2019 19:30,2030,2189,2232,5797,5837,5803,3767,3648,3571
18/11/2019 20:00,2103,2295,2208,5624,5666,5575,3521,3371,3367
18/11/2019 20:30,2172,2448,2234,5446,5482,5406,3274,3034,3172
18/11/2019 21:00,2237,2556,2330,5255,5276,5149,3018,2720,2819
18/11/2019 21:30,2296,2658,2343,5015,5028,4871,2719,2370,2528
18/11/2019 22:00,2350,2745,2476,4742,4750,4662,2392,2005,2186
18/11/2019 22:30,2399,2817,2567,4526,4513,4474,2127,1696,1907
18/11/2019 23:00,2748,2869,2557,4324,4324,4284,1576,1455,1727
18/11/2019 23:30,2791,2931,2642,4130,4137,4113,1339,1206,1471
19/11/2019 0:00,2801,2941,2734,3931,3934,3920,1130,993,1186
19/11/2019 0:30,2778,2874,2794,3779,3781,3764,1001,907,970
19/11/2019 1:00,2747,2849,2909,3678,3680,3686,931,831,777
19/11/2019 1:30,2707,2709,2779,3595,3600,3599,888,891,820
19/11/2019 2:00,2660,2663,2822,3522,3525,3559,862,862,737
19/11/2019 2:30,2608,2554,2829,3465,3471,3508,857,917,679
19/11/2019 3:00,2552,2514,2776,3427,3431,3442,875,917,666
19/11/2019 3:30,2493,2523,2798,3407,3414,3428,914,891,630
19/11/2019 4:00,2410,2493,2787,3405,3412,3427,995,919,640
19/11/2019 4:30,2304,2540,2775,3418,3426,3402,1114,886,627
19/11/2019 5:00,2227,2485,2776,3463,3467,3429,1236,982,653
19/11/2019 5:30,2180,2426,2785,3604,3604,3493,1424,1178,708
19/11/2019 6:00,2157,2353,2694,3858,3857,3730,1701,1504,1036
19/11/2019 6:30,2158,2346,2640,4239,4243,4092,2081,1897,1452
19/11/2019 7:00,2121,2259,2561,4701,4709,4566,2580,2450,2005
19/11/2019 7:30,2047,2238,2551,5054,5049,5054,3007,2811,2503
19/11/2019 8:00,1976,2142,2447,5263,5225,5215,3287,3083,2768
19/11/2019 8:30,1909,2222,2321,5374,5336,5241,3465,3114,2920
19/11/2019 9:00,1851,2093,2198,5412,5397,5361,3561,3304,3163
19/11/2019 9:30,1802,1987,2116,5431,5426,5435,3629,3439,3319
19/11/2019 10:00,1770,1897,1956,5442,5432,5429,3672,3535,3473
19/11/2019 10:30,1756,1816,1888,5436,5379,5434,3680,3563,3546
19/11/2019 11:00,1716,1720,1687,5417,5381,5410,3701,3661,3723
19/11/2019 11:30,1649,1610,1667,5418,5389,5415,3769,3779,3748
19/11/2019 12:00,1609,1521,1466,5434,5397,5414,3825,3876,3948
19/11/2019 12:30,1595,1474,1313,5423,5367,5417,3828,3893,4104
19/11/2019 13:00,1558,1392,1210,5384,5304,5364,3826,3912,4154
19/11/2019 13:30,1498,1290,1013,5358,5269,5246,3860,3979,4233
19/11/2019 14:00,1470,1238,957,5353,5271,5208,3883,4033,4251
19/11/2019 14:30,1473,1130,914,5354,5287,5226,3881,4157,4312
19/11/2019 15:00,1454,1121,812,5375,5326,5231,3921,4205,4419
19/11/2019 15:30,1411,1137,798,5480,5429,5308,4069,4292,4510
19/11/2019 16:00,1423,1209,905,5678,5613,5438,4255,4404,4533
19/11/2019 16:30,1489,1288,948,5946,5890,5856,4457,4602,4908
19/11/2019 17:00,1561,1377,1007,6226,6200,6156,4665,4823,5149
19/11/2019 17:30,1639,1375,1138,6323,6301,6229,4684,4926,5091
19/11/2019 18:00,1708,1460,1261,6222,6174,6122,4514,4714,4861
19/11/2019 18:30,1770,1544,1428,6077,6018,6001,4307,4474,4573
19/11/2019 19:00,1819,1624,1566,5924,5876,5860,4105,4252,4294
19/11/2019 19:30,1856,1650,1707,5768,5720,5753,3912,4070,4046
19/11/2019 20:00,1895,1729,1731,5607,5547,5561,3712,3818,3830
19/11/2019 20:30,1937,1764,1709,5430,5354,5380,3493,3590,3671
19/11/2019 21:00,1972,1851,1673,5230,5149,5168,3258,3298,3495
19/11/2019 21:30,2000,1937,1728,4989,4908,4925,2989,2971,3197
19/11/2019 22:00,2020,2008,1830,4718,4649,4703,2698,2641,2873
19/11/2019 22:30,2031,2101,1905,4485,4439,4441,2454,2338,2536
19/11/2019 23:00,2156,2135,2106,4262,4274,4291,2106,2139,2185
19/11/2019 23:30,2149,2162,2211,4081,4089,4108,1932,1927,1897
20/11/2019 0:00,2155,2178,2185,3896,3887,3935,1741,1709,1750
20/11/2019 0:30,2176,2122,2201,3753,3737,3754,1577,1615,1553
20/11/2019 1:00,2189,2144,2191,3658,3645,3625,1469,1501,1434
20/11/2019 1:30,2194,2140,2245,3582,3573,3525,1388,1433,1280
20/11/2019 2:00,2215,2163,2321,3517,3508,3482,1302,1345,1161
20/11/2019 2:30,2252,2194,2410,3459,3453,3421,1207,1259,1011
20/11/2019 3:00,2288,2203,2469,3410,3407,3388,1122,1204,919
20/11/2019 3:30,2324,2261,2448,3389,3389,3355,1065,1128,907
20/11/2019 4:00,2330,2270,2469,3394,3393,3354,1064,1123,885
20/11/2019 4:30,2307,2278,2454,3398,3402,3337,1091,1124,883
20/11/2019 5:00,2317,2316,2482,3419,3429,3397,1102,1113,915
20/11/2019 5:30,2358,2400,2482,3543,3553,3496,1185,1153,1014
20/11/2019 6:00,2416,2441,2457,3793,3800,3748,1377,1359,1291
20/11/2019 6:30,2491,2517,2503,4168,4183,4041,1677,1666,1538
20/11/2019 7:00,2561,2523,2505,4623,4652,4533,2062,2129,2028
20/11/2019 7:30,2628,2543,2457,4971,4992,4940,2343,2449,2483
20/11/2019 8:00,2667,2532,2435,5178,5169,5096,2511,2637,2661
20/11/2019 8:30,2678,2402,2321,5289,5274,5146,2611,2872,2825
20/11/2019 9:00,2673,2384,2213,5329,5328,5235,2656,2944,3022
20/11/2019 9:30,2653,2377,2126,5351,5354,5306,2698,2977,3180
20/11/2019 10:00,2622,2387,2002,5367,5360,5333,2745,2973,3331
20/11/2019 10:30,2580,2428,2015,5367,5352,5342,2787,2924,3327
20/11/2019 11:00,2529,2444,2020,5355,5333,5360,2826,2889,3340
20/11/2019 11:30,2470,2238,2005,5364,5340,5362,2894,3102,3357
20/11/2019 12:00,2465,2236,1952,5390,5366,5406,2925,3130,3454
20/11/2019 12:30,2515,2239,1958,5384,5366,5441,2869,3127,3483
20/11/2019 13:00,2558,2263,2004,5347,5331,5418,2789,3068,3414
20/11/2019 13:30,2596,2202,2051,5322,5300,5367,2726,3098,3316
20/11/2019 14:00,2633,2275,2093,5321,5279,5390,2688,3004,3297
20/11/2019 14:30,2669,2290,2185,5343,5283,5412,2674,2993,3227
20/11/2019 15:00,2683,2348,2292,5402,5328,5461,2719,2980,3169
20/11/2019 15:30,2675,2369,2373,5545,5469,5562,2870,3100,3189
20/11/2019 16:00,2694,2435,2386,5768,5705,5725,3074,3270,3339
20/11/2019 16:30,2740,2487,2516,6005,5948,6064,3265,3461,3548
20/11/2019 17:00,2785,2572,2510,6209,6157,6205,3424,3585,3695
20/11/2019 17:30,2827,2671,2582,6259,6213,6240,3432,3542,3658
20/11/2019 18:00,2857,2737,2707,6155,6115,6127,3298,3378,3420
20/11/2019 18:30,2874,2777,2871,6014,5981,5974,3140,3204,3103
20/11/2019 19:00,2868,2855,3119,5863,5845,5820,2995,2990,2701
20/11/2019 19:30,2838,2941,3248,5703,5694,5700,2865,2753,2452
20/11/2019 20:00,2811,2972,3384,5532,5533,5548,2721,2561,2164
20/11/2019 20:30,2788,3040,3411,5344,5352,5362,2556,2312,1951
20/11/2019 21:00,2762,3022,3312,5136,5150,5184,2374,2128,1872
20/11/2019 21:30,2734,3020,3155,4899,4910,4878,2165,1890,1723
20/11/2019 22:00,2687,2953,3001,4646,4649,4602,1959,1696,1601
20/11/2019 22:30,2620,2932,2895,4433,4431,4376,1813,1499,1481
20/11/2019 23:00,2712,2825,2787,4253,4252,4222,1541,1427,1435
20/11/2019 23:30,2639,2766,2648,4065,4062,4049,1426,1296,1401
21/11/2019 0:00,2556,2651,2442,3865,3859,3874,1309,1208,1432
21/11/2019 0:30,2463,2551,2241,3705,3698,3708,1242,1147,1467
21/11/2019 1:00,2382,2434,2125,3592,3586,3616,1210,1152,1491
21/11/2019 1:30,2315,2239,2083,3504,3502,3538,1189,1263,1455
21/11/2019 2:00,2252,2133,2016,3434,3433,3453,1182,1300,1437
21/11/2019 2:30,2196,2049,1923,3379,3380,3393,1183,1331,1470
21/11/2019 3:00,2133,1978,1879,3341,3340,3361,1208,1362,1482
21/11/2019 3:30,2065,1914,1900,3324,3323,3344,1259,1409,1444
21/11/2019 4:00,2015,1865,1830,3329,3327,3339,1314,1462,1509
21/11/2019 4:30,1984,1757,1820,3345,3344,3345,1361,1587,1525
21/11/2019 5:00,1951,1738,1730,3388,3388,3398,1437,1650,1668
21/11/2019 5:30,1917,1764,1643,3523,3521,3486,1606,1757,1843
21/11/2019 6:00,1898,1771,1698,3768,3765,3751,1870,1994,2053
21/11/2019 6:30,1895,1808,1810,4135,4137,4089,2240,2329,2279
21/11/2019 7:00,1900,1803,1924,4582,4590,4584,2682,2787,2660
21/11/2019 7:30,1913,1775,1943,4928,4919,5026,3015,3144,3083
21/11/2019 8:00,1927,1786,1905,5138,5093,5176,3211,3307,3271
21/11/2019 8:30,1943,1874,1923,5250,5194,5190,3307,3320,3267
21/11/2019 9:00,1933,1890,1986,5289,5248,5297,3356,3358,3311
21/11/2019 9:30,1897,1873,1999,5316,5288,5398,3419,3415,3399
21/11/2019 10:00,1896,1863,1978,5343,5321,5379,3447,3458,3401
21/11/2019 10:30,1928,1988,2029,5352,5339,5368,3424,3351,3339
21/11/2019 11:00,1963,1953,1999,5349,5346,5389,3386,3393,3390
21/11/2019 11:30,2001,1854,2091,5362,5366,5413,3361,3512,3322
21/11/2019 12:00,1997,1814,2098,5390,5399,5419,3393,3585,3321
21/11/2019 12:30,1952,1762,2083,5386,5404,5425,3434,3642,3342
21/11/2019 13:00,1901,1757,1971,5350,5380,5388,3449,3623,3417
21/11/2019 13:30,1844,1946,1995,5317,5365,5330,3473,3419,3335
21/11/2019 14:00,1813,1934,1989,5298,5366,5333,3485,3432,3344
21/11/2019 14:30,1806,2052,1929,5301,5380,5332,3495,3328,3403
21/11/2019 15:00,1777,2060,1896,5342,5419,5375,3565,3359,3479
21/11/2019 15:30,1725,2132,1901,5468,5538,5448,3743,3406,3547
21/11/2019 16:00,1723,2152,1918,5676,5734,5605,3953,3582,3687
21/11/2019 16:30,1771,2125,1910,5909,5954,5910,4138,3829,4000
21/11/2019 17:00,1791,2116,1881,6121,6152,6082,4330,4036,4201
21/11/2019 17:30,1783,2058,1892,6183,6202,6108,4400,4144,4216
21/11/2019 18:00,1775,2030,1945,6092,6095,6026,4317,4065,4081
21/11/2019 18:30,1769,1938,1898,5962,5951,5884,4193,4013,3986
21/11/2019 19:00,1751,1893,1807,5821,5803,5721,4070,3910,3914
21/11/2019 19:30,1723,1757,1759,5669,5650,5612,3946,3893,3853
21/11/2019 20:00,1701,1730,1773,5506,5493,5452,3805,3763,3679
21/11/2019 20:30,1685,1726,1737,5327,5315,5317,3642,3589,3580
21/11/2019 21:00,1671,1700,1721,5128,5109,5117,3457,3409,3396
21/11/2019 21:30,1658,1686,1733,4894,4865,4865,3236,3179,3132
21/11/2019 22:00,1631,1658,1699,4636,4598,4607,3005,2940,2908
21/11/2019 22:30,1590,1603,1681,4419,4387,4379,2829,2784,2698
21/11/2019 23:00,1506,1574,1619,4220,4226,4229,2714,2652,2610
21/11/2019 23:30,1450,1563,1530,4055,4063,4067,2605,2500,2537
22/11/2019 0:00,1410,1540,1491,3884,3893,3881,2474,2353,2390
22/11/2019 0:30,1389,1521,1428,3745,3754,3751,2356,2233,2323
22/11/2019 1:00,1361,1499,1391,3642,3650,3636,2281,2151,2245
22/11/2019 1:30,1326,1512,1360,3555,3563,3566,2229,2051,2206
22/11/2019 2:00,1295,1462,1358,3481,3487,3506,2186,2025,2148
22/11/2019 2:30,1267,1395,1329,3422,3428,3430,2155,2033,2101
22/11/2019 3:00,1236,1354,1312,3380,3384,3385,2144,2030,2073
22/11/2019 3:30,1202,1282,1268,3364,3368,3381,2162,2086,2113
22/11/2019 4:00,1165,1257,1246,3373,3376,3372,2208,2119,2126
22/11/2019 4:30,1123,1204,1211,3390,3395,3390,2267,2191,2179
22/11/2019 5:00,1095,1171,1214,3429,3435,3448,2334,2264,2234
22/11/2019 5:30,1080,1126,1077,3556,3562,3515,2476,2436,2438
22/11/2019 6:00,1056,1096,1004,3791,3795,3742,2735,2699,2738
22/11/2019 6:30,1021,1084,981,4149,4159,4069,3128,3075,3088
22/11/2019 7:00,997,1073,964,4585,4602,4541,3588,3529,3577
22/11/2019 7:30,984,1090,966,4913,4918,4988,3929,3828,4022
22/11/2019 8:00,970,1077,985,5101,5076,5157,4131,3999,4172
22/11/2019 8:30,956,1080,1004,5204,5181,5172,4248,4101,4168
22/11/2019 9:00,936,1058,964,5249,5253,5273,4313,4195,4309
22/11/2019 9:30,912,1055,900,5279,5297,5363,4367,4242,4463
22/11/2019 10:00,897,1034,864,5302,5316,5357,4405,4282,4493
22/11/2019 10:30,891,933,835,5308,5315,5341,4417,4382,4506
22/11/2019 11:00,865,916,807,5303,5302,5355,4438,4386,4548
22/11/2019 11:30,818,899,756,5311,5306,5359,4493,4407,4603
22/11/2019 12:00,777,877,762,5330,5328,5357,4553,4451,4595
22/11/2019 12:30,741,848,768,5319,5317,5363,4578,4469,4595
22/11/2019 13:00,710,827,736,5276,5272,5312,4566,4445,4576
22/11/2019 13:30,682,791,714,5236,5227,5239,4554,4436,4525
22/11/2019 14:00,650,784,715,5209,5194,5251,4559,4410,4536
22/11/2019 14:30,614,746,735,5195,5184,5257,4581,4438,4522
22/11/2019 15:00,609,726,742,5208,5210,5293,4599,4484,4551
22/11/2019 15:30,637,716,767,5300,5302,5337,4663,4586,4570
22/11/2019 16:00,662,738,811,5476,5466,5454,4814,4728,4643
22/11/2019 16:30,682,799,904,5717,5685,5736,5035,4886,4832
22/11/2019 17:00,695,825,859,5971,5915,5954,5276,5090,5095
22/11/2019 17:30,698,803,871,6056,5991,6007,5358,5188,5136
22/11/2019 18:00,689,808,882,5962,5902,5921,5273,5094,5039
22/11/2019 18:30,667,864,845,5827,5765,5789,5160,4901,4944
22/11/2019 19:00,644,863,841,5687,5627,5648,5043,4764,4807
22/11/2019 19:30,619,855,765,5542,5484,5508,4923,4629,4743
22/11/2019 20:00,589,842,702,5390,5344,5325,4801,4502,4623
22/11/2019 20:30,552,799,687,5218,5179,5187,4666,4380,4500
22/11/2019 21:00,522,792,681,5020,4990,5038,4498,4198,4357
22/11/2019 21:30,499,813,637,4791,4767,4807,4292,3954,4170
22/11/2019 22:00,491,830,626,4547,4529,4603,4056,3699,3977
22/11/2019 22:30,500,861,612,4364,4345,4437,3864,3484,3825
22/11/2019 23:00,663,888,607,4214,4214,4329,3551,3326,3722
22/11/2019 23:30,685,836,641,4072,4065,4226,3387,3229,3585
23/11/2019 0:00,708,875,676,3912,3903,4205,3204,3028,3529
23/11/2019 0:30,732,923,676,3769,3759,4205,3037,2836,3529
23/11/2019 1:00,748,982,687,3649,3637,4205,2901,2655,3518
23/11/2019 1:30,756,951,670,3546,3534,4205,2790,2583,3535
23/11/2019 2:00,787,1011,772,3458,3444,3836,2671,2433,3064
23/11/2019 2:30,842,1028,904,3383,3368,3403,2541,2340,2499
23/11/2019 3:00,867,1071,923,3325,3309,3324,2458,2238,2401
23/11/2019 3:30,863,1109,979,3294,3277,3289,2431,2168,2310
23/11/2019 4:00,876,1150,1002,3288,3272,3252,2412,2122,2250
23/11/2019 4:30,906,1111,932,3287,3271,3230,2381,2160,2298
23/11/2019 5:00,930,1155,934,3294,3279,3251,2364,2124,2317
23/11/2019 5:30,948,1135,1029,3339,3325,3265,2391,2190,2236
23/11/2019 6:00,955,1188,1225,3437,3424,3375,2482,2236,2150
23/11/2019 6:30,950,1292,1314,3611,3603,3492,2661,2311,2178
23/11/2019 7:00,949,1305,1335,3844,3843,3666,2895,2538,2331
23/11/2019 7:30,953,1270,1272,4050,4042,3870,3097,2772,2598
23/11/2019 8:00,965,1269,1254,4217,4189,4033,3252,2920,2779
23/11/2019 8:30,986,1261,1212,4388,4355,4221,3402,3094,3009
23/11/2019 9:00,999,1277,1167,4564,4535,4460,3565,3258,3293
23/11/2019 9:30,1003,1394,1153,4702,4676,4641,3699,3282,3488
23/11/2019 10:00,998,1371,1162,4792,4767,4762,3794,3396,3600
23/11/2019 10:30,984,1354,1180,4839,4822,4849,3855,3468,3669
23/11/2019 11:00,978,1326,1164,4856,4844,4905,3878,3518,3741
23/11/2019 11:30,981,1259,1107,4879,4865,4926,3898,3606,3819
23/11/2019 12:00,980,1251,1092,4907,4880,4976,3927,3629,3884
23/11/2019 12:30,975,1182,1069,4901,4866,4991,3926,3684,3922
23/11/2019 13:00,959,1157,1093,4859,4820,4955,3900,3663,3862
23/11/2019 13:30,931,1050,1064,4810,4778,4902,3879,3728,3838
23/11/2019 14:00,892,988,1011,4769,4751,4849,3877,3763,3838
23/11/2019 14:30,841,933,955,4758,4743,4840,3917,3810,3885
23/11/2019 15:00,791,864,876,4787,4770,4859,3996,3906,3983
23/11/2019 15:30,741,763,734,4884,4872,4886,4143,4109,4152
23/11/2019 16:00,693,714,680,5048,5049,4998,4355,4335,4318
23/11/2019 16:30,648,689,621,5252,5263,5278,4604,4574,4657
23/11/2019 17:00,600,636,629,5456,5470,5530,4856,4834,4901
23/11/2019 17:30,547,586,554,5526,5540,5590,4979,4954,5036
23/11/2019 18:00,488,534,543,5454,5464,5505,4966,4930,4962
23/11/2019 18:30,423,523,476,5338,5343,5377,4915,4820,4901
23/11/2019 19:00,367,477,446,5208,5213,5224,4841,4736,4778
23/11/2019 19:30,319,392,388,5078,5074,5067,4759,4682,4679
23/11/2019 20:00,283,335,336,4950,4937,4917,4667,4602,4581
23/11/2019 20:30,257,294,252,4811,4795,4785,4554,4501,4533
23/11/2019 21:00,236,235,185,4657,4650,4658,4421,4415,4473
23/11/2019 21:30,220,174,155,4475,4482,4489,4255,4308,4334
23/11/2019 22:00,208,130,104,4279,4299,4337,4071,4169,4233
23/11/2019 22:30,199,96,68,4127,4175,4197,3928,4079,4129
23/11/2019 23:00,111,76,47,4082,4094,4149,3971,4018,4102
23/11/2019 23:30,96,69,0,3985,4006,4061,3889,3937,4061
24/11/2019 0:00,84,61,0,3864,3893,3917,3780,3832,3917
24/11/2019 0:30,77,41,0,3733,3770,3765,3656,3729,3765
24/11/2019 1:00,70,42,0,3604,3637,3660,3534,3595,3660
24/11/2019 1:30,63,39,0,3497,3528,3556,3434,3489,3556
24/11/2019 2:00,60,41,0,3414,3440,3457,3354,3399,3457
24/11/2019 2:30,63,51,0,3331,3353,3381,3268,3302,3381
24/11/2019 3:00,67,59,0,3250,3266,3319,3183,3207,3319
24/11/2019 3:30,75,66,0,3204,3217,3288,3129,3151,3288
24/11/2019 4:00,88,87,0,3193,3206,3263,3105,3119,3263
24/11/2019 4:30,107,117,0,3188,3200,3239,3081,3083,3239
24/11/2019 5:00,125,153,0,3185,3197,3234,3060,3044,3234
24/11/2019 5:30,144,207,0,3203,3215,3229,3059,3008,3229
24/11/2019 6:00,172,255,0,3246,3261,3298,3074,3006,3298
24/11/2019 6:30,210,268,0,3314,3332,3348,3104,3064,3348
24/11/2019 7:00,264,319,0,3410,3432,3437,3146,3113,3437
24/11/2019 7:30,335,378,182,3545,3562,3541,3210,3184,3359
24/11/2019 8:00,419,458,280,3715,3723,3600,3296,3265,3320
24/11/2019 8:30,515,470,369,3889,3898,3745,3374,3428,3376
24/11/2019 9:00,614,560,489,4057,4084,3976,3443,3524,3487
24/11/2019 9:30,714,672,533,4221,4260,4178,3507,3588,3645
24/11/2019 10:00,824,779,584,4378,4420,4360,3554,3641,3776
24/11/2019 10:30,942,884,692,4511,4548,4484,3569,3664,3792
24/11/2019 11:00,1054,995,814,4616,4643,4577,3562,3648,3763
24/11/2019 11:30,1158,1075,960,4689,4711,4652,3531,3636,3692
24/11/2019 12:00,1250,1193,1142,4728,4755,4745,3478,3562,3603
24/11/2019 12:30,1329,1319,1249,4734,4768,4815,3405,3449,3566
24/11/2019 13:00,1410,1407,1328,4713,4742,4842,3303,3335,3514
24/11/2019 13:30,1493,1455,1429,4689,4708,4777,3196,3253,3348
24/11/2019 14:00,1583,1506,1469,4669,4670,4716,3086,3164,3247
24/11/2019 14:30,1680,1488,1514,4660,4654,4676,2980,3166,3162
24/11/2019 15:00,1775,1548,1528,4680,4673,4653,2905,3125,3125
24/11/2019 15:30,1867,1628,1548,4789,4777,4687,2922,3149,3139
24/11/2019 16:00,1970,1718,1603,4984,4963,4822,3014,3245,3219
24/11/2019 16:30,2085,1813,1696,5184,5177,5101,3099,3364,3405
24/11/2019 17:00,2201,1926,1868,5351,5376,5303,3150,3450,3435
24/11/2019 17:30,2319,2079,1935,5403,5443,5401,3084,3364,3466
24/11/2019 18:00,2394,2198,1965,5339,5371,5317,2945,3173,3352
24/11/2019 18:30,2426,2268,2015,5237,5258,5230,2811,2990,3215
24/11/2019 19:00,2422,2328,1999,5118,5134,5099,2696,2806,3100
24/11/2019 19:30,2382,2287,2016,4992,5002,4991,2610,2715,2975
24/11/2019 20:00,2332,2257,2029,4862,4870,4875,2530,2613,2846
24/11/2019 20:30,2272,2247,2056,4727,4734,4748,2455,2487,2692
24/11/2019 21:00,2225,2187,2075,4583,4592,4574,2358,2405,2499
24/11/2019 21:30,2192,2110,2063,4405,4417,4340,2213,2307,2277
24/11/2019 22:00,2141,2036,2012,4206,4221,4135,2065,2185,2123
24/11/2019 22:30,2072,1848,1934,4056,4073,3940,1984,2225,2006
24/11/2019 23:00,1933,1804,1957,3967,3966,3842,2034,2162,1885
24/11/2019 23:30,1837,1742,1873,3822,3825,3714,1985,2083,1841
25/11/2019 0:00,1763,1711,1706,3638,3641,3560,1875,1930,1854
25/11/2019 0:30,1709,1730,1620,3496,3503,3430,1787,1773,1810
25/11/2019 1:00,1641,1655,1536,3406,3413,3345,1765,1758,1809
25/11/2019 1:30,1558,1593,1532,3331,3338,3264,1773,1745,1732
25/11/2019 2:00,1493,1512,1471,3263,3268,3197,1770,1756,1726
25/11/2019 2:30,1444,1464,1407,3214,3222,3158,1770,1758,1751
25/11/2019 3:00,1388,1370,1321,3188,3193,3116,1800,1823,1795
25/11/2019 3:30,1324,1299,1171,3182,3187,3096,1858,1888,1925
25/11/2019 4:00,1266,1230,1134,3192,3194,3105,1926,1964,1971
25/11/2019 4:30,1214,1065,1034,3202,3205,3106,1988,2140,2072
25/11/2019 5:00,1167,1013,1097,3230,3232,3176,2063,2219,2079
25/11/2019 5:30,1124,995,1042,3364,3366,3280,2240,2371,2238
25/11/2019 6:00,1077,978,1108,3623,3623,3544,2546,2645,2436
25/11/2019 6:30,1026,1016,1089,3993,3995,3865,2967,2979,2776
25/11/2019 7:00,995,1003,1084,4431,4433,4367,3436,3430,3283
25/11/2019 7:30,983,955,1077,4776,4763,4813,3793,3808,3736
25/11/2019 8:00,964,938,1061,4992,4950,5012,4028,4012,3951
25/11/2019 8:30,940,981,961,5110,5063,5045,4170,4082,4084
25/11/2019 9:00,901,941,880,5155,5126,5154,4254,4185,4274
25/11/2019 9:30,848,891,773,5193,5174,5255,4345,4283,4482
25/11/2019 10:00,798,852,761,5238,5212,5259,4440,4360,4498
25/11/2019 10:30,750,825,710,5265,5225,5310,4515,4400,4600
25/11/2019 11:00,714,809,681,5275,5221,5310,4561,4412,4629
25/11/2019 11:30,690,818,611,5290,5231,5319,4600,4413,4708
25/11/2019 12:00,666,795,558,5309,5277,5352,4643,4482,4794
25/11/2019 12:30,640,704,548,5298,5289,5383,4658,4585,4835
25/11/2019 13:00,617,675,578,5262,5263,5345,4645,4588,4767
25/11/2019 13:30,596,637,609,5240,5245,5265,4644,4608,4656
25/11/2019 14:00,585,603,625,5243,5239,5252,4658,4636,4627
25/11/2019 14:30,584,515,569,5260,5239,5269,4676,4724,4700
25/11/2019 15:00,574,476,505,5305,5260,5320,4731,4784,4815
25/11/2019 15:30,556,411,507,5433,5374,5420,4877,4963,4913
25/11/2019 16:00,548,407,436,5647,5588,5588,5099,5181,5152
25/11/2019 16:30,551,425,415,5899,5848,5959,5348,5423,5544
25/11/2019 17:00,557,439,399,6136,6071,6212,5579,5632,5813
25/11/2019 17:30,564,504,375,6205,6133,6244,5641,5629,5869
25/11/2019 18:00,575,524,365,6097,6034,6193,5522,5510,5828
25/11/2019 18:30,589,532,353,5942,5888,6056,5353,5356,5703
25/11/2019 19:00,589,543,341,5774,5735,5791,5185,5192,5450
25/11/2019 19:30,574,535,341,5610,5581,5670,5036,5046,5329
25/11/2019 20:00,563,537,363,5450,5431,5499,4887,4894,5136
25/11/2019 20:30,559,511,373,5279,5254,5352,4720,4743,4979
25/11/2019 21:00,547,510,340,5090,5048,5164,4543,4538,4824
25/11/2019 21:30,528,437,318,4865,4799,4902,4337,4362,4584
25/11/2019 22:00,513,455,361,4616,4531,4628,4103,4076,4267
25/11/2019 22:30,500,449,405,4405,4308,4387,3905,3859,3982
25/11/2019 23:00,651,485,415,4154,4138,4232,3503,3653,3817
25/11/2019 23:30,675,535,484,3964,3951,4064,3289,3416,3580
26/11/2019 0:00,701,602,555,3757,3749,3872,3056,3147,3317
26/11/2019 0:30,730,674,571,3604,3594,3728,2874,2920,3157
26/11/2019 1:00,785,765,638,3511,3497,3624,2726,2732,2986
26/11/2019 1:30,865,892,781,3438,3423,3544,2573,2531,2763
26/11/2019 2:00,969,1039,867,3377,3367,3477,2408,2328,2610
26/11/2019 2:30,1099,1209,968,3330,3324,3408,2231,2115,2440
26/11/2019 3:00,1252,1402,1155,3299,3296,3372,2047,1894,2217
26/11/2019 3:30,1428,1582,1379,3290,3284,3330,1862,1702,1951
26/11/2019 4:00,1612,1786,1456,3301,3287,3310,1689,1501,1854
26/11/2019 4:30,1804,1979,1517,3319,3301,3319,1515,1322,1802
26/11/2019 5:00,1978,2144,1599,3361,3344,3374,1383,1200,1775
26/11/2019 5:30,2136,2258,1695,3497,3479,3455,1361,1221,1760
26/11/2019 6:00,2281,2362,1804,3748,3732,3713,1467,1370,1909
26/11/2019 6:30,2414,2405,1942,4127,4116,4023,1713,1711,2081
26/11/2019 7:00,2513,2491,2127,4589,4586,4480,2076,2095,2353
26/11/2019 7:30,2579,2502,2323,4939,4938,4867,2360,2436,2544
26/11/2019 8:00,2656,2586,2419,5143,5137,5040,2487,2551,2621
26/11/2019 8:30,2743,2689,2505,5253,5253,5020,2510,2564,2515
26/11/2019 9:00,2813,2784,2531,5297,5312,5086,2484,2528,2555
26/11/2019 9:30,2867,2871,2579,5328,5357,5149,2461,2486,2570
26/11/2019 10:00,2927,2966,2739,5354,5392,5150,2427,2426,2411
26/11/2019 10:30,2994,2972,2875,5353,5412,5163,2359,2440,2288
26/11/2019 11:00,3077,3120,2955,5332,5382,5188,2255,2262,2233
26/11/2019 11:30,3176,3191,3076,5339,5405,5203,2163,2214,2127
26/11/2019 12:00,3226,3220,3221,5374,5426,5246,2148,2206,2025
26/11/2019 12:30,3228,3186,3277,5375,5426,5289,2147,2240,2012
26/11/2019 13:00,3195,3177,3314,5340,5397,5264,2145,2220,1950
26/11/2019 13:30,3130,3168,3281,5317,5376,5184,2187,2208,1903
26/11/2019 14:00,3075,3118,3154,5314,5366,5185,2239,2248,2031
26/11/2019 14:30,3030,3048,2970,5314,5374,5189,2284,2326,2219
26/11/2019 15:00,2971,2916,2769,5329,5410,5219,2358,2494,2450
26/11/2019 15:30,2897,2765,2582,5436,5521,5277,2539,2756,2695
26/11/2019 16:00,2816,2610,2492,5639,5707,5454,2823,3097,2962
26/11/2019 16:30,2728,2502,2323,5882,5937,5785,3154,3435,3462
26/11/2019 17:00,2633,2383,2123,6113,6161,6013,3480,3778,3890
26/11/2019 17:30,2530,2244,2010,6184,6230,6068,3654,3986,4058
26/11/2019 18:00,2435,2149,1830,6087,6128,5954,3652,3979,4124
26/11/2019 18:30,2346,1943,1661,5945,5980,5785,3599,4037,4124
26/11/2019 19:00,2267,1831,1487,5792,5817,5626,3525,3986,4139
26/11/2019 19:30,2197,1699,1381,5640,5661,5498,3443,3962,4117
26/11/2019 20:00,2113,1612,1259,5489,5509,5341,3376,3897,4082
26/11/2019 20:30,2014,1438,1205,5314,5337,5202,3300,3899,3997
26/11/2019 21:00,1933,1376,1138,5108,5134,5065,3175,3758,3927
26/11/2019 21:30,1870,1235,1166,4864,4890,4798,2994,3655,3632
26/11/2019 22:00,1812,1220,1210,4597,4616,4590,2785,3396,3380
26/11/2019 22:30,1758,1168,1167,4378,4402,4322,2620,3234,3155
26/11/2019 23:00,1655,1161,1135,4222,4226,4166,2567,3065,3031
26/11/2019 23:30,1644,1122,1157,4040,4043,3989,2396,2921,2832
27/11/2019 0:00,1609,1085,1100,3847,3847,3814,2238,2762,2714
27/11/2019 0:30,1549,1012,1056,3701,3702,3679,2152,2690,2623
27/11/2019 1:00,1498,956,1005,3607,3608,3576,2109,2652,2571
27/11/2019 1:30,1459,937,1023,3526,3530,3508,2067,2593,2485
27/11/2019 2:00,1400,874,1030,3452,3456,3436,2052,2582,2406
27/11/2019 2:30,1321,782,1001,3397,3403,3372,2076,2621,2371
27/11/2019 3:00,1251,740,961,3362,3368,3345,2111,2628,2384
27/11/2019 3:30,1189,742,888,3346,3354,3329,2157,2612,2441
27/11/2019 4:00,1117,703,826,3347,3357,3330,2230,2654,2504
27/11/2019 4:30,1034,658,743,3362,3374,3331,2328,2716,2588
27/11/2019 5:00,971,628,709,3406,3419,3378,2435,2791,2669
27/11/2019 5:30,930,663,665,3542,3554,3480,2612,2891,2815
27/11/2019 6:00,877,614,640,3786,3798,3755,2909,3184,3115
27/11/2019 6:30,813,630,597,4147,4165,4079,3334,3535,3482
27/11/2019 7:00,757,577,531,4583,4607,4554,3826,4030,4023
27/11/2019 7:30,710,525,467,4924,4935,4990,4214,4410,4523
27/11/2019 8:00,668,473,412,5134,5115,5164,4466,4642,4752
27/11/2019 8:30,633,481,382,5241,5212,5159,4608,4731,4777
27/11/2019 9:00,600,456,324,5271,5254,5227,4671,4798,4903
27/11/2019 9:30,568,453,280,5295,5281,5291,4727,4828,5011
27/11/2019 10:00,526,421,223,5326,5305,5278,4800,4884,5055
27/11/2019 10:30,473,371,202,5334,5310,5273,4861,4939,5071
27/11/2019 11:00,439,336,188,5323,5297,5282,4884,4961,5094
27/11/2019 11:30,426,268,172,5329,5292,5279,4903,5024,5107
27/11/2019 12:00,408,252,173,5352,5306,5294,4944,5054,5121
27/11/2019 12:30,384,219,152,5349,5297,5323,4965,5078,5171
27/11/2019 13:00,371,217,148,5319,5264,5286,4948,5047,5138
27/11/2019 13:30,369,186,154,5295,5244,5229,4926,5058,5075
27/11/2019 14:00,363,188,178,5287,5242,5248,4924,5054,5070
27/11/2019 14:30,354,196,166,5298,5250,5258,4944,5054,5092
27/11/2019 15:00,346,204,173,5346,5289,5303,5000,5085,5130
27/11/2019 15:30,341,214,183,5498,5440,5401,5157,5226,5218
27/11/2019 16:00,342,224,198,5746,5695,5559,5404,5471,5361
27/11/2019 16:30,350,225,202,5995,5942,5930,5645,5717,5728
27/11/2019 17:00,351,241,191,6197,6135,6156,5846,5894,5965
27/11/2019 17:30,347,263,191,6253,6187,6208,5906,5924,6017
27/11/2019 18:00,344,273,178,6163,6100,6114,5819,5827,5936
27/11/2019 18:30,343,259,184,6024,5966,5979,5681,5707,5795
27/11/2019 19:00,343,257,184,5866,5816,5840,5523,5559,5656
27/11/2019 19:30,343,254,212,5713,5661,5691,5370,5407,5479
27/11/2019 20:00,347,247,254,5563,5507,5514,5216,5260,5260
27/11/2019 20:30,353,273,263,5396,5342,5370,5043,5069,5107
27/11/2019 21:00,360,278,271,5201,5159,5205,4841,4881,4934
27/11/2019 21:30,366,294,280,4961,4931,4931,4595,4637,4651
27/11/2019 22:00,379,300,270,4690,4669,4696,4311,4369,4426
27/11/2019 22:30,398,271,289,4468,4454,4440,4070,4183,4151
27/11/2019 23:00,270,274,282,4276,4283,4275,4006,4009,3993
27/11/2019 23:30,268,292,278,4091,4100,4105,3823,3808,3827
28/11/2019 0:00,274,304,264,3895,3902,3906,3621,3598,3642
28/11/2019 0:30,288,332,269,3746,3753,3742,3458,3421,3473
28/11/2019 1:00,299,348,266,3649,3657,3624,3350,3309,3358
28/11/2019 1:30,308,323,274,3566,3576,3542,3258,3253,3268
28/11/2019 2:00,317,335,265,3491,3501,3467,3174,3166,3202
28/11/2019 2:30,325,343,274,3433,3444,3413,3108,3101,3139
28/11/2019 3:00,337,354,278,3397,3406,3380,3060,3052,3102
28/11/2019 3:30,354,354,293,3381,3389,3369,3027,3035,3076
28/11/2019 4:00,374,366,290,3383,3391,3364,3009,3025,3074
28/11/2019 4:30,397,375,286,3397,3405,3362,3000,3030,3076
28/11/2019 5:00,421,391,302,3437,3445,3416,3016,3054,3114
28/11/2019 5:30,445,390,307,3571,3578,3495,3126,3188,3188
28/11/2019 6:00,458,396,300,3818,3824,3761,3360,3428,3461
28/11/2019 6:30,460,387,297,4188,4197,4098,3728,3810,3801
28/11/2019 7:00,462,385,303,4636,4649,4570,4174,4264,4267
28/11/2019 7:30,466,373,323,4977,4985,5020,4511,4612,4697
28/11/2019 8:00,476,365,316,5176,5169,5202,4700,4804,4886
28/11/2019 8:30,493,322,297,5277,5267,5188,4784,4945,4891
28/11/2019 9:00,506,324,286,5307,5303,5263,4801,4979,4977
28/11/2019 9:30,515,319,253,5327,5327,5312,4812,5008,5059
28/11/2019 10:00,519,333,245,5348,5350,5302,4829,5017,5057
28/11/2019 10:30,518,345,223,5347,5357,5288,4829,5012,5065
28/11/2019 11:00,520,376,225,5329,5348,5289,4809,4972,5064
28/11/2019 11:30,527,429,259,5330,5352,5281,4803,4923,5022
28/11/2019 12:00,528,456,282,5348,5369,5295,4820,4913,5013
28/11/2019 12:30,521,466,363,5345,5366,5325,4824,4900,4962
28/11/2019 13:00,523,481,386,5319,5342,5294,4796,4861,4908
28/11/2019 13:30,534,423,403,5304,5331,5216,4770,4908,4813
28/11/2019 14:00,535,444,422,5307,5336,5220,4772,4892,4798
28/11/2019 14:30,526,447,428,5321,5345,5235,4795,4898,4807
28/11/2019 15:00,523,442,435,5364,5376,5278,4841,4934,4843
28/11/2019 15:30,526,426,443,5508,5513,5354,4982,5087,4911
28/11/2019 16:00,530,423,433,5744,5747,5513,5214,5324,5080
28/11/2019 16:30,536,433,404,5969,5981,5881,5433,5548,5477
28/11/2019 17:00,560,441,433,6140,6168,6105,5580,5727,5672
28/11/2019 17:30,600,436,457,6185,6219,6154,5585,5783,5697
28/11/2019 18:00,624,458,476,6104,6133,6060,5480,5675,5584
28/11/2019 18:30,630,472,471,5976,6002,5932,5346,5530,5461
28/11/2019 19:00,654,500,509,5824,5850,5788,5170,5350,5279
28/11/2019 19:30,693,542,518,5669,5695,5688,4976,5153,5170
28/11/2019 20:00,707,554,531,5515,5541,5533,4808,4987,5002
28/11/2019 20:30,693,552,522,5351,5372,5387,4658,4820,4865
28/11/2019 21:00,676,549,498,5167,5181,5192,4491,4632,4694
28/11/2019 21:30,657,551,499,4936,4944,4939,4279,4393,4440
28/11/2019 22:00,650,529,469,4672,4676,4699,4022,4147,4230
28/11/2019 22:30,658,494,431,4456,4449,4470,3798,3955,4039
28/11/2019 23:00,580,479,422,4291,4284,4331,3711,3805,3909
28/11/2019 23:30,555,468,422,4116,4109,4167,3561,3641,3745
29/11/2019 0:00,530,464,401,3930,3923,3977,3400,3459,3576
29/11/2019 0:30,504,437,386,3781,3774,3816,3277,3337,3430
29/11/2019 1:00,491,429,359,3674,3668,3698,3183,3239,3339
29/11/2019 1:30,492,408,344,3586,3582,3606,3094,3174,3262
29/11/2019 2:00,489,398,334,3512,3509,3527,3023,3111,3193
29/11/2019 2:30,485,339,313,3456,3455,3465,2971,3116,3152
29/11/2019 3:00,485,336,292,3421,3420,3427,2936,3084,3135
29/11/2019 3:30,491,340,279,3405,3405,3413,2914,3065,3134
29/11/2019 4:00,502,340,274,3407,3406,3417,2905,3066,3143
29/11/2019 4:30,517,344,275,3417,3417,3423,2900,3073,3148
29/11/2019 5:00,530,357,289,3452,3452,3468,2922,3095,3179
29/11/2019 5:30,539,370,304,3579,3577,3557,3040,3207,3253
29/11/2019 6:00,553,386,326,3817,3814,3807,3264,3428,3481
29/11/2019 6:30,574,409,363,4173,4172,4118,3599,3763,3755
29/11/2019 7:00,594,426,384,4605,4606,4571,4011,4180,4187
29/11/2019 7:30,613,430,456,4935,4931,5031,4322,4501,4575
29/11/2019 8:00,629,453,489,5131,5116,5212,4502,4663,4723
29/11/2019 8:30,642,457,544,5241,5221,5227,4599,4764,4683
29/11/2019 9:00,648,472,572,5288,5269,5307,4640,4797,4735
29/11/2019 9:30,647,471,570,5319,5299,5344,4672,4828,4774
29/11/2019 10:00,634,466,561,5341,5321,5314,4707,4855,4753
29/11/2019 10:30,610,448,551,5346,5326,5302,4736,4878,4751
29/11/2019 11:00,590,442,529,5337,5320,5293,4747,4878,4764
29/11/2019 11:30,572,475,510,5337,5316,5268,4765,4841,4758
29/11/2019 12:00,572,494,481,5344,5324,5260,4772,4830,4779
29/11/2019 12:30,588,552,494,5326,5304,5258,4738,4752,4764
29/11/2019 13:00,610,605,554,5280,5258,5215,4670,4653,4661
29/11/2019 13:30,637,677,579,5238,5216,5141,4601,4539,4562
29/11/2019 14:00,687,734,597,5207,5185,5114,4520,4451,4517
29/11/2019 14:30,759,764,638,5190,5164,5098,4431,4400,4460
29/11/2019 15:00,851,827,671,5206,5176,5104,4355,4349,4433
29/11/2019 15:30,963,891,793,5328,5305,5167,4365,4414,4374
29/11/2019 16:00,1081,989,906,5554,5546,5300,4473,4557,4394
29/11/2019 16:30,1204,1092,1053,5804,5796,5668,4600,4704,4615
29/11/2019 17:00,1315,1205,1160,6026,6006,5891,4711,4801,4731
29/11/2019 17:30,1411,1290,1348,6101,6073,5945,4690,4783,4597
29/11/2019 18:00,1500,1387,1501,6023,5994,5874,4523,4607,4373
29/11/2019 18:30,1580,1472,1595,5896,5869,5738,4316,4397,4143
29/11/2019 19:00,1660,1566,1741,5749,5728,5620,4089,4162,3879
29/11/2019 19:30,1738,1662,1840,5597,5582,5494,3859,3920,3654
29/11/2019 20:00,1808,1752,1848,5443,5433,5348,3635,3681,3500
29/11/2019 20:30,1869,1813,1911,5276,5266,5247,3407,3453,3336
29/11/2019 21:00,1915,1894,2004,5087,5073,5065,3172,3179,3061
29/11/2019 21:30,1944,2024,2061,4860,4844,4828,2916,2820,2767
29/11/2019 22:00,1981,2069,2147,4609,4596,4574,2628,2527,2427
29/11/2019 22:30,2025,2134,2279,4418,4403,4414,2393,2269,2135
29/11/2019 23:00,2055,2171,2460,4275,4271,4340,2220,2100,1880
29/11/2019 23:30,2124,2218,2526,4133,4129,4209,2009,1911,1683
30/11/2019 0:00,2166,2249,2577,3970,3965,4047,1804,1716,1470
30/11/2019 0:30,2182,2270,2572,3823,3819,3861,1641,1549,1289
30/11/2019 1:00,2182,2294,2596,3697,3694,3723,1515,1400,1127
30/11/2019 1:30,2168,2324,2673,3584,3581,3619,1416,1257,946
30/11/2019 2:00,2165,2330,2580,3483,3480,3487,1318,1150,907
30/11/2019 2:30,2173,2416,2464,3407,3404,3378,1234,988,914
30/11/2019 3:00,2175,2409,2445,3356,3353,3315,1181,944,870
30/11/2019 3:30,2170,2441,2414,3329,3323,3291,1159,882,877
30/11/2019 4:00,2180,2441,2398,3320,3314,3261,1140,873,863
30/11/2019 4:30,2206,2458,2397,3321,3315,3243,1115,857,846
30/11/2019 5:00,2246,2462,2414,3334,3328,3241,1088,866,827
30/11/2019 5:30,2301,2492,2470,3380,3372,3271,1079,880,801
30/11/2019 6:00,2352,2506,2487,3471,3463,3377,1119,957,890
30/11/2019 6:30,2400,2479,2470,3640,3635,3492,1240,1156,1022
30/11/2019 7:00,2444,2515,2456,3874,3872,3686,1430,1357,1230
30/11/2019 7:30,2485,2536,2526,4088,4081,3880,1603,1545,1354
30/11/2019 8:00,2495,2552,2590,4267,4246,4052,1772,1694,1462
30/11/2019 8:30,2474,2594,2621,4434,4417,4213,1960,1823,1592
30/11/2019 9:00,2432,2586,2640,4592,4587,4431,2160,2001,1791
30/11/2019 9:30,2369,2610,2615,4721,4718,4585,2352,2108,1970
30/11/2019 10:00,2293,2580,2555,4816,4803,4696,2523,2223,2141
30/11/2019 10:30,2203,2529,2543,4866,4854,4787,2663,2325,2244
30/11/2019 11:00,2128,2462,2488,4880,4880,4828,2752,2418,2340
30/11/2019 11:30,2067,2347,2413,4895,4895,4834,2828,2548,2421
30/11/2019 12:00,2014,2265,2378,4913,4905,4844,2899,2640,2466
30/11/2019 12:30,1971,2212,2282,4902,4889,4849,2931,2677,2567
30/11/2019 13:00,1894,2123,2219,4862,4844,4787,2968,2721,2568
30/11/2019 13:30,1783,2018,2096,4818,4797,4724,3035,2779,2628
30/11/2019 14:00,1697,1940,2004,4779,4755,4676,3082,2815,2672
30/11/2019 14:30,1634,1925,1930,4752,4729,4677,3118,2804,2747
30/11/2019 15:00,1578,1853,1811,4758,4740,4669,3180,2887,2858
30/11/2019 15:30,1530,1760,1764,4867,4853,4716,3337,3093,2952
30/11/2019 16:00,1488,1694,1687,5080,5066,4868,3592,3372,3181
30/11/2019 16:30,1453,1622,1631,5318,5303,5167,3865,3681,3536
30/11/2019 17:00,1419,1561,1554,5532,5518,5427,4113,3957,3873
30/11/2019 17:30,1385,1508,1471,5607,5594,5539,4222,4086,4068
30/11/2019 18:00,1339,1432,1330,5537,5524,5476,4198,4092,4146
30/11/2019 18:30,1279,1322,1191,5422,5402,5380,4143,4080,4189
30/11/2019 19:00,1207,1246,1061,5289,5263,5227,4082,4017,4166
30/11/2019 19:30,1121,1183,950,5159,5130,5072,4038,3947,4122
30/11/2019 20:00,1050,1104,936,5033,5006,4927,3983,3902,3991
30/11/2019 20:30,994,949,902,4890,4867,4815,3896,3918,3913
30/11/2019 21:00,932,879,841,4727,4707,4665,3795,3828,3824
30/11/2019 21:30,866,797,787,4545,4525,4507,3679,3728,3720
30/11/2019 22:00,809,727,708,4357,4337,4376,3548,3610,3668
30/11/2019 22:30,761,608,598,4212,4203,4226,3451,3595,3628
30/11/2019 23:00,684,533,515,4109,4112,4170,3425,3579,3655
30/11/2019 23:30,609,451,415,4020,4022,4067,3411,3571,3652
1/12/2019 0:00,543,400,399,3918,3917,3928,3375,3517,3529
1/12/2019 0:30,488,374,367,3796,3796,3788,3308,3422,3421
1/12/2019 1:00,440,344,261,3659,3660,3674,3219,3316,3413
1/12/2019 1:30,401,324,228,3532,3534,3577,3131,3210,3349
1/12/2019 2:00,383,319,202,3425,3426,3477,3042,3107,3275
1/12/2019 2:30,385,306,202,3343,3344,3386,2958,3038,3184
1/12/2019 3:00,382,315,222,3287,3288,3319,2905,2973,3097
1/12/2019 3:30,373,316,252,3255,3255,3298,2882,2939,3046
1/12/2019 4:00,369,345,265,3243,3243,3271,2874,2898,3006
1/12/2019 4:30,370,393,337,3238,3237,3244,2868,2844,2907
1/12/2019 5:00,379,435,416,3239,3239,3247,2860,2804,2831
1/12/2019 5:30,396,443,532,3259,3259,3256,2863,2816,2724
1/12/2019 6:00,412,484,573,3305,3307,3315,2893,2823,2742
1/12/2019 6:30,430,514,663,3382,3387,3370,2952,2873,2707
1/12/2019 7:00,431,536,628,3491,3499,3483,3060,2963,2855
1/12/2019 7:30,414,543,598,3625,3626,3591,3211,3083,2993
1/12/2019 8:00,409,525,608,3783,3768,3686,3374,3243,3078
1/12/2019 8:30,414,546,655,3966,3942,3805,3552,3396,3150
1/12/2019 9:00,400,499,593,4165,4142,4043,3765,3643,3450
1/12/2019 9:30,366,441,549,4341,4323,4269,3975,3882,3720
1/12/2019 10:00,332,390,453,4487,4474,4486,4155,4084,4033
1/12/2019 10:30,298,347,366,4602,4596,4609,4304,4249,4243
1/12/2019 11:00,279,314,312,4690,4692,4712,4411,4378,4400
1/12/2019 11:30,277,291,263,4754,4758,4764,4477,4467,4501
1/12/2019 12:00,273,279,201,4792,4796,4838,4519,4517,4637
1/12/2019 12:30,268,309,172,4793,4798,4866,4525,4489,4694
1/12/2019 13:00,265,305,186,4760,4764,4868,4495,4459,4682
1/12/2019 13:30,264,306,228,4714,4717,4804,4450,4411,4576
1/12/2019 14:00,270,306,222,4664,4664,4718,4394,4358,4496
1/12/2019 14:30,282,302,236,4629,4629,4671,4347,4327,4435
1/12/2019 15:00,297,317,228,4632,4636,4672,4335,4319,4444
1/12/2019 15:30,315,328,254,4739,4743,4695,4424,4415,4441
1/12/2019 16:00,336,357,302,4952,4954,4839,4616,4597,4537
1/12/2019 16:30,362,365,374,5204,5204,5194,4842,4839,4820
1/12/2019 17:00,380,386,419,5445,5448,5481,5065,5062,5062
1/12/2019 17:30,391,392,444,5538,5544,5597,5147,5152,5153
1/12/2019 18:00,391,399,426,5476,5485,5562,5085,5086,5136
1/12/2019 18:30,381,365,413,5371,5381,5477,4990,5016,5064
1/12/2019 19:00,366,354,400,5254,5264,5386,4888,4910,4986
1/12/2019 19:30,347,330,355,5135,5139,5286,4788,4809,4931
1/12/2019 20:00,328,306,343,5015,5011,5185,4687,4705,4842
1/12/2019 20:30,309,294,337,4884,4878,5072,4575,4584,4735
1/12/2019 21:00,293,263,314,4736,4734,4925,4443,4471,4611
1/12/2019 21:30,281,232,260,4555,4562,4706,4274,4330,4446
1/12/2019 22:00,270,200,234,4359,4373,4509,4089,4173,4275
1/12/2019 22:30,260,160,239,4225,4248,4290,3965,4088,4051
1/12/2019 23:00,194,141,204,4154,4160,4162,3960,4019,3958
1/12/2019 23:30,171,133,185,4018,4022,4033,3847,3889,3848
2/12/2019 0:00,165,135,159,3830,3835,3870,3665,3700,3711
2/12/2019 0:30,177,172,145,3686,3694,3733,3509,3522,3588
2/12/2019 1:00,183,180,166,3598,3607,3635,3415,3427,3469
2/12/2019 1:30,184,179,191,3521,3529,3564,3337,3350,3373
2/12/2019 2:00,184,191,200,3445,3451,3490,3261,3260,3290
2/12/2019 2:30,184,185,208,3390,3394,3438,3206,3209,3230
2/12/2019 3:00,187,196,222,3357,3357,3398,3170,3161,3176
2/12/2019 3:30,193,218,240,3342,3339,3367,3149,3121,3127
2/12/2019 4:00,197,225,289,3342,3339,3362,3145,3114,3073
2/12/2019 4:30,200,220,342,3355,3351,3365,3155,3131,3023
2/12/2019 5:00,201,228,389,3397,3391,3420,3196,3163,3031
2/12/2019 5:30,199,256,401,3538,3531,3513,3339,3275,3112
2/12/2019 6:00,204,274,431,3797,3790,3780,3593,3516,3349
2/12/2019 6:30,215,294,451,4180,4176,4106,3965,3882,3655
2/12/2019 7:00,225,317,449,4639,4639,4612,4414,4322,4163
2/12/2019 7:30,234,350,436,4986,4980,5072,4752,4630,4636
2/12/2019 8:00,246,368,445,5190,5171,5304,4944,4803,4859
2/12/2019 8:30,260,459,450,5320,5299,5319,5060,4840,4869
2/12/2019 9:00,281,484,463,5398,5387,5436,5117,4903,4973
2/12/2019 9:30,308,506,481,5450,5452,5548,5142,4946,5067
2/12/2019 10:00,335,521,503,5481,5497,5565,5146,4976,5062
2/12/2019 10:30,363,589,500,5496,5506,5576,5133,4917,5076
2/12/2019 11:00,381,584,492,5501,5512,5573,5120,4928,5081
2/12/2019 11:30,389,547,552,5513,5525,5555,5124,4978,5003
2/12/2019 12:00,399,537,635,5527,5541,5557,5128,5004,4922
2/12/2019 12:30,411,520,679,5507,5527,5593,5096,5007,4914
2/12/2019 13:00,412,514,704,5457,5485,5569,5045,4971,4865
2/12/2019 13:30,403,474,755,5424,5458,5467,5021,4984,4712
2/12/2019 14:00,403,480,777,5416,5451,5459,5013,4971,4682
2/12/2019 14:30,411,530,790,5415,5450,5463,5004,4920,4673
2/12/2019 15:00,429,529,819,5441,5476,5519,5012,4947,4700
2/12/2019 15:30,456,594,806,5588,5619,5591,5132,5025,4785
2/12/2019 16:00,487,592,800,5852,5875,5754,5365,5283,4954
2/12/2019 16:30,521,647,867,6120,6135,6155,5599,5488,5288
2/12/2019 17:00,559,641,836,6338,6350,6406,5779,5709,5570
2/12/2019 17:30,599,657,855,6396,6408,6472,5797,5751,5617
2/12/2019 18:00,635,649,795,6296,6311,6334,5661,5662,5539
2/12/2019 18:30,667,720,795,6148,6166,6192,5481,5446,5397
2/12/2019 19:00,696,723,776,5982,6005,6010,5286,5282,5234
2/12/2019 19:30,723,724,787,5816,5842,5881,5093,5118,5094
2/12/2019 20:00,753,748,798,5652,5680,5709,4899,4932,4911
2/12/2019 20:30,786,734,819,5478,5502,5572,4692,4768,4753
2/12/2019 21:00,829,753,829,5285,5301,5372,4456,4548,4543
2/12/2019 21:30,880,773,871,5046,5056,5091,4166,4283,4220
2/12/2019 22:00,922,797,941,4777,4782,4838,3855,3985,3897
2/12/2019 22:30,955,842,968,4564,4569,4595,3609,3727,3627
2/12/2019 23:00,934,880,989,4395,4400,4419,3461,3520,3430
2/12/2019 23:30,976,954,949,4211,4215,4231,3235,3261,3282
3/12/2019 0:00,1010,1003,874,4006,4010,4035,2996,3007,3161
3/12/2019 0:30,1037,1057,857,3846,3850,3899,2809,2793,3042
3/12/2019 1:00,1062,1094,856,3739,3742,3763,2677,2648,2907
3/12/2019 1:30,1086,1097,869,3648,3651,3659,2562,2554,2790
3/12/2019 2:00,1101,1130,903,3568,3570,3589,2467,2440,2686
3/12/2019 2:30,1105,1130,888,3508,3508,3526,2403,2378,2638
3/12/2019 3:00,1118,1151,981,3469,3467,3475,2351,2316,2494
3/12/2019 3:30,1139,1055,1073,3450,3447,3453,2311,2392,2380
3/12/2019 4:00,1172,1099,1118,3451,3447,3445,2279,2348,2327
3/12/2019 4:30,1215,1109,1228,3461,3456,3441,2246,2347,2213
3/12/2019 5:00,1274,1170,1370,3496,3491,3494,2222,2321,2124
3/12/2019 5:30,1349,1259,1403,3628,3621,3589,2279,2362,2186
3/12/2019 6:00,1429,1327,1460,3877,3870,3860,2448,2543,2400
3/12/2019 6:30,1514,1418,1504,4254,4249,4172,2740,2831,2668
3/12/2019 7:00,1586,1483,1612,4713,4711,4643,3127,3228,3031
3/12/2019 7:30,1645,1566,1788,5062,5054,5086,3417,3488,3298
3/12/2019 8:00,1721,1647,1862,5265,5245,5267,3544,3598,3405
3/12/2019 8:30,1815,1770,1881,5376,5363,5262,3561,3593,3381
3/12/2019 9:00,1893,1853,1932,5420,5427,5348,3527,3574,3416
3/12/2019 9:30,1956,1937,1876,5447,5457,5415,3491,3520,3539
3/12/2019 10:00,2030,2003,1897,5466,5462,5378,3436,3459,3481
3/12/2019 10:30,2115,2079,1806,5465,5459,5373,3350,3380,3567
3/12/2019 11:00,2167,2137,1928,5449,5451,5384,3282,3314,3456
3/12/2019 11:30,2185,2259,2003,5446,5449,5370,3261,3190,3367
3/12/2019 12:00,2207,2317,1978,5454,5449,5334,3247,3132,3356
3/12/2019 12:30,2233,2351,2047,5434,5426,5324,3201,3075,3277
3/12/2019 13:00,2280,2421,2150,5385,5380,5292,3105,2959,3142
3/12/2019 13:30,2349,2376,2181,5355,5346,5162,3006,2970,2981
3/12/2019 14:00,2383,2459,2276,5350,5330,5154,2967,2871,2878
3/12/2019 14:30,2381,2432,2350,5349,5328,5189,2968,2896,2839
3/12/2019 15:00,2381,2476,2379,5374,5362,5245,2993,2886,2866
3/12/2019 15:30,2382,2467,2460,5538,5522,5362,3156,3055,2902
3/12/2019 16:00,2383,2477,2566,5832,5800,5541,3449,3323,2975
3/12/2019 16:30,2384,2475,2608,6105,6077,5993,3721,3602,3385
3/12/2019 17:00,2391,2492,2680,6302,6298,6297,3911,3806,3617
3/12/2019 17:30,2404,2485,2572,6356,6360,6344,3952,3875,3772
3/12/2019 18:00,2427,2529,2459,6270,6264,6160,3843,3735,3701
3/12/2019 18:30,2458,2566,2435,6135,6122,6040,3677,3556,3605
3/12/2019 19:00,2486,2576,2501,5978,5963,5887,3492,3387,3386
3/12/2019 19:30,2511,2613,2584,5819,5806,5769,3308,3193,3185
3/12/2019 20:00,2544,2613,2551,5659,5651,5613,3115,3038,3062
3/12/2019 20:30,2583,2690,2556,5481,5476,5498,2898,2786,2942
3/12/2019 21:00,2621,2658,2575,5278,5270,5282,2657,2612,2707
3/12/2019 21:30,2658,2511,2629,5031,5020,5007,2373,2509,2378
3/12/2019 22:00,2693,2523,2599,4757,4742,4728,2064,2219,2129
3/12/2019 22:30,2726,2518,2550,4532,4520,4434,1806,2002,1884
3/12/2019 23:00,2764,2546,2478,4339,4344,4265,1575,1798,1787
3/12/2019 23:30,2761,2595,2528,4147,4152,4087,1386,1557,1559
4/12/2019 0:00,2756,2620,2562,3939,3940,3885,1183,1320,1323
4/12/2019 0:30,2750,2678,2538,3777,3779,3694,1027,1101,1156
4/12/2019 1:00,2726,2682,2563,3670,3673,3597,944,991,1034
4/12/2019 1:30,2686,2696,2627,3580,3584,3551,894,888,924
4/12/2019 2:00,2667,2679,2650,3500,3502,3460,833,823,810
4/12/2019 2:30,2668,2551,2633,3439,3440,3390,771,889,757
4/12/2019 3:00,2666,2537,2546,3399,3398,3362,733,861,816
4/12/2019 3:30,2661,2540,2508,3380,3378,3362,719,838,854
4/12/2019 4:00,2634,2540,2424,3380,3378,3346,746,838,922
4/12/2019 4:30,2585,2501,2464,3391,3389,3342,806,888,878
4/12/2019 5:00,2530,2485,2473,3429,3427,3396,899,942,923
4/12/2019 5:30,2470,2521,2581,3564,3562,3475,1094,1041,894
4/12/2019 6:00,2374,2475,2718,3814,3812,3763,1440,1337,1045
4/12/2019 6:30,2243,2402,2599,4187,4190,4056,1944,1788,1457
4/12/2019 7:00,2116,2320,2492,4638,4645,4583,2522,2325,2091
4/12/2019 7:30,1994,2150,2188,4983,4983,4997,2989,2833,2809
4/12/2019 8:00,1870,2001,2076,5189,5168,5217,3319,3167,3141
4/12/2019 8:30,1746,1801,1846,5307,5281,5208,3561,3480,3362
4/12/2019 9:00,1604,1622,1621,5360,5344,5265,3756,3722,3644
4/12/2019 9:30,1443,1575,1389,5386,5368,5317,3943,3793,3928
4/12/2019 10:00,1311,1438,1265,5396,5368,5314,4085,3930,4049
4/12/2019 10:30,1205,1323,1103,5401,5348,5325,4196,4025,4222
4/12/2019 11:00,1149,1260,1077,5403,5356,5336,4254,4096,4259
4/12/2019 11:30,1143,1150,1008,5405,5360,5345,4262,4210,4337
4/12/2019 12:00,1152,1160,1068,5403,5354,5324,4251,4194,4256
4/12/2019 12:30,1175,1210,1138,5377,5321,5329,4202,4111,4191
4/12/2019 13:00,1201,1228,1173,5331,5266,5256,4130,4038,4083
4/12/2019 13:30,1229,1208,1267,5300,5230,5178,4071,4022,3911
4/12/2019 14:00,1268,1238,1305,5292,5219,5190,4024,3981,3885
4/12/2019 14:30,1320,1201,1324,5290,5219,5207,3970,4018,3883
4/12/2019 15:00,1356,1238,1392,5315,5252,5231,3959,4014,3839
4/12/2019 15:30,1375,1246,1538,5461,5407,5370,4086,4161,3832
4/12/2019 16:00,1400,1281,1487,5723,5682,5539,4323,4401,4052
4/12/2019 16:30,1431,1391,1497,5992,5966,5890,4561,4575,4393
4/12/2019 17:00,1462,1427,1604,6214,6201,6148,4752,4774,4544
4/12/2019 17:30,1492,1503,1599,6280,6267,6187,4788,4764,4588
4/12/2019 18:00,1523,1532,1712,6192,6164,6087,4669,4632,4375
4/12/2019 18:30,1555,1630,1753,6055,6022,5968,4500,4392,4215
4/12/2019 19:00,1578,1650,1850,5903,5874,5820,4325,4224,3970
4/12/2019 19:30,1591,1685,1874,5751,5724,5696,4160,4039,3822
4/12/2019 20:00,1605,1708,1862,5601,5575,5526,3996,3867,3664
4/12/2019 20:30,1619,1643,1908,5432,5409,5356,3813,3766,3448
4/12/2019 21:00,1654,1653,1978,5235,5216,5197,3581,3563,3219
4/12/2019 21:30,1709,1694,1932,4994,4971,4939,3285,3277,3007
4/12/2019 22:00,1766,1730,1946,4723,4693,4689,2957,2963,2743
4/12/2019 22:30,1823,1834,2039,4502,4470,4444,2679,2636,2405
4/12/2019 23:00,1885,1882,2183,4314,4310,4271,2429,2428,2088
4/12/2019 23:30,1935,1971,2148,4128,4125,4070,2193,2154,1922
5/12/2019 0:00,1977,2023,2130,3914,3912,3879,1937,1889,1749
5/12/2019 0:30,2010,2146,2332,3751,3750,3720,1741,1604,1388
5/12/2019 1:00,2041,2183,2402,3649,3648,3606,1608,1465,1204
5/12/2019 1:30,2068,2181,2448,3565,3565,3542,1497,1384,1094
5/12/2019 2:00,2105,2213,2457,3491,3491,3486,1386,1278,1029
5/12/2019 2:30,2151,2189,2386,3431,3432,3413,1280,1243,1027
5/12/2019 3:00,2204,2200,2413,3387,3388,3374,1183,1188,961
5/12/2019 3:30,2266,2194,2409,3368,3368,3353,1102,1174,944
5/12/2019 4:00,2355,2237,2538,3371,3371,3387,1016,1134,849
5/12/2019 4:30,2471,2419,2718,3383,3384,3396,912,965,678
5/12/2019 5:00,2608,2522,2848,3418,3421,3454,810,899,606
5/12/2019 5:30,2766,2715,2800,3550,3551,3539,784,836,739
5/12/2019 6:00,2932,2890,2846,3799,3796,3774,867,906,928
5/12/2019 6:30,3105,3092,2804,4175,4174,4038,1070,1082,1234
5/12/2019 7:00,3266,3261,3092,4633,4635,4509,1367,1374,1417
5/12/2019 7:30,3414,3430,3411,4976,4972,4994,1562,1542,1583
5/12/2019 8:00,3519,3552,3543,5174,5154,5218,1655,1602,1675
5/12/2019 8:30,3580,3734,3748,5298,5269,5270,1718,1535,1522
5/12/2019 9:00,3628,3790,3774,5371,5340,5344,1743,1550,1570
5/12/2019 9:30,3663,3814,3741,5414,5384,5386,1751,1570,1645
5/12/2019 10:00,3684,3823,3721,5435,5410,5374,1751,1587,1653
5/12/2019 10:30,3692,3815,3698,5447,5426,5398,1755,1611,1700
5/12/2019 11:00,3691,3800,3683,5455,5437,5378,1764,1637,1695
5/12/2019 11:30,3682,3686,3683,5465,5447,5370,1783,1761,1687
5/12/2019 12:00,3675,3681,3624,5477,5455,5376,1802,1774,1752
5/12/2019 12:30,3670,3744,3632,5474,5448,5413,1804,1704,1781
5/12/2019 13:00,3664,3744,3679,5455,5428,5362,1791,1684,1683
5/12/2019 13:30,3656,3693,3764,5434,5409,5282,1778,1716,1518
5/12/2019 14:00,3652,3689,3746,5420,5402,5301,1768,1713,1555
5/12/2019 14:30,3652,3661,3729,5438,5424,5312,1786,1763,1583
5/12/2019 15:00,3655,3659,3716,5502,5491,5360,1847,1832,1644
5/12/2019 15:30,3660,3640,3770,5638,5628,5481,1978,1988,1711
5/12/2019 16:00,3659,3637,3783,5837,5825,5704,2178,2188,1921
5/12/2019 16:30,3651,3641,3823,6038,6017,5998,2387,2376,2175
5/12/2019 17:00,3643,3633,3730,6201,6170,6110,2558,2537,2380
5/12/2019 17:30,3637,3664,3685,6237,6205,6086,2600,2541,2401
5/12/2019 18:00,3626,3635,3615,6143,6122,5967,2517,2487,2352
5/12/2019 18:30,3608,3603,3600,6008,5994,5831,2400,2391,2231
5/12/2019 19:00,3579,3550,3557,5856,5843,5715,2277,2293,2158
5/12/2019 19:30,3538,3511,3529,5706,5690,5579,2168,2179,2050
5/12/2019 20:00,3489,3428,3584,5558,5538,5450,2069,2110,1866
5/12/2019 20:30,3431,3285,3535,5397,5374,5318,1966,2089,1783
5/12/2019 21:00,3368,3186,3466,5211,5188,5125,1843,2002,1659
5/12/2019 21:30,3301,3044,3313,4974,4954,4854,1673,1910,1541
5/12/2019 22:00,3232,2974,3125,4701,4686,4599,1469,1712,1474
5/12/2019 22:30,3161,2939,3122,4483,4472,4379,1322,1533,1257
5/12/2019 23:00,2863,2899,3012,4298,4300,4213,1435,1401,1201
5/12/2019 23:30,2822,2944,2918,4105,4106,4057,1283,1162,1139
6/12/2019 0:00,2792,2904,2920,3890,3887,3871,1098,983,951
6/12/2019 0:30,2775,2927,2827,3724,3720,3689,949,793,862
6/12/2019 1:00,2785,2898,2752,3615,3612,3564,830,714,812
6/12/2019 1:30,2821,2798,2753,3523,3524,3475,702,726,722
6/12/2019 2:00,2812,2788,2734,3442,3443,3368,630,655,634
6/12/2019 2:30,2759,2832,2729,3379,3380,3300,620,548,571
6/12/2019 3:00,2744,2844,2708,3338,3334,3256,594,490,548
6/12/2019 3:30,2766,2830,2691,3322,3318,3229,556,488,538
6/12/2019 4:00,2791,2833,2686,3328,3327,3224,537,494,538
6/12/2019 4:30,2819,2828,2708,3341,3342,3255,522,514,547
6/12/2019 5:00,2840,2851,2709,3375,3375,3300,535,524,591
6/12/2019 5:30,2855,2887,2780,3501,3502,3358,646,615,578
6/12/2019 6:00,2898,2937,2850,3737,3740,3623,839,803,773
6/12/2019 6:30,2968,2971,2781,4088,4094,3936,1120,1123,1155
6/12/2019 7:00,3009,3010,2783,4514,4520,4371,1505,1510,1588
6/12/2019 7:30,3020,2976,2812,4839,4846,4795,1819,1870,1983
6/12/2019 8:00,3005,2983,2815,5033,5038,5027,2028,2055,2212
6/12/2019 8:30,2962,3019,2834,5146,5152,5026,2184,2133,2192
6/12/2019 9:00,2956,3025,2835,5198,5203,5054,2242,2178,2219
6/12/2019 9:30,2988,3081,2869,5226,5225,5112,2238,2144,2243
6/12/2019 10:00,3015,3078,2858,5239,5226,5112,2224,2148,2254
6/12/2019 10:30,3037,3063,2943,5236,5217,5129,2199,2154,2186
6/12/2019 11:00,3066,3059,3033,5224,5207,5159,2158,2148,2126
6/12/2019 11:30,3099,2951,3098,5221,5220,5184,2122,2269,2086
6/12/2019 12:00,3102,2945,3155,5224,5220,5212,2122,2275,2057
6/12/2019 12:30,3072,2892,3130,5195,5184,5174,2123,2292,2044
6/12/2019 13:00,3064,2888,3111,5136,5116,5113,2072,2228,2002
6/12/2019 13:30,3077,2904,3032,5089,5066,5006,2012,2162,1974
6/12/2019 14:00,3062,2912,2968,5061,5042,5001,1999,2130,2033
6/12/2019 14:30,3019,2959,2964,5040,5019,4990,2021,2060,2026
6/12/2019 15:00,2968,2910,2919,5048,5024,5031,2080,2114,2112
6/12/2019 15:30,2909,2909,2846,5183,5164,5122,2274,2255,2276
6/12/2019 16:00,2808,2805,2808,5439,5437,5278,2631,2632,2470
6/12/2019 16:30,2665,2700,2724,5692,5691,5583,3027,2991,2859
6/12/2019 17:00,2529,2569,2692,5890,5880,5797,3361,3311,3105
6/12/2019 17:30,2400,2341,2616,5951,5937,5838,3551,3596,3222
6/12/2019 18:00,2295,2212,2531,5876,5863,5762,3581,3651,3231
6/12/2019 18:30,2213,2069,2362,5752,5738,5666,3539,3669,3304
6/12/2019 19:00,2127,1975,2128,5606,5590,5482,3479,3615,3354
6/12/2019 19:30,2038,1916,2000,5456,5438,5355,3418,3522,3355
6/12/2019 20:00,1953,1833,1896,5306,5288,5218,3353,3455,3322
6/12/2019 20:30,1874,1723,1883,5148,5128,5131,3274,3405,3248
6/12/2019 21:00,1791,1635,1738,4974,4951,4968,3183,3316,3230
6/12/2019 21:30,1703,1648,1629,4758,4733,4715,3055,3085,3086
6/12/2019 22:00,1634,1610,1584,4515,4491,4513,2881,2881,2929
6/12/2019 22:30,1584,1553,1552,4325,4304,4336,2741,2751,2784
6/12/2019 23:00,1491,1537,1442,4176,4174,4233,2685,2637,2791
6/12/2019 23:30,1485,1499,1453,4032,4030,4095,2547,2531,2642
7/12/2019 0:00,1488,1490,1390,3866,3864,3905,2378,2374,2515
7/12/2019 0:30,1500,1537,1425,3713,3711,3734,2213,2174,2309
7/12/2019 1:00,1493,1529,1508,3584,3581,3600,2091,2052,2092
7/12/2019 1:30,1468,1471,1569,3475,3473,3490,2007,2002,1921
7/12/2019 2:00,1436,1465,1621,3387,3386,3366,1951,1921,1745
7/12/2019 2:30,1399,1430,1754,3315,3315,3278,1916,1885,1524
7/12/2019 3:00,1381,1420,1775,3261,3260,3211,1880,1840,1436
7/12/2019 3:30,1381,1406,1736,3229,3228,3151,1848,1822,1415
7/12/2019 4:00,1389,1414,1771,3219,3216,3144,1830,1802,1373
7/12/2019 4:30,1406,1447,1833,3216,3213,3139,1810,1766,1306
7/12/2019 5:00,1432,1459,1913,3223,3222,3146,1791,1763,1233
7/12/2019 5:30,1466,1499,1844,3270,3268,3191,1804,1769,1347
7/12/2019 6:00,1497,1522,1712,3367,3365,3297,1870,1843,1585
7/12/2019 6:30,1525,1719,1623,3536,3537,3391,2011,1818,1768
7/12/2019 7:00,1547,1772,1748,3762,3767,3575,2215,1995,1827
7/12/2019 7:30,1562,1871,1877,3971,3971,3775,2409,2100,1898
7/12/2019 8:00,1617,1964,1965,4147,4134,3942,2530,2170,1977
7/12/2019 8:30,1712,2092,2110,4308,4289,4110,2596,2197,2000
7/12/2019 9:00,1824,2192,2242,4460,4440,4317,2636,2248,2075
7/12/2019 9:30,1954,2271,2317,4600,4582,4482,2646,2311,2165
7/12/2019 10:00,2102,2411,2382,4719,4704,4577,2617,2293,2195
7/12/2019 10:30,2267,2551,2545,4777,4761,4614,2510,2210,2069
7/12/2019 11:00,2426,2718,2638,4780,4782,4628,2354,2064,1990
7/12/2019 11:30,2577,2904,2854,4787,4797,4669,2210,1893,1815
7/12/2019 12:00,2714,3051,2955,4806,4813,4704,2092,1762,1749
7/12/2019 12:30,2836,3233,3208,4799,4806,4732,1963,1573,1524
7/12/2019 13:00,2956,3339,3349,4762,4773,4706,1806,1434,1357
7/12/2019 13:30,3074,3370,3419,4718,4733,4664,1644,1363,1245
7/12/2019 14:00,3185,3441,3300,4678,4695,4598,1493,1254,1298
7/12/2019 14:30,3288,3399,3345,4654,4687,4572,1366,1288,1227
7/12/2019 15:00,3377,3458,3376,4672,4728,4602,1295,1270,1226
7/12/2019 15:30,3453,3512,3439,4812,4855,4632,1359,1343,1193
7/12/2019 16:00,3529,3559,3437,5063,5058,4813,1534,1499,1376
7/12/2019 16:30,3605,3681,3603,5292,5266,5122,1687,1585,1519
7/12/2019 17:00,3670,3705,3838,5454,5439,5335,1784,1734,1497
7/12/2019 17:30,3723,3684,3901,5508,5500,5388,1785,1816,1487
7/12/2019 18:00,3758,3712,3838,5454,5446,5283,1696,1734,1445
7/12/2019 18:30,3776,3698,3773,5351,5345,5169,1575,1647,1396
7/12/2019 19:00,3783,3714,3681,5220,5220,5017,1437,1506,1336
7/12/2019 19:30,3779,3701,3539,5092,5099,4864,1313,1398,1325
7/12/2019 20:00,3768,3702,3482,4970,4986,4723,1202,1284,1241
7/12/2019 20:30,3750,3796,3407,4835,4850,4602,1085,1054,1195
7/12/2019 21:00,3717,3754,3292,4680,4688,4448,963,934,1156
7/12/2019 21:30,3669,3692,3144,4498,4503,4261,829,811,1117
7/12/2019 22:00,3614,3625,3037,4301,4308,4096,687,683,1059
7/12/2019 22:30,3554,3523,2941,4145,4158,3975,591,635,1034
7/12/2019 23:00,3504,3465,2866,4046,4049,3909,542,584,1043
7/12/2019 23:30,3446,3321,2821,3935,3938,3826,489,617,1005
8/12/2019 0:00,3395,3288,2670,3811,3812,3666,416,524,996
8/12/2019 0:30,3350,3164,2525,3672,3673,3500,322,509,975
8/12/2019 1:00,3302,3138,2417,3523,3526,3370,221,388,953
8/12/2019 1:30,3250,2955,2399,3389,3392,3272,139,437,873
8/12/2019 2:00,3200,2929,2498,3275,3278,3181,75,349,683
8/12/2019 2:30,3150,2809,2461,3184,3187,3102,34,378,641
8/12/2019 3:00,3121,2808,2440,3119,3121,3050,-2,313,610
8/12/2019 3:30,3115,2823,2434,3085,3086,3023,-30,263,589
8/12/2019 4:00,3116,2838,2412,3078,3077,2998,-38,239,586
8/12/2019 4:30,3124,2697,2389,3073,3071,2973,-51,374,584
8/12/2019 5:00,3156,2761,2386,3068,3067,2986,-88,306,600
8/12/2019 5:30,3214,2835,2387,3090,3088,2990,-124,253,603
8/12/2019 6:00,3292,2934,2431,3146,3142,3071,-146,208,640
8/12/2019 6:30,3391,3034,2477,3240,3237,3121,-151,203,644
8/12/2019 7:00,3466,3135,2539,3368,3367,3234,-98,232,695
8/12/2019 7:30,3518,3168,2506,3517,3504,3356,-1,336,850
8/12/2019 8:00,3554,3251,2521,3679,3644,3481,125,393,960
8/12/2019 8:30,3574,3232,2583,3846,3802,3581,272,570,998
8/12/2019 9:00,3600,3295,2748,4014,3978,3798,414,683,1050
8/12/2019 9:30,3633,3370,2964,4192,4159,4010,559,789,1046
8/12/2019 10:00,3662,3422,3131,4368,4333,4216,706,911,1085
8/12/2019 10:30,3688,3275,3234,4499,4457,4351,811,1182,1117
8/12/2019 11:00,3703,3325,3244,4581,4541,4457,878,1216,1213
8/12/2019 11:30,3708,3270,3285,4644,4608,4538,936,1338,1253
8/12/2019 12:00,3721,3314,3325,4691,4660,4590,970,1346,1265
8/12/2019 12:30,3742,3350,3322,4703,4675,4678,961,1325,1356
8/12/2019 13:00,3750,3385,3303,4682,4652,4673,932,1267,1370
8/12/2019 13:30,3743,3482,3277,4648,4615,4640,905,1133,1363
8/12/2019 14:00,3727,3504,3267,4612,4571,4597,885,1067,1330
8/12/2019 14:30,3703,3529,3283,4598,4541,4580,895,1012,1297
8/12/2019 15:00,3682,3547,3427,4627,4552,4635,945,1005,1208
8/12/2019 15:30,3667,3552,3420,4759,4685,4681,1092,1133,1261
8/12/2019 16:00,3640,3540,3483,4984,4930,4860,1344,1390,1377
8/12/2019 16:30,3602,3476,3394,5199,5157,5122,1597,1681,1728
8/12/2019 17:00,3549,3432,3258,5365,5323,5306,1816,1891,2048
8/12/2019 17:30,3482,3319,2954,5422,5373,5386,1940,2054,2432
8/12/2019 18:00,3436,3325,2782,5370,5313,5342,1934,1988,2560
8/12/2019 18:30,3411,3413,2877,5273,5213,5241,1862,1800,2364
8/12/2019 19:00,3364,3465,3132,5154,5096,5070,1790,1631,1938
8/12/2019 19:30,3296,3526,3408,5034,4977,4990,1738,1451,1582
8/12/2019 20:00,3251,3510,3405,4915,4861,4877,1664,1351,1472
8/12/2019 20:30,3231,3502,3403,4783,4734,4776,1552,1232,1373
8/12/2019 21:00,3253,3462,3292,4632,4591,4613,1379,1129,1321
8/12/2019 21:30,3316,3394,3155,4458,4428,4443,1142,1034,1288
8/12/2019 22:00,3336,3364,3116,4272,4254,4286,936,890,1170
8/12/2019 22:30,3314,3178,3037,4131,4101,4132,817,923,1095
8/12/2019 23:00,3152,3167,3014,4010,3993,4021,858,826,1007
8/12/2019 23:30,3191,3211,2912,3881,3867,3849,690,656,937
9/12/2019 0:00,3201,3178,2786,3723,3715,3667,522,537,881
9/12/2019 0:30,3183,3112,2637,3580,3579,3512,397,467,875
9/12/2019 1:00,3158,3086,2609,3463,3467,3413,305,381,804
9/12/2019 1:30,3125,3031,2506,3376,3384,3316,251,353,810
9/12/2019 2:00,3097,2989,2372,3316,3325,3211,219,336,839
9/12/2019 2:30,3072,2899,2306,3261,3267,3154,189,368,848
9/12/2019 3:00,3055,2879,2455,3211,3212,3119,156,333,664
9/12/2019 3:30,3045,2814,2412,3186,3184,3108,141,370,696
9/12/2019 4:00,3028,2815,2449,3186,3184,3118,158,369,669
9/12/2019 4:30,3004,2718,2514,3196,3197,3155,192,479,641
9/12/2019 5:00,2995,2755,2592,3233,3235,3235,238,480,643
9/12/2019 5:30,3001,2683,2701,3373,3377,3333,372,694,632
9/12/2019 6:00,2984,2714,2858,3637,3641,3620,653,927,762
9/12/2019 6:30,2946,2701,2987,4019,4025,3919,1073,1324,932
9/12/2019 7:00,2860,2636,2971,4473,4482,4367,1613,1846,1396
9/12/2019 7:30,2726,2499,2774,4829,4829,4814,2103,2330,2040
9/12/2019 8:00,2553,2331,2642,5050,5034,5048,2497,2703,2406
9/12/2019 8:30,2339,2229,2401,5174,5155,5020,2835,2926,2619
9/12/2019 9:00,2138,2025,2156,5220,5211,5154,3082,3186,2998
9/12/2019 9:30,1949,1860,1998,5232,5228,5249,3283,3368,3251
9/12/2019 10:00,1723,1597,1700,5225,5222,5223,3502,3625,3523
9/12/2019 10:30,1458,1307,1407,5215,5214,5235,3757,3907,3828
9/12/2019 11:00,1208,1055,1144,5207,5210,5294,3999,4155,4150
9/12/2019 11:30,974,907,848,5213,5211,5281,4239,4304,4433
9/12/2019 12:00,795,730,682,5226,5218,5301,4431,4488,4619
9/12/2019 12:30,671,544,544,5215,5211,5328,4544,4667,4784
9/12/2019 13:00,564,431,546,5183,5191,5279,4619,4760,4733
9/12/2019 13:30,473,349,509,5162,5181,5193,4689,4832,4684
9/12/2019 14:00,423,288,433,5158,5184,5236,4735,4896,4803
9/12/2019 14:30,412,301,408,5160,5196,5247,4748,4895,4839
9/12/2019 15:00,458,341,497,5195,5241,5297,4737,4900,4800
9/12/2019 15:30,560,438,717,5377,5417,5360,4817,4979,4643
9/12/2019 16:00,704,590,942,5691,5716,5500,4987,5126,4558
9/12/2019 16:30,890,825,1115,5965,5982,5932,5075,5157,4817
9/12/2019 17:00,1096,1032,1346,6146,6167,6169,5050,5135,4823
9/12/2019 17:30,1324,1279,1587,6183,6208,6189,4859,4929,4602
9/12/2019 18:00,1579,1508,1745,6088,6117,6068,4509,4609,4323
9/12/2019 18:30,1860,1738,1977,5948,5989,5918,4088,4251,3941
9/12/2019 19:00,2123,1986,2167,5789,5831,5747,3666,3845,3580
9/12/2019 19:30,2367,2366,2408,5635,5676,5639,3268,3310,3231
9/12/2019 20:00,2595,2617,2651,5487,5526,5478,2892,2909,2827
9/12/2019 20:30,2807,2884,2758,5323,5364,5334,2516,2480,2576
9/12/2019 21:00,3005,3098,2983,5133,5178,5215,2128,2080,2232
9/12/2019 21:30,3188,3308,3041,4898,4950,4957,1710,1642,1916
9/12/2019 22:00,3317,3440,3209,4633,4693,4642,1316,1253,1433
9/12/2019 22:30,3394,3524,3112,4419,4471,4368,1025,947,1256
9/12/2019 23:00,3452,3550,2977,4273,4308,4191,821,758,1214
9/12/2019 23:30,3445,3548,2817,4068,4114,3981,623,566,1164
10/12/2019 0:00,3424,3526,2740,3838,3887,3774,414,361,1034
10/12/2019 0:30,3389,3411,2638,3670,3719,3585,281,308,947
10/12/2019 1:00,3339,3356,2549,3573,3618,3453,234,262,904
10/12/2019 1:30,3273,3222,2460,3494,3536,3369,221,314,909
10/12/2019 2:00,3215,3161,2377,3422,3463,3315,207,302,938
10/12/2019 2:30,3163,2940,2328,3370,3408,3254,207,468,926
10/12/2019 3:00,3134,2924,2328,3339,3371,3199,205,447,871
10/12/2019 3:30,3127,2803,2330,3328,3353,3168,201,550,838
10/12/2019 4:00,3127,2825,2334,3337,3355,3182,210,530,848
10/12/2019 4:30,3133,2737,2333,3360,3373,3172,227,636,839
10/12/2019 5:00,3173,2808,2364,3412,3420,3233,239,612,869
10/12/2019 5:30,3247,2808,2426,3554,3557,3318,307,749,892
10/12/2019 6:00,3345,2950,2729,3804,3801,3594,459,851,865
10/12/2019 6:30,3469,3077,2982,4174,4174,3924,705,1097,942
10/12/2019 7:00,3559,3204,3264,4623,4626,4426,1064,1422,1162
10/12/2019 7:30,3615,3261,3533,4962,4951,4865,1347,1690,1332
10/12/2019 8:00,3656,3331,3606,5164,5125,5103,1508,1794,1497
10/12/2019 8:30,3682,3333,3588,5306,5259,5143,1624,1926,1555
10/12/2019 9:00,3696,3376,3595,5402,5372,5216,1706,1996,1621
10/12/2019 9:30,3699,3414,3627,5443,5424,5273,1744,2010,1646
10/12/2019 10:00,3696,3426,3634,5437,5425,5267,1741,1999,1633
10/12/2019 10:30,3688,3518,3777,5430,5426,5297,1742,1908,1520
10/12/2019 11:00,3680,3510,3580,5433,5445,5270,1753,1935,1690
10/12/2019 11:30,3671,3590,3419,5437,5471,5279,1766,1881,1860
10/12/2019 12:00,3665,3575,3319,5439,5490,5280,1774,1915,1961
10/12/2019 12:30,3663,3539,3275,5434,5475,5302,1771,1936,2027
10/12/2019 13:00,3647,3528,3221,5426,5425,5287,1779,1897,2066
10/12/2019 13:30,3617,3533,3226,5424,5412,5220,1807,1879,1994
10/12/2019 14:00,3599,3533,3219,5432,5436,5255,1833,1903,2036
10/12/2019 14:30,3594,3434,3184,5452,5457,5247,1858,2023,2063
10/12/2019 15:00,3586,3444,3103,5500,5483,5281,1914,2039,2178
10/12/2019 15:30,3576,3455,3151,5629,5603,5349,2053,2148,2198
10/12/2019 16:00,3547,3443,3173,5833,5816,5512,2286,2373,2339
10/12/2019 16:30,3498,3344,3268,6037,6040,5878,2539,2696,2610
10/12/2019 17:00,3446,3303,3094,6200,6227,6007,2754,2924,2913
10/12/2019 17:30,3391,3227,3023,6240,6261,6074,2849,3034,3051
10/12/2019 18:00,3348,3196,2914,6155,6145,5995,2807,2949,3081
10/12/2019 18:30,3317,3118,2813,6014,5998,5851,2697,2880,3038
10/12/2019 19:00,3280,3088,2760,5845,5850,5695,2565,2762,2935
10/12/2019 19:30,3240,3055,2824,5688,5697,5533,2448,2642,2709
10/12/2019 20:00,3191,3023,2864,5544,5541,5381,2353,2518,2517
10/12/2019 20:30,3134,2965,2802,5381,5379,5252,2247,2414,2450
10/12/2019 21:00,3090,2893,2788,5189,5199,5079,2099,2306,2291
10/12/2019 21:30,3059,2765,2683,4955,4961,4871,1896,2196,2188
10/12/2019 22:00,3003,2701,2631,4695,4681,4604,1692,1980,1973
10/12/2019 22:30,2921,2486,2563,4487,4475,4384,1566,1989,1821
10/12/2019 23:00,2825,2483,2501,4330,4328,4165,1505,1845,1664
10/12/2019 23:30,2860,2564,2449,4131,4127,4003,1271,1563,1554
11/12/2019 0:00,2859,2634,2415,3878,3873,3792,1019,1239,1377
11/12/2019 0:30,2825,2773,2391,3693,3688,3639,868,915,1248
11/12/2019 1:00,2806,2809,2540,3593,3589,3548,787,780,1008
11/12/2019 1:30,2805,2803,2607,3519,3514,3493,714,711,886
11/12/2019 2:00,2796,2761,2659,3456,3451,3422,660,690,763
11/12/2019 2:30,2778,2554,2597,3405,3400,3416,627,846,819
11/12/2019 3:00,2738,2513,2462,3368,3363,3344,630,850,882
11/12/2019 3:30,2678,2453,2389,3350,3345,3316,672,892,927
11/12/2019 4:00,2641,2408,2412,3350,3344,3314,709,936,902
11/12/2019 4:30,2629,2365,2371,3362,3357,3335,733,992,964
11/12/2019 5:00,2609,2342,2351,3401,3396,3410,792,1054,1059
11/12/2019 5:30,2581,2348,2276,3539,3533,3489,958,1185,1213
11/12/2019 6:00,2528,2340,2251,3794,3786,3739,1266,1446,1488
11/12/2019 6:30,2449,2313,2141,4170,4162,4044,1721,1849,1903
11/12/2019 7:00,2395,2294,2073,4620,4614,4527,2225,2320,2454
11/12/2019 7:30,2366,2251,2126,4959,4951,4964,2593,2700,2838
11/12/2019 8:00,2338,2208,2041,5155,5138,5218,2817,2930,3177
11/12/2019 8:30,2312,2151,1927,5264,5242,5218,2952,3091,3291
11/12/2019 9:00,2284,2135,1998,5310,5285,5284,3026,3150,3286
11/12/2019 9:30,2254,2136,2000,5332,5306,5356,3078,3170,3356
11/12/2019 10:00,2278,2157,1877,5343,5316,5334,3065,3159,3457
11/12/2019 10:30,2357,2074,2019,5354,5318,5385,2997,3244,3366
11/12/2019 11:00,2414,2112,1973,5368,5319,5341,2954,3207,3368
11/12/2019 11:30,2449,2188,2033,5388,5330,5283,2939,3142,3250
11/12/2019 12:00,2507,2224,2086,5406,5348,5267,2899,3124,3181
11/12/2019 12:30,2588,2229,2133,5393,5336,5294,2805,3107,3161
11/12/2019 13:00,2651,2304,2118,5351,5297,5258,2700,2993,3140
11/12/2019 13:30,2697,2368,2309,5328,5273,5251,2631,2905,2942
11/12/2019 14:00,2711,2408,2249,5330,5269,5223,2619,2861,2974
11/12/2019 14:30,2691,2343,2246,5334,5270,5230,2643,2927,2984
11/12/2019 15:00,2650,2304,2185,5361,5300,5265,2711,2996,3080
11/12/2019 15:30,2589,2165,2250,5514,5466,5384,2925,3301,3134
11/12/2019 16:00,2535,2050,2239,5788,5760,5607,3253,3710,3368
11/12/2019 16:30,2487,1897,2157,6059,6037,6012,3572,4140,3855
11/12/2019 17:00,2425,1839,1850,6269,6240,6164,3844,4401,4314
11/12/2019 17:30,2347,1802,1833,6314,6287,6264,3967,4485,4431
11/12/2019 18:00,2250,1759,1819,6202,6185,6177,3952,4426,4358
11/12/2019 18:30,2132,1706,1711,6059,6048,6081,3927,4342,4370
11/12/2019 19:00,2044,1673,1678,5917,5903,5940,3873,4230,4262
11/12/2019 19:30,1985,1755,1772,5771,5754,5807,3786,3999,4035
11/12/2019 20:00,1928,1735,1699,5619,5600,5638,3691,3865,3939
11/12/2019 20:30,1872,1570,1671,5458,5433,5514,3586,3863,3843
11/12/2019 21:00,1816,1533,1756,5278,5247,5332,3462,3714,3576
11/12/2019 21:30,1758,1506,1742,5041,5015,5074,3283,3509,3332
11/12/2019 22:00,1717,1514,1645,4765,4757,4801,3048,3243,3156
11/12/2019 22:30,1693,1499,1671,4557,4560,4506,2864,3061,2835
11/12/2019 23:00,1720,1557,1765,4408,4414,4364,2688,2857,2599
11/12/2019 23:30,1767,1703,1673,4207,4211,4167,2440,2508,2494
12/12/2019 0:00,1808,1736,1635,3953,3954,3934,2145,2218,2299
12/12/2019 0:30,1841,1830,1659,3770,3769,3771,1929,1939,2112
12/12/2019 1:00,1893,1835,1537,3672,3671,3657,1779,1836,2120
12/12/2019 1:30,1963,1799,1443,3591,3589,3564,1628,1790,2121
12/12/2019 2:00,2016,1802,1523,3514,3513,3503,1498,1711,1980
12/12/2019 2:30,2052,1640,1501,3455,3455,3426,1403,1815,1925
12/12/2019 3:00,2078,1638,1516,3417,3415,3391,1339,1777,1875
12/12/2019 3:30,2094,1579,1521,3399,3401,3398,1305,1822,1877
12/12/2019 4:00,2064,1547,1458,3401,3406,3416,1337,1859,1958
12/12/2019 4:30,1986,1485,1366,3413,3421,3421,1427,1936,2055
12/12/2019 5:00,1923,1463,1385,3450,3458,3473,1527,1995,2088
12/12/2019 5:30,1876,1431,1282,3578,3587,3552,1702,2156,2270
12/12/2019 6:00,1845,1449,1281,3817,3829,3817,1972,2380,2536
12/12/2019 6:30,1830,1514,1281,4186,4203,4142,2356,2689,2861
12/12/2019 7:00,1798,1541,1318,4638,4660,4602,2840,3119,3284
12/12/2019 7:30,1748,1544,1385,4974,4999,5049,3226,3455,3664
12/12/2019 8:00,1745,1576,1484,5161,5187,5312,3416,3611,3828
12/12/2019 8:30,1788,1632,1568,5278,5299,5332,3490,3667,3764
12/12/2019 9:00,1813,1681,1605,5346,5360,5429,3533,3679,3824
12/12/2019 9:30,1820,1774,1669,5375,5389,5526,3555,3615,3857
12/12/2019 10:00,1866,1829,1760,5373,5397,5500,3507,3568,3740
12/12/2019 10:30,1950,1845,1781,5368,5389,5474,3418,3544,3693
12/12/2019 11:00,2025,1841,1717,5366,5373,5477,3341,3532,3760
12/12/2019 11:30,2089,1712,1730,5374,5363,5465,3285,3651,3735
12/12/2019 12:00,2170,1712,1669,5385,5372,5464,3215,3660,3795
12/12/2019 12:30,2270,1792,1597,5370,5359,5478,3100,3567,3881
12/12/2019 13:00,2324,1820,1523,5329,5328,5433,3005,3508,3910
12/12/2019 13:30,2332,1919,1501,5303,5301,5346,2971,3382,3845
12/12/2019 14:00,2361,1978,1484,5299,5294,5330,2938,3316,3846
12/12/2019 14:30,2411,1980,1455,5306,5304,5338,2895,3324,3883
12/12/2019 15:00,2472,2042,1461,5344,5358,5356,2872,3316,3895
12/12/2019 15:30,2544,2044,1659,5505,5527,5460,2961,3483,3801
12/12/2019 16:00,2620,2130,1852,5780,5805,5644,3160,3675,3792
12/12/2019 16:30,2700,2109,1930,6039,6060,5996,3339,3951,4066
12/12/2019 17:00,2770,2228,1959,6228,6247,6152,3458,4019,4193
12/12/2019 17:30,2829,2295,2119,6274,6294,6157,3445,3999,4038
12/12/2019 18:00,2890,2422,2256,6183,6213,6076,3293,3791,3820
12/12/2019 18:30,2952,2439,2407,6053,6089,5961,3101,3650,3554
12/12/2019 19:00,3007,2575,2484,5912,5952,5819,2905,3377,3335
12/12/2019 19:30,3054,2774,2661,5768,5807,5716,2714,3033,3055
12/12/2019 20:00,3081,2841,2727,5621,5659,5584,2540,2818,2857
12/12/2019 20:30,3087,2748,2714,5461,5501,5442,2374,2753,2728
12/12/2019 21:00,3093,2788,2695,5281,5322,5277,2188,2534,2582
12/12/2019 21:30,3099,2892,2646,5055,5088,5031,1956,2196,2385
12/12/2019 22:00,3093,2908,2655,4798,4816,4783,1705,1908,2128
12/12/2019 22:30,3073,2902,2710,4596,4618,4508,1523,1716,1798
12/12/2019 23:00,3061,2903,2740,4446,4462,4335,1385,1559,1595
12/12/2019 23:30,3060,2895,2728,4264,4280,4167,1204,1385,1439
13/12/2019 0:00,3045,2879,2837,4053,4068,4031,1008,1189,1194
13/12/2019 0:30,3014,2800,2834,3886,3899,3846,872,1099,1012
13/12/2019 1:00,2976,2798,2748,3772,3781,3731,796,983,983
13/12/2019 1:30,2931,2741,2679,3676,3683,3635,745,942,956
13/12/2019 2:00,2883,2743,2632,3593,3598,3569,710,855,937
13/12/2019 2:30,2833,2735,2573,3532,3534,3499,699,799,926
13/12/2019 3:00,2812,2748,2556,3495,3495,3450,683,747,894
13/12/2019 3:30,2820,2788,2494,3482,3481,3386,662,693,892
13/12/2019 4:00,2835,2827,2485,3490,3489,3393,655,662,908
13/12/2019 4:30,2857,2888,2469,3509,3509,3381,652,621,912
13/12/2019 5:00,2889,2934,2486,3549,3550,3427,660,616,941
13/12/2019 5:30,2931,2939,2573,3668,3670,3510,737,731,937
13/12/2019 6:00,2990,3015,2766,3886,3888,3782,896,873,1016
13/12/2019 6:30,3065,3071,2911,4235,4238,4080,1170,1167,1169
13/12/2019 7:00,3112,3124,3313,4673,4676,4595,1561,1552,1282
13/12/2019 7:30,3129,2945,3522,5002,5009,5086,1873,2064,1564
13/12/2019 8:00,3134,2961,3499,5189,5202,5287,2055,2241,1788
13/12/2019 8:30,3125,2973,3290,5302,5325,5224,2177,2352,1934
13/12/2019 9:00,3098,2989,3196,5364,5392,5298,2266,2403,2102
13/12/2019 9:30,3053,3039,3078,5397,5428,5324,2344,2389,2246
13/12/2019 10:00,3019,3055,2916,5406,5434,5300,2387,2379,2384
13/12/2019 10:30,2995,3217,2994,5395,5444,5303,2400,2227,2309
13/12/2019 11:00,2957,3212,2960,5370,5426,5278,2413,2214,2318
13/12/2019 11:30,2905,3340,2914,5357,5420,5274,2452,2080,2360
13/12/2019 12:00,2864,3290,2952,5355,5421,5286,2491,2131,2334
13/12/2019 12:30,2834,3144,2974,5336,5397,5304,2502,2253,2330
13/12/2019 13:00,2781,3088,2761,5297,5344,5260,2516,2256,2499
13/12/2019 13:30,2703,2894,2653,5254,5298,5215,2551,2404,2562
13/12/2019 14:00,2573,2825,2414,5216,5261,5205,2643,2436,2791
13/12/2019 14:30,2392,2672,2157,5198,5235,5204,2806,2563,3047
13/12/2019 15:00,2244,2524,2004,5222,5242,5269,2978,2718,3265
13/12/2019 15:30,2132,2349,1793,5369,5378,5373,3237,3029,3580
13/12/2019 16:00,2041,2230,1698,5627,5629,5511,3586,3399,3813
13/12/2019 16:30,1970,2085,1735,5865,5859,5862,3895,3774,4127
13/12/2019 17:00,1918,2076,1792,6035,6019,6023,4117,3943,4231
13/12/2019 17:30,1884,2001,1769,6083,6054,6017,4199,4053,4248
13/12/2019 18:00,1920,2108,2176,6012,5973,5948,4092,3865,3772
13/12/2019 18:30,2023,2073,2305,5897,5852,5763,3874,3779,3458
13/12/2019 19:00,2162,2259,2421,5761,5717,5569,3599,3458,3148
13/12/2019 19:30,2337,2427,2771,5618,5576,5456,3281,3149,2685
13/12/2019 20:00,2477,2605,2902,5470,5434,5305,2993,2829,2403
13/12/2019 20:30,2582,2910,3139,5319,5286,5169,2737,2376,2030
13/12/2019 21:00,2704,3026,3242,5154,5121,4980,2450,2095,1738
13/12/2019 21:30,2843,3104,3212,4934,4911,4806,2091,1807,1594
13/12/2019 22:00,2949,3140,3257,4680,4673,4625,1731,1533,1368
13/12/2019 22:30,3020,3179,3280,4504,4527,4428,1484,1348,1148
13/12/2019 23:00,3330,3161,3257,4413,4428,4340,1083,1267,1083
13/12/2019 23:30,3285,3210,3180,4260,4272,4229,975,1062,1049
14/12/2019 0:00,3234,3168,3055,4043,4050,4009,809,882,954
14/12/2019 0:30,3177,3156,2920,3857,3860,3836,680,704,916
14/12/2019 1:00,3133,3100,2781,3721,3721,3658,588,621,877
14/12/2019 1:30,3103,2986,2718,3612,3609,3579,509,623,861
14/12/2019 2:00,3061,2927,2598,3521,3516,3465,460,589,867
14/12/2019 2:30,3007,2862,2512,3440,3433,3375,433,571,863
14/12/2019 3:00,2961,2851,2362,3371,3363,3299,410,512,937
14/12/2019 3:30,2921,2865,2240,3332,3324,3267,411,459,1027
14/12/2019 4:00,2918,2907,2253,3324,3315,3270,406,408,1017
14/12/2019 4:30,2953,2880,2225,3329,3319,3248,376,439,1023
14/12/2019 5:00,3015,2952,2221,3346,3336,3232,331,384,1011
14/12/2019 5:30,3105,2947,2259,3394,3384,3265,289,437,1006
14/12/2019 6:00,3189,3035,2365,3486,3476,3368,297,441,1003
14/12/2019 6:30,3268,2914,2493,3654,3646,3503,386,732,1010
14/12/2019 7:00,3323,3017,2664,3885,3880,3703,562,863,1039
14/12/2019 7:30,3352,3086,2960,4093,4084,3931,741,998,971
14/12/2019 8:00,3360,3123,3077,4263,4242,4128,903,1119,1051
14/12/2019 8:30,3347,3029,3195,4433,4397,4302,1086,1368,1107
14/12/2019 9:00,3305,3032,3239,4607,4549,4526,1302,1517,1287
14/12/2019 9:30,3233,3005,3316,4765,4696,4717,1532,1691,1401
14/12/2019 10:00,3150,2955,3399,4896,4830,4833,1746,1875,1434
14/12/2019 10:30,3056,2827,3309,4970,4907,4917,1914,2080,1608
14/12/2019 11:00,2958,2771,3170,4992,4933,4936,2034,2162,1766
14/12/2019 11:30,2856,2819,3028,5011,4954,4919,2155,2135,1891
14/12/2019 12:00,2737,2707,3033,5029,4974,4917,2292,2267,1884
14/12/2019 12:30,2603,2648,3043,5013,4961,4920,2410,2313,1877
14/12/2019 13:00,2507,2519,2815,4963,4919,4888,2456,2400,2073
14/12/2019 13:30,2452,2526,2548,4916,4877,4896,2464,2351,2348
14/12/2019 14:00,2355,2405,2466,4881,4846,4841,2526,2441,2375
14/12/2019 14:30,2217,2173,2273,4853,4830,4835,2636,2657,2562
14/12/2019 15:00,2094,2070,2152,4852,4852,4857,2758,2782,2705
14/12/2019 15:30,1985,2003,2011,4974,4982,4885,2989,2979,2874
14/12/2019 16:00,1912,1991,1875,5212,5213,5054,3300,3222,3179
14/12/2019 16:30,1875,2136,1759,5445,5447,5387,3570,3311,3628
14/12/2019 17:00,1844,2154,1711,5624,5633,5615,3780,3479,3904
14/12/2019 17:30,1818,2149,1703,5676,5684,5685,3858,3535,3982
14/12/2019 18:00,1843,2139,1588,5602,5602,5598,3759,3463,4010
14/12/2019 18:30,1918,2007,1588,5488,5479,5462,3570,3472,3874
14/12/2019 19:00,1946,1980,1431,5358,5342,5290,3412,3362,3859
14/12/2019 19:30,1925,1941,1457,5226,5207,5177,3301,3266,3720
14/12/2019 20:00,1922,1936,1496,5095,5081,5001,3173,3145,3505
14/12/2019 20:30,1936,1684,1289,4962,4952,4862,3026,3268,3573
14/12/2019 21:00,1945,1750,1327,4820,4814,4790,2875,3064,3463
14/12/2019 21:30,1951,1881,1407,4649,4646,4651,2698,2765,3244
14/12/2019 22:00,1924,1954,1551,4462,4459,4483,2538,2505,2932
14/12/2019 22:30,1866,1882,1424,4333,4331,4301,2467,2449,2877
14/12/2019 23:00,1876,1916,1468,4249,4258,4233,2373,2342,2765
14/12/2019 23:30,1791,1938,1602,4136,4150,4151,2345,2212,2549
15/12/2019 0:00,1728,1914,1771,3980,3995,4009,2252,2081,2238
15/12/2019 0:30,1687,1713,1933,3820,3835,3870,2133,2122,1937
15/12/2019 1:00,1624,1624,1920,3671,3685,3772,2047,2061,1852
15/12/2019 1:30,1540,1535,1991,3542,3552,3648,2002,2017,1657
15/12/2019 2:00,1452,1439,1901,3436,3441,3548,1984,2002,1647
15/12/2019 2:30,1359,1308,1602,3352,3352,3456,1993,2044,1854
15/12/2019 3:00,1277,1177,1451,3289,3286,3420,2012,2109,1969
15/12/2019 3:30,1206,1038,1334,3253,3247,3380,2047,2209,2046
15/12/2019 4:00,1171,919,1184,3238,3230,3346,2067,2311,2162
15/12/2019 4:30,1174,974,1143,3226,3216,3341,2052,2242,2198
15/12/2019 5:00,1172,927,987,3215,3206,3326,2043,2279,2339
15/12/2019 5:30,1166,1037,976,3229,3216,3323,2063,2179,2347
15/12/2019 6:00,1156,1022,890,3271,3257,3385,2115,2235,2495
15/12/2019 6:30,1144,960,938,3347,3332,3460,2203,2372,2522
15/12/2019 7:00,1152,974,1016,3454,3442,3556,2302,2468,2540
15/12/2019 7:30,1180,1011,1029,3583,3569,3670,2403,2558,2641
15/12/2019 8:00,1187,1015,966,3731,3713,3815,2544,2698,2849
15/12/2019 8:30,1172,1088,907,3895,3882,3940,2723,2794,3033
15/12/2019 9:00,1162,1147,931,4076,4078,4158,2914,2931,3227
15/12/2019 9:30,1155,1150,845,4279,4289,4371,3124,3139,3526
15/12/2019 10:00,1148,1180,811,4489,4499,4577,3341,3319,3766
15/12/2019 10:30,1140,1252,857,4638,4626,4709,3498,3374,3852
15/12/2019 11:00,1121,1251,939,4723,4712,4809,3602,3461,3870
15/12/2019 11:30,1092,1203,980,4802,4789,4865,3710,3586,3885
15/12/2019 12:00,1080,1193,951,4876,4863,4930,3796,3670,3979
15/12/2019 12:30,1084,1128,1059,4894,4889,5014,3810,3761,3955
15/12/2019 13:00,1116,1187,1196,4858,4867,5032,3742,3680,3836
15/12/2019 13:30,1178,1245,1260,4814,4829,4973,3636,3584,3713
15/12/2019 14:00,1260,1324,1341,4776,4790,4879,3516,3466,3538
15/12/2019 14:30,1364,1245,1323,4752,4762,4831,3388,3517,3508
15/12/2019 15:00,1454,1254,1508,4763,4768,4824,3309,3514,3316
15/12/2019 15:30,1531,1231,1621,4888,4893,4838,3357,3662,3217
15/12/2019 16:00,1574,1269,1844,5121,5133,5097,3547,3864,3253
15/12/2019 16:30,1582,1454,1875,5365,5379,5386,3783,3925,3511
15/12/2019 17:00,1605,1515,1829,5569,5582,5549,3964,4067,3720
15/12/2019 17:30,1644,1570,1886,5629,5646,5630,3985,4076,3744
15/12/2019 18:00,1665,1628,1952,5547,5578,5579,3882,3950,3627
15/12/2019 18:30,1669,1802,1895,5434,5474,5500,3765,3672,3605
15/12/2019 19:00,1658,1830,1780,5316,5363,5408,3658,3533,3628
15/12/2019 19:30,1631,1950,1909,5196,5237,5317,3565,3287,3408
15/12/2019 20:00,1616,1912,1853,5073,5104,5224,3457,3192,3371
15/12/2019 20:30,1612,1867,1837,4944,4976,5114,3332,3109,3277
15/12/2019 21:00,1589,1832,1776,4803,4848,4945,3214,3016,3169
15/12/2019 21:30,1548,1817,1748,4630,4683,4741,3082,2866,2993
15/12/2019 22:00,1502,1773,1760,4439,4489,4552,2937,2716,2792
15/12/2019 22:30,1451,1655,1733,4301,4349,4300,2850,2694,2567
15/12/2019 23:00,1418,1563,1708,4251,4254,4183,2833,2691,2475
15/12/2019 23:30,1326,1426,1648,4102,4102,4059,2776,2676,2411
16/12/2019 0:00,1261,1308,1498,3898,3894,3908,2637,2586,2410
16/12/2019 0:30,1224,1209,1296,3743,3733,3765,2519,2524,2469
16/12/2019 1:00,1175,1118,1193,3650,3636,3656,2475,2518,2463
16/12/2019 1:30,1116,1052,1104,3572,3552,3564,2456,2500,2460
16/12/2019 2:00,1061,1055,1070,3497,3472,3482,2436,2417,2412
16/12/2019 2:30,1011,1181,987,3435,3407,3412,2424,2226,2425
16/12/2019 3:00,982,1235,1112,3390,3355,3340,2408,2120,2228
16/12/2019 3:30,976,1370,1276,3367,3328,3308,2391,1958,2032
16/12/2019 4:00,980,1460,1420,3366,3321,3302,2386,1861,1882
16/12/2019 4:30,996,1531,1557,3379,3330,3302,2383,1799,1745
16/12/2019 5:00,1049,1607,1554,3423,3371,3384,2374,1764,1830
16/12/2019 5:30,1140,1614,1460,3573,3520,3463,2433,1906,2003
16/12/2019 6:00,1178,1668,1510,3846,3795,3731,2668,2127,2221
16/12/2019 6:30,1163,1636,1672,4233,4187,4056,3070,2551,2384
16/12/2019 7:00,1173,1674,1665,4686,4646,4532,3513,2972,2867
16/12/2019 7:30,1207,1778,1677,5028,4984,4964,3821,3206,3287
16/12/2019 8:00,1221,1826,1680,5229,5174,5248,4008,3348,3568
16/12/2019 8:30,1213,1998,1666,5353,5306,5279,4140,3308,3613
16/12/2019 9:00,1207,1995,1632,5423,5398,5346,4216,3403,3714
16/12/2019 9:30,1203,1972,1548,5472,5458,5463,4269,3486,3915
16/12/2019 10:00,1185,1942,1604,5506,5490,5447,4321,3548,3843
16/12/2019 10:30,1154,1905,1546,5520,5511,5460,4366,3606,3914
16/12/2019 11:00,1128,1871,1523,5518,5526,5461,4390,3655,3938
16/12/2019 11:30,1109,1773,1526,5522,5530,5414,4413,3757,3888
16/12/2019 12:00,1086,1722,1450,5528,5538,5425,4442,3816,3975
16/12/2019 12:30,1059,1535,1474,5509,5521,5449,4450,3986,3975
16/12/2019 13:00,1034,1505,1436,5469,5480,5400,4435,3975,3964
16/12/2019 13:30,1011,1393,1404,5445,5451,5303,4434,4058,3899
16/12/2019 14:00,993,1389,1420,5444,5438,5317,4451,4049,3897
16/12/2019 14:30,978,1430,1433,5449,5429,5315,4471,3999,3882
16/12/2019 15:00,963,1421,1537,5483,5447,5387,4520,4026,3850
16/12/2019 15:30,947,1432,1605,5652,5614,5486,4705,4182,3881
16/12/2019 16:00,933,1462,1719,5948,5920,5700,5015,4458,3981
16/12/2019 16:30,923,1492,1719,6225,6197,6101,5302,4705,4382
16/12/2019 17:00,915,1512,1610,6425,6387,6331,5510,4875,4721
16/12/2019 17:30,910,1511,1746,6466,6428,6395,5556,4917,4649
16/12/2019 18:00,901,1509,1782,6355,6325,6294,5454,4816,4512
16/12/2019 18:30,888,1653,1748,6209,6184,6158,5321,4531,4410
16/12/2019 19:00,868,1655,1715,6056,6030,5999,5188,4375,4284
16/12/2019 19:30,841,1722,1763,5893,5877,5860,5052,4155,4097
16/12/2019 20:00,815,1695,1807,5721,5722,5687,4906,4027,3880
16/12/2019 20:30,788,1787,1873,5552,5554,5523,4764,3767,3650
16/12/2019 21:00,764,1762,1877,5377,5359,5376,4613,3597,3499
16/12/2019 21:30,743,1766,1689,5150,5114,5144,4407,3348,3455
16/12/2019 22:00,726,1695,1535,4884,4833,4845,4158,3138,3310
16/12/2019 22:30,711,1551,1381,4669,4586,4532,3958,3035,3151
16/12/2019 23:00,1140,1435,1111,4435,4416,4398,3295,2981,3287
16/12/2019 23:30,1073,1283,986,4246,4229,4223,3173,2946,3237
17/12/2019 0:00,1004,1141,936,4037,4024,4062,3033,2883,3126
17/12/2019 0:30,935,1076,874,3877,3865,3910,2942,2789,3036
17/12/2019 1:00,854,961,770,3772,3762,3819,2918,2801,3049
17/12/2019 1:30,761,810,686,3686,3677,3724,2925,2867,3038
17/12/2019 2:00,678,762,647,3608,3601,3636,2930,2839,2989
17/12/2019 2:30,605,632,604,3547,3543,3593,2942,2911,2989
17/12/2019 3:00,553,598,538,3504,3501,3543,2951,2903,3005
17/12/2019 3:30,520,580,523,3486,3484,3533,2966,2904,3010
17/12/2019 4:00,485,550,489,3492,3488,3550,3007,2938,3061
17/12/2019 4:30,448,539,457,3511,3506,3556,3063,2967,3099
17/12/2019 5:00,421,508,455,3558,3552,3610,3137,3044,3155
17/12/2019 5:30,401,443,429,3694,3688,3708,3293,3245,3279
17/12/2019 6:00,388,413,409,3940,3936,3960,3552,3523,3551
17/12/2019 6:30,381,362,374,4314,4314,4283,3933,3952,3909
17/12/2019 7:00,371,336,371,4772,4774,4779,4401,4438,4408
17/12/2019 7:30,358,307,332,5118,5121,5244,4760,4814,4912
17/12/2019 8:00,337,281,295,5320,5320,5517,4983,5039,5222
17/12/2019 8:30,308,266,261,5452,5444,5534,5144,5178,5273
17/12/2019 9:00,291,243,244,5535,5514,5629,5244,5271,5385
17/12/2019 9:30,286,270,227,5577,5550,5728,5291,5280,5501
17/12/2019 10:00,276,245,182,5588,5560,5735,5312,5315,5553
17/12/2019 10:30,261,216,160,5595,5558,5718,5334,5342,5558
17/12/2019 11:00,252,203,169,5605,5551,5724,5353,5348,5555
17/12/2019 11:30,249,207,162,5617,5574,5701,5368,5367,5539
17/12/2019 12:00,239,205,153,5623,5579,5699,5384,5374,5546
17/12/2019 12:30,221,176,125,5601,5556,5702,5380,5380,5577
17/12/2019 13:00,210,169,133,5555,5507,5645,5345,5338,5512
17/12/2019 13:30,206,161,138,5521,5474,5560,5315,5313,5422
17/12/2019 14:00,207,146,130,5506,5465,5555,5299,5319,5425
17/12/2019 14:30,212,168,126,5495,5462,5562,5283,5294,5436
17/12/2019 15:00,223,178,122,5515,5495,5607,5292,5317,5485
17/12/2019 15:30,239,197,120,5685,5678,5718,5446,5481,5598
17/12/2019 16:00,257,220,126,5993,5999,5909,5736,5779,5783
17/12/2019 16:30,277,212,114,6267,6281,6307,5990,6069,6193
17/12/2019 17:00,305,234,156,6451,6470,6516,6146,6236,6360
17/12/2019 17:30,340,261,198,6488,6513,6546,6148,6252,6348
17/12/2019 18:00,381,298,224,6390,6424,6442,6009,6126,6218
17/12/2019 18:30,428,358,272,6258,6290,6315,5830,5932,6043
17/12/2019 19:00,480,417,327,6116,6137,6178,5636,5720,5851
17/12/2019 19:30,536,449,406,5967,5977,6042,5431,5528,5636
17/12/2019 20:00,601,535,492,5810,5813,5875,5209,5278,5383
17/12/2019 20:30,677,571,587,5640,5643,5728,4963,5072,5141
17/12/2019 21:00,764,680,676,5449,5457,5540,4685,4777,4864
17/12/2019 21:30,863,792,838,5206,5216,5280,4343,4424,4442
17/12/2019 22:00,973,912,917,4927,4937,5003,3954,4025,4086
17/12/2019 22:30,1094,1048,1039,4707,4730,4718,3613,3682,3679
17/12/2019 23:00,1182,1162,1176,4573,4581,4543,3391,3419,3367
17/12/2019 23:30,1281,1294,1227,4377,4383,4325,3096,3089,3098
18/12/2019 0:00,1392,1410,1395,4134,4138,4102,2742,2728,2707
18/12/2019 0:30,1514,1533,1552,3956,3960,3921,2442,2427,2369
18/12/2019 1:00,1635,1665,1624,3857,3861,3805,2222,2196,2181
18/12/2019 1:30,1756,1809,1716,3769,3774,3714,2013,1965,1998
18/12/2019 2:00,1868,1928,1851,3682,3687,3634,1814,1759,1783
18/12/2019 2:30,1974,2024,1949,3615,3621,3551,1641,1597,1602
18/12/2019 3:00,2097,2131,2035,3575,3579,3493,1478,1448,1458
18/12/2019 3:30,2236,2215,2141,3554,3556,3470,1318,1341,1329
18/12/2019 4:00,2348,2321,2229,3551,3552,3454,1203,1231,1225
18/12/2019 4:30,2433,2465,2259,3562,3564,3405,1129,1099,1146
18/12/2019 5:00,2533,2578,2326,3603,3605,3433,1070,1027,1107
18/12/2019 5:30,2648,2674,2458,3733,3737,3522,1085,1063,1064
18/12/2019 6:00,2775,2805,2563,3974,3978,3817,1199,1173,1254
18/12/2019 6:30,2913,2929,2756,4347,4352,4136,1434,1423,1380
18/12/2019 7:00,3034,3048,3003,4805,4809,4632,1771,1761,1629
18/12/2019 7:30,3136,3122,3345,5135,5133,5068,1999,2011,1723
18/12/2019 8:00,3218,3193,3404,5312,5302,5328,2094,2109,1924
18/12/2019 8:30,3281,3195,3467,5449,5445,5397,2168,2250,1930
18/12/2019 9:00,3347,3269,3492,5564,5575,5458,2217,2306,1966
18/12/2019 9:30,3417,3360,3582,5612,5635,5565,2195,2275,1983
18/12/2019 10:00,3475,3420,3598,5595,5627,5557,2120,2207,1959
18/12/2019 10:30,3521,3466,3777,5576,5612,5591,2055,2146,1814
18/12/2019 11:00,3561,3490,3759,5570,5616,5606,2009,2126,1847
18/12/2019 11:30,3593,3628,3798,5577,5631,5627,1984,2003,1829
18/12/2019 12:00,3613,3627,3818,5590,5647,5624,1977,2020,1806
18/12/2019 12:30,3622,3642,3906,5588,5645,5656,1966,2003,1750
18/12/2019 13:00,3624,3643,3943,5571,5626,5623,1947,1983,1680
18/12/2019 13:30,3619,3647,3968,5566,5625,5552,1947,1978,1584
18/12/2019 14:00,3620,3651,3964,5580,5645,5572,1960,1994,1608
18/12/2019 14:30,3627,3706,3938,5605,5672,5583,1978,1966,1645
18/12/2019 15:00,3629,3702,3971,5654,5714,5653,2025,2012,1682
18/12/2019 15:30,3626,3725,3959,5790,5830,5755,2164,2105,1796
18/12/2019 16:00,3626,3730,3961,6004,6015,5957,2378,2285,1996
18/12/2019 16:30,3629,3795,3975,6201,6197,6194,2572,2402,2219
18/12/2019 17:00,3625,3787,3929,6344,6340,6300,2719,2553,2371
18/12/2019 17:30,3614,3798,3843,6370,6364,6308,2756,2566,2465
18/12/2019 18:00,3605,3767,3868,6282,6270,6206,2677,2503,2338
18/12/2019 18:30,3598,3765,3868,6152,6138,6075,2554,2373,2207
18/12/2019 19:00,3570,3736,3712,6000,5987,5911,2430,2251,2199
18/12/2019 19:30,3521,3734,3506,5840,5831,5770,2319,2097,2264
18/12/2019 20:00,3494,3712,3486,5676,5670,5623,2182,1958,2137
18/12/2019 20:30,3488,3759,3541,5508,5503,5491,2020,1744,1950
18/12/2019 21:00,3450,3713,3541,5324,5318,5367,1874,1605,1826
18/12/2019 21:30,3380,3638,3561,5085,5080,5184,1705,1442,1623
18/12/2019 22:00,3295,3564,3407,4805,4805,4911,1510,1241,1504
18/12/2019 22:30,3196,3395,3263,4588,4598,4593,1392,1203,1330
18/12/2019 23:00,3223,3316,3173,4436,4440,4365,1213,1124,1192
18/12/2019 23:30,3168,3126,3098,4236,4238,4131,1068,1112,1033
19/12/2019 0:00,3106,3052,2938,3991,3991,3917,885,939,979
19/12/2019 0:30,3037,3007,2801,3806,3803,3753,769,796,952
19/12/2019 1:00,2936,2883,2815,3693,3686,3652,757,803,837
19/12/2019 1:30,2803,2757,2742,3599,3591,3593,796,834,851
19/12/2019 2:00,2696,2644,2597,3513,3508,3506,817,864,909
19/12/2019 2:30,2616,2528,2536,3447,3442,3453,831,914,917
19/12/2019 3:00,2524,2446,2405,3403,3396,3409,879,950,1004
19/12/2019 3:30,2420,2402,2276,3380,3373,3370,960,971,1094
19/12/2019 4:00,2324,2354,2176,3377,3372,3376,1053,1018,1200
19/12/2019 4:30,2237,2276,2123,3386,3383,3370,1149,1107,1247
19/12/2019 5:00,2163,2245,2046,3422,3420,3420,1259,1175,1374
19/12/2019 5:30,2102,2235,2045,3553,3552,3524,1451,1317,1479
19/12/2019 6:00,2040,2231,2207,3799,3797,3810,1759,1566,1603
19/12/2019 6:30,1975,2268,2191,4166,4163,4122,2191,1895,1931
19/12/2019 7:00,1941,2257,2216,4609,4605,4567,2668,2348,2351
19/12/2019 7:30,1939,2134,2097,4945,4941,4973,3006,2807,2876
19/12/2019 8:00,1889,2111,1969,5144,5141,5164,3255,3030,3195
19/12/2019 8:30,1793,2003,1921,5275,5262,5171,3482,3259,3250
19/12/2019 9:00,1704,1924,1831,5353,5322,5217,3649,3398,3386
19/12/2019 9:30,1622,1845,1755,5375,5335,5298,3753,3490,3543
19/12/2019 10:00,1530,1721,1499,5352,5314,5282,3822,3593,3783
19/12/2019 10:30,1427,1604,1363,5335,5297,5299,3908,3693,3936
19/12/2019 11:00,1317,1479,1338,5334,5293,5328,4017,3814,3990
19/12/2019 11:30,1201,1307,1249,5344,5277,5327,4143,3970,4078
19/12/2019 12:00,1078,1187,1043,5356,5290,5320,4278,4103,4277
19/12/2019 12:30,950,1012,838,5343,5283,5344,4393,4271,4506
19/12/2019 13:00,845,873,786,5308,5256,5344,4463,4383,4558
19/12/2019 13:30,764,614,665,5284,5234,5327,4520,4620,4662
19/12/2019 14:00,710,499,533,5280,5228,5358,4570,4729,4825
19/12/2019 14:30,684,477,380,5290,5255,5376,4606,4778,4996
19/12/2019 15:00,649,413,322,5335,5337,5466,4686,4924,5144
19/12/2019 15:30,607,386,256,5500,5525,5579,4893,5139,5323
19/12/2019 16:00,583,371,267,5775,5804,5796,5192,5433,5529
19/12/2019 16:30,579,370,262,6027,6050,6017,5448,5680,5755
19/12/2019 17:00,570,366,268,6207,6219,6195,5637,5853,5927
19/12/2019 17:30,555,339,257,6251,6261,6238,5696,5922,5981
19/12/2019 18:00,548,334,258,6165,6183,6140,5617,5849,5882
19/12/2019 18:30,546,272,268,6044,6063,6035,5498,5791,5767
19/12/2019 19:00,545,281,217,5910,5924,5904,5365,5643,5687
19/12/2019 19:30,544,305,241,5768,5776,5789,5224,5471,5548
19/12/2019 20:00,556,317,301,5617,5625,5638,5061,5308,5337
19/12/2019 20:30,582,436,347,5457,5469,5492,4875,5033,5145
19/12/2019 21:00,603,454,444,5281,5300,5317,4678,4846,4873
19/12/2019 21:30,619,437,489,5057,5083,5099,4438,4646,4610
19/12/2019 22:00,627,426,490,4799,4830,4866,4172,4404,4376
19/12/2019 22:30,626,374,528,4594,4619,4632,3968,4245,4104
19/12/2019 23:00,220,378,515,4475,4467,4455,4255,4089,3940
19/12/2019 23:30,247,385,500,4291,4285,4255,4044,3900,3755
20/12/2019 0:00,261,392,530,4075,4071,4055,3814,3679,3525
20/12/2019 0:30,264,412,490,3908,3906,3870,3644,3494,3380
20/12/2019 1:00,271,428,470,3801,3799,3760,3530,3371,3290
20/12/2019 1:30,283,500,465,3709,3708,3660,3426,3208,3195
20/12/2019 2:00,283,518,415,3624,3625,3585,3341,3107,3170
20/12/2019 2:30,272,498,375,3558,3558,3525,3286,3060,3150
20/12/2019 3:00,261,486,390,3513,3513,3490,3252,3027,3100
20/12/2019 3:30,252,485,375,3495,3492,3465,3243,3007,3090
20/12/2019 4:00,240,478,375,3501,3496,3460,3261,3018,3085
20/12/2019 4:30,224,446,375,3516,3507,3455,3292,3061,3080
20/12/2019 5:00,218,428,345,3553,3539,3510,3335,3111,3165
20/12/2019 5:30,223,380,375,3671,3653,3630,3448,3273,3255
20/12/2019 6:00,234,371,395,3889,3869,3900,3655,3498,3505
20/12/2019 6:30,251,321,355,4226,4205,4205,3975,3884,3850
20/12/2019 7:00,263,330,285,4641,4621,4655,4378,4291,4370
20/12/2019 7:30,269,345,260,4962,4939,5035,4693,4594,4775
20/12/2019 8:00,282,367,260,5159,5130,5245,4877,4763,4985
20/12/2019 8:30,302,358,265,5290,5259,5285,4988,4901,5020
20/12/2019 9:00,324,374,285,5371,5340,5350,5047,4966,5065
20/12/2019 9:30,347,413,295,5406,5378,5380,5059,4965,5085
20/12/2019 10:00,356,427,320,5403,5379,5365,5047,4952,5045
20/12/2019 10:30,352,428,335,5399,5380,5330,5047,4952,4995
20/12/2019 11:00,357,431,345,5401,5389,5290,5044,4958,4945
20/12/2019 11:30,371,399,395,5408,5402,5250,5037,5003,4855
20/12/2019 12:00,390,407,415,5415,5402,5215,5025,4995,4800
20/12/2019 12:30,415,408,410,5392,5378,5225,4977,4970,4815
20/12/2019 13:00,433,396,420,5340,5331,5175,4907,4935,4755
20/12/2019 13:30,443,371,430,5293,5292,5105,4850,4921,4675
20/12/2019 14:00,460,361,400,5259,5265,5080,4799,4904,4680
20/12/2019 14:30,482,347,390,5238,5240,5040,4756,4893,4650
20/12/2019 15:00,511,350,390,5252,5242,5065,4741,4892,4675
20/12/2019 15:30,547,363,370,5393,5375,5120,4846,5012,4750
20/12/2019 16:00,578,388,365,5649,5633,5330,5071,5245,4965
20/12/2019 16:30,605,442,370,5888,5876,5645,5283,5434,5275
20/12/2019 17:00,631,473,370,6061,6055,5825,5430,5582,5455
20/12/2019 17:30,655,515,375,6109,6106,5850,5454,5591,5475
20/12/2019 18:00,683,527,380,6035,6035,5760,5352,5508,5380
20/12/2019 18:30,715,521,385,5917,5922,5650,5202,5401,5265
20/12/2019 19:00,726,533,405,5778,5786,5530,5052,5253,5125
20/12/2019 19:30,714,526,375,5633,5643,5395,4919,5117,5020
20/12/2019 20:00,695,525,370,5487,5494,5255,4792,4969,4885
20/12/2019 20:30,670,418,400,5341,5345,5130,4671,4927,4730
20/12/2019 21:00,647,399,355,5187,5186,4970,4540,4787,4615
20/12/2019 21:30,624,371,325,4982,4979,4800,4358,4608,4475
20/12/2019 22:00,607,347,305,4743,4743,4605,4136,4396,4300
20/12/2019 22:30,594,323,265,4579,4586,4445,3985,4263,4180
20/12/2019 23:00,356,301,235,4503,4503,4355,4147,4202,4120
20/12/2019 23:30,334,247,200,4348,4348,4190,4014,4101,3990
21/12/2019 0:00,325,244,185,4116,4116,4005,3791,3872,3820
21/12/2019 0:30,328,275,200,3929,3930,3850,3601,3655,3650
21/12/2019 1:00,336,282,170,3806,3807,3735,3470,3525,3565
21/12/2019 1:30,349,273,160,3695,3696,3620,3346,3423,3460
21/12/2019 2:00,349,282,175,3588,3588,3530,3239,3306,3355
21/12/2019 2:30,336,202,175,3502,3500,3450,3166,3298,3275
21/12/2019 3:00,331,216,165,3441,3436,3385,3110,3220,3220
21/12/2019 3:30,334,225,170,3405,3400,3350,3071,3175,3180
21/12/2019 4:00,336,238,150,3393,3387,3325,3057,3149,3175
21/12/2019 4:30,339,259,160,3393,3388,3305,3054,3129,3145
21/12/2019 5:00,335,260,140,3407,3402,3325,3072,3142,3185
21/12/2019 5:30,324,236,130,3446,3443,3355,3122,3207,3225
21/12/2019 6:00,317,230,130,3521,3520,3475,3204,3290,3345
21/12/2019 6:30,313,194,120,3659,3660,3595,3346,3466,3475
21/12/2019 7:00,316,193,120,3851,3852,3790,3535,3659,3670
21/12/2019 7:30,326,184,155,4032,4034,3980,3706,3850,3825
21/12/2019 8:00,336,181,175,4194,4198,4175,3858,4017,4000
21/12/2019 8:30,347,138,135,4364,4368,4340,4017,4230,4205
21/12/2019 9:00,344,141,125,4543,4541,4565,4199,4400,4440
21/12/2019 9:30,327,147,130,4695,4691,4705,4368,4544,4575
21/12/2019 10:00,306,152,120,4811,4807,4825,4505,4655,4705
21/12/2019 10:30,281,156,140,4884,4878,4900,4603,4722,4760
21/12/2019 11:00,262,149,120,4920,4909,4940,4658,4760,4820
21/12/2019 11:30,249,156,90,4952,4953,4965,4703,4797,4875
21/12/2019 12:00,231,137,30,4979,4979,5000,4748,4842,4970
21/12/2019 12:30,209,98,0,4973,4969,4995,4764,4871,4995
21/12/2019 13:00,184,85,0,4933,4926,4970,4749,4841,4970
21/12/2019 13:30,155,60,0,4892,4882,4905,4737,4822,4905
21/12/2019 14:00,135,53,0,4857,4846,4880,4722,4793,4880
21/12/2019 14:30,124,51,0,4832,4815,4870,4708,4764,4870
21/12/2019 15:00,115,53,0,4839,4814,4905,4724,4761,4905
21/12/2019 15:30,109,48,0,4957,4935,4975,4848,4887,4975
21/12/2019 16:00,108,52,0,5181,5173,5180,5073,5121,5180
21/12/2019 16:30,113,50,0,5405,5411,5470,5292,5361,5470
21/12/2019 17:00,118,54,25,5583,5600,5635,5465,5546,5610
21/12/2019 17:30,121,58,65,5640,5661,5650,5519,5603,5585
21/12/2019 18:00,131,66,80,5575,5595,5565,5444,5529,5485
21/12/2019 18:30,145,82,100,5466,5483,5445,5321,5401,5345
21/12/2019 19:00,173,103,125,5337,5350,5315,5164,5247,5190
21/12/2019 19:30,212,133,145,5207,5216,5175,4995,5083,5030
21/12/2019 20:00,267,176,170,5080,5086,5040,4813,4910,4870
21/12/2019 20:30,336,272,230,4950,4956,4910,4614,4684,4680
21/12/2019 21:00,411,338,310,4811,4817,4755,4400,4479,4445
21/12/2019 21:30,493,403,410,4649,4654,4585,4156,4251,4175
21/12/2019 22:00,588,499,525,4475,4480,4400,3887,3981,3875
21/12/2019 22:30,697,599,605,4354,4368,4220,3657,3769,3615
21/12/2019 23:00,783,697,720,4274,4287,4135,3491,3590,3415
21/12/2019 23:30,888,786,800,4152,4162,4010,3264,3376,3210
22/12/2019 0:00,970,870,780,3980,3988,3860,3010,3118,3080
22/12/2019 0:30,1030,958,785,3818,3825,3700,2788,2867,2915
22/12/2019 1:00,1090,1024,920,3678,3685,3590,2588,2661,2670
22/12/2019 1:30,1149,1081,1035,3548,3554,3460,2399,2473,2425
22/12/2019 2:00,1178,1135,1035,3428,3433,3340,2250,2298,2305
22/12/2019 2:30,1176,1167,1030,3330,3334,3260,2154,2167,2230
22/12/2019 3:00,1179,1179,1140,3260,3262,3210,2081,2083,2070
22/12/2019 3:30,1186,1178,1300,3221,3222,3160,2035,2044,1860
22/12/2019 4:00,1218,1204,1375,3208,3209,3105,1990,2005,1730
22/12/2019 4:30,1275,1178,1390,3195,3195,3100,1920,2017,1710
22/12/2019 5:00,1287,1205,1420,3180,3179,3120,1893,1974,1700
22/12/2019 5:30,1254,1210,1350,3178,3176,3145,1924,1966,1795
22/12/2019 6:00,1223,1185,1255,3199,3194,3215,1976,2009,1960
22/12/2019 6:30,1193,1189,1235,3257,3252,3290,2064,2063,2055
22/12/2019 7:00,1160,1148,1175,3355,3351,3410,2195,2203,2235
22/12/2019 7:30,1124,1209,1075,3479,3472,3560,2355,2263,2485
22/12/2019 8:00,1088,1158,975,3625,3612,3710,2537,2454,2735
22/12/2019 8:30,1051,1124,875,3796,3782,3850,2745,2658,2975
22/12/2019 9:00,1009,1094,820,3986,3976,4070,2977,2882,3250
22/12/2019 9:30,961,1022,795,4175,4168,4280,3214,3146,3485
22/12/2019 10:00,956,1039,785,4349,4345,4440,3393,3306,3655
22/12/2019 10:30,991,1077,830,4478,4479,4515,3487,3402,3685
22/12/2019 11:00,1049,1138,940,4563,4569,4575,3514,3431,3635
22/12/2019 11:30,1130,1192,1080,4634,4644,4625,3504,3452,3545
22/12/2019 12:00,1238,1289,1280,4692,4696,4660,3454,3407,3380
22/12/2019 12:30,1374,1323,1430,4703,4706,4665,3329,3383,3235
22/12/2019 13:00,1479,1407,1485,4667,4676,4610,3188,3269,3125
22/12/2019 13:30,1553,1412,1585,4620,4634,4535,3067,3222,2950
22/12/2019 14:00,1662,1491,1695,4573,4588,4490,2911,3097,2795
22/12/2019 14:30,1805,1468,1760,4533,4549,4475,2728,3081,2715
22/12/2019 15:00,1935,1561,1655,4525,4539,4495,2590,2978,2840
22/12/2019 15:30,2051,1695,1735,4642,4655,4565,2591,2960,2830
22/12/2019 16:00,2150,1789,2040,4877,4889,4755,2727,3100,2715
22/12/2019 16:30,2229,1933,2245,5113,5124,5025,2884,3191,2780
22/12/2019 17:00,2314,1991,2370,5302,5311,5205,2988,3320,2835
22/12/2019 17:30,2403,2096,2500,5361,5373,5240,2958,3277,2740
22/12/2019 18:00,2489,2198,2525,5295,5312,5175,2806,3114,2650
22/12/2019 18:30,2573,2331,2505,5194,5215,5070,2621,2884,2565
22/12/2019 19:00,2650,2438,2455,5084,5105,4975,2434,2667,2520
22/12/2019 19:30,2720,2481,2470,4968,4989,4860,2248,2508,2390
22/12/2019 20:00,2766,2551,2545,4850,4867,4760,2084,2316,2215
22/12/2019 20:30,2788,2756,2535,4730,4745,4640,1942,1989,2105
22/12/2019 21:00,2786,2775,2635,4604,4615,4560,1818,1840,1925
22/12/2019 21:30,2760,2757,2645,4448,4456,4405,1688,1699,1760
22/12/2019 22:00,2736,2735,2655,4272,4280,4235,1536,1545,1580
22/12/2019 22:30,2715,2633,2695,4143,4153,4070,1428,1520,1375
22/12/2019 23:00,2567,2611,2695,4063,4065,3995,1496,1454,1300
22/12/2019 23:30,2604,2603,2625,3920,3922,3820,1316,1319,1195
23/12/2019 0:00,2626,2629,2485,3720,3723,3630,1094,1094,1145
23/12/2019 0:30,2634,2690,2680,3553,3556,3500,919,866,820
23/12/2019 1:00,2651,2728,2705,3435,3438,3380,784,710,675
23/12/2019 1:30,2677,2739,2545,3338,3339,3245,661,600,700
23/12/2019 2:00,2681,2744,2495,3253,3253,3150,572,509,655
23/12/2019 2:30,2662,2746,2465,3181,3180,3080,519,434,615
23/12/2019 3:00,2656,2726,2440,3125,3123,3050,469,397,610
23/12/2019 3:30,2665,2698,2420,3099,3096,3010,434,398,590
23/12/2019 4:00,2667,2689,2415,3096,3095,3015,429,406,600
23/12/2019 4:30,2664,2688,2395,3082,3082,3005,418,394,610
23/12/2019 5:00,2665,2696,2435,3072,3072,3070,407,376,635
23/12/2019 5:30,2672,2668,2490,3163,3163,3180,491,495,690
23/12/2019 6:00,2684,2700,2680,3376,3375,3390,692,675,710
23/12/2019 6:30,2702,2762,2650,3694,3693,3585,992,931,935
23/12/2019 7:00,2710,2786,2755,4077,4076,3875,1367,1290,1120
23/12/2019 7:30,2709,2787,2960,4375,4377,4155,1666,1590,1195
23/12/2019 8:00,2662,2771,3000,4563,4571,4405,1901,1800,1405
23/12/2019 8:30,2567,2739,2910,4692,4704,4560,2125,1965,1650
23/12/2019 9:00,2473,2679,2720,4778,4793,4730,2305,2114,2010
23/12/2019 9:30,2378,2521,2515,4854,4870,4830,2476,2349,2315
23/12/2019 10:00,2259,2403,2375,4920,4934,4890,2661,2531,2515
23/12/2019 10:30,2115,2271,2210,4956,4966,4905,2841,2695,2695
23/12/2019 11:00,1978,2125,2165,4964,4969,4920,2986,2844,2755
23/12/2019 11:30,1847,1967,2025,4976,4963,4910,3129,2996,2885
23/12/2019 12:00,1740,1856,1855,4992,4975,4900,3252,3119,3045
23/12/2019 12:30,1658,1794,1810,4984,4965,4905,3326,3171,3095
23/12/2019 13:00,1547,1722,1775,4953,4931,4855,3406,3209,3080
23/12/2019 13:30,1408,1640,1590,4933,4909,4795,3525,3269,3205
23/12/2019 14:00,1265,1523,1430,4930,4902,4755,3665,3379,3325
23/12/2019 14:30,1118,1304,1325,4930,4899,4735,3812,3595,3410
23/12/2019 15:00,1000,1172,1220,4960,4927,4770,3960,3755,3550
23/12/2019 15:30,913,1056,1130,5134,5100,4845,4221,4044,3715
23/12/2019 16:00,843,974,975,5438,5407,5040,4595,4433,4065
23/12/2019 16:30,792,955,930,5711,5683,5385,4919,4728,4455
23/12/2019 17:00,749,922,970,5898,5875,5615,5149,4953,4645
23/12/2019 17:30,716,905,955,5949,5930,5660,5233,5025,4705
23/12/2019 18:00,683,897,1030,5872,5856,5585,5189,4959,4555
23/12/2019 18:30,650,870,1140,5754,5739,5485,5104,4869,4345
23/12/2019 19:00,629,863,1210,5619,5601,5335,4990,4738,4125
23/12/2019 19:30,620,859,1270,5478,5459,5220,4858,4600,3950
23/12/2019 20:00,614,888,1365,5336,5316,5090,4722,4428,3725
23/12/2019 20:30,609,938,1320,5195,5175,4965,4586,4237,3645
23/12/2019 21:00,591,943,1215,5044,5023,4815,4453,4080,3600
23/12/2019 21:30,561,943,1050,4833,4812,4660,4272,3869,3610
23/12/2019 22:00,538,957,990,4584,4564,4490,4046,3607,3500
23/12/2019 22:30,523,1015,985,4428,4414,4300,3905,3399,3315
23/12/2019 23:00,884,1090,1040,4333,4332,4200,3449,3242,3160
23/12/2019 23:30,935,1185,1115,4130,4129,4035,3195,2944,2920
24/12/2019 0:00,1022,1285,1230,3804,3807,3865,2782,2522,2635
24/12/2019 0:30,1145,1393,1350,3569,3577,3690,2424,2184,2340
24/12/2019 1:00,1192,1484,1330,3453,3467,3565,2261,1983,2235
24/12/2019 1:30,1163,1615,1365,3360,3375,3445,2197,1760,2080
24/12/2019 2:00,1158,1665,1445,3267,3279,3335,2109,1614,1890
24/12/2019 2:30,1177,1768,1555,3185,3193,3280,2008,1425,1725
24/12/2019 3:00,1165,1755,1650,3119,3123,3235,1954,1368,1585
24/12/2019 3:30,1121,1813,1755,3085,3085,3210,1964,1272,1455
24/12/2019 4:00,1099,1791,1825,3078,3077,3185,1979,1286,1360
24/12/2019 4:30,1099,1722,1740,3067,3065,3145,1968,1343,1405
24/12/2019 5:00,1085,1661,1705,3056,3056,3190,1971,1395,1485
24/12/2019 5:30,1055,1610,1665,3097,3099,3240,2042,1489,1575
24/12/2019 6:00,1002,1556,1545,3210,3216,3420,2208,1660,1875
24/12/2019 6:30,926,1533,1400,3433,3441,3590,2507,1908,2190
24/12/2019 7:00,906,1428,1230,3742,3752,3800,2836,2324,2570
24/12/2019 7:30,942,1265,1190,4011,4021,4025,3069,2756,2835
24/12/2019 8:00,965,1109,1030,4211,4220,4205,3246,3111,3175
24/12/2019 8:30,974,1039,950,4359,4363,4375,3385,3324,3425
24/12/2019 9:00,948,886,825,4468,4465,4605,3520,3579,3780
24/12/2019 9:30,887,751,715,4568,4561,4785,3681,3810,4070
24/12/2019 10:00,823,692,675,4664,4659,4890,3841,3967,4215
24/12/2019 10:30,757,724,680,4742,4710,4945,3985,3986,4265
24/12/2019 11:00,738,796,800,4799,4771,4945,4061,3975,4145
24/12/2019 11:30,767,917,980,4839,4811,4910,4072,3894,3930
24/12/2019 12:00,784,1091,1275,4857,4827,4920,4073,3736,3645
24/12/2019 12:30,789,1322,1565,4841,4811,4905,4052,3489,3340
24/12/2019 13:00,821,1499,1635,4799,4770,4860,3978,3271,3225
24/12/2019 13:30,881,1669,1645,4769,4740,4800,3888,3071,3155
24/12/2019 14:00,942,1755,1655,4756,4727,4735,3814,2972,3080
24/12/2019 14:30,1006,1761,1740,4741,4715,4730,3735,2954,2990
24/12/2019 15:00,1060,1785,1735,4747,4724,4725,3687,2939,2990
24/12/2019 15:30,1105,1786,1775,4883,4857,4765,3778,3071,2990
24/12/2019 16:00,1127,1780,1830,5146,5111,4920,4019,3331,3090
24/12/2019 16:30,1126,1738,1950,5411,5374,5245,4285,3636,3295
24/12/2019 17:00,1137,1720,1945,5618,5587,5380,4481,3867,3435
24/12/2019 17:30,1160,1708,1870,5655,5626,5335,4495,3918,3465
24/12/2019 18:00,1177,1696,1860,5530,5498,5205,4353,3802,3345
24/12/2019 18:30,1188,1652,1840,5391,5357,5055,4203,3705,3215
24/12/2019 19:00,1188,1624,1785,5269,5235,4925,4081,3611,3140
24/12/2019 19:30,1177,1581,1730,5131,5101,4775,3954,3520,3045
24/12/2019 20:00,1156,1526,1680,4976,4948,4670,3820,3422,2990
24/12/2019 20:30,1126,1504,1600,4833,4806,4540,3707,3302,2940
24/12/2019 21:00,1090,1464,1420,4698,4668,4395,3608,3204,2975
24/12/2019 21:30,1049,1424,1310,4531,4501,4270,3482,3077,2960
24/12/2019 22:00,1001,1383,1295,4345,4315,4155,3344,2932,2860
24/12/2019 22:30,946,1346,1240,4219,4184,4040,3273,2838,2800
24/12/2019 23:00,1178,1283,1200,4113,4107,4025,2935,2824,2825
24/12/2019 23:30,1112,1204,1110,3982,3976,3885,2870,2772,2775
25/12/2019 0:00,1031,1120,1015,3785,3779,3720,2754,2659,2705
25/12/2019 0:30,935,1037,960,3589,3584,3545,2654,2547,2585
25/12/2019 1:00,854,958,940,3411,3408,3405,2557,2450,2465
25/12/2019 1:30,788,892,895,3246,3244,3270,2458,2352,2375
25/12/2019 2:00,722,821,800,3099,3102,3160,2377,2281,2360
25/12/2019 2:30,654,752,730,2997,3001,3095,2343,2249,2365
25/12/2019 3:00,588,681,600,2940,2945,3055,2352,2264,2455
25/12/2019 3:30,525,670,525,2907,2911,3020,2382,2241,2495
25/12/2019 4:00,465,595,460,2891,2894,2995,2426,2299,2535
25/12/2019 4:30,409,521,420,2884,2886,2975,2475,2365,2555
25/12/2019 5:00,359,462,390,2891,2892,2990,2532,2430,2600
25/12/2019 5:30,313,418,325,2936,2936,3040,2623,2518,2715
25/12/2019 6:00,281,385,280,3024,3025,3150,2743,2640,2870
25/12/2019 6:30,262,333,230,3150,3151,3255,2888,2818,3025
25/12/2019 7:00,268,341,240,3315,3315,3445,3047,2974,3205
25/12/2019 7:30,300,380,300,3522,3523,3650,3222,3143,3350
25/12/2019 8:00,376,452,405,3767,3770,3865,3391,3318,3460
25/12/2019 8:30,498,605,550,4039,4035,4100,3541,3430,3550
25/12/2019 9:00,611,703,700,4322,4306,4390,3711,3603,3690
25/12/2019 9:30,717,802,825,4577,4564,4600,3860,3762,3775
25/12/2019 10:00,826,903,1020,4784,4791,4760,3958,3888,3740
25/12/2019 10:30,936,1013,1150,4906,4893,4810,3970,3880,3660
25/12/2019 11:00,1029,1116,0,4949,4937,4830,3920,3821,4830
25/12/2019 11:30,1104,1212,0,4980,4971,4840,3876,3759,4840
25/12/2019 12:00,1199,1298,0,5018,5009,4895,3819,3711,4895
25/12/2019 12:30,1312,1373,1550,5063,5054,4960,3751,3681,3410
25/12/2019 13:00,1415,1461,1665,5099,5088,5005,3684,3627,3340
25/12/2019 13:30,1506,1541,1765,5059,5049,4950,3553,3508,3185
25/12/2019 14:00,1619,1644,1890,4937,4929,4865,3318,3285,2975
25/12/2019 14:30,1753,1733,1925,4777,4770,4725,3024,3037,2800
25/12/2019 15:00,1897,1870,1970,4607,4602,4555,2710,2732,2585
25/12/2019 15:30,2051,2026,2060,4501,4499,4415,2450,2473,2355
25/12/2019 16:00,2205,2165,2195,4459,4461,4370,2254,2296,2175
25/12/2019 16:30,2358,2286,2255,4416,4421,4340,2058,2135,2085
25/12/2019 17:00,2506,2423,2350,4355,4359,4265,1849,1936,1915
25/12/2019 17:30,2648,2579,2360,4271,4273,4180,1623,1694,1820
25/12/2019 18:00,2775,2705,2525,4172,4172,4125,1397,1467,1600
25/12/2019 18:30,2885,2837,2795,4093,4091,4060,1208,1254,1265
25/12/2019 19:00,2979,2928,3055,4038,4037,4040,1059,1109,985
25/12/2019 19:30,3056,3004,3145,3995,3995,3985,939,991,840
25/12/2019 20:00,3131,3076,3105,3957,3958,3920,826,882,815
25/12/2019 20:30,3204,3169,3040,3911,3912,3850,707,743,810
25/12/2019 21:00,3264,3225,3005,3857,3857,3790,593,632,785
25/12/2019 21:30,3311,3275,2965,3797,3797,3735,486,522,770
25/12/2019 22:00,3330,3294,2890,3738,3738,3635,408,444,745
25/12/2019 22:30,3321,3288,2760,3707,3706,3565,386,418,805
25/12/2019 23:00,3259,3269,2650,3694,3693,3575,435,424,925
25/12/2019 23:30,3234,3238,2570,3642,3641,3510,408,403,940
26/12/2019 0:00,3208,3208,2425,3542,3542,3365,334,334,940
26/12/2019 0:30,3181,3174,2370,3409,3410,3215,228,236,845
26/12/2019 1:00,3129,3124,2400,3256,3259,3100,127,135,700
26/12/2019 1:30,3052,3054,2405,3121,3126,2995,69,72,590
26/12/2019 2:00,2976,2985,2340,3012,3020,2905,36,35,565
26/12/2019 2:30,2901,2930,2245,2932,2940,2820,31,10,575
26/12/2019 3:00,2821,2846,2210,2876,2882,2780,55,36,570
26/12/2019 3:30,2735,2727,2185,2829,2833,2755,94,106,570
26/12/2019 4:00,2649,2637,2090,2789,2792,2720,140,155,630
26/12/2019 4:30,2564,2572,2040,2768,2769,2700,204,197,660
26/12/2019 5:00,2521,2520,2140,2771,2770,2770,250,250,630
26/12/2019 5:30,2522,2484,2205,2811,2806,2840,289,322,635
26/12/2019 6:00,2534,2453,2275,2884,2873,2945,350,420,670
26/12/2019 6:30,2559,2409,2240,2962,2949,3005,403,540,765
26/12/2019 7:00,2582,2403,2180,3035,3025,3070,453,622,890
26/12/2019 7:30,2604,2435,2195,3096,3086,3135,492,651,940
26/12/2019 8:00,2622,2482,2200,3155,3144,3195,533,662,995
26/12/2019 8:30,2633,2542,2245,3267,3254,3270,634,712,1025
26/12/2019 9:00,2609,2581,2190,3440,3425,3445,831,844,1255
26/12/2019 9:30,2549,2598,2380,3650,3633,3665,1101,1035,1285
26/12/2019 10:00,2501,2580,2420,3875,3856,3870,1374,1276,1450
26/12/2019 10:30,2465,2524,2430,4050,4029,4035,1585,1505,1605
26/12/2019 11:00,2413,2464,2295,4173,4147,4165,1760,1683,1870
26/12/2019 11:30,2345,2455,2235,4291,4273,4245,1946,1818,2010
26/12/2019 12:00,2316,2379,2235,4406,4389,4350,2090,2010,2115
26/12/2019 12:30,2326,2294,2255,4478,4463,4440,2152,2169,2185
26/12/2019 13:00,2315,2212,2200,4501,4488,4475,2186,2276,2275
26/12/2019 13:30,2281,2189,2080,4488,4477,4420,2207,2288,2340
26/12/2019 14:00,2256,2125,1905,4446,4437,4340,2190,2312,2435
26/12/2019 14:30,2237,2091,1865,4398,4386,4310,2161,2295,2445
26/12/2019 15:00,2215,2063,1985,4370,4351,4315,2155,2288,2330
26/12/2019 15:30,2189,2019,2040,4448,4421,4350,2259,2402,2310
26/12/2019 16:00,2182,1961,2065,4628,4595,4485,2446,2634,2420
26/12/2019 16:30,2195,1870,2010,4807,4777,4685,2612,2907,2675
26/12/2019 17:00,2195,1774,1780,4943,4923,4785,2748,3149,3005
26/12/2019 17:30,2182,1678,1605,4964,4961,4775,2782,3283,3170
26/12/2019 18:00,2149,1588,1450,4876,4878,4665,2727,3290,3215
26/12/2019 18:30,2096,1466,1365,4768,4773,4570,2672,3307,3205
26/12/2019 19:00,2066,1415,1305,4661,4670,4470,2595,3255,3165
26/12/2019 19:30,2060,1367,1260,4553,4561,4370,2493,3194,3110
26/12/2019 20:00,2061,1331,1290,4444,4446,4235,2383,3115,2945
26/12/2019 20:30,2071,1340,1285,4334,4336,4125,2263,2996,2840
26/12/2019 21:00,2086,1334,1245,4223,4225,4035,2137,2891,2790
26/12/2019 21:30,2108,1332,1300,4102,4101,3925,1994,2769,2625
26/12/2019 22:00,2121,1340,1330,3978,3974,3815,1857,2634,2485
26/12/2019 22:30,2123,1358,1305,3896,3901,3735,1773,2543,2430
26/12/2019 23:00,1481,1403,1375,3859,3856,3720,2378,2453,2345
26/12/2019 23:30,1552,1472,1370,3755,3752,3605,2203,2280,2235
27/12/2019 0:00,1616,1538,1445,3586,3580,3480,1970,2042,2035
27/12/2019 0:30,1671,1604,1445,3413,3402,3335,1742,1798,1890
27/12/2019 1:00,1726,1680,1485,3254,3239,3210,1528,1559,1725
27/12/2019 1:30,1780,1771,1580,3122,3110,3095,1342,1339,1515
27/12/2019 2:00,1842,1857,1655,3017,3016,3000,1175,1159,1345
27/12/2019 2:30,1911,1926,1635,2937,2935,2930,1026,1009,1295
27/12/2019 3:00,1982,1997,1770,2878,2864,2885,896,867,1115
27/12/2019 3:30,2054,2070,1775,2832,2823,2845,778,753,1070
27/12/2019 4:00,2116,2117,1905,2798,2810,2855,682,693,950
27/12/2019 4:30,2169,2215,1920,2777,2796,2835,608,581,915
27/12/2019 5:00,2218,2251,1985,2773,2784,2870,555,533,885
27/12/2019 5:30,2262,2299,2035,2799,2813,2925,537,514,890
27/12/2019 6:00,2322,2336,2060,2866,2897,3080,544,561,1020
27/12/2019 6:30,2397,2358,1990,3019,3054,3180,622,696,1190
27/12/2019 7:00,2454,2387,2015,3247,3272,3315,793,885,1300
27/12/2019 7:30,2491,2414,2205,3471,3483,3450,980,1069,1245
27/12/2019 8:00,2532,2433,2315,3674,3682,3585,1142,1249,1270
27/12/2019 8:30,2577,2445,2515,3856,3914,3715,1279,1469,1200
27/12/2019 9:00,2605,2464,2605,4019,4162,3910,1414,1698,1305
27/12/2019 9:30,2615,2491,2585,4160,4313,4070,1545,1822,1485
27/12/2019 10:00,2605,2501,2745,4280,4367,4205,1675,1866,1460
27/12/2019 10:30,2573,2586,2815,4386,4428,4325,1813,1842,1510
27/12/2019 11:00,2555,2575,2760,4476,4512,4420,1921,1937,1660
27/12/2019 11:30,2551,2573,2735,4534,4568,4495,1983,1995,1760
27/12/2019 12:00,2527,2551,2730,4555,4587,4570,2028,2036,1840
27/12/2019 12:30,2483,2515,2695,4540,4570,4615,2057,2055,1920
27/12/2019 13:00,2455,2451,2685,4498,4525,4615,2043,2074,1930
27/12/2019 13:30,2441,2338,2585,4465,4492,4570,2024,2154,1985
27/12/2019 14:00,2415,2276,2450,4441,4470,4520,2026,2194,2070
27/12/2019 14:30,2378,2179,2330,4395,4426,4485,2017,2247,2155
27/12/2019 15:00,2356,2134,2185,4348,4379,4490,1992,2245,2305
27/12/2019 15:30,2348,2020,2085,4414,4436,4520,2066,2416,2435
27/12/2019 16:00,2354,1986,2190,4601,4609,4715,2247,2623,2525
27/12/2019 16:30,2371,1976,2195,4824,4828,4990,2453,2852,2795
27/12/2019 17:00,2390,1975,2195,5036,5046,5100,2646,3071,2905
27/12/2019 17:30,2411,1982,2185,5135,5145,5095,2724,3163,2910
27/12/2019 18:00,2428,2018,2275,5108,5112,5020,2680,3094,2745
27/12/2019 18:30,2441,2086,2290,4995,5009,4880,2554,2923,2590
27/12/2019 19:00,2452,2168,2350,4829,4868,4765,2377,2700,2415
27/12/2019 19:30,2460,2287,2460,4696,4742,4675,2236,2455,2215
27/12/2019 20:00,2473,2375,2605,4601,4633,4590,2128,2258,1985
27/12/2019 20:30,2491,2459,2760,4476,4507,4485,1985,2048,1725
27/12/2019 21:00,2514,2538,2795,4310,4351,4340,1796,1813,1545
27/12/2019 21:30,2540,2602,2710,4126,4170,4125,1586,1568,1415
27/12/2019 22:00,2578,2662,2625,3949,3986,3950,1371,1324,1325
27/12/2019 22:30,2626,2718,2510,3857,3890,3820,1231,1172,1310
27/12/2019 23:00,2830,2765,2280,3871,3870,3730,1041,1105,1450
27/12/2019 23:30,2841,2804,2325,3803,3801,3590,962,997,1265
28/12/2019 0:00,2839,2820,2345,3665,3664,3415,826,844,1070
28/12/2019 0:30,2826,2816,2255,3500,3499,3265,674,683,1010
28/12/2019 1:00,2813,2804,2220,3329,3328,3160,516,524,940
28/12/2019 1:30,2801,2791,2275,3193,3191,3070,392,400,795
28/12/2019 2:00,2799,2778,2255,3096,3093,2995,297,315,740
28/12/2019 2:30,2807,2763,2290,3009,3006,2940,202,243,650
28/12/2019 3:00,2814,2761,2265,2932,2929,2875,118,168,610
28/12/2019 3:30,2822,2755,2210,2892,2888,2815,70,133,605
28/12/2019 4:00,2838,2782,2195,2886,2882,2770,48,100,575
28/12/2019 4:30,2861,2822,2205,2880,2876,2760,19,54,555
28/12/2019 5:00,2904,2857,2215,2868,2865,2780,-36,8,565
28/12/2019 5:30,2968,2885,2265,2865,2863,2830,-103,-22,565
28/12/2019 6:00,3046,2952,2300,2884,2883,2925,-162,-69,625
28/12/2019 6:30,3138,3088,2325,2959,2959,3005,-179,-129,680
28/12/2019 7:00,3199,3156,2310,3089,3090,3125,-110,-66,815
28/12/2019 7:30,3230,3187,2370,3228,3229,3250,-2,42,880
28/12/2019 8:00,3250,3212,2510,3375,3376,3380,125,164,870
28/12/2019 8:30,3260,3226,2665,3568,3567,3530,308,341,865
28/12/2019 9:00,3271,3242,2835,3795,3791,3735,524,549,900
28/12/2019 9:30,3281,3252,2930,3968,3964,3950,687,712,1020
28/12/2019 10:00,3280,3260,3025,4078,4076,4120,798,816,1095
28/12/2019 10:30,3266,3262,3140,4172,4154,4265,906,892,1125
28/12/2019 11:00,3238,3258,3135,4258,4245,4345,1020,987,1210
28/12/2019 11:30,3196,3247,3140,4317,4307,4380,1121,1060,1240
28/12/2019 12:00,3176,3244,3250,4344,4335,4450,1168,1091,1200
28/12/2019 12:30,3179,3252,3280,4338,4331,4470,1159,1079,1190
28/12/2019 13:00,3172,3239,3300,4306,4301,4460,1134,1062,1160
28/12/2019 13:30,3157,3229,3190,4277,4275,4400,1120,1046,1210
28/12/2019 14:00,3150,3203,3150,4257,4257,4350,1107,1054,1200
28/12/2019 14:30,3151,3192,3115,4237,4237,4330,1086,1045,1215
28/12/2019 15:00,3164,3188,3100,4231,4227,4330,1067,1039,1230
28/12/2019 15:30,3189,3251,3200,4300,4293,4425,1111,1042,1225
28/12/2019 16:00,3223,3253,3395,4450,4443,4665,1227,1190,1270
28/12/2019 16:30,3265,3257,3460,4656,4651,4940,1391,1394,1480
28/12/2019 17:00,3296,3273,3500,4871,4873,5090,1575,1600,1590
28/12/2019 17:30,3315,3303,3495,4943,4950,5105,1628,1647,1610
28/12/2019 18:00,3335,3328,3445,4864,4873,4995,1529,1545,1550
28/12/2019 18:30,3357,3348,3400,4755,4767,4865,1398,1419,1465
28/12/2019 19:00,3380,3362,3400,4646,4659,4760,1266,1297,1360
28/12/2019 19:30,3404,3368,3390,4530,4543,4620,1126,1175,1230
28/12/2019 20:00,3415,3383,3305,4410,4421,4510,995,1038,1205
28/12/2019 20:30,3414,3319,3215,4303,4314,4375,889,995,1160
28/12/2019 21:00,3404,3318,3190,4203,4213,4230,799,895,1040
28/12/2019 21:30,3386,3298,3065,4067,4075,4060,681,777,995
28/12/2019 22:00,3355,3273,2955,3909,3915,3910,554,642,955
28/12/2019 22:30,3312,3234,2900,3823,3813,3780,511,579,880
28/12/2019 23:00,3276,3201,2915,3813,3793,3735,537,592,820
28/12/2019 23:30,3226,3164,2900,3745,3725,3615,519,561,715
29/12/2019 0:00,3180,3124,2840,3607,3588,3485,427,464,645
29/12/2019 0:30,3137,3079,2705,3446,3429,3320,309,350,615
29/12/2019 1:00,3087,3033,2565,3281,3264,3195,194,231,630
29/12/2019 1:30,3029,2994,2455,3141,3126,3085,112,132,630
29/12/2019 2:00,2976,2946,2350,3029,3018,2980,53,72,630
29/12/2019 2:30,2928,2899,2225,2937,2930,2870,9,31,645
29/12/2019 3:00,2896,2868,2185,2864,2860,2810,-32,-8,625
29/12/2019 3:30,2882,2846,2145,2824,2823,2785,-58,-23,640
29/12/2019 4:00,2877,2842,2125,2815,2815,2765,-62,-27,640
29/12/2019 4:30,2882,2850,2095,2807,2807,2730,-75,-43,635
29/12/2019 5:00,2911,2882,2095,2794,2793,2745,-117,-89,650
29/12/2019 5:30,2963,2939,2115,2778,2777,2770,-185,-162,655
29/12/2019 6:00,3033,3008,2145,2773,2773,2840,-260,-235,695
29/12/2019 6:30,3121,3107,2155,2824,2824,2890,-297,-283,735
29/12/2019 7:00,3181,3169,2135,2933,2931,2980,-248,-238,845
29/12/2019 7:30,3213,3202,2205,3048,3049,3085,-165,-153,880
29/12/2019 8:00,3232,3219,2270,3173,3178,3170,-59,-41,900
29/12/2019 8:30,3237,3220,2370,3358,3363,3275,121,143,905
29/12/2019 9:00,3237,3201,2545,3595,3598,3455,358,397,910
29/12/2019 9:30,3230,3160,2695,3798,3800,3655,568,640,960
29/12/2019 10:00,3216,3124,2820,3949,3955,3830,733,831,1010
29/12/2019 10:30,3197,3094,2940,4072,4079,3980,875,985,1040
29/12/2019 11:00,3174,3066,2985,4173,4180,4110,999,1114,1125
29/12/2019 11:30,3147,3025,3065,4260,4261,4210,1113,1236,1145
29/12/2019 12:00,3099,2991,3045,4327,4332,4295,1228,1341,1250
29/12/2019 12:30,3030,2955,3140,4344,4353,4370,1314,1398,1230
29/12/2019 13:00,2971,2897,3095,4313,4325,4385,1342,1428,1290
29/12/2019 13:30,2924,2828,3075,4273,4289,4355,1349,1461,1280
29/12/2019 14:00,2877,2757,3050,4236,4256,4295,1359,1499,1245
29/12/2019 14:30,2831,2700,2980,4209,4230,4255,1378,1530,1275
29/12/2019 15:00,2792,2645,2835,4203,4222,4220,1411,1577,1385
29/12/2019 15:30,2760,2592,2820,4247,4269,4235,1487,1677,1415
29/12/2019 16:00,2724,2553,2755,4353,4382,4385,1629,1829,1630
29/12/2019 16:30,2685,2535,2745,4537,4560,4640,1852,2025,1895
29/12/2019 17:00,2645,2515,2765,4757,4765,4835,2112,2250,2070
29/12/2019 17:30,2604,2490,2785,4835,4836,4885,2231,2346,2100
29/12/2019 18:00,2568,2470,2780,4759,4763,4790,2191,2293,2010
29/12/2019 18:30,2536,2482,2775,4655,4661,4710,2119,2179,1935
29/12/2019 19:00,2504,2462,2815,4554,4559,4615,2050,2097,1800
29/12/2019 19:30,2472,2433,2760,4449,4454,4505,1977,2021,1745
29/12/2019 20:00,2435,2407,2700,4340,4346,4410,1905,1939,1710
29/12/2019 20:30,2393,2379,2635,4238,4247,4290,1845,1868,1655
29/12/2019 21:00,2346,2327,2540,4134,4146,4130,1788,1819,1590
29/12/2019 21:30,2294,2311,2425,3993,4005,3970,1699,1694,1545
29/12/2019 22:00,2234,2292,2330,3829,3841,3825,1595,1549,1495
29/12/2019 22:30,2167,2275,2085,3743,3794,3685,1576,1519,1600
29/12/2019 23:00,2089,2252,2030,3734,3776,3640,1645,1524,1610
29/12/2019 23:30,2027,2216,2105,3635,3676,3530,1608,1460,1425
30/12/2019 0:00,1998,2191,2115,3449,3484,3405,1451,1293,1290
30/12/2019 0:30,2001,2180,2035,3279,3310,3270,1278,1130,1235
30/12/2019 1:00,1983,2158,1920,3148,3177,3155,1165,1019,1235
30/12/2019 1:30,1944,2117,1880,3048,3074,3050,1104,957,1170
30/12/2019 2:00,1919,2066,1880,2971,2996,2975,1052,930,1095
30/12/2019 2:30,1906,2017,1885,2902,2926,2925,996,909,1040
30/12/2019 3:00,1887,1982,1825,2840,2863,2870,953,881,1045
30/12/2019 3:30,1860,2034,1810,2810,2831,2845,950,797,1035
30/12/2019 4:00,1831,1999,1810,2806,2827,2845,975,828,1035
30/12/2019 4:30,1799,1956,1860,2795,2815,2845,996,859,985
30/12/2019 5:00,1769,1889,1890,2781,2799,2855,1012,910,965
30/12/2019 5:30,1743,1797,1800,2821,2834,2910,1078,1037,1110
30/12/2019 6:00,1721,1715,1665,2937,2944,3065,1216,1229,1400
30/12/2019 6:30,1705,1649,1620,3163,3168,3195,1458,1519,1575
30/12/2019 7:00,1674,1584,1770,3474,3481,3400,1800,1897,1630
30/12/2019 7:30,1629,1517,1705,3731,3742,3570,2102,2225,1865
30/12/2019 8:00,1560,1401,1620,3916,3930,3700,2356,2529,2080
30/12/2019 8:30,1467,1252,1570,4094,4106,3810,2627,2854,2240
30/12/2019 9:00,1367,1092,1370,4265,4269,4030,2898,3177,2660
30/12/2019 9:30,1261,941,1190,4367,4366,4210,3106,3425,3020
30/12/2019 10:00,1153,811,1050,4406,4406,4375,3253,3595,3325
30/12/2019 10:30,1041,717,860,4468,4475,4485,3427,3758,3625
30/12/2019 11:00,919,649,710,4561,4587,4590,3642,3938,3880
30/12/2019 11:30,787,607,590,4627,4660,4670,3840,4053,4080
30/12/2019 12:00,693,551,595,4655,4679,4730,3962,4128,4135
30/12/2019 12:30,636,487,540,4657,4668,4780,4021,4181,4240
30/12/2019 13:00,586,436,465,4644,4643,4795,4058,4207,4330
30/12/2019 13:30,541,427,420,4651,4646,4765,4110,4219,4345
30/12/2019 14:00,508,394,400,4677,4677,4720,4169,4283,4320
30/12/2019 14:30,487,385,370,4696,4694,4700,4209,4309,4330
30/12/2019 15:00,460,397,315,4722,4710,4730,4262,4313,4415
30/12/2019 15:30,428,441,330,4840,4833,4810,4412,4392,4480
30/12/2019 16:00,420,477,330,5054,5064,5005,4634,4587,4675
30/12/2019 16:30,436,518,355,5300,5313,5305,4864,4795,4950
30/12/2019 17:00,473,546,405,5525,5527,5495,5052,4981,5090
30/12/2019 17:30,532,566,455,5591,5590,5515,5059,5024,5060
30/12/2019 18:00,600,600,435,5497,5502,5385,4897,4902,4950
30/12/2019 18:30,677,660,485,5374,5387,5235,4697,4727,4750
30/12/2019 19:00,759,736,590,5253,5270,5095,4494,4534,4505
30/12/2019 19:30,845,837,630,5119,5140,4940,4274,4303,4310
30/12/2019 20:00,915,910,695,4973,4997,4760,4058,4087,4065
30/12/2019 20:30,968,954,835,4830,4858,4625,3862,3904,3790
30/12/2019 21:00,1002,994,840,4684,4714,4500,3682,3720,3660
30/12/2019 21:30,1017,1012,810,4491,4520,4325,3474,3508,3515
30/12/2019 22:00,1022,1029,840,4266,4295,4180,3244,3266,3340
30/12/2019 22:30,1018,1047,920,4118,4136,4040,3100,3089,3120
30/12/2019 23:00,1107,1062,1035,4069,4057,3970,2962,2995,2935
30/12/2019 23:30,1127,1070,1085,3920,3908,3805,2793,2838,2720
31/12/2019 0:00,1130,1076,1115,3692,3683,3650,2562,2607,2535
31/12/2019 0:30,1118,1085,1080,3505,3498,3500,2387,2413,2420
31/12/2019 1:00,1107,1072,1065,3378,3372,3365,2271,2300,2300
31/12/2019 1:30,1098,1029,1135,3275,3269,3250,2177,2240,2115
31/12/2019 2:00,1097,1002,1175,3186,3182,3150,2089,2180,1975
31/12/2019 2:30,1104,1018,1170,3114,3111,3065,2010,2093,1895
31/12/2019 3:00,1101,987,1110,3061,3059,3035,1960,2072,1925
31/12/2019 3:30,1088,952,1085,3033,3030,3030,1945,2078,1945
31/12/2019 4:00,1077,924,1030,3025,3022,3025,1948,2098,1995
31/12/2019 4:30,1069,891,1025,3015,3013,3005,1946,2122,1980
31/12/2019 5:00,1060,862,1005,3008,3009,3045,1948,2147,2040
31/12/2019 5:30,1050,835,990,3051,3054,3115,2001,2219,2125
31/12/2019 6:00,1045,821,885,3161,3166,3275,2116,2345,2390
31/12/2019 6:30,1045,799,885,3361,3369,3415,2316,2570,2530
31/12/2019 7:00,1051,790,960,3624,3634,3595,2573,2844,2635
31/12/2019 7:30,1063,784,910,3813,3827,3720,2750,3043,2810
31/12/2019 8:00,1059,755,865,3929,3945,3855,2870,3190,2990
31/12/2019 8:30,1039,674,865,4109,4120,3985,3070,3446,3120
31/12/2019 9:00,1006,644,835,4349,4348,4185,3343,3704,3350
31/12/2019 9:30,960,616,790,4490,4488,4355,3530,3872,3565
31/12/2019 10:00,917,599,725,4527,4533,4490,3610,3934,3765
31/12/2019 10:30,878,594,690,4586,4600,4605,3708,4006,3915
31/12/2019 11:00,851,577,605,4684,4699,4695,3833,4122,4090
31/12/2019 11:30,838,569,560,4746,4732,4750,3908,4163,4190
31/12/2019 12:00,792,549,580,4760,4751,4815,3968,4202,4235
31/12/2019 12:30,714,538,580,4747,4741,4855,4033,4203,4275
31/12/2019 13:00,651,507,525,4717,4711,4845,4066,4204,4320
31/12/2019 13:30,602,449,535,4697,4690,4810,4095,4241,4275
31/12/2019 14:00,556,425,490,4690,4685,4780,4134,4260,4290
31/12/2019 14:30,514,415,460,4689,4688,4765,4175,4273,4305
31/12/2019 15:00,493,377,470,4710,4713,4785,4217,4336,4315
31/12/2019 15:30,494,362,500,4824,4825,4865,4330,4463,4365
31/12/2019 16:00,510,340,530,5038,5033,5055,4528,4693,4525
31/12/2019 16:30,542,334,560,5310,5315,5340,4768,4981,4780
31/12/2019 17:00,580,344,685,5582,5611,5510,5002,5267,4825
31/12/2019 17:30,625,372,770,5666,5708,5500,5041,5336,4730
31/12/2019 18:00,651,397,780,5555,5594,5370,4904,5197,4590
31/12/2019 18:30,659,439,745,5409,5444,5195,4750,5005,4450
31/12/2019 19:00,646,458,665,5262,5294,5000,4616,4836,4335
31/12/2019 19:30,613,468,620,5089,5119,4805,4476,4651,4185
31/12/2019 20:00,590,477,580,4892,4917,4625,4302,4440,4045
31/12/2019 20:30,577,535,580,4697,4718,4460,4120,4183,3880
31/12/2019 21:00,555,550,600,4512,4525,4300,3957,3975,3700
31/12/2019 21:30,523,570,635,4333,4342,4140,3810,3772,3505
31/12/2019 22:00,503,577,695,4175,4185,3995,3672,3608,3300
31/12/2019 22:30,495,570,705,4108,4118,3905,3613,3548,3200
31/12/2019 23:00,541,560,680,4123,4120,3915,3582,3560,3235
31/12/2019 23:30,535,546,605,4021,4023,3850,3486,3477,3245
1/1/2020 0:00,528,531,590,3811,3825,3750,3283,3294,3160
1/1/2020 0:30,522,517,575,3656,3675,3645,3134,3158,3070
1/1/2020 1:00,523,511,585,3571,3588,3555,3048,3077,2970
1/1/2020 1:30,532,559,625,3458,3471,3445,2926,2912,2820
1/1/2020 2:00,556,585,695,3308,3320,3340,2752,2735,2645
1/1/2020 2:30,595,638,770,3191,3204,3220,2596,2566,2450
1/1/2020 3:00,626,681,830,3117,3128,3135,2491,2447,2305
1/1/2020 3:30,651,722,840,3054,3063,3085,2403,2341,2245
1/1/2020 4:00,688,742,875,2997,3006,3050,2309,2264,2175
1/1/2020 4:30,737,751,855,2961,2969,2990,2224,2218,2135
1/1/2020 5:00,770,772,820,2948,2957,2980,2178,2185,2160
1/1/2020 5:30,786,807,805,2965,2971,2975,2179,2164,2170
1/1/2020 6:00,822,828,795,3007,3007,3035,2185,2179,2240
1/1/2020 6:30,877,862,790,3056,3051,3080,2179,2189,2290
1/1/2020 7:00,926,897,785,3100,3091,3130,2174,2194,2345
1/1/2020 7:30,970,940,870,3106,3094,3175,2136,2154,2305
1/1/2020 8:00,1010,994,930,3096,3082,3200,2086,2088,2270
1/1/2020 8:30,1044,1061,1025,3177,3167,3225,2133,2106,2200
1/1/2020 9:00,1087,1110,1095,3351,3348,3330,2264,2238,2235
1/1/2020 9:30,1137,1147,1165,3509,3514,3495,2372,2367,2330
1/1/2020 10:00,1186,1166,1240,3637,3648,3685,2451,2482,2445
1/1/2020 10:30,1233,1171,1355,3787,3815,3845,2554,2644,2490
1/1/2020 11:00,1271,1206,1385,3963,3984,4010,2692,2778,2625
1/1/2020 11:30,1300,1275,1480,4134,4148,4140,2834,2873,2660
1/1/2020 12:00,1349,1336,1480,4283,4296,4255,2934,2960,2775
1/1/2020 12:30,1418,1389,1505,4379,4392,4345,2961,3003,2840
1/1/2020 13:00,1499,1457,1540,4414,4428,4380,2915,2971,2840
1/1/2020 13:30,1593,1611,1615,4393,4407,4350,2800,2796,2735
1/1/2020 14:00,1691,1728,1635,4333,4345,4300,2642,2617,2665
1/1/2020 14:30,1793,1869,1770,4291,4299,4255,2498,2430,2485
1/1/2020 15:00,1912,2013,1945,4286,4288,4260,2374,2275,2315
1/1/2020 15:30,2047,2158,2120,4335,4333,4345,2288,2175,2225
1/1/2020 16:00,2198,2300,2325,4450,4449,4500,2252,2149,2175
1/1/2020 16:30,2366,2441,2505,4669,4672,4755,2303,2231,2250
1/1/2020 17:00,2510,2577,2620,4942,4949,4940,2432,2372,2320
1/1/2020 17:30,2629,2709,2730,5033,5042,4960,2404,2333,2230
1/1/2020 18:00,2741,2809,2975,4927,4936,4900,2186,2127,1925
1/1/2020 18:30,2843,2874,2975,4803,4810,4765,1960,1936,1790
1/1/2020 19:00,2939,2935,3045,4699,4705,4650,1760,1770,1605
1/1/2020 19:30,3027,2988,3110,4597,4603,4580,1570,1615,1470
1/1/2020 20:00,3102,3059,3160,4495,4500,4480,1393,1441,1320
1/1/2020 20:30,3165,3137,3155,4397,4402,4355,1232,1265,1200
1/1/2020 21:00,3210,3186,3150,4295,4299,4255,1085,1113,1105
1/1/2020 21:30,3238,3224,3005,4164,4166,4085,926,942,1080
1/1/2020 22:00,3249,3236,2965,4010,4011,3935,761,775,970
1/1/2020 22:30,3243,3220,2820,3887,3892,3775,644,672,955
1/1/2020 23:00,3234,3200,2695,3804,3807,3720,570,607,1025
1/1/2020 23:30,3202,3176,2630,3731,3735,3600,529,559,970
2/1/2020 0:00,3174,3152,2625,3655,3660,3455,481,508,830
2/1/2020 0:30,3149,3128,2685,3540,3546,3300,391,418,615
2/1/2020 1:00,3112,3096,2565,3392,3398,3155,280,302,590
2/1/2020 1:30,3065,3050,2425,3275,3281,3045,210,231,620
2/1/2020 2:00,3021,3001,2350,3199,3205,2960,178,204,610
2/1/2020 2:30,2982,2947,2275,3138,3144,2885,156,197,610
2/1/2020 3:00,2959,2923,2245,3089,3094,2860,130,171,615
2/1/2020 3:30,2954,2925,2240,3065,3070,2875,111,145,635
2/1/2020 4:00,2955,2928,2235,3062,3066,2865,107,138,630
2/1/2020 4:30,2963,2931,2245,3057,3059,2860,94,128,615
2/1/2020 5:00,2997,2964,2260,3060,3059,2900,63,95,640
2/1/2020 5:30,3057,3024,2390,3139,3137,3025,82,113,635
2/1/2020 6:00,3142,3116,2595,3316,3314,3225,174,198,630
2/1/2020 6:30,3254,3232,2780,3607,3607,3445,353,375,665
2/1/2020 7:00,3334,3316,2970,3976,3978,3705,642,662,735
2/1/2020 7:30,3382,3366,3005,4263,4263,3935,881,897,930
2/1/2020 8:00,3421,3407,3065,4449,4445,4130,1028,1038,1065
2/1/2020 8:30,3451,3438,3185,4618,4619,4295,1167,1181,1110
2/1/2020 9:00,3471,3459,3310,4776,4790,4515,1305,1331,1205
2/1/2020 9:30,3480,3480,3415,4865,4885,4665,1385,1405,1250
2/1/2020 10:00,3486,3479,3520,4891,4909,4785,1405,1430,1265
2/1/2020 10:30,3489,3470,3615,4940,4944,4900,1451,1474,1285
2/1/2020 11:00,3487,3468,3635,5020,5018,5015,1533,1550,1380
2/1/2020 11:30,3478,3474,3685,5078,5078,5100,1600,1604,1415
2/1/2020 12:00,3468,3481,3730,5100,5112,5160,1632,1631,1430
2/1/2020 12:30,3455,3491,3740,5093,5110,5190,1638,1619,1450
2/1/2020 13:00,3450,3492,3725,5065,5081,5160,1615,1589,1435
2/1/2020 13:30,3453,3484,3615,5052,5072,5075,1599,1588,1460
2/1/2020 14:00,3450,3480,3575,5060,5088,5030,1610,1608,1455
2/1/2020 14:30,3441,3482,3595,5068,5095,5010,1627,1613,1415
2/1/2020 15:00,3405,3470,3635,5087,5103,5040,1682,1633,1405
2/1/2020 15:30,3341,3434,3625,5181,5184,5080,1840,1750,1455
2/1/2020 16:00,3275,3398,3595,5360,5351,5215,2085,1953,1620
2/1/2020 16:30,3205,3358,3590,5600,5589,5505,2395,2231,1915
2/1/2020 17:00,3129,3287,3540,5847,5846,5695,2718,2559,2155
2/1/2020 17:30,3048,3184,3390,5922,5925,5720,2874,2741,2330
2/1/2020 18:00,2938,3029,3240,5813,5815,5615,2875,2786,2375
2/1/2020 18:30,2798,2799,2890,5669,5667,5435,2871,2868,2545
2/1/2020 19:00,2690,2627,2650,5526,5519,5285,2836,2892,2635
2/1/2020 19:30,2613,2507,2525,5378,5369,5185,2765,2862,2660
2/1/2020 20:00,2567,2446,2520,5226,5217,4995,2659,2771,2475
2/1/2020 20:30,2552,2267,2630,5068,5060,4835,2516,2793,2205
2/1/2020 21:00,2502,2246,2760,4899,4886,4650,2397,2640,1890
2/1/2020 21:30,2417,2221,2770,4683,4665,4470,2266,2444,1700
2/1/2020 22:00,2305,2265,2720,4437,4415,4290,2132,2150,1570
2/1/2020 22:30,2166,2364,2785,4258,4243,4155,2092,1879,1370
2/1/2020 23:00,2565,2409,2820,4122,4130,4075,1557,1721,1255
2/1/2020 23:30,2478,2396,2665,3983,3989,3950,1505,1593,1285
3/1/2020 0:00,2391,2383,2620,3809,3812,3825,1418,1429,1205
3/1/2020 0:30,2303,2371,2510,3657,3655,3635,1354,1284,1125
3/1/2020 1:00,2235,2330,2545,3537,3533,3575,1302,1203,1030
3/1/2020 1:30,2188,2285,2530,3440,3437,3460,1252,1152,930
3/1/2020 2:00,2138,2221,2490,3361,3363,3365,1223,1142,875
3/1/2020 2:30,2084,2191,2330,3292,3299,3290,1208,1108,960
3/1/2020 3:00,2004,2093,1995,3237,3246,3220,1233,1153,1225
3/1/2020 3:30,1898,1950,1750,3212,3222,3175,1314,1272,1425
3/1/2020 4:00,1798,1854,1780,3216,3225,3185,1418,1371,1405
3/1/2020 4:30,1706,1791,1880,3220,3233,3205,1514,1442,1325
3/1/2020 5:00,1618,1713,1905,3232,3238,3230,1614,1525,1325
3/1/2020 5:30,1534,1626,1810,3314,3324,3265,1780,1698,1455
3/1/2020 6:00,1459,1522,1770,3489,3514,3520,2030,1992,1750
3/1/2020 6:30,1391,1455,1615,3790,3818,3745,2399,2363,2130
3/1/2020 7:00,1326,1387,1600,4180,4200,4065,2854,2813,2465
3/1/2020 7:30,1264,1360,1540,4480,4491,4310,3216,3131,2770
3/1/2020 8:00,1209,1307,1475,4662,4668,4515,3453,3361,3040
3/1/2020 8:30,1160,1308,1335,4804,4806,4610,3644,3498,3275
3/1/2020 9:00,1117,1231,1260,4920,4917,4785,3803,3686,3525
3/1/2020 9:30,1079,1157,1285,4989,4988,4925,3910,3831,3640
3/1/2020 10:00,1074,1075,1250,5020,5023,5010,3946,3948,3760
3/1/2020 10:30,1103,999,1225,5059,5060,5070,3956,4061,3845
3/1/2020 11:00,1136,965,1110,5113,5107,5090,3977,4142,3980
3/1/2020 11:30,1173,984,1085,5154,5140,5080,3981,4156,3995
3/1/2020 12:00,1222,1023,1155,5174,5172,5105,3952,4149,3950
3/1/2020 12:30,1283,1092,1250,5161,5168,5090,3878,4076,3840
3/1/2020 13:00,1351,1155,1360,5121,5127,5015,3770,3972,3655
3/1/2020 13:30,1427,1210,1440,5081,5084,4960,3654,3874,3520
3/1/2020 14:00,1499,1262,1540,5049,5048,4945,3550,3786,3405
3/1/2020 14:30,1568,1291,1595,5030,5029,4925,3462,3738,3330
3/1/2020 15:00,1619,1332,1515,5035,5038,4935,3416,3706,3420
3/1/2020 15:30,1654,1289,1465,5113,5117,4980,3459,3828,3515
3/1/2020 16:00,1684,1296,1490,5278,5278,5145,3594,3982,3655
3/1/2020 16:30,1708,1303,1585,5529,5530,5500,3821,4227,3915
3/1/2020 17:00,1726,1329,1560,5813,5821,5735,4087,4492,4175
3/1/2020 17:30,1740,1372,1605,5914,5925,5785,4174,4553,4180
3/1/2020 18:00,1767,1427,1640,5819,5827,5680,4052,4400,4040
3/1/2020 18:30,1807,1504,1720,5682,5688,5560,3875,4184,3840
3/1/2020 19:00,1846,1567,1740,5543,5548,5410,3697,3981,3670
3/1/2020 19:30,1885,1616,1645,5395,5401,5205,3510,3785,3560
3/1/2020 20:00,1905,1641,1685,5239,5246,5065,3334,3605,3380
3/1/2020 20:30,1905,1661,1765,5080,5084,4900,3175,3423,3135
3/1/2020 21:00,1905,1648,1870,4911,4904,4700,3006,3256,2830
3/1/2020 21:30,1903,1633,1940,4694,4686,4520,2791,3053,2580
3/1/2020 22:00,1909,1631,1920,4449,4448,4325,2540,2817,2405
3/1/2020 22:30,1923,1617,2020,4291,4298,4185,2368,2681,2165
3/1/2020 23:00,1849,1625,2090,4209,4214,4115,2360,2589,2025
3/1/2020 23:30,1844,1634,2105,4064,4069,3985,2220,2435,1880
4/1/2020 0:00,1836,1656,1930,3850,3854,3785,2014,2198,1855
4/1/2020 0:30,1825,1698,2055,3667,3671,3620,1842,1973,1565
4/1/2020 1:00,1817,1705,2115,3532,3538,3505,1715,1833,1390
4/1/2020 1:30,1814,1624,1955,3417,3423,3370,1603,1799,1415
4/1/2020 2:00,1791,1611,1960,3314,3320,3285,1523,1709,1325
4/1/2020 2:30,1748,1561,1930,3229,3234,3200,1481,1673,1270
4/1/2020 3:00,1730,1546,1850,3165,3168,3140,1435,1622,1290
4/1/2020 3:30,1737,1524,1905,3131,3133,3125,1394,1609,1220
4/1/2020 4:00,1737,1490,1835,3123,3123,3115,1386,1633,1280
4/1/2020 4:30,1731,1469,1775,3110,3109,3075,1379,1640,1300
4/1/2020 5:00,1709,1439,1810,3095,3093,3100,1386,1654,1290
4/1/2020 5:30,1672,1403,1805,3116,3113,3160,1444,1710,1355
4/1/2020 6:00,1650,1367,1745,3182,3180,3260,1532,1813,1515
4/1/2020 6:30,1643,1372,1710,3298,3296,3345,1655,1924,1635
4/1/2020 7:00,1624,1355,1750,3458,3455,3520,1834,2100,1770
4/1/2020 7:30,1594,1350,1630,3623,3621,3620,2029,2271,1990
4/1/2020 8:00,1567,1346,1565,3789,3787,3780,2222,2441,2215
4/1/2020 8:30,1545,1356,1455,3972,3970,3915,2427,2614,2460
4/1/2020 9:00,1520,1341,1415,4166,4161,4125,2646,2820,2710
4/1/2020 9:30,1491,1303,1370,4325,4321,4295,2834,3018,2925
4/1/2020 10:00,1466,1276,1225,4442,4440,4420,2976,3164,3195
4/1/2020 10:30,1446,1252,1170,4534,4531,4510,3088,3279,3340
4/1/2020 11:00,1434,1241,1205,4605,4599,4575,3171,3358,3370
4/1/2020 11:30,1431,1243,1280,4661,4665,4605,3230,3422,3325
4/1/2020 12:00,1451,1242,1350,4699,4704,4655,3248,3462,3305
4/1/2020 12:30,1495,1235,1375,4702,4707,4665,3207,3472,3290
4/1/2020 13:00,1527,1256,1420,4674,4674,4655,3147,3418,3235
4/1/2020 13:30,1547,1343,1430,4640,4636,4605,3093,3293,3175
4/1/2020 14:00,1560,1368,1430,4610,4602,4580,3050,3234,3150
4/1/2020 14:30,1566,1404,1485,4588,4578,4565,3022,3174,3080
4/1/2020 15:00,1566,1417,1555,4590,4578,4590,3024,3161,3035
4/1/2020 15:30,1561,1490,1625,4663,4654,4630,3102,3164,3005
4/1/2020 16:00,1560,1503,1720,4822,4818,4805,3262,3315,3085
4/1/2020 16:30,1564,1531,1740,5063,5065,5120,3499,3534,3380
4/1/2020 17:00,1592,1566,1835,5335,5342,5405,3743,3776,3570
4/1/2020 17:30,1643,1612,1895,5435,5444,5450,3792,3832,3555
4/1/2020 18:00,1685,1660,1965,5349,5358,5335,3664,3698,3370
4/1/2020 18:30,1716,1775,2055,5220,5228,5195,3504,3453,3140
4/1/2020 19:00,1745,1829,2105,5086,5092,5040,3341,3263,2935
4/1/2020 19:30,1770,1887,2125,4946,4952,4890,3176,3065,2765
4/1/2020 20:00,1807,1944,2195,4805,4809,4760,2998,2865,2565
4/1/2020 20:30,1854,2027,2170,4668,4672,4645,2814,2645,2475
4/1/2020 21:00,1895,2088,2205,4532,4533,4500,2637,2445,2295
4/1/2020 21:30,1930,2131,2340,4363,4362,4355,2433,2231,2015
4/1/2020 22:00,1965,2190,2405,4173,4172,4195,2208,1982,1790
4/1/2020 22:30,2000,2245,2485,4039,4036,4040,2039,1791,1555
4/1/2020 23:00,2134,2261,2445,3961,3957,3980,1827,1696,1535
4/1/2020 23:30,2170,2247,2385,3869,3864,3810,1699,1617,1425
5/1/2020 0:00,2204,2244,2415,3748,3743,3665,1544,1499,1250
5/1/2020 0:30,2237,2253,2435,3609,3604,3495,1372,1351,1060
5/1/2020 1:00,2258,2238,2515,3462,3456,3415,1204,1218,900
5/1/2020 1:30,2267,2142,2490,3333,3326,3330,1066,1184,840
5/1/2020 2:00,2273,2127,2460,3225,3221,3275,952,1094,815
5/1/2020 2:30,2276,2123,2480,3138,3135,3200,862,1012,720
5/1/2020 3:00,2272,2146,2440,3073,3070,3110,801,924,670
5/1/2020 3:30,2261,2130,2305,3035,3033,3025,774,903,720
5/1/2020 4:00,2276,2174,2305,3022,3022,2990,746,848,685
5/1/2020 4:30,2318,2239,2260,3010,3011,2960,692,772,700
5/1/2020 5:00,2359,2294,2265,2994,2997,2950,635,703,685
5/1/2020 5:30,2400,2344,2295,2982,2985,2980,582,641,685
5/1/2020 6:00,2461,2408,2370,2983,2987,3040,522,579,670
5/1/2020 6:30,2543,2477,2365,3035,3039,3095,492,562,730
5/1/2020 7:00,2609,2526,2405,3136,3142,3190,527,616,785
5/1/2020 7:30,2659,2553,2390,3243,3246,3245,584,693,855
5/1/2020 8:00,2699,2598,2415,3356,3356,3315,657,758,900
5/1/2020 8:30,2729,2663,2475,3527,3530,3385,798,867,910
5/1/2020 9:00,2765,2724,2695,3749,3760,3600,984,1036,905
5/1/2020 9:30,2807,2694,2825,3938,3950,3780,1131,1256,955
5/1/2020 10:00,2840,2725,2895,4084,4090,3965,1244,1365,1070
5/1/2020 10:30,2864,2762,2930,4218,4222,4120,1354,1460,1190
5/1/2020 11:00,2884,2798,2935,4345,4352,4225,1461,1554,1290
5/1/2020 11:30,2900,2840,2965,4452,4454,4340,1552,1614,1375
5/1/2020 12:00,2907,2867,2940,4530,4530,4460,1623,1663,1520
5/1/2020 12:30,2903,2888,2940,4559,4557,4545,1656,1669,1605
5/1/2020 13:00,2910,2901,2925,4541,4536,4590,1631,1635,1665
5/1/2020 13:30,2927,2918,2865,4506,4503,4570,1579,1585,1705
5/1/2020 14:00,2929,2914,2900,4466,4467,4540,1537,1553,1640
5/1/2020 14:30,2915,2871,2925,4438,4441,4520,1523,1570,1595
5/1/2020 15:00,2914,2864,2945,4436,4440,4525,1522,1576,1580
5/1/2020 15:30,2924,2853,2960,4506,4515,4555,1582,1662,1595
5/1/2020 16:00,2939,2873,3045,4658,4674,4705,1719,1801,1660
5/1/2020 16:30,2959,2927,3035,4894,4909,5010,1935,1982,1975
5/1/2020 17:00,2994,2978,3145,5164,5170,5285,2170,2192,2140
5/1/2020 17:30,3043,3025,3245,5269,5269,5320,2226,2244,2075
5/1/2020 18:00,3086,3082,3390,5195,5195,5285,2109,2113,1895
5/1/2020 18:30,3122,3140,3420,5087,5087,5140,1965,1947,1720
5/1/2020 19:00,3163,3215,3435,4979,4978,5005,1816,1763,1570
5/1/2020 19:30,3209,3292,3465,4859,4857,4890,1650,1565,1425
5/1/2020 20:00,3250,3361,3525,4728,4726,4780,1478,1365,1255
5/1/2020 20:30,3285,3433,3455,4601,4599,4620,1316,1166,1165
5/1/2020 21:00,3321,3460,3390,4471,4468,4485,1150,1008,1095
5/1/2020 21:30,3359,3460,3225,4300,4297,4245,941,837,1020
5/1/2020 22:00,3368,3439,3035,4100,4098,3990,732,659,955
5/1/2020 22:30,3348,3391,2835,3954,3956,3780,606,565,945
5/1/2020 23:00,3342,3345,2730,3866,3868,3720,524,523,990
5/1/2020 23:30,3294,3297,2645,3749,3750,3585,455,453,940
6/1/2020 0:00,3253,3253,2575,3595,3596,3395,342,343,820
6/1/2020 0:30,3218,3210,2535,3460,3461,3255,242,251,720
6/1/2020 1:00,3167,3155,2535,3354,3355,3200,187,200,665
6/1/2020 1:30,3103,3083,2470,3270,3271,3125,167,188,655
6/1/2020 2:00,3045,3022,2405,3204,3205,3055,159,183,650
6/1/2020 2:30,2994,2971,2390,3148,3151,2985,154,180,595
6/1/2020 3:00,2965,2939,2365,3105,3110,2940,140,171,575
6/1/2020 3:30,2958,2929,2380,3083,3090,2950,125,161,570
6/1/2020 4:00,2958,2924,2385,3083,3092,2970,125,168,585
6/1/2020 4:30,2965,2931,2345,3090,3100,2965,125,169,620
6/1/2020 5:00,3001,2972,2390,3120,3130,3040,119,158,650
6/1/2020 5:30,3068,3040,2440,3248,3257,3165,180,217,725
6/1/2020 6:00,3148,3134,2705,3492,3500,3465,344,366,760
6/1/2020 6:30,3243,3247,2895,3845,3851,3815,602,604,920
6/1/2020 7:00,3283,3302,3200,4264,4267,4325,981,965,1125
6/1/2020 7:30,3269,3302,3480,4577,4581,4750,1308,1279,1270
6/1/2020 8:00,3247,3291,3640,4764,4769,4990,1517,1478,1350
6/1/2020 8:30,3217,3269,3605,4913,4912,5035,1696,1643,1430
6/1/2020 9:00,3156,3220,3550,5034,5024,5115,1878,1804,1565
6/1/2020 9:30,3065,3144,3315,5090,5077,5120,2025,1933,1805
6/1/2020 10:00,2984,3090,3165,5087,5078,5095,2103,1988,1930
6/1/2020 10:30,2913,3076,3165,5101,5106,5150,2188,2030,1985
6/1/2020 11:00,2880,3050,3085,5139,5150,5175,2259,2100,2090
6/1/2020 11:30,2884,3024,3155,5162,5179,5150,2278,2155,1995
6/1/2020 12:00,2878,3011,3170,5159,5182,5135,2281,2171,1965
6/1/2020 12:30,2861,3010,3205,5136,5163,5125,2275,2153,1920
6/1/2020 13:00,2831,2995,3190,5098,5128,5035,2267,2133,1845
6/1/2020 13:30,2788,3014,3100,5072,5104,4955,2284,2090,1855
6/1/2020 14:00,2708,2968,3200,5063,5094,5005,2355,2126,1805
6/1/2020 14:30,2591,2886,3045,5067,5098,5010,2476,2212,1965
6/1/2020 15:00,2454,2772,2725,5093,5122,5045,2639,2350,2320
6/1/2020 15:30,2295,2574,2565,5181,5206,5140,2886,2632,2575
6/1/2020 16:00,2128,2374,2355,5350,5370,5290,3222,2996,2935
6/1/2020 16:30,1953,2222,2165,5642,5657,5645,3689,3435,3480
6/1/2020 17:00,1811,2022,1970,5995,6003,5940,4184,3981,3970
6/1/2020 17:30,1703,1918,1895,6116,6120,5985,4413,4202,4090
6/1/2020 18:00,1619,1787,1860,5987,5989,5875,4368,4202,4015
6/1/2020 18:30,1560,1635,1780,5825,5826,5720,4265,4191,3940
6/1/2020 19:00,1559,1614,1735,5679,5681,5545,4120,4067,3810
6/1/2020 19:30,1618,1595,1740,5531,5534,5385,3913,3939,3645
6/1/2020 20:00,1698,1664,1905,5373,5379,5230,3675,3715,3325
6/1/2020 20:30,1798,1672,2160,5204,5213,5085,3406,3541,2925
6/1/2020 21:00,1901,1796,2390,5016,5023,4890,3115,3227,2500
6/1/2020 21:30,2009,1953,2490,4781,4787,4635,2772,2834,2145
6/1/2020 22:00,2141,2111,2590,4513,4519,4380,2372,2408,1790
6/1/2020 22:30,2299,2354,2565,4291,4293,4125,1992,1939,1560
6/1/2020 23:00,2540,2515,2480,4122,4121,3965,1582,1606,1485
6/1/2020 23:30,2705,2752,2505,3950,3946,3790,1245,1194,1285
7/1/2020 0:00,2841,2892,2590,3774,3766,3635,933,874,1045
7/1/2020 0:30,2948,3176,2590,3633,3624,3495,685,448,905
7/1/2020 1:00,3008,3225,2675,3530,3523,3400,522,298,725
7/1/2020 1:30,3020,3220,2730,3443,3438,3330,423,218,600
7/1/2020 2:00,3010,3206,2675,3369,3366,3255,359,160,580
7/1/2020 2:30,2980,3017,2660,3312,3311,3210,332,294,550
7/1/2020 3:00,2962,2996,2630,3276,3275,3160,314,279,530
7/1/2020 3:30,2954,2778,2580,3260,3259,3140,306,481,560
7/1/2020 4:00,2948,2783,2575,3262,3261,3120,314,478,545
7/1/2020 4:30,2945,2712,2550,3272,3272,3125,327,560,575
7/1/2020 5:00,2973,2756,2565,3305,3305,3200,332,549,635
7/1/2020 5:30,3034,2834,2490,3425,3425,3280,391,591,790
7/1/2020 6:00,3122,2936,2505,3653,3653,3535,531,717,1030
7/1/2020 6:30,3238,3063,2700,4001,4001,3865,763,938,1165
7/1/2020 7:00,3321,3158,3180,4426,4427,4385,1105,1269,1205
7/1/2020 7:30,3371,3191,3450,4738,4740,4765,1367,1549,1315
7/1/2020 8:00,3413,3242,3510,4916,4919,4995,1503,1677,1485
7/1/2020 8:30,3449,3244,3465,5065,5065,5040,1616,1821,1575
7/1/2020 9:00,3477,3275,3555,5194,5191,5085,1717,1916,1530
7/1/2020 9:30,3498,3304,3740,5249,5244,5180,1751,1940,1440
7/1/2020 10:00,3509,3334,3800,5235,5231,5190,1726,1897,1390
7/1/2020 10:30,3511,3270,3790,5235,5210,5195,1724,1940,1405
7/1/2020 11:00,3515,3299,3820,5263,5238,5210,1748,1939,1390
7/1/2020 11:30,3519,3561,3815,5289,5266,5205,1770,1705,1390
7/1/2020 12:00,3521,3555,3825,5304,5284,5235,1783,1729,1410
7/1/2020 12:30,3520,3577,3835,5296,5278,5250,1776,1701,1415
7/1/2020 13:00,3518,3558,3835,5268,5251,5220,1750,1693,1385
7/1/2020 13:30,3512,3611,3805,5252,5236,5155,1740,1625,1350
7/1/2020 14:00,3502,3583,3790,5252,5237,5155,1750,1654,1365
7/1/2020 14:30,3488,3587,3735,5261,5247,5140,1773,1660,1405
7/1/2020 15:00,3478,3566,3740,5291,5277,5185,1813,1711,1445
7/1/2020 15:30,3472,3586,3770,5391,5384,5250,1919,1798,1480
7/1/2020 16:00,3468,3571,3765,5570,5574,5405,2102,2003,1640
7/1/2020 16:30,3467,3612,3850,5806,5813,5670,2339,2201,1820
7/1/2020 17:00,3462,3597,3940,6051,6052,5890,2589,2455,1950
7/1/2020 17:30,3454,3590,3940,6123,6121,5915,2669,2531,1975
7/1/2020 18:00,3446,3568,3940,6013,6012,5810,2567,2444,1870
7/1/2020 18:30,3437,3523,3795,5867,5867,5645,2430,2344,1850
7/1/2020 19:00,3414,3492,3755,5721,5720,5510,2307,2228,1755
7/1/2020 19:30,3376,3503,3640,5570,5567,5350,2194,2064,1710
7/1/2020 20:00,3322,3436,3520,5410,5406,5170,2088,1970,1650
7/1/2020 20:30,3253,3516,3390,5237,5233,5010,1984,1717,1620
7/1/2020 21:00,3172,3405,3300,5044,5038,4795,1872,1633,1495
7/1/2020 21:30,3078,3259,3095,4805,4798,4550,1727,1539,1455
7/1/2020 22:00,2966,3123,2945,4535,4529,4325,1569,1406,1380
7/1/2020 22:30,2836,2997,2485,4315,4299,4040,1479,1302,1555
7/1/2020 23:00,2703,2867,2305,4146,4134,3890,1443,1267,1585
7/1/2020 23:30,2580,2674,2095,3963,3953,3700,1383,1279,1605
8/1/2020 0:00,2465,2536,1800,3760,3754,3540,1295,1218,1740
8/1/2020 0:30,2357,2338,1720,3604,3598,3420,1247,1260,1700
8/1/2020 1:00,2234,2209,1500,3499,3493,3350,1265,1284,1850
8/1/2020 1:30,2094,2113,1320,3415,3407,3270,1321,1294,1950
8/1/2020 2:00,1982,2016,1135,3342,3334,3245,1360,1318,2110
8/1/2020 2:30,1897,1792,1080,3288,3280,3220,1391,1488,2140
8/1/2020 3:00,1822,1712,990,3254,3246,3200,1432,1534,2210
8/1/2020 3:30,1758,1505,1000,3238,3230,3185,1480,1725,2185
8/1/2020 4:00,1678,1427,1110,3240,3231,3190,1562,1804,2080
8/1/2020 4:30,1582,1272,1170,3248,3239,3185,1666,1967,2015
8/1/2020 5:00,1488,1230,1370,3277,3269,3245,1789,2039,1875
8/1/2020 5:30,1396,1035,1540,3395,3388,3375,1999,2353,1835
8/1/2020 6:00,1320,1021,1700,3623,3615,3650,2303,2594,1950
8/1/2020 6:30,1260,969,1690,3974,3966,3965,2714,2997,2275
8/1/2020 7:00,1189,957,1635,4406,4398,4465,3217,3441,2830
8/1/2020 7:30,1106,980,1535,4732,4722,4830,3626,3742,3295
8/1/2020 8:00,1030,939,1445,4925,4912,5025,3895,3973,3580
8/1/2020 8:30,961,957,1385,5063,5049,5030,4102,4092,3645
8/1/2020 9:00,895,891,1305,5161,5149,5110,4266,4258,3805
8/1/2020 9:30,833,838,1085,5196,5185,5150,4363,4347,4065
8/1/2020 10:00,772,780,995,5179,5168,5165,4407,4388,4170
8/1/2020 10:30,711,950,965,5176,5137,5240,4465,4187,4275
8/1/2020 11:00,658,875,855,5198,5152,5140,4540,4277,4285
8/1/2020 11:30,612,845,760,5224,5173,5155,4612,4328,4395
8/1/2020 12:00,580,803,710,5244,5192,5270,4664,4389,4560
8/1/2020 12:30,560,833,740,5240,5183,5315,4680,4350,4575
8/1/2020 13:00,532,801,715,5214,5150,5285,4682,4349,4570
8/1/2020 13:30,496,649,640,5203,5130,5225,4707,4481,4585
8/1/2020 14:00,461,601,610,5210,5129,5245,4749,4528,4635
8/1/2020 14:30,427,481,550,5225,5144,5270,4798,4663,4720
8/1/2020 15:00,412,421,490,5259,5184,5320,4847,4763,4830
8/1/2020 15:30,414,328,415,5372,5294,5405,4958,4966,4990
8/1/2020 16:00,453,330,385,5574,5487,5580,5121,5157,5195
8/1/2020 16:30,528,429,365,5838,5765,5935,5310,5336,5570
8/1/2020 17:00,613,494,340,6110,6072,6180,5497,5578,5840
8/1/2020 17:30,707,578,425,6201,6179,6210,5494,5601,5785
8/1/2020 18:00,814,704,605,6101,6072,6070,5287,5368,5465
8/1/2020 18:30,933,851,815,5961,5929,5915,5028,5078,5100
8/1/2020 19:00,1049,947,1090,5819,5792,5780,4770,4845,4690
8/1/2020 19:30,1161,927,1310,5676,5651,5615,4515,4724,4305
8/1/2020 20:00,1268,979,1495,5530,5502,5455,4262,4523,3960
8/1/2020 20:30,1371,1013,1680,5367,5339,5305,3996,4326,3625
8/1/2020 21:00,1455,1095,1690,5179,5150,5080,3724,4055,3390
8/1/2020 21:30,1521,1214,1675,4945,4916,4840,3424,3702,3165
8/1/2020 22:00,1593,1289,1820,4680,4654,4580,3087,3365,2760
8/1/2020 22:30,1671,1439,1810,4468,4443,4315,2797,3004,2505
8/1/2020 23:00,1408,1480,1680,4291,4288,4180,2883,2808,2500
8/1/2020 23:30,1389,1677,1585,4118,4114,4000,2729,2437,2415
9/1/2020 0:00,1350,1671,1655,3922,3917,3845,2572,2246,2190
9/1/2020 0:30,1292,1753,1760,3765,3759,3725,2473,2006,1965
9/1/2020 1:00,1250,1712,1755,3655,3648,3625,2405,1936,1870
9/1/2020 1:30,1224,1624,1585,3564,3557,3515,2340,1933,1930
9/1/2020 2:00,1199,1520,1490,3487,3482,3465,2288,1962,1975
9/1/2020 2:30,1174,1329,1475,3430,3430,3410,2256,2101,1935
9/1/2020 3:00,1095,1151,1340,3396,3399,3365,2301,2248,2025
9/1/2020 3:30,963,865,1120,3379,3384,3365,2416,2519,2245
9/1/2020 4:00,867,718,810,3377,3382,3370,2510,2664,2560
9/1/2020 4:30,807,632,565,3385,3387,3390,2578,2755,2825
9/1/2020 5:00,737,513,365,3417,3415,3465,2680,2902,3100
9/1/2020 5:30,658,378,290,3534,3533,3585,2876,3155,3295
9/1/2020 6:00,570,309,280,3759,3759,3870,3189,3450,3590
9/1/2020 6:30,474,446,235,4108,4110,4205,3634,3664,3970
9/1/2020 7:00,406,409,195,4539,4543,4690,4133,4134,4495
9/1/2020 7:30,365,364,180,4866,4870,5095,4501,4506,4915
9/1/2020 8:00,325,337,205,5060,5065,5305,4735,4728,5100
9/1/2020 8:30,286,220,195,5197,5205,5305,4911,4985,5110
9/1/2020 9:00,256,201,175,5293,5305,5395,5037,5104,5220
9/1/2020 9:30,237,149,170,5336,5349,5455,5099,5200,5285
9/1/2020 10:00,224,133,130,5334,5346,5450,5110,5213,5320
9/1/2020 10:30,219,118,110,5337,5346,5475,5118,5228,5365
9/1/2020 11:00,222,114,105,5355,5363,5490,5133,5249,5385
9/1/2020 11:30,232,104,85,5377,5386,5485,5145,5282,5400
9/1/2020 12:00,252,107,0,5395,5406,5495,5143,5299,5495
9/1/2020 12:30,283,118,0,5386,5398,5505,5103,5280,5505
9/1/2020 13:00,326,130,0,5353,5364,5450,5027,5234,5450
9/1/2020 13:30,382,125,0,5331,5339,5390,4949,5214,5390
9/1/2020 14:00,438,157,85,5325,5331,5400,4887,5174,5315
9/1/2020 14:30,494,249,225,5333,5337,5415,4839,5088,5190
9/1/2020 15:00,565,293,275,5362,5365,5490,4797,5072,5215
9/1/2020 15:30,649,316,345,5451,5455,5575,4802,5139,5230
9/1/2020 16:00,766,338,370,5615,5622,5735,4849,5284,5365
9/1/2020 16:30,913,341,355,5877,5887,6040,4964,5546,5685
9/1/2020 17:00,1053,386,400,6184,6196,6295,5131,5810,5895
9/1/2020 17:30,1185,443,510,6291,6304,6320,5106,5861,5810
9/1/2020 18:00,1282,550,740,6183,6196,6180,4901,5646,5440
9/1/2020 18:30,1345,695,970,6037,6048,6020,4692,5353,5050
9/1/2020 19:00,1429,888,1380,5894,5904,5870,4465,5016,4490
9/1/2020 19:30,1535,1172,1720,5745,5752,5715,4210,4580,3995
9/1/2020 20:00,1617,1356,1900,5586,5591,5545,3969,4235,3645
9/1/2020 20:30,1675,1643,1930,5415,5420,5365,3740,3777,3435
9/1/2020 21:00,1696,1759,2035,5226,5228,5180,3530,3469,3145
9/1/2020 21:30,1680,1828,2025,4990,4991,4950,3310,3163,2925
9/1/2020 22:00,1651,1775,1980,4724,4725,4655,3073,2950,2675
9/1/2020 22:30,1608,1708,1865,4510,4524,4390,2902,2816,2525
9/1/2020 23:00,1339,1552,1605,4351,4364,4245,3012,2812,2640
9/1/2020 23:30,1174,1556,1545,4181,4193,4080,3007,2637,2535
10/1/2020 0:00,1040,1386,1515,3996,4004,3890,2956,2618,2375
10/1/2020 0:30,937,1140,1360,3843,3848,3755,2906,2708,2395
10/1/2020 1:00,856,1033,1265,3727,3730,3665,2871,2697,2400
10/1/2020 1:30,795,1025,1045,3630,3631,3600,2835,2606,2555
10/1/2020 2:00,749,959,925,3546,3547,3545,2797,2588,2620
10/1/2020 2:30,718,899,950,3481,3482,3485,2763,2583,2535
10/1/2020 3:00,697,835,915,3437,3438,3440,2740,2603,2525
10/1/2020 3:30,685,883,905,3417,3417,3440,2732,2534,2535
10/1/2020 4:00,662,815,820,3416,3417,3425,2754,2602,2605
10/1/2020 4:30,627,790,815,3422,3422,3435,2795,2632,2620
10/1/2020 5:00,615,731,840,3446,3446,3475,2831,2715,2635
10/1/2020 5:30,628,588,820,3551,3552,3570,2923,2964,2750
10/1/2020 6:00,687,620,760,3759,3760,3850,3072,3140,3090
10/1/2020 6:30,792,724,825,4091,4092,4155,3299,3368,3330
10/1/2020 7:00,937,839,1005,4507,4506,4635,3570,3667,3630
10/1/2020 7:30,1119,1032,1270,4822,4821,5005,3703,3789,3735
10/1/2020 8:00,1305,1209,1520,5009,5010,5205,3704,3801,3685
10/1/2020 8:30,1493,1528,1835,5152,5152,5185,3659,3624,3350
10/1/2020 9:00,1689,1722,2080,5262,5259,5280,3573,3537,3200
10/1/2020 9:30,1894,1916,2390,5315,5308,5340,3421,3392,2950
10/1/2020 10:00,2107,2121,2665,5316,5308,5345,3209,3187,2680
10/1/2020 10:30,2326,2337,2840,5321,5311,5335,2995,2974,2495
10/1/2020 11:00,2527,2551,3065,5340,5329,5320,2813,2778,2255
10/1/2020 11:30,2709,2843,3185,5364,5335,5330,2655,2492,2145
10/1/2020 12:00,2889,3035,3360,5384,5348,5300,2495,2313,1940
10/1/2020 12:30,3069,3322,3525,5377,5335,5290,2308,2013,1765
10/1/2020 13:00,3204,3454,3675,5344,5297,5185,2140,1843,1510
10/1/2020 13:30,3296,3693,3640,5314,5265,5115,2018,1572,1475
10/1/2020 14:00,3374,3742,3675,5295,5246,5135,1921,1504,1460
10/1/2020 14:30,3437,3686,3690,5289,5241,5150,1852,1555,1460
10/1/2020 15:00,3483,3708,3750,5307,5261,5220,1824,1553,1470
10/1/2020 15:30,3512,3716,3795,5392,5348,5305,1880,1632,1510
10/1/2020 16:00,3534,3717,3905,5551,5512,5485,2017,1795,1580
10/1/2020 16:30,3550,3758,4040,5780,5753,5755,2230,1995,1715
10/1/2020 17:00,3560,3749,4095,6031,6021,5920,2471,2272,1825
10/1/2020 17:30,3565,3666,4120,6117,6114,5945,2552,2448,1825
10/1/2020 18:00,3566,3659,4120,6026,6021,5845,2460,2362,1725
10/1/2020 18:30,3564,3673,4065,5894,5888,5705,2330,2215,1640
10/1/2020 19:00,3560,3666,3935,5754,5750,5540,2194,2084,1605
10/1/2020 19:30,3554,3696,3785,5605,5602,5365,2051,1906,1580
10/1/2020 20:00,3543,3682,3705,5445,5443,5195,1902,1761,1490
10/1/2020 20:30,3527,3795,3605,5274,5274,5005,1747,1479,1400
10/1/2020 21:00,3501,3749,3475,5087,5086,4800,1586,1337,1325
10/1/2020 21:30,3467,3691,3355,4860,4859,4585,1393,1168,1230
10/1/2020 22:00,3422,3625,3220,4611,4611,4365,1189,986,1145
10/1/2020 22:30,3365,3576,3065,4433,4425,4180,1068,849,1115
10/1/2020 23:00,3369,3503,3080,4318,4315,4130,949,812,1050
10/1/2020 23:30,3312,3336,2990,4169,4168,3975,857,832,985
11/1/2020 0:00,3261,3285,2950,3974,3974,3790,713,689,840
11/1/2020 0:30,3216,3158,2905,3805,3804,3625,589,646,720
11/1/2020 1:00,3163,3108,2840,3674,3670,3500,511,562,660
11/1/2020 1:30,3102,2970,2745,3560,3555,3395,458,585,650
11/1/2020 2:00,3043,2919,2660,3459,3454,3310,416,535,650
11/1/2020 2:30,2987,2798,2565,3377,3373,3230,390,575,665
11/1/2020 3:00,2953,2775,2505,3317,3313,3175,364,538,670
11/1/2020 3:30,2941,2754,2475,3283,3277,3140,342,523,665
11/1/2020 4:00,2935,2761,2440,3272,3266,3120,337,505,680
11/1/2020 4:30,2938,2764,2440,3266,3260,3105,328,496,665
11/1/2020 5:00,2968,2808,2440,3265,3262,3115,297,454,675
11/1/2020 5:30,3028,2852,2450,3296,3293,3150,268,441,700
11/1/2020 6:00,3104,2956,2565,3369,3367,3275,265,411,710
11/1/2020 6:30,3197,3039,2670,3507,3504,3375,310,465,705
11/1/2020 7:00,3246,3120,2800,3697,3694,3525,451,574,725
11/1/2020 7:30,3249,3087,2810,3874,3869,3680,625,782,870
11/1/2020 8:00,3234,3080,2855,4033,4025,3845,799,945,990
11/1/2020 8:30,3200,3024,2910,4223,4217,4005,1023,1193,1095
11/1/2020 9:00,3162,2985,3140,4437,4436,4305,1275,1451,1165
11/1/2020 9:30,3119,2950,3155,4592,4590,4500,1473,1640,1345
11/1/2020 10:00,3025,2906,3120,4677,4672,4670,1652,1766,1550
11/1/2020 10:30,2880,2717,3040,4735,4724,4785,1855,2007,1745
11/1/2020 11:00,2759,2672,2830,4777,4773,4830,2018,2101,2000
11/1/2020 11:30,2662,2604,2585,4804,4805,4855,2142,2201,2270
11/1/2020 12:00,2562,2514,2475,4815,4815,4875,2253,2301,2400
11/1/2020 12:30,2461,2509,2640,4804,4800,4840,2343,2291,2200
11/1/2020 13:00,2380,2404,2685,4772,4762,4790,2392,2358,2105
11/1/2020 13:30,2321,2557,2615,4739,4722,4750,2418,2165,2135
11/1/2020 14:00,2222,2508,2650,4710,4687,4760,2488,2179,2110
11/1/2020 14:30,2085,2685,2550,4691,4660,4730,2606,1975,2180
11/1/2020 15:00,1942,2581,2430,4692,4651,4715,2750,2070,2285
11/1/2020 15:30,1794,2338,2390,4756,4708,4745,2962,2370,2355
11/1/2020 16:00,1630,2208,2270,4893,4842,4855,3263,2634,2585
11/1/2020 16:30,1451,2052,2040,5106,5065,5070,3655,3013,3030
11/1/2020 17:00,1320,1848,1880,5349,5327,5345,4029,3479,3465
11/1/2020 17:30,1235,1583,1730,5439,5427,5405,4204,3844,3675
11/1/2020 18:00,1171,1371,1645,5361,5347,5380,4190,3976,3735
11/1/2020 18:30,1127,1099,1485,5240,5225,5275,4113,4126,3790
11/1/2020 19:00,1085,964,1230,5109,5097,5095,4024,4133,3865
11/1/2020 19:30,1044,899,1020,4974,4964,4945,3930,4065,3925
11/1/2020 20:00,1018,847,875,4837,4827,4815,3819,3980,3940
11/1/2020 20:30,1007,783,790,4703,4693,4680,3696,3910,3890
11/1/2020 21:00,1002,759,740,4565,4554,4540,3563,3795,3800
11/1/2020 21:30,1002,759,750,4396,4384,4385,3394,3625,3635
11/1/2020 22:00,1015,789,720,4207,4196,4235,3192,3407,3515
11/1/2020 22:30,1041,893,665,4065,4053,4105,3024,3160,3440
11/1/2020 23:00,910,940,700,3960,3961,4055,3050,3021,3355
11/1/2020 23:30,923,953,775,3872,3872,3910,2949,2919,3135
12/1/2020 0:00,934,988,805,3775,3774,3760,2841,2786,2955
12/1/2020 0:30,942,982,810,3656,3656,3615,2714,2674,2805
12/1/2020 1:00,976,1014,925,3520,3522,3510,2544,2508,2585
12/1/2020 1:30,1037,1069,945,3398,3400,3405,2361,2331,2460
12/1/2020 2:00,1098,1151,1005,3299,3300,3315,2201,2149,2310
12/1/2020 2:30,1158,1240,1065,3222,3222,3215,2064,1982,2150
12/1/2020 3:00,1224,1319,1120,3170,3167,3140,1946,1848,2020
12/1/2020 3:30,1295,1359,1105,3141,3138,3085,1846,1779,1980
12/1/2020 4:00,1343,1406,1020,3132,3128,3090,1789,1722,2070
12/1/2020 4:30,1368,1447,1015,3125,3120,3090,1757,1673,2075
12/1/2020 5:00,1397,1484,1110,3117,3111,3055,1720,1627,1945
12/1/2020 5:30,1432,1495,1185,3115,3107,3040,1683,1612,1855
12/1/2020 6:00,1400,1505,1340,3128,3120,3150,1728,1615,1810
12/1/2020 6:30,1301,1409,1440,3194,3185,3205,1893,1776,1765
12/1/2020 7:00,1205,1363,1345,3310,3302,3330,2105,1939,1985
12/1/2020 7:30,1113,1212,1255,3436,3430,3425,2323,2218,2170
12/1/2020 8:00,1034,1171,1315,3572,3567,3515,2538,2396,2200
12/1/2020 8:30,968,1049,1260,3750,3746,3650,2782,2697,2390
12/1/2020 9:00,940,994,1120,3964,3960,3885,3024,2966,2765
12/1/2020 9:30,950,935,985,4149,4145,4115,3199,3210,3130
12/1/2020 10:00,966,921,945,4294,4289,4320,3328,3368,3375
12/1/2020 10:30,989,970,945,4411,4411,4460,3422,3441,3515
12/1/2020 11:00,1024,1024,975,4507,4507,4555,3483,3483,3580
12/1/2020 11:30,1074,1142,1110,4582,4580,4600,3508,3438,3490
12/1/2020 12:00,1149,1232,1185,4634,4630,4660,3485,3398,3475
12/1/2020 12:30,1251,1379,1270,4643,4639,4720,3392,3260,3450
12/1/2020 13:00,1343,1457,1290,4613,4606,4725,3270,3149,3435
12/1/2020 13:30,1424,1481,1345,4565,4557,4645,3141,3076,3300
12/1/2020 14:00,1486,1517,1380,4515,4504,4590,3029,2987,3210
12/1/2020 14:30,1527,1541,1415,4491,4482,4530,2964,2941,3115
12/1/2020 15:00,1555,1561,1460,4502,4497,4540,2947,2936,3080
12/1/2020 15:30,1569,1545,1380,4552,4549,4575,2983,3004,3195
12/1/2020 16:00,1606,1595,1435,4665,4662,4740,3059,3067,3305
12/1/2020 16:30,1664,1706,1615,4931,4929,5025,3267,3223,3410
12/1/2020 17:00,1732,1769,1655,5297,5296,5320,3565,3527,3665
12/1/2020 17:30,1808,1740,1730,5453,5453,5450,3645,3713,3720
12/1/2020 18:00,1898,1784,1840,5372,5371,5410,3474,3587,3570
12/1/2020 18:30,2002,1909,2035,5258,5256,5315,3256,3347,3280
12/1/2020 19:00,2119,1967,2095,5154,5151,5180,3035,3184,3085
12/1/2020 19:30,2248,1962,2235,5038,5034,5015,2790,3072,2780
12/1/2020 20:00,2356,2055,2345,4908,4903,4895,2552,2848,2550
12/1/2020 20:30,2442,2118,2420,4778,4774,4750,2336,2656,2330
12/1/2020 21:00,2510,2204,2515,4642,4637,4555,2132,2433,2040
12/1/2020 21:30,2558,2347,2620,4465,4460,4335,1907,2113,1715
12/1/2020 22:00,2606,2455,2560,4258,4254,4120,1652,1799,1560
12/1/2020 22:30,2654,2571,2460,4108,4103,3915,1454,1532,1455
12/1/2020 23:00,2731,2662,2440,4009,4009,3805,1278,1347,1365
12/1/2020 23:30,2811,2836,2355,3884,3882,3625,1073,1046,1270
13/1/2020 0:00,2875,2912,2270,3724,3718,3450,849,806,1180
13/1/2020 0:30,2922,3062,2285,3591,3585,3350,669,523,1065
13/1/2020 1:00,2952,3114,2400,3497,3492,3280,545,378,880
13/1/2020 1:30,2966,3116,2510,3420,3416,3250,454,300,740
13/1/2020 2:00,2980,3117,2485,3355,3351,3180,375,234,695
13/1/2020 2:30,2995,2897,2405,3305,3300,3095,310,403,690
13/1/2020 3:00,3004,2912,2380,3269,3264,3060,265,352,680
13/1/2020 3:30,3010,2835,2345,3254,3248,3055,244,413,710
13/1/2020 4:00,3016,2859,2355,3257,3251,3065,241,392,710
13/1/2020 4:30,3024,2730,2355,3273,3267,3070,249,537,715
13/1/2020 5:00,3065,2793,2390,3315,3310,3155,250,517,765
13/1/2020 5:30,3137,2893,2465,3450,3445,3285,313,552,820
13/1/2020 6:00,3229,3008,2655,3698,3693,3580,469,685,925
13/1/2020 6:30,3341,2968,2860,4069,4064,3925,728,1096,1065
13/1/2020 7:00,3413,3083,3275,4517,4512,4495,1104,1429,1220
13/1/2020 7:30,3443,3149,3375,4845,4839,4890,1402,1690,1515
13/1/2020 8:00,3461,3203,3300,5035,5029,5080,1574,1826,1780
13/1/2020 8:30,3465,3202,3260,5215,5208,5115,1750,2006,1855
13/1/2020 9:00,3444,3214,3180,5394,5387,5230,1950,2173,2050
13/1/2020 9:30,3397,3182,3175,5484,5479,5305,2087,2297,2130
13/1/2020 10:00,3340,3149,3085,5488,5488,5305,2148,2339,2220
13/1/2020 10:30,3271,3234,3005,5508,5508,5405,2237,2274,2400
13/1/2020 11:00,3234,3208,2900,5556,5562,5445,2322,2354,2545
13/1/2020 11:30,3228,3185,2810,5581,5585,5425,2353,2400,2615
13/1/2020 12:00,3252,3207,2795,5574,5570,5475,2322,2363,2680
13/1/2020 12:30,3307,3159,2820,5556,5551,5515,2249,2392,2695
13/1/2020 13:00,3359,3213,2990,5535,5536,5475,2176,2323,2485
13/1/2020 13:30,3409,3256,3190,5529,5532,5485,2120,2276,2295
13/1/2020 14:00,3453,3325,3340,5536,5537,5505,2083,2212,2165
13/1/2020 14:30,3489,3342,3315,5534,5533,5470,2045,2191,2155
13/1/2020 15:00,3512,3371,3315,5530,5526,5435,2018,2155,2120
13/1/2020 15:30,3521,3319,3295,5567,5561,5470,2046,2242,2175
13/1/2020 16:00,3521,3322,3200,5675,5666,5555,2154,2344,2355
13/1/2020 16:30,3511,3314,3235,5920,5911,5765,2409,2597,2530
13/1/2020 17:00,3498,3299,3350,6245,6238,6035,2747,2939,2685
13/1/2020 17:30,3479,3363,3395,6356,6350,6070,2877,2987,2675
13/1/2020 18:00,3462,3346,3440,6228,6222,5910,2766,2876,2470
13/1/2020 18:30,3445,3312,3580,6065,6060,5780,2620,2748,2200
13/1/2020 19:00,3422,3320,3625,5914,5911,5615,2492,2591,1990
13/1/2020 19:30,3391,3245,3610,5758,5757,5460,2367,2512,1850
13/1/2020 20:00,3353,3229,3585,5595,5595,5300,2242,2366,1715
13/1/2020 20:30,3306,3310,3480,5418,5420,5165,2112,2110,1685
13/1/2020 21:00,3262,3240,3450,5220,5222,4940,1958,1982,1490
13/1/2020 21:30,3221,3152,3305,4977,4979,4695,1756,1827,1390
13/1/2020 22:00,3162,3073,3165,4702,4704,4440,1540,1631,1275
13/1/2020 22:30,3087,3106,2720,4475,4480,4155,1388,1374,1435
13/1/2020 23:00,3122,3026,2585,4310,4310,4045,1188,1284,1460
13/1/2020 23:30,3048,2973,2520,4134,4134,3865,1086,1161,1345
14/1/2020 0:00,2981,2913,2500,3948,3949,3705,967,1036,1205
14/1/2020 0:30,2921,2878,2605,3800,3801,3580,879,923,975
14/1/2020 1:00,2842,2819,2550,3695,3696,3510,853,877,960
14/1/2020 1:30,2744,2738,2425,3608,3607,3445,864,869,1020
14/1/2020 2:00,2662,2666,2375,3533,3530,3400,871,864,1025
14/1/2020 2:30,2596,2310,2305,3474,3470,3350,878,1160,1045
14/1/2020 3:00,2556,2278,2315,3432,3429,3320,876,1151,1005
14/1/2020 3:30,2542,2221,2345,3413,3408,3315,871,1187,970
14/1/2020 4:00,2533,2205,2265,3412,3407,3345,879,1202,1080
14/1/2020 4:30,2529,2287,2205,3419,3414,3330,890,1127,1125
14/1/2020 5:00,2512,2307,2120,3449,3444,3390,937,1137,1270
14/1/2020 5:30,2482,2340,2385,3570,3564,3520,1088,1224,1135
14/1/2020 6:00,2477,2382,2485,3802,3797,3830,1325,1415,1345
14/1/2020 6:30,2499,2420,2480,4157,4154,4190,1658,1734,1710
14/1/2020 7:00,2513,2437,2415,4592,4590,4685,2079,2153,2270
14/1/2020 7:30,2521,2478,2330,4916,4916,5070,2395,2438,2740
14/1/2020 8:00,2513,2459,2155,5106,5107,5235,2593,2648,3080
14/1/2020 8:30,2489,2247,2040,5252,5251,5265,2763,3004,3225
14/1/2020 9:00,2435,2192,1875,5370,5364,5360,2935,3172,3485
14/1/2020 9:30,2352,2106,1575,5426,5418,5440,3074,3312,3865
14/1/2020 10:00,2204,1997,1390,5427,5419,5470,3223,3422,4080
14/1/2020 10:30,1990,1923,1205,5431,5398,5515,3441,3475,4310
14/1/2020 11:00,1798,1790,1135,5451,5413,5580,3653,3623,4445
14/1/2020 11:30,1626,1590,1035,5469,5429,5580,3843,3839,4545
14/1/2020 12:00,1483,1515,1140,5480,5438,5595,3997,3923,4455
14/1/2020 12:30,1370,1358,1305,5477,5427,5600,4107,4069,4295
14/1/2020 13:00,1336,1399,1510,5463,5398,5505,4127,3999,3995
14/1/2020 13:30,1381,1424,1740,5459,5385,5380,4078,3961,3640
14/1/2020 14:00,1460,1525,1965,5467,5392,5370,4007,3867,3405
14/1/2020 14:30,1570,1688,2030,5483,5402,5340,3913,3714,3310
14/1/2020 15:00,1667,1806,2050,5513,5418,5375,3846,3612,3325
14/1/2020 15:30,1748,1949,2150,5587,5478,5455,3839,3529,3305
14/1/2020 16:00,1844,2084,2175,5723,5606,5570,3879,3522,3395
14/1/2020 16:30,1954,2286,2465,5961,5868,5820,4007,3582,3355
14/1/2020 17:00,2088,2401,2570,6252,6207,6100,4164,3806,3530
14/1/2020 17:30,2245,2606,2685,6349,6329,6125,4104,3723,3440
14/1/2020 18:00,2392,2683,2935,6236,6212,6040,3844,3529,3105
14/1/2020 18:30,2529,2693,3030,6089,6063,5905,3560,3370,2875
14/1/2020 19:00,2648,2759,3025,5948,5926,5745,3300,3167,2720
14/1/2020 19:30,2749,2789,3005,5802,5783,5585,3053,2994,2580
14/1/2020 20:00,2835,2871,3045,5646,5629,5435,2811,2758,2390
14/1/2020 20:30,2906,3027,3190,5476,5463,5290,2570,2436,2100
14/1/2020 21:00,2956,3037,3200,5283,5273,5085,2327,2236,1885
14/1/2020 21:30,2986,3001,3150,5043,5034,4800,2057,2033,1650
14/1/2020 22:00,3005,2993,3050,4771,4762,4520,1766,1769,1470
14/1/2020 22:30,3013,3118,2705,4555,4553,4265,1542,1435,1560
14/1/2020 23:00,3022,3126,2440,4392,4398,4085,1370,1272,1645
14/1/2020 23:30,2992,3077,2445,4214,4220,3890,1222,1143,1445
15/1/2020 0:00,2985,3068,2515,4013,4018,3735,1028,950,1220
15/1/2020 0:30,3001,3071,2590,3856,3861,3620,855,790,1030
15/1/2020 1:00,2986,3027,2705,3754,3758,3540,768,731,835
15/1/2020 1:30,2939,2986,2650,3669,3672,3450,730,686,800
15/1/2020 2:00,2906,2947,2670,3594,3596,3385,688,649,715
15/1/2020 2:30,2887,2619,2635,3534,3536,3335,647,917,700
15/1/2020 3:00,2872,2608,2590,3493,3494,3310,621,886,720
15/1/2020 3:30,2861,2545,2545,3473,3474,3265,612,929,720
15/1/2020 4:00,2851,2555,2540,3473,3474,3295,622,919,755
15/1/2020 4:30,2843,2640,2555,3480,3481,3275,637,841,720
15/1/2020 5:00,2850,2688,2620,3509,3510,3355,659,822,735
15/1/2020 5:30,2873,2774,2730,3630,3631,3460,757,857,730
15/1/2020 6:00,2921,2860,3020,3864,3865,3775,943,1005,755
15/1/2020 6:30,2993,2938,3180,4222,4222,4135,1229,1284,955
15/1/2020 7:00,3052,3004,3390,4660,4660,4645,1608,1656,1255
15/1/2020 7:30,3098,3015,3610,4992,4991,5070,1894,1976,1460
15/1/2020 8:00,3108,3042,3580,5188,5187,5240,2080,2145,1660
15/1/2020 8:30,3082,3031,3555,5319,5318,5240,2237,2287,1685
15/1/2020 9:00,3083,3052,3505,5403,5400,5345,2320,2348,1840
15/1/2020 9:30,3110,3159,3545,5440,5437,5415,2330,2278,1870
15/1/2020 10:00,3120,3168,3500,5438,5436,5360,2318,2268,1860
15/1/2020 10:30,3114,3152,3530,5433,5432,5315,2319,2280,1785
15/1/2020 11:00,3113,3142,3515,5434,5434,5315,2321,2292,1800
15/1/2020 11:30,3116,3388,3500,5441,5421,5280,2325,2033,1780
15/1/2020 12:00,3130,3371,3470,5448,5430,5305,2318,2059,1835
15/1/2020 12:30,3152,3367,3540,5429,5412,5420,2277,2045,1880
15/1/2020 13:00,3144,3341,3495,5385,5368,5385,2241,2027,1890
15/1/2020 13:30,3104,3284,3485,5348,5333,5325,2244,2049,1840
15/1/2020 14:00,3105,3256,3445,5330,5317,5335,2225,2061,1890
15/1/2020 14:30,3146,3389,3385,5339,5327,5330,2193,1938,1945
15/1/2020 15:00,3132,3368,3315,5378,5365,5410,2246,1997,2095
15/1/2020 15:30,3063,3304,3285,5448,5435,5500,2385,2131,2215
15/1/2020 16:00,2995,3192,3220,5573,5560,5650,2578,2368,2430
15/1/2020 16:30,2927,3089,3140,5848,5832,5910,2921,2743,2770
15/1/2020 17:00,2880,2989,3080,6213,6193,6220,3333,3204,3140
15/1/2020 17:30,2853,2961,3015,6343,6319,6315,3490,3358,3300
15/1/2020 18:00,2820,2892,2965,6214,6188,6210,3394,3296,3245
15/1/2020 18:30,2781,2706,2915,6053,6026,6060,3272,3320,3145
15/1/2020 19:00,2766,2628,2900,5913,5883,5935,3147,3255,3035
15/1/2020 19:30,2776,2592,2795,5766,5735,5810,2990,3143,3015
15/1/2020 20:00,2793,2558,2640,5606,5575,5610,2813,3017,2970
15/1/2020 20:30,2818,2679,2555,5434,5405,5450,2616,2726,2895
15/1/2020 21:00,2842,2688,2495,5245,5216,5250,2403,2528,2755
15/1/2020 21:30,2864,2742,2505,5008,4981,4975,2144,2239,2470
15/1/2020 22:00,2896,2810,2570,4738,4717,4715,1842,1907,2145
15/1/2020 22:30,2937,2929,2540,4523,4511,4475,1586,1582,1935
15/1/2020 23:00,2939,3007,2585,4350,4353,4325,1411,1346,1740
15/1/2020 23:30,2987,3039,2755,4176,4178,4165,1189,1139,1410
16/1/2020 0:00,3026,3070,2955,3981,3983,4050,955,913,1095
16/1/2020 0:30,3057,3020,3000,3828,3831,3905,771,811,905
16/1/2020 1:00,3071,3027,2930,3724,3728,3765,653,701,835
16/1/2020 1:30,3068,3002,2855,3636,3641,3650,568,639,795
16/1/2020 2:00,3060,2990,2865,3558,3563,3590,498,573,725
16/1/2020 2:30,3045,2889,2780,3497,3501,3505,452,612,725
16/1/2020 3:00,3037,2898,2725,3454,3457,3445,417,559,720
16/1/2020 3:30,3035,2914,2700,3433,3435,3420,398,521,720
16/1/2020 4:00,3036,2931,2700,3431,3433,3425,395,502,725
16/1/2020 4:30,3039,2990,2690,3438,3440,3435,399,450,745
16/1/2020 5:00,3074,3034,2715,3466,3469,3505,392,435,790
16/1/2020 5:30,3141,3060,2765,3585,3587,3615,444,527,850
16/1/2020 6:00,3230,3168,2915,3813,3816,3910,583,648,995
16/1/2020 6:30,3344,3239,3205,4169,4170,4250,825,931,1045
16/1/2020 7:00,3414,3345,3510,4608,4606,4775,1194,1261,1265
16/1/2020 7:30,3443,3366,3745,4936,4932,5185,1493,1566,1440
16/1/2020 8:00,3435,3416,3775,5126,5122,5375,1691,1706,1600
16/1/2020 8:30,3390,3449,3725,5267,5269,5355,1877,1820,1630
16/1/2020 9:00,3350,3473,3835,5374,5387,5485,2024,1914,1650
16/1/2020 9:30,3315,3468,3925,5428,5446,5565,2113,1978,1640
16/1/2020 10:00,3263,3427,3915,5436,5451,5575,2173,2024,1660
16/1/2020 10:30,3195,3439,3825,5444,5448,5590,2249,2009,1765
16/1/2020 11:00,3120,3367,3805,5462,5470,5600,2342,2103,1795
16/1/2020 11:30,3039,3427,3885,5475,5484,5625,2436,2057,1740
16/1/2020 12:00,2967,3371,3885,5475,5479,5655,2508,2108,1770
16/1/2020 12:30,2905,3362,3735,5446,5443,5630,2541,2081,1895
16/1/2020 13:00,2851,3304,3640,5395,5381,5550,2544,2077,1910
16/1/2020 13:30,2804,3320,3630,5356,5336,5465,2552,2016,1835
16/1/2020 14:00,2780,3271,3595,5337,5316,5455,2557,2045,1860
16/1/2020 14:30,2777,3276,3440,5335,5314,5435,2558,2038,1995
16/1/2020 15:00,2779,3191,3325,5351,5331,5425,2572,2140,2100
16/1/2020 15:30,2786,3210,3050,5400,5379,5415,2614,2169,2365
16/1/2020 16:00,2761,3106,2830,5508,5487,5475,2747,2381,2645
16/1/2020 16:30,2705,2981,2690,5764,5750,5730,3059,2769,3040
16/1/2020 17:00,2634,2936,2770,6112,6111,6075,3478,3175,3305
16/1/2020 17:30,2548,2980,2790,6240,6244,6205,3692,3264,3415
16/1/2020 18:00,2430,2873,2695,6123,6123,6125,3693,3250,3430
16/1/2020 18:30,2279,2609,2520,5973,5969,5995,3694,3360,3475
16/1/2020 19:00,2139,2441,2415,5839,5833,5855,3700,3392,3440
16/1/2020 19:30,2010,2144,2320,5698,5690,5715,3688,3546,3395
16/1/2020 20:00,1902,1995,2135,5544,5536,5550,3642,3541,3415
16/1/2020 20:30,1814,1773,1995,5377,5369,5385,3563,3596,3390
16/1/2020 21:00,1724,1680,1880,5190,5179,5170,3466,3499,3290
16/1/2020 21:30,1634,1692,1695,4958,4945,4905,3324,3253,3210
16/1/2020 22:00,1550,1631,1565,4694,4681,4630,3144,3050,3065
16/1/2020 22:30,1475,1564,1345,4479,4456,4405,3004,2892,3060
16/1/2020 23:00,1334,1522,1165,4302,4292,4280,2968,2770,3115
16/1/2020 23:30,1322,1591,1180,4139,4128,4125,2817,2537,2945
17/1/2020 0:00,1309,1567,1200,3970,3959,3955,2661,2392,2755
17/1/2020 0:30,1292,1583,1215,3828,3818,3815,2536,2235,2600
17/1/2020 1:00,1301,1581,1230,3718,3708,3705,2417,2127,2475
17/1/2020 1:30,1335,1456,1210,3625,3617,3595,2290,2161,2385
17/1/2020 2:00,1360,1480,1230,3549,3541,3530,2189,2061,2300
17/1/2020 2:30,1375,1464,1270,3489,3482,3465,2114,2018,2195
17/1/2020 3:00,1394,1492,1390,3449,3443,3455,2055,1951,2065
17/1/2020 3:30,1415,1442,1445,3431,3425,3425,2016,1983,1980
17/1/2020 4:00,1414,1452,1650,3435,3428,3425,2021,1976,1775
17/1/2020 4:30,1390,1479,1705,3444,3437,3435,2054,1958,1730
17/1/2020 5:00,1387,1511,1790,3472,3466,3525,2085,1955,1735
17/1/2020 5:30,1403,1512,1890,3584,3577,3645,2181,2065,1755
17/1/2020 6:00,1415,1567,1970,3800,3794,3935,2385,2227,1965
17/1/2020 6:30,1424,1604,1920,4140,4134,4255,2716,2530,2335
17/1/2020 7:00,1442,1664,1990,4564,4559,4740,3122,2895,2750
17/1/2020 7:30,1469,1819,2115,4887,4883,5145,3418,3064,3030
17/1/2020 8:00,1465,1829,2000,5080,5076,5310,3615,3247,3310
17/1/2020 8:30,1428,1834,1990,5207,5204,5310,3779,3370,3320
17/1/2020 9:00,1384,1814,1940,5285,5284,5405,3901,3470,3465
17/1/2020 9:30,1332,1821,1760,5326,5326,5445,3994,3505,3685
17/1/2020 10:00,1279,1699,1600,5337,5338,5430,4058,3639,3830
17/1/2020 10:30,1227,1478,1385,5339,5336,5370,4112,3858,3985
17/1/2020 11:00,1192,1368,1255,5338,5337,5365,4146,3969,4110
17/1/2020 11:30,1175,1366,1195,5345,5345,5365,4170,3979,4170
17/1/2020 12:00,1177,1350,1205,5354,5355,5375,4177,4005,4170
17/1/2020 12:30,1196,1375,1120,5334,5338,5385,4138,3963,4265
17/1/2020 13:00,1249,1378,1040,5285,5291,5350,4036,3913,4310
17/1/2020 13:30,1336,1262,1065,5236,5244,5305,3900,3982,4240
17/1/2020 14:00,1348,1286,1025,5198,5206,5320,3850,3920,4295
17/1/2020 14:30,1286,1342,1025,5183,5187,5310,3897,3845,4285
17/1/2020 15:00,1244,1363,1130,5196,5194,5340,3952,3831,4210
17/1/2020 15:30,1223,1347,1320,5242,5236,5380,4019,3889,4060
17/1/2020 16:00,1190,1345,1535,5348,5342,5475,4158,3997,3940
17/1/2020 16:30,1146,1320,1670,5616,5609,5660,4470,4289,3990
17/1/2020 17:00,1097,1310,1680,5991,5979,5980,4894,4669,4300
17/1/2020 17:30,1042,1244,1710,6144,6129,6120,5102,4885,4410
17/1/2020 18:00,986,1210,1540,6047,6030,6010,5061,4820,4470
17/1/2020 18:30,930,1114,1350,5909,5892,5870,4979,4778,4520
17/1/2020 19:00,877,1092,1270,5780,5763,5740,4903,4671,4470
17/1/2020 19:30,826,1259,1265,5640,5626,5600,4814,4367,4335
17/1/2020 20:00,776,1188,1200,5487,5476,5420,4711,4288,4220
17/1/2020 20:30,727,1162,1130,5320,5314,5275,4593,4152,4145
17/1/2020 21:00,665,1069,1085,5134,5129,5070,4469,4060,3985
17/1/2020 21:30,592,1053,990,4912,4908,4865,4320,3855,3875
17/1/2020 22:00,530,957,945,4672,4668,4675,4142,3711,3730
17/1/2020 22:30,480,760,890,4503,4493,4515,4023,3733,3625
17/1/2020 23:00,595,690,775,4399,4393,4445,3804,3703,3670
17/1/2020 23:30,547,623,660,4258,4254,4295,3711,3631,3635
18/1/2020 0:00,505,565,575,4068,4066,4110,3563,3501,3535
18/1/2020 0:30,469,535,510,3906,3905,3965,3437,3370,3455
18/1/2020 1:00,428,499,425,3784,3783,3855,3356,3284,3430
18/1/2020 1:30,381,506,375,3676,3673,3755,3295,3167,3380
18/1/2020 2:00,353,465,350,3577,3573,3680,3224,3108,3330
18/1/2020 2:30,344,334,310,3497,3492,3615,3153,3158,3305
18/1/2020 3:00,344,309,305,3440,3434,3560,3096,3125,3255
18/1/2020 3:30,353,283,285,3409,3404,3510,3056,3121,3225
18/1/2020 4:00,371,287,275,3401,3397,3485,3030,3110,3210
18/1/2020 4:30,398,302,280,3394,3391,3455,2996,3089,3175
18/1/2020 5:00,418,323,325,3391,3388,3470,2973,3065,3145
18/1/2020 5:30,429,352,400,3425,3422,3520,2996,3070,3120
18/1/2020 6:00,438,381,425,3505,3502,3660,3067,3121,3235
18/1/2020 6:30,444,388,415,3645,3643,3760,3201,3255,3345
18/1/2020 7:00,452,401,460,3835,3832,3945,3383,3431,3485
18/1/2020 7:30,460,384,445,4022,4015,4130,3562,3631,3685
18/1/2020 8:00,464,376,425,4198,4186,4310,3734,3810,3885
18/1/2020 8:30,463,353,400,4391,4378,4490,3928,4025,4090
18/1/2020 9:00,452,340,370,4593,4585,4770,4141,4245,4400
18/1/2020 9:30,430,403,330,4756,4751,4965,4326,4348,4635
18/1/2020 10:00,404,380,305,4868,4861,5080,4464,4481,4775
18/1/2020 10:30,373,335,265,4933,4914,5135,4560,4579,4870
18/1/2020 11:00,344,307,250,4960,4936,5170,4616,4629,4920
18/1/2020 11:30,316,257,235,4980,4959,5175,4664,4702,4940
18/1/2020 12:00,291,239,230,4993,4983,5180,4702,4744,4950
18/1/2020 12:30,268,232,215,4974,4971,5160,4706,4739,4945
18/1/2020 13:00,254,223,210,4922,4922,5090,4668,4699,4880
18/1/2020 13:30,248,181,180,4863,4869,5000,4615,4688,4820
18/1/2020 14:00,241,174,185,4809,4822,4930,4568,4648,4745
18/1/2020 14:30,233,178,155,4783,4796,4885,4550,4618,4730
18/1/2020 15:00,232,187,140,4788,4795,4895,4556,4608,4755
18/1/2020 15:30,241,217,135,4817,4825,4925,4576,4608,4790
18/1/2020 16:00,252,225,140,4900,4915,5030,4648,4690,4890
18/1/2020 16:30,264,225,135,5175,5185,5255,4911,4960,5120
18/1/2020 17:00,266,224,155,5584,5577,5665,5318,5353,5510
18/1/2020 17:30,257,209,175,5755,5739,5885,5498,5530,5710
18/1/2020 18:00,255,202,195,5654,5641,5840,5399,5439,5645
18/1/2020 18:30,257,175,195,5515,5503,5695,5258,5328,5500
18/1/2020 19:00,261,171,180,5389,5378,5520,5128,5207,5340
18/1/2020 19:30,265,156,185,5254,5244,5360,4989,5088,5175
18/1/2020 20:00,264,157,155,5108,5100,5205,4844,4943,5050
18/1/2020 20:30,258,132,140,4970,4967,5050,4712,4835,4910
18/1/2020 21:00,261,131,155,4834,4834,4895,4573,4703,4740
18/1/2020 21:30,274,143,160,4664,4666,4735,4390,4523,4575
18/1/2020 22:00,296,142,170,4471,4476,4585,4175,4334,4415
18/1/2020 22:30,326,150,160,4336,4334,4435,4010,4184,4275
18/1/2020 23:00,186,154,175,4265,4260,4395,4079,4106,4220
18/1/2020 23:30,200,169,185,4170,4166,4260,3970,3997,4075
19/1/2020 0:00,220,180,235,4044,4040,4110,3824,3860,3875
19/1/2020 0:30,247,187,280,3906,3902,3945,3659,3715,3665
19/1/2020 1:00,273,203,315,3764,3761,3840,3491,3558,3525
19/1/2020 1:30,299,206,355,3635,3632,3735,3336,3426,3380
19/1/2020 2:00,331,232,365,3526,3520,3640,3195,3288,3275
19/1/2020 2:30,368,247,380,3439,3431,3565,3071,3184,3185
19/1/2020 3:00,417,277,410,3376,3367,3520,2959,3090,3110
19/1/2020 3:30,478,308,435,3340,3330,3490,2862,3022,3055
19/1/2020 4:00,532,336,480,3324,3315,3465,2792,2979,2985
19/1/2020 4:30,581,420,555,3311,3302,3435,2730,2882,2880
19/1/2020 5:00,623,460,645,3297,3287,3435,2674,2827,2790
19/1/2020 5:30,659,543,705,3284,3275,3445,2625,2732,2740
19/1/2020 6:00,709,598,740,3284,3277,3520,2575,2679,2780
19/1/2020 6:30,773,690,780,3339,3332,3575,2566,2642,2795
19/1/2020 7:00,834,757,890,3446,3439,3660,2612,2682,2770
19/1/2020 7:30,894,823,1010,3566,3559,3765,2672,2736,2755
19/1/2020 8:00,968,894,1095,3694,3687,3845,2726,2793,2750
19/1/2020 8:30,1056,1039,1170,3862,3854,3990,2806,2815,2820
19/1/2020 9:00,1119,1079,1225,4067,4060,4230,2948,2981,3005
19/1/2020 9:30,1157,1147,1285,4279,4273,4450,3122,3126,3165
19/1/2020 10:00,1182,1194,1385,4479,4477,4640,3297,3283,3255
19/1/2020 10:30,1195,1221,1525,4624,4608,4755,3429,3387,3230
19/1/2020 11:00,1211,1267,1580,4710,4687,4830,3499,3420,3250
19/1/2020 11:30,1232,1333,1600,4775,4749,4875,3543,3416,3275
19/1/2020 12:00,1246,1352,1645,4820,4795,4950,3574,3443,3305
19/1/2020 12:30,1255,1390,1700,4820,4795,4985,3565,3405,3285
19/1/2020 13:00,1282,1402,1725,4774,4747,4980,3492,3345,3255
19/1/2020 13:30,1328,1412,1720,4709,4682,4900,3381,3270,3180
19/1/2020 14:00,1362,1428,1730,4642,4616,4830,3280,3188,3100
19/1/2020 14:30,1385,1598,1710,4615,4589,4765,3230,2991,3055
19/1/2020 15:00,1407,1582,1680,4628,4603,4770,3221,3021,3090
19/1/2020 15:30,1428,1551,1670,4649,4623,4805,3221,3072,3135
19/1/2020 16:00,1459,1540,1685,4711,4686,4905,3252,3146,3220
19/1/2020 16:30,1500,1630,1735,4986,4965,5125,3486,3335,3390
19/1/2020 17:00,1545,1656,1850,5417,5403,5465,3872,3747,3615
19/1/2020 17:30,1594,1701,1870,5604,5594,5650,4010,3893,3780
19/1/2020 18:00,1637,1741,1895,5512,5500,5635,3875,3759,3740
19/1/2020 18:30,1674,1748,1985,5387,5375,5575,3713,3627,3590
19/1/2020 19:00,1692,1795,2065,5284,5271,5465,3592,3476,3400
19/1/2020 19:30,1691,1866,2150,5164,5152,5335,3473,3286,3185
19/1/2020 20:00,1693,1906,2170,5025,5013,5215,3332,3107,3045
19/1/2020 20:30,1698,1851,2210,4888,4877,5070,3190,3026,2860
19/1/2020 21:00,1696,1857,2250,4747,4734,4890,3051,2877,2640
19/1/2020 21:30,1688,1860,2290,4562,4548,4685,2874,2688,2395
19/1/2020 22:00,1677,1847,2285,4346,4333,4470,2669,2486,2185
19/1/2020 22:30,1662,1906,2240,4195,4184,4260,2533,2278,2020
19/1/2020 23:00,1773,1885,2250,4095,4096,4160,2322,2211,1910
19/1/2020 23:30,1757,1927,2275,3969,3971,4010,2212,2044,1735
20/1/2020 0:00,1734,1899,2315,3798,3802,3865,2064,1903,1550
20/1/2020 0:30,1704,1934,2340,3653,3659,3735,1949,1725,1395
20/1/2020 1:00,1669,1900,2365,3549,3554,3675,1880,1654,1310
20/1/2020 1:30,1630,1917,2300,3465,3470,3600,1835,1553,1300
20/1/2020 2:00,1598,1879,2225,3395,3400,3535,1797,1521,1310
20/1/2020 2:30,1574,1865,2175,3339,3345,3470,1765,1480,1295
20/1/2020 3:00,1550,1813,2155,3298,3304,3450,1748,1491,1295
20/1/2020 3:30,1525,1725,2115,3278,3285,3440,1753,1560,1325
20/1/2020 4:00,1508,1688,2080,3279,3286,3455,1771,1598,1375
20/1/2020 4:30,1500,1781,2035,3291,3298,3465,1791,1517,1430
20/1/2020 5:00,1492,1752,1995,3328,3334,3535,1836,1582,1540
20/1/2020 5:30,1483,1785,1930,3462,3467,3660,1979,1682,1730
20/1/2020 6:00,1488,1765,1910,3710,3714,3975,2222,1949,2065
20/1/2020 6:30,1507,1714,1860,4076,4080,4330,2569,2366,2470
20/1/2020 7:00,1509,1692,1860,4517,4519,4870,3008,2827,3010
20/1/2020 7:30,1495,1736,1830,4857,4858,5265,3362,3122,3435
20/1/2020 8:00,1481,1713,1775,5067,5066,5430,3586,3353,3655
20/1/2020 8:30,1468,1682,1775,5204,5205,5435,3736,3523,3660
20/1/2020 9:00,1447,1643,1760,5288,5293,5575,3841,3650,3815
20/1/2020 9:30,1416,1595,1695,5339,5345,5630,3923,3750,3935
20/1/2020 10:00,1380,1555,1640,5365,5367,5600,3985,3812,3960
20/1/2020 10:30,1340,1541,1595,5375,5370,5610,4035,3829,4015
20/1/2020 11:00,1292,1511,1600,5377,5382,5610,4085,3871,4010
20/1/2020 11:30,1237,1490,1605,5388,5399,5590,4151,3909,3985
20/1/2020 12:00,1201,1455,1610,5402,5413,5595,4201,3958,3985
20/1/2020 12:30,1182,1453,1590,5386,5398,5595,4204,3945,4005
20/1/2020 13:00,1155,1410,1475,5342,5356,5515,4187,3946,4040
20/1/2020 13:30,1121,1293,1390,5306,5321,5435,4185,4028,4045
20/1/2020 14:00,1101,1282,1405,5289,5306,5445,4188,4024,4040
20/1/2020 14:30,1098,1363,1425,5300,5314,5445,4202,3951,4020
20/1/2020 15:00,1094,1356,1400,5339,5346,5520,4245,3990,4120
20/1/2020 15:30,1091,1412,1425,5396,5407,5600,4305,3995,4175
20/1/2020 16:00,1095,1408,1440,5504,5524,5715,4409,4116,4275
20/1/2020 16:30,1108,1395,1470,5793,5807,5970,4685,4412,4500
20/1/2020 17:00,1127,1380,1505,6201,6196,6290,5074,4816,4785
20/1/2020 17:30,1151,1314,1535,6353,6338,6420,5202,5024,4885
20/1/2020 18:00,1171,1299,1555,6216,6205,6325,5045,4906,4770
20/1/2020 18:30,1184,1344,1485,6046,6039,6170,4862,4695,4685
20/1/2020 19:00,1176,1322,1450,5899,5893,6020,4723,4571,4570
20/1/2020 19:30,1145,1296,1410,5747,5742,5865,4602,4446,4455
20/1/2020 20:00,1125,1246,1275,5584,5580,5700,4459,4334,4425
20/1/2020 20:30,1115,1204,1215,5408,5407,5515,4293,4203,4300
20/1/2020 21:00,1103,1132,1160,5211,5211,5280,4108,4079,4120
20/1/2020 21:30,1090,1094,1115,4969,4968,5015,3879,3874,3900
20/1/2020 22:00,1055,1035,1000,4694,4694,4725,3639,3659,3725
20/1/2020 22:30,998,978,990,4472,4474,4475,3474,3496,3485
20/1/2020 23:00,813,938,975,4307,4307,4340,3494,3369,3365
20/1/2020 23:30,780,903,940,4133,4132,4140,3353,3229,3200
21/1/2020 0:00,756,891,915,3947,3944,3955,3191,3053,3040
21/1/2020 0:30,741,873,915,3797,3793,3810,3056,2920,2895
21/1/2020 1:00,720,873,895,3691,3686,3725,2971,2813,2830
21/1/2020 1:30,693,851,880,3603,3597,3645,2910,2746,2765
21/1/2020 2:00,664,844,855,3528,3521,3590,2864,2677,2735
21/1/2020 2:30,633,773,810,3470,3463,3555,2837,2690,2745
21/1/2020 3:00,608,746,725,3431,3425,3505,2823,2679,2780
21/1/2020 3:30,588,677,700,3415,3409,3500,2827,2732,2800
21/1/2020 4:00,565,638,775,3417,3413,3525,2852,2775,2750
21/1/2020 4:30,539,656,765,3426,3422,3535,2887,2766,2770
21/1/2020 5:00,524,620,710,3455,3452,3600,2931,2832,2890
21/1/2020 5:30,521,595,705,3577,3575,3720,3056,2980,3015
21/1/2020 6:00,524,571,655,3812,3811,4020,3288,3240,3365
21/1/2020 6:30,533,521,565,4169,4168,4365,3636,3647,3800
21/1/2020 7:00,535,505,505,4604,4604,4875,4069,4099,4370
21/1/2020 7:30,530,501,495,4939,4939,5270,4409,4438,4775
21/1/2020 8:00,518,488,515,5141,5141,5435,4623,4653,4920
21/1/2020 8:30,498,513,500,5265,5265,5415,4767,4752,4915
21/1/2020 9:00,486,505,485,5332,5331,5510,4846,4826,5025
21/1/2020 9:30,482,508,465,5369,5367,5560,4887,4859,5095
21/1/2020 10:00,480,509,440,5387,5383,5550,4907,4874,5110
21/1/2020 10:30,479,477,435,5397,5403,5560,4918,4926,5125
21/1/2020 11:00,474,494,435,5404,5407,5575,4930,4913,5140
21/1/2020 11:30,464,527,455,5415,5416,5580,4951,4889,5125
21/1/2020 12:00,465,538,480,5426,5425,5615,4961,4887,5135
21/1/2020 12:30,477,545,485,5411,5406,5620,4934,4861,5135
21/1/2020 13:00,488,538,540,5372,5362,5560,4884,4824,5020
21/1/2020 13:30,499,466,550,5342,5330,5485,4843,4864,4935
21/1/2020 14:00,491,467,550,5330,5319,5490,4839,4852,4940
21/1/2020 14:30,465,413,615,5339,5329,5480,4874,4916,4865
21/1/2020 15:00,451,407,675,5370,5361,5535,4919,4954,4860
21/1/2020 15:30,449,408,670,5432,5423,5615,4983,5015,4945
21/1/2020 16:00,451,401,650,5550,5541,5775,5099,5140,5125
21/1/2020 16:30,455,408,640,5818,5810,6025,5363,5402,5385
21/1/2020 17:00,457,398,645,6178,6173,6300,5721,5775,5655
21/1/2020 17:30,455,418,585,6310,6299,6385,5855,5881,5800
21/1/2020 18:00,450,409,495,6187,6184,6265,5737,5775,5770
21/1/2020 18:30,441,450,430,6034,6036,6125,5593,5586,5695
21/1/2020 19:00,427,430,445,5897,5903,5990,5470,5473,5545
21/1/2020 19:30,406,430,435,5752,5758,5840,5346,5328,5405
21/1/2020 20:00,384,403,390,5593,5595,5695,5209,5192,5305
21/1/2020 20:30,361,359,355,5422,5424,5535,5061,5065,5180
21/1/2020 21:00,340,334,355,5233,5235,5305,4893,4901,4950
21/1/2020 21:30,320,292,340,4995,4997,5040,4675,4705,4700
21/1/2020 22:00,302,278,325,4724,4725,4765,4422,4447,4440
21/1/2020 22:30,286,243,340,4509,4510,4510,4223,4267,4170
21/1/2020 23:00,309,229,325,4353,4356,4375,4044,4127,4050
21/1/2020 23:30,288,238,285,4176,4181,4180,3888,3943,3895
22/1/2020 0:00,266,222,235,3977,3981,4005,3711,3759,3770
22/1/2020 0:30,243,210,205,3821,3824,3870,3578,3614,3665
22/1/2020 1:00,226,203,200,3716,3718,3770,3490,3515,3570
22/1/2020 1:30,215,168,200,3628,3630,3690,3413,3462,3490
22/1/2020 2:00,208,161,215,3552,3554,3620,3344,3393,3405
22/1/2020 2:30,205,185,230,3493,3496,3565,3288,3311,3335
22/1/2020 3:00,200,174,220,3454,3457,3525,3254,3283,3305
22/1/2020 3:30,192,149,210,3438,3440,3515,3246,3291,3305
22/1/2020 4:00,189,145,205,3440,3442,3520,3251,3297,3315
22/1/2020 4:30,188,131,185,3447,3450,3510,3259,3319,3325
22/1/2020 5:00,193,135,190,3473,3478,3580,3280,3343,3390
22/1/2020 5:30,203,152,195,3592,3598,3700,3389,3446,3505
22/1/2020 6:00,211,162,205,3825,3831,3990,3614,3669,3785
22/1/2020 6:30,219,203,215,4181,4188,4335,3962,3985,4120
22/1/2020 7:00,226,206,215,4615,4625,4835,4389,4419,4620
22/1/2020 7:30,233,212,220,4949,4963,5215,4716,4751,4995
22/1/2020 8:00,232,213,230,5151,5170,5375,4919,4957,5145
22/1/2020 8:30,223,174,225,5270,5293,5365,5047,5119,5140
22/1/2020 9:00,214,171,200,5330,5353,5445,5116,5182,5245
22/1/2020 9:30,205,168,205,5362,5382,5500,5157,5214,5295
22/1/2020 10:00,193,159,205,5378,5390,5490,5185,5231,5285
22/1/2020 10:30,179,167,205,5387,5393,5485,5208,5226,5280
22/1/2020 11:00,167,157,190,5394,5397,5475,5227,5240,5285
22/1/2020 11:30,156,157,160,5405,5409,5450,5249,5252,5290
22/1/2020 12:00,151,154,125,5415,5421,5455,5264,5267,5330
22/1/2020 12:30,150,148,100,5398,5406,5450,5248,5258,5350
22/1/2020 13:00,149,146,85,5356,5364,5385,5207,5218,5300
22/1/2020 13:30,149,146,60,5320,5329,5315,5171,5183,5255
22/1/2020 14:00,145,137,50,5302,5311,5315,5157,5174,5265
22/1/2020 14:30,137,136,45,5309,5320,5315,5172,5184,5270
22/1/2020 15:00,128,127,20,5341,5353,5350,5213,5226,5330
22/1/2020 15:30,118,102,0,5393,5399,5430,5275,5297,5430
22/1/2020 16:00,112,98,0,5496,5488,5565,5384,5390,5565
22/1/2020 16:30,111,75,0,5774,5761,5805,5663,5686,5805
22/1/2020 17:00,112,76,0,6166,6161,6140,6054,6085,6140
22/1/2020 17:30,115,61,0,6315,6318,6295,6200,6257,6295
22/1/2020 18:00,118,64,0,6192,6201,6205,6074,6137,6205
22/1/2020 18:30,120,80,0,6036,6050,6060,5916,5970,6060
22/1/2020 19:00,124,82,0,5902,5919,5910,5778,5837,5910
22/1/2020 19:30,130,83,0,5758,5774,5765,5628,5691,5765
22/1/2020 20:00,139,86,0,5598,5610,5610,5459,5524,5610
22/1/2020 20:30,151,76,25,5426,5438,5460,5275,5362,5435
22/1/2020 21:00,164,82,0,5237,5248,5245,5073,5166,5245
22/1/2020 21:30,178,85,0,4999,5008,4975,4821,4923,4975
22/1/2020 22:00,194,90,30,4728,4733,4715,4534,4643,4685
22/1/2020 22:30,212,94,55,4512,4516,4480,4300,4422,4425
22/1/2020 23:00,178,97,0,4356,4357,4335,4178,4260,4335
22/1/2020 23:30,190,100,65,4178,4179,4145,3988,4079,4080
23/1/2020 0:00,202,105,75,3977,3979,3970,3775,3874,3895
23/1/2020 0:30,215,102,75,3820,3823,3820,3605,3721,3745
23/1/2020 1:00,223,109,90,3715,3717,3730,3492,3608,3640
23/1/2020 1:30,226,105,90,3626,3629,3640,3400,3524,3550
23/1/2020 2:00,225,106,90,3549,3551,3565,3324,3445,3475
23/1/2020 2:30,219,94,80,3489,3492,3515,3270,3398,3435
23/1/2020 3:00,216,91,90,3450,3452,3490,3234,3361,3400
23/1/2020 3:30,216,92,125,3432,3433,3480,3216,3341,3355
23/1/2020 4:00,212,100,150,3433,3434,3480,3221,3334,3330
23/1/2020 4:30,206,111,185,3440,3440,3490,3234,3329,3305
23/1/2020 5:00,200,117,245,3467,3465,3550,3267,3348,3305
23/1/2020 5:30,196,116,300,3583,3581,3690,3387,3465,3390
23/1/2020 6:00,199,120,355,3810,3808,3970,3611,3688,3615
23/1/2020 6:30,209,132,420,4162,4160,4315,3953,4028,3895
23/1/2020 7:00,212,138,445,4599,4595,4815,4387,4457,4370
23/1/2020 7:30,209,169,405,4938,4934,5195,4729,4765,4790
23/1/2020 8:00,207,170,395,5147,5143,5335,4940,4973,4940
23/1/2020 8:30,206,208,365,5268,5265,5300,5062,5057,4935
23/1/2020 9:00,201,215,330,5324,5322,5390,5123,5107,5060
23/1/2020 9:30,192,230,335,5357,5353,5450,5165,5123,5115
23/1/2020 10:00,187,245,335,5378,5370,5425,5191,5125,5090
23/1/2020 10:30,186,259,315,5388,5377,5430,5202,5118,5115
23/1/2020 11:00,191,275,320,5391,5379,5430,5200,5104,5110
23/1/2020 11:30,200,386,330,5400,5377,5420,5200,4991,5090
23/1/2020 12:00,215,398,370,5413,5388,5455,5198,4990,5085
23/1/2020 12:30,234,385,390,5399,5376,5475,5165,4991,5085
23/1/2020 13:00,253,391,405,5361,5340,5410,5108,4949,5005
23/1/2020 13:30,271,380,430,5328,5309,5340,5057,4929,4910
23/1/2020 14:00,281,375,425,5314,5294,5340,5033,4919,4915
23/1/2020 14:30,282,349,385,5326,5304,5340,5044,4955,4955
23/1/2020 15:00,289,358,385,5364,5338,5385,5075,4980,5000
23/1/2020 15:30,300,402,400,5405,5382,5450,5105,4980,5050
23/1/2020 16:00,308,413,425,5482,5459,5575,5174,5046,5150
23/1/2020 16:30,310,421,440,5738,5682,5800,5428,5261,5360
23/1/2020 17:00,315,433,440,6119,6011,6100,5804,5578,5660
23/1/2020 17:30,321,478,470,6269,6167,6230,5948,5689,5760
23/1/2020 18:00,339,485,480,6156,6116,6140,5817,5631,5660
23/1/2020 18:30,367,480,515,6007,5998,6020,5640,5518,5505
23/1/2020 19:00,395,482,525,5874,5854,5880,5479,5372,5355
23/1/2020 19:30,422,480,530,5729,5702,5750,5307,5222,5220
23/1/2020 20:00,443,479,560,5568,5545,5590,5125,5066,5030
23/1/2020 20:30,458,493,585,5396,5378,5445,4938,4885,4860
23/1/2020 21:00,464,488,610,5207,5189,5210,4743,4701,4600
23/1/2020 21:30,460,484,615,4971,4953,4945,4511,4469,4330
23/1/2020 22:00,453,478,585,4701,4686,4675,4248,4208,4090
23/1/2020 22:30,440,470,525,4484,4463,4425,4044,3993,3900
23/1/2020 23:00,409,459,490,4307,4300,4280,3898,3841,3790
23/1/2020 23:30,397,460,445,4138,4132,4095,3741,3672,3650
24/1/2020 0:00,397,455,395,3957,3952,3925,3560,3497,3530
24/1/2020 0:30,406,491,335,3809,3804,3790,3403,3313,3455
24/1/2020 1:00,414,494,350,3699,3692,3700,3285,3198,3350
24/1/2020 1:30,419,477,420,3606,3598,3610,3187,3121,3190
24/1/2020 2:00,418,488,425,3526,3517,3535,3108,3029,3110
24/1/2020 2:30,411,480,430,3465,3456,3470,3054,2976,3040
24/1/2020 3:00,407,487,470,3425,3418,3435,3018,2931,2965
24/1/2020 3:30,407,478,495,3408,3401,3425,3001,2923,2930
24/1/2020 4:00,400,466,505,3411,3404,3435,3011,2938,2930
24/1/2020 4:30,387,415,485,3420,3413,3435,3033,2998,2950
24/1/2020 5:00,376,407,490,3447,3442,3490,3071,3035,3000
24/1/2020 5:30,367,431,485,3556,3551,3615,3189,3120,3130
24/1/2020 6:00,363,421,470,3768,3763,3890,3405,3342,3420
24/1/2020 6:30,362,431,465,4107,4101,4235,3745,3670,3770
24/1/2020 7:00,355,410,440,4531,4525,4725,4176,4115,4285
24/1/2020 7:30,341,406,440,4858,4852,5100,4517,4446,4660
24/1/2020 8:00,329,374,405,5057,5051,5255,4728,4677,4850
24/1/2020 8:30,320,322,385,5182,5176,5245,4862,4854,4860
24/1/2020 9:00,321,317,395,5253,5246,5345,4932,4929,4950
24/1/2020 9:30,331,328,425,5295,5288,5395,4964,4960,4970
24/1/2020 10:00,333,333,460,5315,5309,5395,4982,4976,4935
24/1/2020 10:30,325,340,455,5322,5328,5405,4997,4988,4950
24/1/2020 11:00,329,343,445,5321,5321,5405,4992,4978,4960
24/1/2020 11:30,344,371,435,5329,5326,5395,4985,4955,4960
24/1/2020 12:00,354,378,445,5341,5339,5395,4987,4961,4950
24/1/2020 12:30,358,398,440,5325,5325,5400,4967,4927,4960
24/1/2020 13:00,361,399,455,5280,5280,5335,4919,4881,4880
24/1/2020 13:30,362,397,435,5230,5230,5265,4868,4833,4830
24/1/2020 14:00,362,390,405,5188,5187,5245,4826,4797,4840
24/1/2020 14:30,360,392,425,5173,5170,5230,4813,4778,4805
24/1/2020 15:00,361,386,435,5187,5182,5250,4826,4796,4815
24/1/2020 15:30,364,385,485,5217,5213,5295,4853,4828,4810
24/1/2020 16:00,371,384,550,5282,5282,5400,4911,4898,4850
24/1/2020 16:30,381,391,600,5473,5476,5600,5092,5085,5000
24/1/2020 17:00,405,417,675,5758,5763,5875,5353,5346,5200
24/1/2020 17:30,443,451,710,5918,5919,5990,5475,5468,5280
24/1/2020 18:00,490,504,750,5917,5909,5925,5427,5405,5175
24/1/2020 18:30,547,604,830,5826,5814,5810,5279,5210,4980
24/1/2020 19:00,614,663,915,5677,5667,5650,5063,5004,4735
24/1/2020 19:30,691,763,1025,5520,5512,5510,4829,4749,4485
24/1/2020 20:00,759,817,1080,5366,5357,5355,4607,4540,4275
24/1/2020 20:30,818,944,1155,5201,5194,5190,4383,4250,4035
24/1/2020 21:00,881,1011,1225,5017,5011,4995,4136,4000,3770
24/1/2020 21:30,950,1067,1265,4793,4787,4770,3843,3720,3505
24/1/2020 22:00,1021,1126,1370,4546,4540,4555,3525,3414,3185
24/1/2020 22:30,1094,1200,1505,4364,4362,4380,3270,3162,2875
24/1/2020 23:00,1181,1261,1580,4243,4246,4300,3062,2985,2720
24/1/2020 23:30,1288,1402,1615,4101,4103,4135,2813,2701,2520
25/1/2020 0:00,1404,1471,1610,3924,3924,3960,2520,2453,2350
25/1/2020 0:30,1531,1568,1770,3767,3767,3800,2236,2199,2030
25/1/2020 1:00,1636,1661,1900,3640,3640,3680,2004,1979,1780
25/1/2020 1:30,1720,1750,1935,3528,3527,3560,1808,1777,1625
25/1/2020 2:00,1775,1804,2035,3430,3429,3490,1655,1625,1455
25/1/2020 2:30,1800,1844,2120,3352,3351,3415,1552,1507,1295
25/1/2020 3:00,1816,1854,2140,3298,3296,3355,1482,1442,1215
25/1/2020 3:30,1824,1864,2085,3268,3266,3340,1444,1402,1255
25/1/2020 4:00,1835,1880,2095,3259,3257,3335,1424,1377,1240
25/1/2020 4:30,1849,1990,2080,3253,3251,3305,1404,1261,1225
25/1/2020 5:00,1874,1998,2080,3251,3250,3325,1377,1252,1245
25/1/2020 5:30,1912,2011,2170,3282,3282,3380,1370,1271,1210
25/1/2020 6:00,1936,2014,2255,3358,3358,3505,1422,1344,1250
25/1/2020 6:30,1946,2050,2220,3497,3496,3630,1551,1446,1410
25/1/2020 7:00,1952,2056,2230,3688,3687,3810,1736,1631,1580
25/1/2020 7:30,1954,2041,2290,3879,3879,4010,1925,1838,1720
25/1/2020 8:00,1952,2056,2295,4058,4059,4185,2106,2003,1890
25/1/2020 8:30,1946,2032,2235,4233,4234,4365,2287,2202,2130
25/1/2020 9:00,1956,2058,2215,4400,4402,4585,2444,2344,2370
25/1/2020 9:30,1981,2190,2190,4545,4548,4720,2564,2358,2530
25/1/2020 10:00,2010,2213,2225,4659,4664,4825,2649,2451,2600
25/1/2020 10:30,2046,2247,2240,4728,4734,4880,2682,2487,2640
25/1/2020 11:00,2097,2262,2240,4756,4761,4920,2659,2499,2680
25/1/2020 11:30,2166,2308,2290,4780,4784,4965,2614,2476,2675
25/1/2020 12:00,2218,2337,2260,4802,4804,4980,2584,2467,2720
25/1/2020 12:30,2253,2356,2325,4793,4796,4960,2540,2440,2635
25/1/2020 13:00,2276,2363,2395,4752,4757,4910,2476,2394,2515
25/1/2020 13:30,2288,2284,2490,4701,4707,4845,2413,2423,2355
25/1/2020 14:00,2266,2269,2470,4651,4656,4805,2385,2387,2335
25/1/2020 14:30,2209,2242,2485,4627,4634,4795,2418,2392,2310
25/1/2020 15:00,2181,2252,2405,4636,4646,4800,2455,2394,2395
25/1/2020 15:30,2181,2247,2345,4667,4680,4810,2486,2433,2465
25/1/2020 16:00,2206,2305,2405,4740,4752,4895,2534,2447,2490
25/1/2020 16:30,2257,2409,2485,4926,4939,5110,2669,2530,2625
25/1/2020 17:00,2313,2474,2515,5197,5213,5415,2884,2739,2900
25/1/2020 17:30,2374,2651,2555,5364,5376,5560,2990,2725,3005
25/1/2020 18:00,2452,2725,2680,5389,5392,5525,2937,2667,2845
25/1/2020 18:30,2548,2829,2785,5315,5313,5405,2767,2484,2620
25/1/2020 19:00,2622,2913,2880,5169,5169,5265,2547,2256,2385
25/1/2020 19:30,2674,2907,2960,5020,5021,5090,2346,2114,2130
25/1/2020 20:00,2741,2984,3045,4883,4883,4930,2142,1899,1885
25/1/2020 20:30,2822,3087,3195,4750,4752,4740,1928,1665,1545
25/1/2020 21:00,2886,3141,3240,4613,4614,4570,1727,1473,1330
25/1/2020 21:30,2934,3204,3205,4441,4443,4400,1507,1239,1195
25/1/2020 22:00,2959,3227,2985,4246,4250,4230,1287,1023,1245
25/1/2020 22:30,2962,3239,2915,4103,4105,4070,1141,866,1155
25/1/2020 23:00,3123,3216,2870,4016,4018,4020,893,802,1150
25/1/2020 23:30,3080,3154,2920,3928,3930,3900,848,776,980
26/1/2020 0:00,3029,3101,2935,3826,3825,3765,797,724,830
26/1/2020 0:30,2969,3084,2910,3699,3696,3620,730,612,710
26/1/2020 1:00,2888,3007,2920,3553,3550,3530,665,543,610
26/1/2020 1:30,2786,2760,2785,3423,3418,3440,637,658,655
26/1/2020 2:00,2688,2691,2700,3316,3309,3350,628,618,650
26/1/2020 2:30,2592,2545,2520,3233,3225,3255,641,680,735
26/1/2020 3:00,2486,2491,2515,3174,3166,3220,688,675,705
26/1/2020 3:30,2367,2499,2445,3142,3133,3195,775,634,750
26/1/2020 4:00,2250,2431,2465,3132,3122,3190,882,691,725
26/1/2020 4:30,2134,2352,2385,3124,3114,3160,990,762,775
26/1/2020 5:00,2054,2287,2365,3117,3108,3165,1063,821,800
26/1/2020 5:30,2009,2271,2385,3119,3110,3210,1110,839,825
26/1/2020 6:00,1917,2184,2265,3140,3131,3265,1223,947,1000
26/1/2020 6:30,1777,2007,2120,3208,3199,3315,1431,1192,1195
26/1/2020 7:00,1653,1863,1910,3324,3314,3435,1671,1451,1525
26/1/2020 7:30,1545,1695,1875,3457,3447,3535,1912,1752,1660
26/1/2020 8:00,1459,1607,1875,3602,3594,3610,2143,1987,1735
26/1/2020 8:30,1395,1805,1805,3770,3763,3760,2375,1958,1955
26/1/2020 9:00,1362,1719,1800,3958,3950,3995,2596,2231,2195
26/1/2020 9:30,1362,1657,1835,4141,4133,4210,2779,2476,2375
26/1/2020 10:00,1362,1573,1665,4308,4302,4385,2946,2729,2720
26/1/2020 10:30,1361,1401,1400,4436,4425,4495,3075,3024,3095
26/1/2020 11:00,1316,1303,1160,4525,4520,4570,3209,3217,3410
26/1/2020 11:30,1226,1232,1020,4600,4595,4660,3374,3363,3640
26/1/2020 12:00,1174,1159,915,4659,4650,4765,3485,3491,3850
26/1/2020 12:30,1160,1156,840,4673,4661,4825,3513,3505,3985
26/1/2020 13:00,1147,1128,835,4642,4626,4815,3495,3498,3980
26/1/2020 13:30,1136,1171,840,4589,4571,4750,3453,3400,3910
26/1/2020 14:00,1140,1158,865,4529,4511,4670,3389,3353,3805
26/1/2020 14:30,1160,845,940,4504,4486,4600,3344,3641,3660
26/1/2020 15:00,1226,899,1065,4518,4497,4560,3292,3598,3495
26/1/2020 15:30,1338,937,1200,4544,4522,4575,3206,3585,3375
26/1/2020 16:00,1501,1153,1470,4603,4579,4705,3102,3426,3235
26/1/2020 16:30,1717,1487,1865,4795,4772,4885,3078,3285,3020
26/1/2020 17:00,1950,1815,2320,5094,5076,5305,3144,3261,2985
26/1/2020 17:30,2201,2194,2485,5295,5284,5590,3094,3090,3105
26/1/2020 18:00,2428,2442,2505,5356,5353,5580,2928,2911,3075
26/1/2020 18:30,2629,2674,2620,5313,5312,5415,2684,2638,2795
26/1/2020 19:00,2781,2772,2765,5191,5187,5265,2410,2415,2500
26/1/2020 19:30,2883,2891,2775,5060,5053,5145,2177,2162,2370
26/1/2020 20:00,2935,2923,2850,4937,4928,5045,2002,2005,2195
26/1/2020 20:30,2937,3170,2805,4812,4802,4870,1875,1632,2065
26/1/2020 21:00,2938,3182,2875,4673,4662,4665,1735,1480,1790
26/1/2020 21:30,2938,3064,2970,4493,4483,4435,1555,1419,1465
26/1/2020 22:00,2908,3019,3070,4284,4275,4240,1376,1256,1170
26/1/2020 22:30,2848,2945,2995,4130,4117,4045,1282,1172,1050
26/1/2020 23:00,2756,2895,2955,4024,4018,3945,1268,1123,990
26/1/2020 23:30,2743,2783,2730,3892,3888,3795,1149,1105,1065
27/1/2020 0:00,2727,2728,2565,3721,3720,3635,994,992,1070
27/1/2020 0:30,2710,2562,2535,3583,3583,3555,873,1021,1020
27/1/2020 1:00,2667,2545,2560,3487,3486,3445,820,941,885
27/1/2020 1:30,2600,2743,2405,3411,3408,3365,811,665,960
27/1/2020 2:00,2559,2696,2310,3348,3344,3310,789,648,1000
27/1/2020 2:30,2543,2658,2225,3299,3294,3265,756,636,1040
27/1/2020 3:00,2526,2623,2110,3265,3258,3240,739,635,1130
27/1/2020 3:30,2509,2566,2030,3251,3242,3190,742,676,1160
27/1/2020 4:00,2498,2554,2150,3256,3246,3190,758,692,1040
27/1/2020 4:30,2493,2472,2305,3269,3259,3230,776,787,925
27/1/2020 5:00,2478,2423,2350,3307,3297,3335,829,874,985
27/1/2020 5:30,2452,2232,2385,3443,3431,3440,991,1199,1055
27/1/2020 6:00,2446,2230,2345,3696,3681,3785,1250,1451,1440
27/1/2020 6:30,2460,2154,2490,4065,4050,4175,1605,1896,1685
27/1/2020 7:00,2442,2153,2525,4508,4495,4710,2066,2342,2185
27/1/2020 7:30,2391,1998,2475,4854,4842,5085,2463,2844,2610
27/1/2020 8:00,2352,1980,2375,5070,5059,5215,2718,3079,2840
27/1/2020 8:30,2324,2007,2220,5208,5197,5235,2884,3190,3015
27/1/2020 9:00,2300,1973,2175,5287,5275,5360,2987,3302,3185
27/1/2020 9:30,2279,2021,2105,5337,5323,5415,3058,3302,3310
27/1/2020 10:00,2257,2001,2075,5365,5350,5410,3108,3349,3335
27/1/2020 10:30,2235,2133,2140,5377,5347,5385,3142,3214,3245
27/1/2020 11:00,2246,2133,2070,5377,5344,5395,3131,3211,3325
27/1/2020 11:30,2289,2187,1920,5388,5355,5405,3099,3168,3485
27/1/2020 12:00,2313,2215,1835,5409,5374,5425,3096,3159,3590
27/1/2020 12:30,2317,2191,1880,5405,5371,5425,3088,3180,3545
27/1/2020 13:00,2290,2183,1900,5377,5342,5390,3087,3159,3490
27/1/2020 13:30,2234,2062,1835,5350,5317,5370,3116,3255,3535
27/1/2020 14:00,2133,1997,1765,5336,5304,5375,3203,3307,3610
27/1/2020 14:30,1986,1824,1755,5349,5322,5375,3363,3498,3620
27/1/2020 15:00,1892,1748,1680,5390,5371,5455,3498,3623,3775
27/1/2020 15:30,1853,1580,1615,5452,5435,5550,3599,3855,3935
27/1/2020 16:00,1775,1506,1735,5549,5549,5715,3774,4043,3980
27/1/2020 16:30,1660,1423,1630,5750,5765,5950,4090,4342,4320
27/1/2020 17:00,1583,1356,1515,6025,6050,6220,4442,4694,4705
27/1/2020 17:30,1544,1284,1470,6189,6207,6365,4645,4923,4895
27/1/2020 18:00,1500,1264,1330,6203,6201,6265,4703,4937,4935
27/1/2020 18:30,1451,1293,1475,6109,6088,6140,4658,4795,4665
27/1/2020 19:00,1442,1298,1360,5939,5942,5960,4497,4644,4600
27/1/2020 19:30,1472,1375,1300,5769,5793,5790,4297,4418,4490
27/1/2020 20:00,1503,1405,1305,5613,5636,5635,4110,4231,4330
27/1/2020 20:30,1535,1343,1260,5445,5463,5475,3910,4120,4215
27/1/2020 21:00,1583,1400,1345,5251,5264,5255,3668,3864,3910
27/1/2020 21:30,1650,1404,1390,5010,5022,4975,3360,3618,3585
27/1/2020 22:00,1706,1469,1370,4737,4752,4675,3031,3283,3305
27/1/2020 22:30,1754,1561,1340,4516,4527,4445,2762,2966,3105
27/1/2020 23:00,1755,1611,1395,4353,4354,4305,2598,2743,2910
27/1/2020 23:30,1832,1674,1525,4186,4178,4130,2354,2504,2605
28/1/2020 0:00,1882,1719,1750,4011,3997,3970,2129,2278,2220
28/1/2020 0:30,1903,1713,1910,3869,3854,3830,1966,2141,1920
28/1/2020 1:00,1953,1751,2055,3764,3754,3755,1811,2003,1700
28/1/2020 1:30,2032,1761,2315,3678,3668,3705,1646,1907,1390
28/1/2020 2:00,2102,1844,2315,3607,3592,3635,1505,1748,1320
28/1/2020 2:30,2163,1981,2370,3552,3535,3565,1389,1554,1195
28/1/2020 3:00,2236,2051,2470,3514,3499,3540,1278,1448,1070
28/1/2020 3:30,2321,2140,2385,3497,3482,3535,1176,1342,1150
28/1/2020 4:00,2384,2217,2380,3500,3483,3535,1116,1266,1155
28/1/2020 4:30,2425,2383,2525,3512,3498,3530,1087,1115,1005
28/1/2020 5:00,2475,2466,2640,3547,3540,3585,1072,1074,945
28/1/2020 5:30,2533,2722,2780,3676,3669,3725,1143,947,945
28/1/2020 6:00,2591,2762,2835,3919,3905,4035,1328,1143,1200
28/1/2020 6:30,2649,2830,2935,4279,4272,4390,1630,1442,1455
28/1/2020 7:00,2658,2813,3015,4713,4725,4880,2055,1912,1865
28/1/2020 7:30,2620,2706,3025,5051,5067,5290,2431,2361,2265
28/1/2020 8:00,2629,2701,3065,5263,5265,5465,2634,2564,2400
28/1/2020 8:30,2686,2839,2900,5389,5387,5445,2703,2548,2545
28/1/2020 9:00,2712,2861,2900,5451,5456,5535,2739,2595,2635
28/1/2020 9:30,2708,2954,2965,5494,5503,5635,2786,2549,2670
28/1/2020 10:00,2712,2952,2880,5527,5535,5585,2815,2583,2705
28/1/2020 10:30,2723,3020,2735,5543,5554,5565,2820,2534,2830
28/1/2020 11:00,2768,3059,2915,5544,5557,5615,2776,2498,2700
28/1/2020 11:30,2845,3209,2905,5553,5570,5565,2708,2361,2660
28/1/2020 12:00,2895,3249,3020,5567,5589,5595,2672,2340,2575
28/1/2020 12:30,2919,3134,3105,5552,5581,5580,2633,2447,2475
28/1/2020 13:00,2943,3190,3190,5511,5545,5500,2568,2355,2310
28/1/2020 13:30,2968,3248,3370,5475,5509,5435,2507,2261,2065
28/1/2020 14:00,2980,3269,3360,5457,5486,5395,2477,2217,2035
28/1/2020 14:30,2981,3154,3345,5458,5491,5385,2477,2337,2040
28/1/2020 15:00,2977,3117,3245,5481,5521,5430,2504,2404,2185
28/1/2020 15:30,2969,3154,3225,5524,5558,5495,2555,2404,2270
28/1/2020 16:00,2940,3090,3175,5605,5626,5625,2665,2536,2450
28/1/2020 16:30,2891,3004,3145,5794,5850,5815,2903,2846,2670
28/1/2020 17:00,2844,2954,3155,6066,6189,6150,3222,3235,2995
28/1/2020 17:30,2801,2990,2980,6239,6353,6360,3438,3363,3380
28/1/2020 18:00,2759,2969,2895,6274,6302,6280,3515,3333,3385
28/1/2020 18:30,2719,2893,3015,6195,6178,6175,3476,3285,3160
28/1/2020 19:00,2694,2838,3010,6028,6020,6075,3334,3182,3065
28/1/2020 19:30,2685,2775,2945,5859,5862,5895,3174,3087,2950
28/1/2020 20:00,2695,2736,2740,5701,5707,5720,3006,2971,2980
28/1/2020 20:30,2724,2730,2585,5529,5532,5535,2805,2802,2950
28/1/2020 21:00,2716,2716,2555,5332,5327,5295,2616,2611,2740
28/1/2020 21:30,2672,2726,2685,5085,5075,5020,2413,2349,2335
28/1/2020 22:00,2645,2736,2660,4807,4790,4755,2162,2054,2095
28/1/2020 22:30,2636,2830,2505,4589,4564,4485,1953,1734,1980
28/1/2020 23:00,2690,2818,2665,4414,4400,4360,1724,1582,1695
28/1/2020 23:30,2674,2767,2550,4225,4214,4160,1551,1447,1610
29/1/2020 0:00,2675,2755,2464,4017,4012,4025,1342,1257,1561
29/1/2020 0:30,2691,2665,2425,3862,3860,3867,1171,1195,1442
29/1/2020 1:00,2692,2658,2544,3765,3770,3782,1073,1112,1238
29/1/2020 1:30,2678,2655,2530,3679,3690,3723,1001,1035,1193
29/1/2020 2:00,2637,2619,2449,3597,3614,3636,960,995,1187
29/1/2020 2:30,2570,2509,2351,3536,3560,3584,966,1051,1233
29/1/2020 3:00,2513,2488,2241,3500,3524,3529,987,1036,1288
29/1/2020 3:30,2466,2471,2173,3480,3505,3515,1014,1034,1342
29/1/2020 4:00,2419,2399,2193,3476,3497,3515,1057,1098,1322
29/1/2020 4:30,2372,2278,2167,3483,3506,3497,1111,1228,1330
29/1/2020 5:00,2306,2181,2268,3517,3543,3540,1211,1362,1272
29/1/2020 5:30,2222,2068,2216,3639,3674,3627,1417,1606,1411
29/1/2020 6:00,2149,2027,2375,3871,3920,3890,1722,1893,1515
29/1/2020 6:30,2088,1924,2461,4233,4299,4209,2145,2375,1748
29/1/2020 7:00,2092,1929,2540,4682,4763,4708,2590,2834,2168
29/1/2020 7:30,2158,1918,2603,5022,5104,5184,2864,3186,2581
29/1/2020 8:00,2219,1995,2622,5221,5286,5384,3002,3291,2762
29/1/2020 8:30,2273,2288,2786,5341,5399,5353,3068,3111,2567
29/1/2020 9:00,2385,2447,2865,5404,5461,5398,3019,3014,2533
29/1/2020 9:30,2553,2792,2956,5438,5490,5482,2885,2698,2526
29/1/2020 10:00,2679,2921,2980,5449,5489,5445,2770,2568,2465
29/1/2020 10:30,2763,3174,3085,5442,5465,5464,2679,2291,2379
29/1/2020 11:00,2815,3209,3230,5425,5453,5496,2610,2244,2266
29/1/2020 11:30,2835,3223,3426,5426,5452,5530,2591,2229,2104
29/1/2020 12:00,2879,3239,3627,5443,5462,5563,2564,2223,1936
29/1/2020 12:30,2944,3299,3742,5435,5443,5588,2491,2144,1846
29/1/2020 13:00,2976,3308,3762,5401,5395,5508,2425,2087,1746
29/1/2020 13:30,2974,3195,3676,5369,5356,5434,2395,2161,1758
29/1/2020 14:00,2957,3164,3678,5350,5337,5470,2393,2173,1792
29/1/2020 14:30,2926,3312,3695,5354,5341,5487,2428,2029,1792
29/1/2020 15:00,2873,3243,3598,5385,5375,5505,2512,2132,1907
29/1/2020 15:30,2799,3159,3514,5443,5446,5558,2644,2287,2044
29/1/2020 16:00,2723,3089,3416,5547,5570,5650,2824,2481,2234
29/1/2020 16:30,2647,3110,3292,5767,5780,5806,3120,2670,2514
29/1/2020 17:00,2576,3044,3305,6062,6044,6072,3486,3000,2767
29/1/2020 17:30,2508,3023,3148,6201,6173,6289,3693,3150,3141
29/1/2020 18:00,2455,2957,3155,6153,6145,6257,3698,3188,3102
29/1/2020 18:30,2417,2961,3142,6032,6042,6175,3615,3081,3033
29/1/2020 19:00,2372,2904,3125,5875,5898,6012,3503,2994,2887
29/1/2020 19:30,2322,2868,3082,5720,5744,5846,3398,2876,2764
29/1/2020 20:00,2290,2808,2995,5570,5584,5676,3280,2776,2681
29/1/2020 20:30,2277,2657,2904,5397,5402,5522,3120,2745,2618
29/1/2020 21:00,2264,2591,2827,5194,5190,5330,2930,2599,2503
29/1/2020 21:30,2250,2501,2579,4951,4938,5033,2701,2437,2454
29/1/2020 22:00,2240,2459,2384,4682,4663,4756,2442,2204,2372
29/1/2020 22:30,2234,2530,2132,4462,4434,4487,2228,1904,2355
29/1/2020 23:00,2436,2472,1836,4265,4266,4297,1829,1794,2461
29/1/2020 23:30,2402,2433,1964,4089,4089,4155,1687,1656,2191
30/1/2020 0:00,2358,2360,1992,3908,3908,3980,1550,1548,1988
30/1/2020 0:30,2303,2316,2107,3770,3769,3830,1467,1453,1723
30/1/2020 1:00,2243,2287,2278,3679,3681,3728,1436,1394,1450
30/1/2020 1:30,2178,2137,2123,3601,3605,3636,1423,1468,1513
30/1/2020 2:00,2128,2170,1950,3530,3535,3547,1402,1365,1597
30/1/2020 2:30,2093,2058,1812,3477,3483,3480,1384,1425,1668
30/1/2020 3:00,2093,2091,1858,3443,3450,3465,1350,1359,1607
30/1/2020 3:30,2129,2042,1947,3426,3435,3452,1297,1393,1505
30/1/2020 4:00,2148,2026,2081,3424,3435,3448,1276,1409,1367
30/1/2020 4:30,2150,2210,2156,3434,3447,3453,1284,1237,1297
30/1/2020 5:00,2187,2217,2198,3472,3486,3515,1285,1269,1317
30/1/2020 5:30,2260,2210,2308,3598,3609,3623,1338,1399,1315
30/1/2020 6:00,2337,2252,2585,3834,3841,3888,1497,1589,1303
30/1/2020 6:30,2417,2182,2664,4210,4220,4228,1793,2038,1564
30/1/2020 7:00,2474,2265,2653,4680,4695,4655,2206,2430,2002
30/1/2020 7:30,2507,2362,2716,5028,5033,5128,2521,2671,2412
30/1/2020 8:00,2552,2438,2748,5220,5196,5275,2668,2758,2527
30/1/2020 8:30,2608,2531,2815,5327,5285,5241,2719,2754,2426
30/1/2020 9:00,2668,2617,2862,5374,5321,5298,2706,2704,2436
30/1/2020 9:30,2731,2823,2943,5394,5338,5376,2663,2515,2433
30/1/2020 10:00,2803,2930,3133,5394,5347,5346,2591,2417,2213
30/1/2020 10:30,2882,3091,3289,5382,5344,5336,2500,2253,2047
30/1/2020 11:00,2964,3187,3432,5365,5359,5338,2401,2172,1906
30/1/2020 11:30,3046,3290,3566,5361,5374,5339,2315,2084,1773
30/1/2020 12:00,3126,3344,3513,5365,5385,5322,2239,2041,1809
30/1/2020 12:30,3204,3388,3489,5338,5363,5313,2134,1975,1824
30/1/2020 13:00,3242,3405,3472,5281,5310,5258,2039,1905,1786
30/1/2020 13:30,3240,3424,3474,5243,5270,5160,2003,1846,1686
30/1/2020 14:00,3243,3417,3354,5233,5253,5153,1990,1836,1799
30/1/2020 14:30,3249,3472,3274,5245,5263,5119,1996,1791,1845
30/1/2020 15:00,3212,3403,3292,5278,5293,5189,2066,1890,1897
30/1/2020 15:30,3130,3278,3456,5330,5334,5252,2200,2056,1796
30/1/2020 16:00,3013,3135,3474,5421,5407,5351,2408,2272,1877
30/1/2020 16:30,2860,2969,3475,5630,5617,5561,2770,2648,2086
30/1/2020 17:00,2662,2780,3143,5922,5929,5793,3260,3149,2650
30/1/2020 17:30,2418,2478,2865,6084,6104,6062,3666,3626,3197
30/1/2020 18:00,2185,2267,2605,6080,6100,6099,3895,3833,3494
30/1/2020 18:30,1961,2018,2368,5994,6004,5992,4033,3986,3624
30/1/2020 19:00,1776,1819,2341,5857,5851,5846,4081,4032,3505
30/1/2020 19:30,1628,1815,2017,5710,5701,5734,4082,3886,3717
30/1/2020 20:00,1522,1696,1863,5560,5557,5568,4038,3861,3705
30/1/2020 20:30,1459,1684,1753,5384,5388,5427,3925,3704,3674
30/1/2020 21:00,1478,1740,1890,5176,5183,5215,3698,3443,3325
30/1/2020 21:30,1579,1898,2074,4931,4940,4943,3352,3042,2869
30/1/2020 22:00,1742,2113,2199,4665,4676,4651,2923,2563,2452
30/1/2020 22:30,1969,2433,2107,4449,4449,4393,2480,2016,2286
30/1/2020 23:00,2623,2665,1982,4303,4290,4208,1680,1625,2226
30/1/2020 23:30,2799,2845,2041,4140,4131,4041,1341,1286,2000
31/1/2020 0:00,2935,3003,2222,3968,3965,3851,1033,962,1629
31/1/2020 0:30,3034,3164,2397,3820,3819,3716,786,655,1319
31/1/2020 1:00,3069,3186,2478,3701,3701,3590,632,515,1112
31/1/2020 1:30,3042,3194,2632,3600,3601,3524,558,407,892
31/1/2020 2:00,3005,3139,2678,3515,3516,3464,510,377,786
31/1/2020 2:30,2960,2691,2694,3450,3450,3413,490,759,719
31/1/2020 3:00,2930,2682,2634,3405,3404,3364,475,722,730
31/1/2020 3:30,2917,2525,2627,3381,3382,3338,464,857,711
31/1/2020 4:00,2904,2550,2624,3378,3379,3352,474,829,728
31/1/2020 4:30,2890,2540,2610,3391,3394,3348,501,854,738
31/1/2020 5:00,2891,2572,2660,3431,3434,3407,540,862,747
31/1/2020 5:30,2905,2730,2768,3547,3550,3509,642,820,741
31/1/2020 6:00,2908,2774,2931,3762,3763,3764,854,989,833
31/1/2020 6:30,2899,2883,3022,4117,4121,4058,1218,1238,1036
31/1/2020 7:00,2896,2915,3165,4567,4575,4511,1671,1660,1346
31/1/2020 7:30,2899,2913,3331,4899,4895,4999,2000,1982,1668
31/1/2020 8:00,2907,2940,3346,5076,5044,5142,2169,2104,1796
31/1/2020 8:30,2919,2919,3206,5175,5134,5119,2256,2215,1913
31/1/2020 9:00,2943,2921,3179,5221,5187,5190,2278,2266,2011
31/1/2020 9:30,2977,2948,3213,5242,5216,5264,2265,2268,2051
31/1/2020 10:00,3004,2950,3366,5248,5227,5243,2244,2277,1877
31/1/2020 10:30,3023,3045,3319,5250,5206,5194,2227,2161,1875
31/1/2020 11:00,3057,3081,3386,5250,5206,5173,2193,2125,1787
31/1/2020 11:30,3105,3274,3378,5257,5207,5153,2152,1933,1775
31/1/2020 12:00,3156,3308,3449,5266,5209,5189,2110,1901,1740
31/1/2020 12:30,3210,3286,3496,5248,5187,5217,2038,1901,1721
31/1/2020 13:00,3258,3322,3511,5201,5140,5121,1943,1818,1610
31/1/2020 13:30,3301,3393,3619,5148,5081,5054,1847,1688,1435
31/1/2020 14:00,3344,3438,3645,5102,5026,5049,1758,1588,1404
31/1/2020 14:30,3387,3475,3591,5090,5017,5028,1703,1542,1437
31/1/2020 15:00,3411,3502,3615,5114,5057,5034,1703,1555,1419
31/1/2020 15:30,3419,3622,3680,5145,5114,5089,1726,1492,1409
31/1/2020 16:00,3426,3624,3727,5203,5200,5163,1777,1576,1436
31/1/2020 16:30,3433,3614,3814,5390,5388,5306,1957,1774,1492
31/1/2020 17:00,3442,3608,3878,5679,5650,5506,2237,2042,1628
31/1/2020 17:30,3451,3612,4040,5846,5804,5807,2395,2192,1767
31/1/2020 18:00,3461,3611,3980,5853,5812,5823,2392,2201,1843
31/1/2020 18:30,3472,3618,3888,5763,5729,5706,2291,2111,1818
31/1/2020 19:00,3481,3616,3878,5610,5584,5595,2129,1968,1717
31/1/2020 19:30,3485,3642,3869,5460,5442,5450,1975,1800,1581
31/1/2020 20:00,3483,3622,3840,5319,5306,5282,1836,1684,1442
31/1/2020 20:30,3473,3695,3746,5153,5139,5116,1680,1444,1370
31/1/2020 21:00,3455,3665,3609,4954,4932,4922,1499,1267,1313
31/1/2020 21:30,3431,3718,3484,4728,4697,4727,1297,979,1243
31/1/2020 22:00,3394,3652,3270,4491,4455,4479,1097,803,1209
31/1/2020 22:30,3344,3561,3148,4313,4263,4278,969,702,1130
31/1/2020 23:00,3359,3486,3158,4145,4133,4211,786,647,1053
31/1/2020 23:30,3308,3431,3120,4005,3989,4089,697,558,969
1/2/2020 0:00,3265,3374,3107,3844,3830,3903,579,456,796
1/2/2020 0:30,3230,3244,3004,3704,3688,3751,474,444,747
1/2/2020 1:00,3184,3197,2897,3590,3574,3604,406,377,707
1/2/2020 1:30,3127,3006,2755,3493,3474,3486,366,468,731
1/2/2020 2:00,3076,2964,2626,3409,3390,3384,333,426,758
1/2/2020 2:30,3032,2863,2587,3340,3321,3317,308,458,730
1/2/2020 3:00,3002,2842,2550,3290,3271,3251,288,429,701
1/2/2020 3:30,2988,2853,2499,3264,3246,3218,276,393,719
1/2/2020 4:00,2984,2859,2453,3259,3244,3199,275,385,746
1/2/2020 4:30,2991,2847,2444,3261,3247,3179,270,400,735
1/2/2020 5:00,3015,2889,2448,3272,3258,3189,257,369,741
1/2/2020 5:30,3057,2846,2465,3323,3309,3221,266,463,756
1/2/2020 6:00,3125,2951,2546,3423,3410,3328,298,459,782
1/2/2020 6:30,3217,3044,2662,3587,3579,3458,370,535,796
1/2/2020 7:00,3283,3140,2653,3799,3795,3642,516,655,989
1/2/2020 7:30,3321,3136,2849,3985,3978,3902,664,842,1053
1/2/2020 8:00,3357,3196,2924,4139,4117,4000,782,921,1076
1/2/2020 8:30,3390,3174,3085,4310,4285,4186,920,1111,1101
1/2/2020 9:00,3401,3214,3299,4498,4474,4448,1097,1260,1149
1/2/2020 9:30,3390,3188,3401,4652,4631,4615,1262,1443,1214
1/2/2020 10:00,3366,3198,3471,4760,4738,4721,1394,1540,1250
1/2/2020 10:30,3327,3140,3499,4823,4803,4791,1496,1663,1292
1/2/2020 11:00,3279,3136,3509,4849,4828,4846,1570,1692,1337
1/2/2020 11:30,3222,3140,3408,4866,4852,4863,1644,1712,1455
1/2/2020 12:00,3129,3113,3330,4878,4873,4888,1749,1760,1558
1/2/2020 12:30,3001,3158,3246,4860,4848,4854,1859,1690,1608
1/2/2020 13:00,2871,3055,3197,4811,4777,4808,1940,1722,1611
1/2/2020 13:30,2738,2982,3056,4738,4695,4725,2000,1713,1669
1/2/2020 14:00,2575,2765,2915,4655,4618,4653,2080,1853,1738
1/2/2020 14:30,2382,2655,2760,4616,4579,4620,2234,1924,1860
1/2/2020 15:00,2179,2330,2382,4627,4582,4551,2448,2252,2169
1/2/2020 15:30,1966,1949,1931,4643,4595,4555,2677,2646,2624
1/2/2020 16:00,1721,1614,1672,4685,4640,4661,2964,3026,2989
1/2/2020 16:30,1443,1240,1272,4876,4837,4763,3433,3597,3491
1/2/2020 17:00,1195,968,991,5189,5157,4981,3994,4189,3990
1/2/2020 17:30,978,764,834,5391,5367,5355,4413,4603,4521
1/2/2020 18:00,813,602,646,5437,5421,5421,4624,4819,4775
1/2/2020 18:30,702,497,504,5377,5366,5336,4675,4869,4832
1/2/2020 19:00,623,428,401,5241,5235,5240,4618,4807,4839
1/2/2020 19:30,574,433,325,5105,5095,5093,4531,4662,4768
1/2/2020 20:00,555,450,318,4980,4961,4937,4425,4511,4619
1/2/2020 20:30,565,457,342,4838,4819,4782,4273,4362,4440
1/2/2020 21:00,606,588,385,4671,4661,4657,4065,4073,4272
1/2/2020 21:30,679,756,545,4484,4482,4479,3805,3726,3934
1/2/2020 22:00,769,950,728,4288,4293,4319,3519,3343,3591
1/2/2020 22:30,875,1166,872,4134,4145,4164,3259,2979,3292
1/2/2020 23:00,1505,1377,1093,4055,4048,4119,2550,2671,3026
1/2/2020 23:30,1678,1586,1273,3967,3959,4023,2289,2373,2750
2/2/2020 0:00,1787,1705,1542,3870,3861,3869,2083,2156,2327
2/2/2020 0:30,1832,1672,1628,3746,3736,3706,1914,2064,2078
2/2/2020 1:00,1813,1661,1518,3601,3589,3601,1788,1928,2083
2/2/2020 1:30,1730,1554,1389,3478,3467,3491,1748,1913,2102
2/2/2020 2:00,1724,1555,1384,3384,3376,3405,1660,1821,2021
2/2/2020 2:30,1794,1513,1477,3309,3305,3355,1515,1792,1878
2/2/2020 3:00,1853,1588,1643,3253,3248,3308,1400,1660,1665
2/2/2020 3:30,1901,1664,1704,3219,3213,3289,1318,1549,1585
2/2/2020 4:00,1995,1750,1706,3203,3196,3258,1208,1446,1552
2/2/2020 4:30,2135,1870,1905,3187,3180,3243,1052,1310,1338
2/2/2020 5:00,2279,1995,2076,3170,3164,3238,891,1169,1162
2/2/2020 5:30,2427,2109,2155,3175,3169,3257,748,1060,1102
2/2/2020 6:00,2551,2237,2183,3210,3206,3312,659,969,1129
2/2/2020 6:30,2651,2333,2335,3292,3290,3392,641,957,1057
2/2/2020 7:00,2724,2409,2411,3415,3413,3486,691,1004,1075
2/2/2020 7:30,2769,2481,2400,3535,3528,3574,766,1047,1174
2/2/2020 8:00,2839,2554,2428,3653,3639,3617,814,1085,1189
2/2/2020 8:30,2933,2764,2413,3820,3808,3722,887,1044,1309
2/2/2020 9:00,3022,2801,2455,4032,4032,3931,1010,1231,1476
2/2/2020 9:30,3106,2754,2505,4224,4225,4136,1118,1471,1631
2/2/2020 10:00,3158,2817,2690,4377,4370,4318,1219,1553,1628
2/2/2020 10:30,3179,2915,2802,4488,4477,4407,1309,1562,1605
2/2/2020 11:00,3211,2983,3019,4564,4559,4508,1353,1576,1489
2/2/2020 11:30,3254,2934,3305,4639,4626,4592,1385,1692,1287
2/2/2020 12:00,3291,3036,3388,4708,4682,4700,1417,1646,1312
2/2/2020 12:30,3322,3110,3453,4720,4693,4760,1398,1583,1307
2/2/2020 13:00,3341,3193,3479,4672,4658,4757,1331,1465,1278
2/2/2020 13:30,3349,3262,3520,4612,4608,4710,1263,1346,1190
2/2/2020 14:00,3357,3277,3537,4559,4555,4651,1202,1278,1114
2/2/2020 14:30,3366,3289,3464,4537,4524,4599,1171,1235,1135
2/2/2020 15:00,3352,3322,3470,4547,4521,4608,1195,1199,1138
2/2/2020 15:30,3315,3453,3462,4569,4539,4612,1254,1086,1150
2/2/2020 16:00,3293,3445,3530,4621,4598,4698,1328,1153,1168
2/2/2020 16:30,3285,3482,3517,4804,4785,4816,1519,1303,1299
2/2/2020 17:00,3284,3511,3683,5093,5078,5079,1809,1567,1396
2/2/2020 17:30,3287,3607,3814,5284,5273,5391,1997,1666,1577
2/2/2020 18:00,3302,3645,3803,5335,5331,5435,2033,1686,1632
2/2/2020 18:30,3329,3611,3855,5286,5282,5389,1957,1671,1534
2/2/2020 19:00,3355,3626,3738,5163,5159,5227,1808,1533,1489
2/2/2020 19:30,3381,3640,3664,5031,5023,5098,1650,1383,1434
2/2/2020 20:00,3391,3595,3597,4904,4893,4957,1513,1298,1360
2/2/2020 20:30,3385,3655,3502,4769,4759,4798,1384,1104,1296
2/2/2020 21:00,3364,3578,3408,4619,4617,4651,1255,1039,1243
2/2/2020 21:30,3328,3500,3222,4439,4442,4442,1111,942,1220
2/2/2020 22:00,3281,3401,3000,4239,4250,4210,958,849,1210
2/2/2020 22:30,3222,3199,2857,4085,4105,3985,863,906,1128
2/2/2020 23:00,3053,3104,2688,4001,4002,3856,948,898,1168
2/2/2020 23:30,2974,2996,2680,3847,3848,3719,873,852,1039
3/2/2020 0:00,2911,2902,2665,3645,3648,3596,734,746,931
3/2/2020 0:30,2863,2775,2566,3500,3503,3463,637,728,897
3/2/2020 1:00,2825,2721,2420,3424,3425,3386,599,704,966
3/2/2020 1:30,2795,2680,2334,3360,3358,3288,565,678,954
3/2/2020 2:00,2762,2656,2331,3298,3296,3238,536,640,907
3/2/2020 2:30,2725,2513,2329,3255,3256,3193,530,743,864
3/2/2020 3:00,2705,2490,2288,3233,3232,3156,528,742,868
3/2/2020 3:30,2704,2478,2184,3220,3220,3135,516,742,951
3/2/2020 4:00,2697,2465,2159,3216,3213,3161,519,748,1002
3/2/2020 4:30,2683,2454,2226,3229,3226,3173,546,772,947
3/2/2020 5:00,2683,2474,2165,3276,3271,3244,593,797,1079
3/2/2020 5:30,2696,2446,2350,3425,3418,3357,729,972,1007
3/2/2020 6:00,2696,2465,2546,3689,3681,3656,993,1216,1110
3/2/2020 6:30,2683,2527,2699,4063,4058,3983,1380,1531,1284
3/2/2020 7:00,2678,2528,2904,4504,4498,4508,1826,1970,1604
3/2/2020 7:30,2681,2438,2899,4838,4827,5013,2157,2389,2114
3/2/2020 8:00,2667,2396,2756,5037,5007,5117,2370,2611,2361
3/2/2020 8:30,2634,2396,2564,5159,5115,5122,2525,2719,2558
3/2/2020 9:00,2637,2377,2557,5224,5174,5215,2587,2797,2658
3/2/2020 9:30,2673,2446,2608,5256,5207,5278,2583,2761,2670
3/2/2020 10:00,2738,2450,2353,5264,5223,5242,2526,2773,2889
3/2/2020 10:30,2832,2586,2323,5260,5223,5255,2428,2637,2932
3/2/2020 11:00,2927,2654,2377,5251,5212,5268,2324,2558,2891
3/2/2020 11:30,3023,2803,2465,5261,5224,5216,2238,2421,2751
3/2/2020 12:00,3086,2900,2641,5285,5261,5268,2199,2361,2627
3/2/2020 12:30,3116,2921,2751,5275,5264,5292,2159,2343,2541
3/2/2020 13:00,3141,2958,2743,5230,5233,5254,2089,2275,2511
3/2/2020 13:30,3160,2921,2739,5201,5204,5147,2041,2283,2408
3/2/2020 14:00,3165,2915,3004,5195,5187,5188,2030,2272,2184
3/2/2020 14:30,3158,2870,3099,5199,5193,5208,2041,2323,2109
3/2/2020 15:00,3136,2850,3042,5212,5220,5222,2076,2370,2180
3/2/2020 15:30,3100,2854,3060,5252,5266,5273,2152,2412,2213
3/2/2020 16:00,3076,2836,3107,5343,5353,5372,2267,2517,2265
3/2/2020 16:30,3062,2809,3298,5567,5584,5584,2505,2775,2286
3/2/2020 17:00,3042,2816,3302,5887,5923,5784,2845,3107,2482
3/2/2020 17:30,3016,2903,3356,6077,6119,6109,3061,3216,2753
3/2/2020 18:00,3030,2943,3440,6097,6127,6179,3067,3184,2739
3/2/2020 18:30,3082,3095,3545,6009,6024,6052,2927,2929,2507
3/2/2020 19:00,3130,3118,3518,5847,5857,5902,2717,2739,2384
3/2/2020 19:30,3174,3150,3556,5678,5691,5757,2504,2541,2201
3/2/2020 20:00,3204,3153,3609,5515,5537,5599,2311,2384,1990
3/2/2020 20:30,3221,3313,3624,5341,5365,5451,2120,2052,1827
3/2/2020 21:00,3232,3302,3652,5146,5160,5296,1914,1858,1644
3/2/2020 21:30,3237,3380,3549,4913,4908,5012,1676,1528,1463
3/2/2020 22:00,3232,3379,3331,4653,4625,4710,1421,1246,1379
3/2/2020 22:30,3216,3411,2883,4442,4393,4397,1226,982,1514
3/2/2020 23:00,3098,3389,2704,4190,4215,4239,1092,826,1535
3/2/2020 23:30,3097,3365,2760,4023,4040,4069,926,675,1309
4/2/2020 0:00,3092,3328,2789,3872,3867,3904,780,539,1115
4/2/2020 0:30,3081,3356,2756,3748,3730,3761,667,374,1005
4/2/2020 1:00,3062,3301,2822,3650,3637,3688,588,336,866
4/2/2020 1:30,3035,3161,2874,3568,3560,3629,533,399,755
4/2/2020 2:00,3002,3105,2839,3500,3496,3556,498,391,717
4/2/2020 2:30,2964,2731,2784,3446,3446,3494,482,715,710
4/2/2020 3:00,2944,2731,2739,3410,3411,3457,466,680,718
4/2/2020 3:30,2940,2721,2701,3396,3395,3443,456,674,742
4/2/2020 4:00,2935,2736,2725,3404,3397,3443,469,661,718
4/2/2020 4:30,2928,2770,2733,3424,3411,3454,496,641,721
4/2/2020 5:00,2940,2801,2722,3470,3451,3486,530,650,764
4/2/2020 5:30,2973,2895,2725,3603,3584,3570,630,689,845
4/2/2020 6:00,3009,2938,2900,3844,3832,3862,835,894,962
4/2/2020 6:30,3048,2982,3129,4221,4216,4181,1173,1234,1052
4/2/2020 7:00,3051,2977,3321,4687,4685,4691,1636,1708,1370
4/2/2020 7:30,3017,2898,3414,5024,5019,5152,2007,2121,1738
4/2/2020 8:00,2948,2802,3368,5197,5179,5245,2249,2377,1877
4/2/2020 8:30,2842,2672,3146,5295,5271,5243,2453,2599,2097
4/2/2020 9:00,2744,2536,2663,5344,5317,5355,2600,2781,2692
4/2/2020 9:30,2652,2428,2566,5359,5340,5433,2707,2912,2867
4/2/2020 10:00,2518,2279,2169,5346,5345,5371,2828,3066,3202
4/2/2020 10:30,2344,2226,2089,5320,5335,5339,2976,3109,3250
4/2/2020 11:00,2282,2118,2033,5291,5313,5343,3009,3195,3310
4/2/2020 11:30,2335,2127,2088,5297,5312,5362,2962,3185,3274
4/2/2020 12:00,2338,2092,2143,5329,5328,5340,2991,3236,3197
4/2/2020 12:30,2293,2036,2129,5326,5310,5326,3033,3274,3197
4/2/2020 13:00,2173,1948,2027,5283,5255,5274,3110,3307,3247
4/2/2020 13:30,1977,1723,1873,5241,5213,5188,3264,3490,3315
4/2/2020 14:00,1763,1555,1593,5215,5195,5148,3452,3640,3555
4/2/2020 14:30,1531,1491,1440,5214,5199,5173,3683,3708,3733
4/2/2020 15:00,1309,1274,1070,5240,5227,5219,3931,3953,4149
4/2/2020 15:30,1097,1087,846,5285,5279,5293,4188,4192,4447
4/2/2020 16:00,935,870,680,5372,5372,5374,4437,4502,4694
4/2/2020 16:30,826,653,543,5602,5585,5540,4776,4932,4997
4/2/2020 17:00,725,533,567,5939,5890,5768,5214,5357,5201
4/2/2020 17:30,632,405,501,6144,6099,6104,5512,5694,5603
4/2/2020 18:00,541,337,442,6174,6164,6222,5633,5827,5780
4/2/2020 18:30,454,246,413,6092,6103,6144,5638,5857,5731
4/2/2020 19:00,377,199,345,5932,5944,6018,5555,5745,5673
4/2/2020 19:30,312,119,270,5771,5787,5877,5459,5668,5607
4/2/2020 20:00,251,110,213,5620,5645,5742,5369,5535,5529
4/2/2020 20:30,193,218,171,5449,5478,5591,5256,5260,5420
4/2/2020 21:00,155,219,164,5247,5274,5410,5092,5055,5246
4/2/2020 21:30,135,241,175,5002,5025,5144,4867,4784,4969
4/2/2020 22:00,121,239,199,4730,4748,4864,4609,4509,4665
4/2/2020 22:30,113,260,209,4504,4509,4594,4391,4249,4385
4/2/2020 23:00,221,256,244,4344,4335,4420,4123,4079,4176
4/2/2020 23:30,225,228,274,4160,4151,4277,3935,3923,4003
5/2/2020 0:00,226,229,259,3966,3959,4064,3740,3730,3805
5/2/2020 0:30,224,197,238,3818,3811,3914,3594,3614,3676
5/2/2020 1:00,218,193,244,3722,3715,3808,3504,3522,3564
5/2/2020 1:30,207,183,223,3643,3635,3726,3436,3452,3503
5/2/2020 2:00,201,173,188,3574,3566,3643,3373,3393,3455
5/2/2020 2:30,199,152,184,3521,3515,3592,3322,3363,3408
5/2/2020 3:00,209,152,226,3485,3482,3560,3276,3330,3334
5/2/2020 3:30,231,183,354,3468,3467,3534,3237,3284,3180
5/2/2020 4:00,273,211,435,3468,3467,3532,3195,3256,3097
5/2/2020 4:30,336,249,508,3479,3478,3521,3143,3229,3013
5/2/2020 5:00,396,300,545,3515,3515,3565,3119,3215,3020
5/2/2020 5:30,456,352,568,3643,3641,3664,3187,3289,3096
5/2/2020 6:00,518,402,627,3884,3880,3945,3366,3478,3318
5/2/2020 6:30,583,470,667,4258,4260,4277,3675,3790,3610
5/2/2020 7:00,648,503,750,4719,4728,4761,4071,4225,4011
5/2/2020 7:30,714,617,864,5056,5059,5271,4342,4442,4407
5/2/2020 8:00,768,658,900,5238,5219,5376,4470,4561,4476
5/2/2020 8:30,812,673,991,5344,5319,5375,4532,4646,4384
5/2/2020 9:00,829,727,972,5400,5380,5461,4571,4653,4489
5/2/2020 9:30,819,820,983,5428,5408,5508,4609,4588,4525
5/2/2020 10:00,804,847,958,5433,5410,5471,4629,4563,4513
5/2/2020 10:30,786,911,934,5416,5388,5442,4630,4477,4508
5/2/2020 11:00,773,904,925,5384,5369,5422,4611,4465,4497
5/2/2020 11:30,765,932,979,5375,5361,5413,4610,4429,4434
5/2/2020 12:00,780,942,1048,5386,5364,5391,4606,4422,4343
5/2/2020 12:30,819,951,1135,5366,5334,5388,4547,4383,4253
5/2/2020 13:00,841,1000,1195,5314,5277,5314,4473,4277,4119
5/2/2020 13:30,844,985,1225,5269,5224,5196,4425,4239,3971
5/2/2020 14:00,851,989,1271,5242,5194,5200,4391,4205,3929
5/2/2020 14:30,862,940,1250,5246,5198,5198,4384,4258,3948
5/2/2020 15:00,864,892,1201,5280,5240,5224,4416,4348,4023
5/2/2020 15:30,859,827,1161,5336,5303,5285,4477,4476,4124
5/2/2020 16:00,861,775,1126,5431,5404,5377,4570,4629,4251
5/2/2020 16:30,871,817,1015,5643,5603,5557,4772,4786,4542
5/2/2020 17:00,888,804,951,5943,5882,5735,5055,5078,4784
5/2/2020 17:30,912,870,1019,6142,6087,6091,5230,5217,5072
5/2/2020 18:00,942,878,1073,6199,6175,6192,5257,5297,5119
5/2/2020 18:30,978,934,1130,6130,6125,6123,5152,5191,4993
5/2/2020 19:00,1007,969,1195,5967,5963,5985,4960,4994,4790
5/2/2020 19:30,1030,1033,1190,5804,5802,5860,4774,4769,4670
5/2/2020 20:00,1056,1088,1240,5655,5654,5714,4599,4566,4474
5/2/2020 20:30,1086,1004,1290,5483,5484,5578,4397,4480,4288
5/2/2020 21:00,1119,1064,1285,5276,5274,5382,4157,4210,4097
5/2/2020 21:30,1155,1191,1302,5026,5025,5081,3871,3834,3779
5/2/2020 22:00,1192,1244,1287,4749,4750,4793,3557,3506,3506
5/2/2020 22:30,1227,1391,1332,4525,4523,4534,3298,3132,3202
5/2/2020 23:00,1262,1416,1359,4359,4354,4359,3097,2938,3000
5/2/2020 23:30,1275,1441,1367,4183,4178,4175,2908,2737,2808
6/2/2020 0:00,1286,1456,1436,3996,3991,3967,2710,2535,2531
6/2/2020 0:30,1294,1475,1632,3850,3844,3829,2556,2369,2197
6/2/2020 1:00,1293,1493,1670,3750,3745,3745,2457,2252,2075
6/2/2020 1:30,1282,1402,1571,3667,3662,3645,2385,2260,2074
6/2/2020 2:00,1268,1411,1534,3595,3592,3569,2327,2181,2035
6/2/2020 2:30,1252,1392,1562,3544,3541,3510,2292,2149,1948
6/2/2020 3:00,1247,1392,1592,3513,3509,3490,2266,2117,1898
6/2/2020 3:30,1251,1267,1599,3498,3495,3475,2247,2228,1876
6/2/2020 4:00,1271,1267,1551,3497,3494,3478,2226,2227,1927
6/2/2020 4:30,1305,1403,1496,3509,3506,3479,2204,2103,1983
6/2/2020 5:00,1325,1392,1500,3549,3544,3545,2224,2152,2045
6/2/2020 5:30,1331,1385,1549,3677,3672,3625,2346,2287,2076
6/2/2020 6:00,1342,1403,1598,3916,3911,3888,2574,2508,2290
6/2/2020 6:30,1359,1542,1571,4292,4292,4223,2933,2750,2652
6/2/2020 7:00,1382,1580,1695,4756,4759,4714,3374,3179,3019
6/2/2020 7:30,1410,1641,1683,5088,5086,5186,3678,3445,3503
6/2/2020 8:00,1445,1683,1639,5257,5235,5272,3812,3552,3633
6/2/2020 8:30,1487,1637,1649,5358,5335,5300,3871,3698,3651
6/2/2020 9:00,1518,1653,1686,5417,5404,5361,3899,3751,3675
6/2/2020 9:30,1539,1655,1663,5439,5431,5425,3900,3776,3762
6/2/2020 10:00,1563,1647,1699,5431,5420,5403,3868,3773,3704
6/2/2020 10:30,1592,1670,1765,5411,5399,5401,3819,3729,3636
6/2/2020 11:00,1640,1689,1767,5387,5385,5400,3747,3696,3633
6/2/2020 11:30,1708,1719,1810,5379,5384,5402,3671,3665,3592
6/2/2020 12:00,1757,1764,1802,5382,5391,5388,3625,3627,3586
6/2/2020 12:30,1788,1777,1882,5360,5364,5406,3572,3587,3524
6/2/2020 13:00,1813,1820,1981,5312,5305,5367,3499,3485,3386
6/2/2020 13:30,1832,1916,2132,5267,5259,5270,3435,3343,3138
6/2/2020 14:00,1853,1964,2206,5237,5239,5263,3384,3275,3057
6/2/2020 14:30,1876,2040,2183,5241,5244,5241,3365,3204,3058
6/2/2020 15:00,1886,2072,2226,5279,5276,5297,3393,3204,3071
6/2/2020 15:30,1884,1980,2185,5338,5327,5370,3454,3347,3185
6/2/2020 16:00,1915,2032,2308,5431,5414,5476,3516,3382,3168
6/2/2020 16:30,1980,2128,2350,5618,5603,5678,3638,3475,3328
6/2/2020 17:00,2063,2221,2382,5879,5875,5897,3816,3654,3515
6/2/2020 17:30,2163,2328,2405,6074,6066,6146,3911,3738,3741
6/2/2020 18:00,2259,2419,2480,6160,6135,6215,3901,3716,3735
6/2/2020 18:30,2352,2594,2573,6112,6083,6136,3760,3489,3563
6/2/2020 19:00,2444,2653,2607,5951,5929,6002,3507,3276,3395
6/2/2020 19:30,2536,2730,2680,5789,5778,5858,3253,3048,3178
6/2/2020 20:00,2610,2773,2829,5642,5640,5687,3032,2867,2858
6/2/2020 20:30,2668,2841,2864,5469,5472,5560,2801,2631,2696
6/2/2020 21:00,2724,2868,2850,5261,5261,5384,2537,2393,2534
6/2/2020 21:30,2779,2792,2919,5013,5009,5128,2234,2217,2209
6/2/2020 22:00,2821,2805,2854,4743,4735,4838,1922,1930,1984
6/2/2020 22:30,2852,2819,2847,4524,4503,4560,1672,1684,1713
6/2/2020 23:00,2943,2831,2856,4341,4335,4383,1398,1504,1527
6/2/2020 23:30,2981,2895,3047,4177,4170,4222,1196,1275,1175
7/2/2020 0:00,3001,2908,2968,4010,4005,4017,1009,1097,1049
7/2/2020 0:30,3002,2908,2998,3872,3867,3885,870,959,887
7/2/2020 1:00,3000,2910,2947,3765,3762,3771,765,852,824
7/2/2020 1:30,2995,2896,2958,3670,3669,3708,675,773,750
7/2/2020 2:00,2973,2877,2733,3587,3588,3598,614,711,865
7/2/2020 2:30,2933,2840,2675,3528,3530,3521,595,690,846
7/2/2020 3:00,2912,2834,2671,3494,3497,3461,582,663,790
7/2/2020 3:30,2911,2918,2685,3477,3480,3444,566,562,759
7/2/2020 4:00,2919,2933,2691,3474,3477,3441,555,544,750
7/2/2020 4:30,2937,2889,2708,3487,3489,3433,550,600,725
7/2/2020 5:00,2986,2917,2653,3527,3529,3503,541,612,850
7/2/2020 5:30,3068,2899,2717,3649,3648,3591,581,749,874
7/2/2020 6:00,3142,2970,2978,3873,3870,3853,731,900,875
7/2/2020 6:30,3208,3028,3064,4234,4236,4152,1026,1208,1088
7/2/2020 7:00,3267,3122,3391,4684,4690,4697,1417,1568,1306
7/2/2020 7:30,3319,3130,3638,5003,5000,5195,1684,1870,1557
7/2/2020 8:00,3365,3216,3660,5164,5132,5311,1799,1916,1651
7/2/2020 8:30,3404,3322,3807,5278,5234,5320,1874,1912,1513
7/2/2020 9:00,3437,3375,3730,5368,5324,5377,1931,1949,1647
7/2/2020 9:30,3464,3463,3943,5416,5379,5499,1952,1916,1556
7/2/2020 10:00,3480,3486,3925,5425,5397,5482,1945,1911,1557
7/2/2020 10:30,3485,3569,3801,5420,5406,5476,1935,1837,1675
7/2/2020 11:00,3496,3567,3789,5412,5414,5496,1916,1847,1707
7/2/2020 11:30,3515,3650,3873,5416,5426,5492,1901,1776,1619
7/2/2020 12:00,3532,3650,3807,5426,5442,5514,1894,1792,1707
7/2/2020 12:30,3550,3679,3760,5402,5429,5501,1852,1750,1741
7/2/2020 13:00,3560,3693,3724,5345,5388,5462,1785,1695,1738
7/2/2020 13:30,3563,3725,3707,5294,5344,5392,1731,1619,1685
7/2/2020 14:00,3565,3726,3741,5258,5305,5381,1693,1579,1640
7/2/2020 14:30,3565,3761,3772,5239,5286,5353,1674,1525,1581
7/2/2020 15:00,3554,3757,3852,5242,5296,5384,1688,1539,1532
7/2/2020 15:30,3530,3731,3878,5282,5355,5422,1752,1624,1544
7/2/2020 16:00,3497,3695,3964,5371,5463,5496,1874,1768,1532
7/2/2020 16:30,3455,3640,4029,5538,5601,5609,2083,1961,1580
7/2/2020 17:00,3405,3610,4118,5759,5754,5772,2354,2144,1654
7/2/2020 17:30,3347,3648,4085,5904,5885,5981,2557,2237,1896
7/2/2020 18:00,3274,3603,4106,5943,5965,6008,2669,2362,1902
7/2/2020 18:30,3185,3516,4052,5875,5921,5904,2690,2405,1852
7/2/2020 19:00,3113,3440,3992,5724,5763,5770,2611,2323,1778
7/2/2020 19:30,3057,3444,3907,5575,5603,5607,2518,2159,1700
7/2/2020 20:00,3006,3375,3861,5441,5459,5448,2435,2084,1587
7/2/2020 20:30,2961,3451,3776,5282,5291,5260,2321,1840,1484
7/2/2020 21:00,2898,3364,3664,5087,5087,5056,2189,1723,1392
7/2/2020 21:30,2817,3338,3472,4856,4853,4804,2039,1515,1332
7/2/2020 22:00,2724,3230,3224,4608,4610,4577,1884,1380,1353
7/2/2020 22:30,2619,3127,2960,4423,4431,4370,1804,1304,1410
7/2/2020 23:00,2484,3019,2856,4313,4319,4270,1829,1300,1414
7/2/2020 23:30,2487,2952,2593,4176,4185,4125,1689,1233,1532
8/2/2020 0:00,2499,2868,2570,4014,4021,3933,1515,1153,1363
8/2/2020 0:30,2521,2819,2487,3870,3874,3744,1349,1055,1257
8/2/2020 1:00,2566,2790,2361,3752,3754,3596,1186,964,1235
8/2/2020 1:30,2636,2794,2210,3642,3643,3507,1006,849,1297
8/2/2020 2:00,2646,2756,2228,3541,3540,3442,895,784,1214
8/2/2020 2:30,2598,2623,2246,3461,3459,3350,863,836,1104
8/2/2020 3:00,2572,2570,2247,3405,3401,3318,833,831,1071
8/2/2020 3:30,2566,2367,2216,3373,3367,3304,807,1000,1088
8/2/2020 4:00,2571,2362,2238,3361,3358,3317,790,996,1079
8/2/2020 4:30,2587,2352,2231,3364,3360,3306,777,1008,1075
8/2/2020 5:00,2639,2427,2229,3384,3375,3298,745,948,1069
8/2/2020 5:30,2729,2407,2304,3438,3429,3319,709,1022,1015
8/2/2020 6:00,2834,2518,2582,3534,3528,3451,700,1010,869
8/2/2020 6:30,2955,2630,2729,3686,3693,3599,731,1063,870
8/2/2020 7:00,3063,2756,2818,3884,3899,3815,821,1143,997
8/2/2020 7:30,3157,2953,2957,4073,4068,4043,916,1115,1086
8/2/2020 8:00,3255,3078,2981,4245,4191,4130,990,1113,1149
8/2/2020 8:30,3356,3106,3166,4429,4374,4347,1073,1268,1181
8/2/2020 9:00,3445,3221,3338,4620,4600,4602,1175,1379,1264
8/2/2020 9:30,3524,3386,3453,4765,4759,4752,1241,1373,1299
8/2/2020 10:00,3574,3463,3504,4854,4833,4849,1280,1370,1345
8/2/2020 10:30,3594,3540,3532,4900,4878,4880,1306,1338,1348
8/2/2020 11:00,3622,3591,3516,4915,4906,4875,1293,1315,1359
8/2/2020 11:30,3658,3615,3530,4936,4939,4880,1278,1324,1350
8/2/2020 12:00,3683,3649,3447,4964,4977,4889,1281,1328,1442
8/2/2020 12:30,3696,3713,3467,4970,4985,4892,1274,1272,1425
8/2/2020 13:00,3698,3721,3469,4950,4960,4923,1252,1239,1454
8/2/2020 13:30,3689,3720,3496,4910,4925,4865,1221,1205,1369
8/2/2020 14:00,3675,3722,3493,4862,4892,4860,1187,1170,1367
8/2/2020 14:30,3655,3678,3518,4848,4878,4828,1193,1200,1310
8/2/2020 15:00,3614,3677,3501,4877,4893,4834,1263,1216,1333
8/2/2020 15:30,3552,3633,3567,4939,4951,4884,1387,1318,1317
8/2/2020 16:00,3467,3618,3606,5040,5056,4921,1573,1438,1315
8/2/2020 16:30,3358,3583,3721,5208,5220,5142,1850,1637,1421
8/2/2020 17:00,3233,3493,3696,5421,5414,5307,2188,1921,1611
8/2/2020 17:30,3094,3283,3784,5556,5541,5539,2462,2258,1755
8/2/2020 18:00,2982,3135,3711,5586,5570,5561,2604,2435,1850
8/2/2020 18:30,2896,2978,3501,5522,5508,5464,2626,2530,1963
8/2/2020 19:00,2828,2841,3346,5384,5373,5332,2556,2532,1986
8/2/2020 19:30,2777,2813,3145,5245,5234,5132,2468,2421,1987
8/2/2020 20:00,2728,2707,3086,5117,5104,4989,2389,2397,1903
8/2/2020 20:30,2683,2706,2989,4972,4963,4862,2289,2257,1873
8/2/2020 21:00,2662,2622,2896,4803,4801,4748,2141,2179,1852
8/2/2020 21:30,2667,2652,2761,4617,4612,4575,1950,1960,1814
8/2/2020 22:00,2665,2603,2683,4424,4411,4421,1759,1808,1738
8/2/2020 22:30,2658,2644,2551,4271,4235,4262,1613,1591,1711
8/2/2020 23:00,2471,2641,2459,4157,4134,4189,1686,1493,1730
8/2/2020 23:30,2518,2673,2481,4048,4030,4076,1530,1357,1595
9/2/2020 0:00,2600,2740,2500,3921,3909,3915,1321,1169,1415
9/2/2020 0:30,2717,2845,2555,3781,3773,3762,1064,928,1207
9/2/2020 1:00,2800,2904,2666,3635,3631,3658,835,727,992
9/2/2020 1:30,2849,2980,2767,3506,3506,3577,657,526,810
9/2/2020 2:00,2902,2988,2697,3401,3405,3448,499,417,751
9/2/2020 2:30,2960,2867,2598,3315,3322,3345,355,455,747
9/2/2020 3:00,3004,2904,2552,3252,3260,3296,248,356,744
9/2/2020 3:30,3034,2954,2471,3221,3223,3241,187,269,770
9/2/2020 4:00,3059,2989,2450,3218,3210,3208,159,221,758
9/2/2020 4:30,3080,3020,2443,3208,3195,3192,128,175,749
9/2/2020 5:00,3107,3056,2442,3192,3177,3206,85,121,764
9/2/2020 5:30,3140,3007,2435,3204,3188,3215,64,181,780
9/2/2020 6:00,3185,3072,2504,3250,3234,3307,65,162,803
9/2/2020 6:30,3242,3028,2482,3331,3317,3401,89,289,919
9/2/2020 7:00,3266,3097,2443,3440,3429,3458,174,332,1015
9/2/2020 7:30,3258,3036,2540,3554,3544,3623,296,508,1083
9/2/2020 8:00,3267,3091,2710,3677,3664,3707,410,573,997
9/2/2020 8:30,3295,3104,2823,3854,3842,3831,559,738,1008
9/2/2020 9:00,3325,3162,2977,4078,4069,4006,753,907,1029
9/2/2020 9:30,3358,3200,3074,4280,4276,4181,922,1076,1107
9/2/2020 10:00,3391,3255,3197,4441,4441,4366,1050,1186,1169
9/2/2020 10:30,3424,3134,3279,4562,4560,4511,1138,1426,1232
9/2/2020 11:00,3443,3181,3379,4648,4632,4692,1205,1451,1313
9/2/2020 11:30,3449,3220,3408,4723,4690,4748,1274,1470,1340
9/2/2020 12:00,3464,3252,3456,4785,4740,4822,1321,1488,1366
9/2/2020 12:30,3490,3337,3503,4793,4750,4919,1303,1413,1416
9/2/2020 13:00,3504,3350,3428,4746,4719,4926,1242,1369,1498
9/2/2020 13:30,3505,3345,3359,4686,4665,4862,1181,1320,1503
9/2/2020 14:00,3499,3359,3454,4629,4602,4817,1130,1243,1363
9/2/2020 14:30,3487,3438,3429,4602,4571,4772,1115,1133,1343
9/2/2020 15:00,3489,3453,3384,4609,4577,4746,1120,1124,1362
9/2/2020 15:30,3507,3523,3408,4636,4597,4747,1129,1074,1339
9/2/2020 16:00,3522,3518,3396,4695,4649,4805,1173,1131,1409
9/2/2020 16:30,3533,3540,3459,4841,4804,4898,1308,1264,1439
9/2/2020 17:00,3538,3517,3666,5063,5054,5116,1525,1537,1450
9/2/2020 17:30,3537,3472,3754,5254,5252,5409,1717,1780,1655
9/2/2020 18:00,3536,3462,3775,5373,5359,5500,1837,1897,1725
9/2/2020 18:30,3535,3444,3762,5354,5329,5449,1819,1885,1687
9/2/2020 19:00,3541,3472,3831,5214,5183,5362,1673,1711,1531
9/2/2020 19:30,3556,3471,3631,5072,5038,5194,1516,1567,1563
9/2/2020 20:00,3557,3483,3465,4952,4920,5020,1395,1437,1555
9/2/2020 20:30,3544,3596,3349,4819,4790,4839,1275,1194,1490
9/2/2020 21:00,3525,3567,3346,4663,4642,4704,1138,1075,1358
9/2/2020 21:30,3500,3608,3210,4477,4468,4487,977,860,1277
9/2/2020 22:00,3465,3560,3172,4277,4285,4299,812,725,1127
9/2/2020 22:30,3420,3539,3010,4127,4130,4102,707,591,1092
9/2/2020 23:00,3277,3479,2880,4043,4031,3995,766,552,1115
9/2/2020 23:30,3239,3299,2764,3899,3890,3842,660,591,1078
10/2/2020 0:00,3209,3267,2744,3716,3710,3710,507,443,966
10/2/2020 0:30,3188,3118,2692,3587,3584,3585,399,466,893
10/2/2020 1:00,3157,3089,2613,3522,3518,3512,365,429,899
10/2/2020 1:30,3116,2990,2542,3456,3452,3427,340,462,885
10/2/2020 2:00,3076,2955,2484,3381,3379,3369,305,424,885
10/2/2020 2:30,3038,2810,2461,3331,3331,3328,293,521,867
10/2/2020 3:00,3017,2808,2407,3308,3306,3287,291,498,880
10/2/2020 3:30,3013,2754,2384,3295,3291,3261,282,537,877
10/2/2020 4:00,3013,2766,2390,3289,3285,3264,276,519,874
10/2/2020 4:30,3017,2730,2399,3303,3299,3291,286,569,892
10/2/2020 5:00,3039,2768,2418,3355,3349,3338,316,581,920
10/2/2020 5:30,3078,2755,2512,3507,3499,3419,429,744,907
10/2/2020 6:00,3133,2843,2786,3776,3768,3740,643,925,954
10/2/2020 6:30,3205,2907,3218,4161,4155,4078,956,1248,860
10/2/2020 7:00,3242,2987,3509,4615,4609,4656,1373,1622,1147
10/2/2020 7:30,3242,2981,3523,4943,4941,5121,1701,1960,1598
10/2/2020 8:00,3272,3015,3362,5122,5118,5239,1850,2103,1877
10/2/2020 8:30,3329,2987,3380,5253,5236,5315,1924,2249,1935
10/2/2020 9:00,3380,3025,3373,5357,5315,5462,1977,2290,2089
10/2/2020 9:30,3424,3124,3285,5421,5370,5593,1997,2246,2308
10/2/2020 10:00,3454,3162,3211,5445,5408,5607,1991,2246,2396
10/2/2020 10:30,3470,3416,3237,5450,5428,5601,1980,2012,2364
10/2/2020 11:00,3491,3451,3154,5446,5451,5587,1955,2000,2433
10/2/2020 11:30,3517,3502,3081,5451,5478,5564,1934,1976,2483
10/2/2020 12:00,3538,3539,3120,5463,5508,5556,1925,1969,2436
10/2/2020 12:30,3554,3606,3266,5451,5501,5579,1897,1895,2313
10/2/2020 13:00,3572,3622,3314,5415,5457,5528,1843,1835,2214
10/2/2020 13:30,3593,3560,3391,5390,5429,5463,1797,1869,2072
10/2/2020 14:00,3604,3571,3561,5383,5426,5514,1779,1855,1953
10/2/2020 14:30,3607,3577,3738,5393,5438,5528,1786,1861,1790
10/2/2020 15:00,3611,3585,3740,5422,5466,5578,1811,1881,1838
10/2/2020 15:30,3619,3545,3763,5480,5521,5634,1861,1976,1871
10/2/2020 16:00,3623,3556,3818,5577,5613,5711,1954,2057,1893
10/2/2020 16:30,3623,3595,3858,5743,5776,5852,2120,2181,1994
10/2/2020 17:00,3619,3607,3826,5962,5994,6017,2343,2387,2191
10/2/2020 17:30,3610,3636,3790,6141,6175,6262,2531,2539,2472
10/2/2020 18:00,3608,3636,3852,6241,6279,6356,2633,2643,2504
10/2/2020 18:30,3612,3700,3863,6189,6234,6270,2577,2534,2407
10/2/2020 19:00,3613,3695,3873,6001,6053,6141,2388,2358,2268
10/2/2020 19:30,3613,3750,3852,5818,5869,5999,2205,2119,2147
10/2/2020 20:00,3606,3733,3821,5664,5706,5813,2058,1973,1992
10/2/2020 20:30,3592,3711,3851,5492,5528,5630,1900,1817,1779
10/2/2020 21:00,3565,3673,3857,5291,5318,5423,1726,1645,1566
10/2/2020 21:30,3523,3625,3759,5049,5062,5151,1526,1437,1392
10/2/2020 22:00,3479,3564,3499,4781,4778,4849,1302,1214,1350
10/2/2020 22:30,3433,3537,3313,4561,4538,4568,1128,1001,1255
10/2/2020 23:00,3365,3471,3025,4361,4360,4363,996,889,1338
10/2/2020 23:30,3311,3362,3047,4198,4194,4215,887,832,1168
11/2/2020 0:00,3258,3310,2928,4044,4037,4046,786,727,1118
11/2/2020 0:30,3205,3328,2751,3914,3905,3888,709,577,1137
11/2/2020 1:00,3163,3266,2792,3809,3803,3795,646,537,1003
11/2/2020 1:30,3129,3125,2921,3720,3715,3736,591,590,815
11/2/2020 2:00,3090,3075,2885,3646,3641,3686,556,566,801
11/2/2020 2:30,3044,2864,2822,3588,3583,3632,544,719,810
11/2/2020 3:00,3016,2858,2780,3548,3544,3603,532,686,823
11/2/2020 3:30,3006,2756,2740,3531,3528,3558,525,772,818
11/2/2020 4:00,3000,2776,2728,3536,3533,3557,536,757,829
11/2/2020 4:30,2996,2798,2738,3550,3546,3565,554,748,827
11/2/2020 5:00,3015,2839,2861,3588,3583,3620,573,744,759
11/2/2020 5:30,3054,2980,2957,3721,3717,3711,667,737,754
11/2/2020 6:00,3123,3047,3130,3971,3970,3983,848,923,853
11/2/2020 6:30,3220,3103,3386,4352,4352,4339,1132,1249,953
11/2/2020 7:00,3289,3174,3566,4815,4814,4852,1526,1640,1286
11/2/2020 7:30,3330,3192,3711,5146,5149,5339,1816,1957,1628
11/2/2020 8:00,3369,3245,3675,5317,5326,5445,1948,2081,1770
11/2/2020 8:30,3406,3337,3638,5430,5446,5504,2024,2109,1866
11/2/2020 9:00,3401,3358,3606,5510,5527,5613,2109,2169,2007
11/2/2020 9:30,3356,3380,3616,5555,5572,5720,2199,2192,2104
11/2/2020 10:00,3350,3392,3622,5569,5589,5733,2219,2197,2111
11/2/2020 10:30,3383,3558,3604,5579,5583,5734,2196,2025,2130
11/2/2020 11:00,3402,3573,3568,5593,5587,5750,2191,2014,2182
11/2/2020 11:30,3407,3598,3785,5614,5598,5777,2207,2000,1992
11/2/2020 12:00,3413,3604,3884,5633,5610,5830,2220,2006,1946
11/2/2020 12:30,3422,3592,4013,5617,5594,5827,2195,2002,1814
11/2/2020 13:00,3436,3579,3919,5566,5550,5766,2130,1971,1847
11/2/2020 13:30,3455,3532,3911,5527,5516,5663,2072,1984,1752
11/2/2020 14:00,3464,3523,3912,5508,5501,5625,2044,1978,1713
11/2/2020 14:30,3465,3533,3986,5507,5500,5640,2042,1967,1654
11/2/2020 15:00,3459,3520,4030,5526,5516,5697,2067,1996,1667
11/2/2020 15:30,3446,3625,3962,5575,5570,5735,2129,1945,1773
11/2/2020 16:00,3434,3600,3951,5662,5664,5843,2228,2064,1892
11/2/2020 16:30,3422,3629,3705,5810,5801,5990,2388,2172,2285
11/2/2020 17:00,3391,3570,3773,6009,5974,6138,2618,2404,2365
11/2/2020 17:30,3340,3518,3729,6193,6158,6353,2853,2640,2624
11/2/2020 18:00,3297,3445,3575,6320,6312,6440,3023,2867,2865
11/2/2020 18:30,3261,3494,3656,6287,6296,6358,3026,2802,2702
11/2/2020 19:00,3224,3409,3616,6104,6115,6225,2880,2706,2609
11/2/2020 19:30,3186,3255,3446,5920,5935,6052,2734,2680,2606
11/2/2020 20:00,3136,3198,3306,5760,5782,5892,2624,2584,2586
11/2/2020 20:30,3075,3134,3183,5582,5606,5704,2507,2472,2521
11/2/2020 21:00,3037,3082,3149,5374,5391,5512,2337,2309,2363
11/2/2020 21:30,3022,2982,3113,5124,5134,5250,2102,2152,2137
11/2/2020 22:00,2987,2918,3049,4849,4853,4975,1862,1935,1926
11/2/2020 22:30,2931,2952,3078,4624,4632,4699,1693,1680,1621
11/2/2020 23:00,2804,2880,2932,4459,4463,4499,1655,1583,1567
11/2/2020 23:30,2713,2828,2448,4271,4273,4254,1558,1445,1806
12/2/2020 0:00,2647,2768,2169,4065,4067,4084,1418,1299,1915
12/2/2020 0:30,2606,2696,2135,3912,3913,3919,1306,1217,1784
12/2/2020 1:00,2547,2656,2331,3818,3823,3825,1271,1167,1494
12/2/2020 1:30,2471,2544,2376,3741,3749,3764,1270,1205,1388
12/2/2020 2:00,2406,2495,2185,3673,3685,3687,1267,1190,1502
12/2/2020 2:30,2350,2549,2022,3618,3633,3635,1268,1084,1613
12/2/2020 3:00,2305,2446,2026,3580,3595,3580,1275,1149,1554
12/2/2020 3:30,2271,2088,2002,3558,3574,3545,1287,1486,1543
12/2/2020 4:00,2212,2005,2057,3553,3567,3557,1341,1562,1500
12/2/2020 4:30,2126,1922,1968,3562,3577,3561,1436,1655,1593
12/2/2020 5:00,2049,1867,2117,3601,3616,3656,1552,1749,1539
12/2/2020 5:30,1980,1804,2145,3734,3750,3725,1754,1946,1580
12/2/2020 6:00,1909,1757,2062,3981,3997,3970,2072,2240,1908
12/2/2020 6:30,1835,1747,2104,4352,4376,4344,2517,2629,2240
12/2/2020 7:00,1761,1695,2066,4803,4835,4853,3042,3140,2787
12/2/2020 7:30,1687,1634,1898,5143,5169,5288,3456,3535,3390
12/2/2020 8:00,1615,1600,1894,5337,5340,5388,3722,3740,3494
12/2/2020 8:30,1546,1654,1820,5445,5445,5424,3899,3791,3604
12/2/2020 9:00,1439,1587,1609,5491,5502,5524,4052,3915,3915
12/2/2020 9:30,1293,1548,1575,5512,5529,5666,4219,3981,4091
12/2/2020 10:00,1180,1421,1373,5516,5533,5650,4336,4112,4277
12/2/2020 10:30,1100,1377,1214,5504,5519,5614,4404,4142,4400
12/2/2020 11:00,1062,1317,1108,5481,5507,5620,4419,4190,4512
12/2/2020 11:30,1067,1308,1050,5474,5505,5584,4407,4197,4534
12/2/2020 12:00,1076,1327,1021,5481,5510,5579,4405,4183,4558
12/2/2020 12:30,1089,1272,1067,5457,5484,5566,4368,4212,4499
12/2/2020 13:00,1085,1253,1043,5401,5429,5513,4316,4176,4470
12/2/2020 13:30,1062,1248,990,5359,5386,5428,4297,4138,4438
12/2/2020 14:00,1004,1167,893,5340,5366,5416,4336,4199,4523
12/2/2020 14:30,911,935,909,5341,5369,5444,4430,4434,4535
12/2/2020 15:00,853,903,873,5367,5402,5477,4514,4499,4604
12/2/2020 15:30,829,823,1000,5438,5489,5575,4609,4666,4575
12/2/2020 16:00,904,927,1059,5554,5628,5676,4650,4701,4617
12/2/2020 16:30,1076,1092,1226,5702,5788,5825,4626,4696,4599
12/2/2020 17:00,1302,1352,1440,5877,5959,6028,4575,4607,4588
12/2/2020 17:30,1582,1704,1865,6073,6137,6286,4491,4433,4421
12/2/2020 18:00,1884,2067,2269,6249,6286,6374,4365,4219,4105
12/2/2020 18:30,2209,2418,2718,6252,6273,6297,4043,3855,3579
12/2/2020 19:00,2485,2695,3074,6085,6105,6164,3600,3410,3090
12/2/2020 19:30,2714,2918,3375,5916,5920,6042,3202,3002,2667
12/2/2020 20:00,2888,3064,3539,5774,5766,5897,2886,2702,2358
12/2/2020 20:30,3007,3179,3668,5606,5589,5751,2599,2410,2083
12/2/2020 21:00,3092,3233,3724,5398,5379,5532,2306,2146,1808
12/2/2020 21:30,3141,3221,3690,5142,5130,5235,2001,1909,1545
12/2/2020 22:00,3137,3187,3540,4860,4859,4944,1723,1672,1404
12/2/2020 22:30,3078,3305,3352,4633,4625,4637,1555,1320,1285
12/2/2020 23:00,3156,3206,3180,4448,4440,4471,1292,1234,1291
12/2/2020 23:30,3054,3180,2977,4259,4252,4271,1205,1072,1294
13/2/2020 0:00,2954,3074,2909,4064,4065,4085,1110,991,1176
13/2/2020 0:30,2856,3009,2777,3910,3912,3938,1054,903,1161
13/2/2020 1:00,2719,2864,2538,3802,3800,3850,1083,936,1312
13/2/2020 1:30,2543,2505,2402,3711,3705,3764,1168,1200,1362
13/2/2020 2:00,2378,2313,2248,3631,3625,3652,1253,1312,1404
13/2/2020 2:30,2223,2155,2113,3569,3562,3592,1346,1407,1479
13/2/2020 3:00,2080,1977,2104,3525,3519,3588,1445,1542,1484
13/2/2020 3:30,1949,1675,2023,3508,3505,3557,1559,1830,1534
13/2/2020 4:00,1817,1520,1662,3515,3515,3564,1698,1995,1902
13/2/2020 4:30,1682,1373,1413,3536,3537,3551,1854,2164,2138
13/2/2020 5:00,1596,1296,1337,3584,3580,3638,1988,2284,2301
13/2/2020 5:30,1558,1305,1201,3717,3712,3751,2159,2407,2550
13/2/2020 6:00,1565,1339,1235,3957,3954,4031,2392,2615,2796
13/2/2020 6:30,1616,1419,1495,4333,4341,4391,2717,2922,2896
13/2/2020 7:00,1672,1515,1670,4800,4815,4897,3128,3300,3227
13/2/2020 7:30,1734,1618,1763,5142,5138,5281,3408,3520,3518
13/2/2020 8:00,1825,1729,1839,5326,5275,5395,3501,3546,3556
13/2/2020 8:30,1946,1673,1882,5432,5379,5419,3486,3706,3537
13/2/2020 9:00,2070,1778,1950,5486,5466,5518,3416,3688,3568
13/2/2020 9:30,2197,1872,1904,5514,5512,5558,3317,3640,3654
13/2/2020 10:00,2350,2021,2028,5524,5518,5548,3174,3497,3520
13/2/2020 10:30,2528,2355,2269,5518,5508,5540,2990,3153,3271
13/2/2020 11:00,2687,2504,2560,5506,5501,5532,2819,2997,2972
13/2/2020 11:30,2827,2664,2838,5509,5507,5515,2682,2843,2677
13/2/2020 12:00,2871,2731,2911,5523,5522,5542,2652,2791,2631
13/2/2020 12:30,2820,2651,2964,5506,5503,5570,2686,2852,2606
13/2/2020 13:00,2702,2579,2765,5457,5450,5496,2755,2871,2731
13/2/2020 13:30,2517,2393,2512,5415,5406,5384,2898,3013,2872
13/2/2020 14:00,2308,2189,2210,5390,5381,5400,3082,3192,3190
13/2/2020 14:30,2075,1913,1961,5380,5376,5409,3305,3463,3448
13/2/2020 15:00,1813,1647,1710,5391,5396,5474,3578,3749,3764
13/2/2020 15:30,1522,1562,1512,5441,5449,5528,3919,3887,4016
13/2/2020 16:00,1239,1268,1223,5532,5536,5611,4293,4268,4388
13/2/2020 16:30,964,966,986,5653,5670,5776,4689,4704,4790
13/2/2020 17:00,736,731,720,5806,5845,5933,5070,5114,5213
13/2/2020 17:30,555,457,513,6005,6044,6161,5450,5587,5648
13/2/2020 18:00,417,334,400,6205,6219,6300,5788,5885,5900
13/2/2020 18:30,322,261,360,6214,6214,6284,5892,5953,5924
13/2/2020 19:00,267,209,252,6033,6032,6142,5766,5823,5890
13/2/2020 19:30,254,189,177,5855,5857,6001,5601,5668,5824
13/2/2020 20:00,299,246,290,5713,5716,5840,5414,5470,5550
13/2/2020 20:30,403,341,432,5543,5541,5660,5140,5200,5228
13/2/2020 21:00,573,542,674,5331,5319,5455,4758,4777,4781
13/2/2020 21:30,807,754,1082,5078,5059,5167,4271,4305,4085
13/2/2020 22:00,1074,1092,1527,4802,4781,4897,3728,3689,3370
13/2/2020 22:30,1373,1479,1918,4571,4549,4634,3198,3070,2716
13/2/2020 23:00,1699,1848,2315,4366,4369,4483,2667,2521,2168
13/2/2020 23:30,2049,2235,2393,4190,4192,4315,2141,1957,1922
14/2/2020 0:00,2346,2548,2274,4017,4019,4072,1671,1471,1798
14/2/2020 0:30,2591,2786,2360,3878,3879,3901,1287,1093,1541
14/2/2020 1:00,2784,2942,2459,3775,3781,3761,991,839,1302
14/2/2020 1:30,2926,3014,2640,3689,3694,3690,763,680,1050
14/2/2020 2:00,3005,3042,2706,3619,3619,3614,614,577,908
14/2/2020 2:30,3021,3038,2828,3569,3565,3582,548,527,754
14/2/2020 3:00,3035,3040,2798,3542,3535,3544,507,495,746
14/2/2020 3:30,3048,3103,2750,3526,3519,3518,478,416,768
14/2/2020 4:00,3062,3111,2727,3522,3517,3486,460,406,759
14/2/2020 4:30,3079,2847,2732,3535,3535,3490,456,688,758
14/2/2020 5:00,3124,2914,2758,3579,3582,3506,455,668,748
14/2/2020 5:30,3195,3036,2859,3706,3710,3570,511,674,711
14/2/2020 6:00,3286,3140,2977,3936,3938,3862,650,798,885
14/2/2020 6:30,3397,3297,3019,4303,4311,4160,906,1014,1141
14/2/2020 7:00,3477,3386,3423,4757,4774,4665,1280,1388,1242
14/2/2020 7:30,3527,3457,3666,5077,5085,5112,1550,1628,1446
14/2/2020 8:00,3561,3497,3748,5235,5212,5285,1674,1715,1537
14/2/2020 8:30,3578,3432,3754,5344,5315,5315,1766,1883,1561
14/2/2020 9:00,3585,3440,3796,5427,5407,5428,1842,1967,1632
14/2/2020 9:30,3583,3429,3942,5468,5454,5532,1885,2025,1590
14/2/2020 10:00,3579,3435,3958,5469,5453,5537,1890,2018,1579
14/2/2020 10:30,3573,3511,4038,5463,5443,5546,1890,1932,1508
14/2/2020 11:00,3566,3503,3988,5459,5439,5547,1893,1936,1559
14/2/2020 11:30,3557,3481,3911,5464,5446,5486,1907,1965,1575
14/2/2020 12:00,3545,3460,3816,5469,5453,5425,1924,1993,1609
14/2/2020 12:30,3529,3463,3778,5430,5406,5380,1901,1943,1602
14/2/2020 13:00,3497,3432,3616,5349,5309,5286,1852,1877,1670
14/2/2020 13:30,3447,3406,3674,5276,5234,5195,1829,1828,1521
14/2/2020 14:00,3385,3333,3676,5224,5196,5167,1839,1863,1491
14/2/2020 14:30,3310,3386,3525,5197,5178,5114,1887,1792,1589
14/2/2020 15:00,3196,3237,3215,5197,5183,5087,2001,1946,1872
14/2/2020 15:30,3043,2919,3083,5226,5216,5109,2183,2297,2026
14/2/2020 16:00,2868,2757,2894,5287,5280,5132,2419,2523,2238
14/2/2020 16:30,2670,2591,2846,5392,5389,5310,2722,2798,2464
14/2/2020 17:00,2481,2423,2585,5543,5541,5490,3062,3118,2905
14/2/2020 17:30,2300,2367,2316,5745,5747,5711,3445,3380,3395
14/2/2020 18:00,2163,2256,2197,5951,5952,5885,3788,3696,3688
14/2/2020 18:30,2071,2271,2136,5966,5971,5853,3895,3700,3717
14/2/2020 19:00,2051,2281,2024,5793,5795,5730,3742,3514,3706
14/2/2020 19:30,2102,2342,2109,5621,5624,5587,3519,3282,3478
14/2/2020 20:00,2195,2408,2156,5485,5488,5403,3290,3080,3247
14/2/2020 20:30,2329,2282,2304,5316,5322,5236,2987,3040,2932
14/2/2020 21:00,2453,2385,2412,5104,5109,5025,2651,2724,2613
14/2/2020 21:30,2568,2448,2558,4865,4869,4787,2297,2421,2229
14/2/2020 22:00,2682,2578,2613,4620,4623,4588,1938,2045,1975
14/2/2020 22:30,2796,2716,2578,4439,4439,4409,1643,1723,1831
14/2/2020 23:00,2761,2830,2667,4326,4320,4349,1565,1490,1682
14/2/2020 23:30,2848,2917,2947,4189,4183,4247,1341,1266,1300
15/2/2020 0:00,2936,3003,3174,4023,4016,4135,1087,1013,961
15/2/2020 0:30,3024,3123,3067,3870,3864,3959,846,741,892
15/2/2020 1:00,3074,3162,2917,3740,3736,3828,666,574,911
15/2/2020 1:30,3088,3225,2787,3632,3628,3680,544,403,893
15/2/2020 2:00,3087,3206,2664,3543,3536,3567,456,330,903
15/2/2020 2:30,3073,3017,2549,3472,3464,3459,399,447,910
15/2/2020 3:00,3069,3019,2475,3418,3411,3398,349,392,923
15/2/2020 3:30,3075,3016,2457,3388,3382,3358,313,366,901
15/2/2020 4:00,3087,3037,2427,3375,3371,3335,288,334,908
15/2/2020 4:30,3106,3060,2406,3362,3360,3309,256,300,903
15/2/2020 5:00,3151,3108,2401,3355,3354,3301,204,246,900
15/2/2020 5:30,3222,3045,2410,3402,3400,3317,180,355,907
15/2/2020 6:00,3312,3154,2561,3513,3511,3443,201,357,882
15/2/2020 6:30,3421,3165,2644,3685,3683,3554,264,518,910
15/2/2020 7:00,3512,3282,2749,3899,3897,3740,387,615,991
15/2/2020 7:30,3584,3303,2835,4084,4069,3956,500,766,1121
15/2/2020 8:00,3633,3378,2933,4239,4197,4063,606,819,1130
15/2/2020 8:30,3659,3340,3140,4426,4385,4285,767,1045,1145
15/2/2020 9:00,3674,3389,3394,4641,4617,4560,967,1228,1166
15/2/2020 9:30,3676,3369,3501,4804,4794,4761,1128,1425,1260
15/2/2020 10:00,3675,3400,3598,4902,4894,4900,1227,1494,1302
15/2/2020 10:30,3671,3339,3671,4958,4956,5018,1287,1617,1347
15/2/2020 11:00,3654,3343,3735,4984,4994,5087,1330,1651,1352
15/2/2020 11:30,3626,3273,3772,5010,5004,5154,1384,1731,1382
15/2/2020 12:00,3612,3280,3799,5033,4987,5185,1421,1707,1386
15/2/2020 12:30,3611,3417,3800,5017,4960,5232,1406,1543,1432
15/2/2020 13:00,3592,3418,3775,4966,4925,5177,1374,1507,1402
15/2/2020 13:30,3554,3526,3703,4920,4889,5086,1366,1363,1383
15/2/2020 14:00,3538,3503,3686,4888,4859,5055,1350,1356,1369
15/2/2020 14:30,3543,3529,3668,4866,4820,5026,1323,1291,1358
15/2/2020 15:00,3524,3509,3638,4860,4788,5014,1336,1279,1376
15/2/2020 15:30,3482,3577,3621,4900,4802,4996,1418,1225,1375
15/2/2020 16:00,3432,3558,3639,4989,4878,5017,1557,1320,1378
15/2/2020 16:30,3375,3544,3712,5109,5009,5090,1734,1465,1378
15/2/2020 17:00,3333,3527,3746,5251,5187,5249,1918,1660,1503
15/2/2020 17:30,3306,3528,3848,5398,5340,5399,2092,1812,1551
15/2/2020 18:00,3287,3532,3769,5516,5438,5516,2229,1906,1747
15/2/2020 18:30,3277,3557,3648,5491,5403,5476,2214,1846,1828
15/2/2020 19:00,3268,3586,3765,5330,5248,5329,2062,1662,1564
15/2/2020 19:30,3261,3657,3743,5175,5088,5217,1914,1431,1474
15/2/2020 20:00,3276,3657,3632,5051,4958,5042,1775,1301,1410
15/2/2020 20:30,3313,3536,3564,4907,4812,4876,1594,1276,1312
15/2/2020 21:00,3351,3540,3464,4735,4648,4728,1384,1108,1264
15/2/2020 21:30,3388,3665,3387,4545,4469,4578,1157,804,1191
15/2/2020 22:00,3399,3648,3249,4350,4297,4402,951,649,1153
15/2/2020 22:30,3382,3650,3074,4199,4169,4222,817,519,1148
15/2/2020 23:00,3313,3601,2990,4089,4096,4157,776,495,1167
15/2/2020 23:30,3267,3487,2990,4002,4014,4053,735,527,1063
16/2/2020 0:00,3232,3435,3014,3894,3912,3914,662,477,900
16/2/2020 0:30,3208,3341,2883,3768,3788,3773,560,447,890
16/2/2020 1:00,3173,3288,2772,3627,3647,3652,454,359,880
16/2/2020 1:30,3126,3113,2702,3500,3517,3558,374,404,856
16/2/2020 2:00,3085,3069,2561,3393,3407,3461,308,338,900
16/2/2020 2:30,3050,2873,2343,3313,3323,3361,263,450,1018
16/2/2020 3:00,3034,2868,2320,3259,3263,3290,225,395,970
16/2/2020 3:30,3038,2795,2265,3226,3227,3247,188,432,982
16/2/2020 4:00,3043,2813,2050,3209,3210,3231,166,397,1181
16/2/2020 4:30,3050,2823,1918,3197,3198,3177,147,375,1259
16/2/2020 5:00,3063,2863,2018,3191,3191,3187,128,328,1169
16/2/2020 5:30,3080,2869,2091,3201,3202,3195,121,333,1104
16/2/2020 6:00,3158,2969,2133,3235,3240,3279,77,271,1146
16/2/2020 6:30,3296,2950,2252,3311,3319,3351,15,369,1099
16/2/2020 7:00,3390,3064,2389,3421,3431,3467,31,367,1078
16/2/2020 7:30,3439,2998,2450,3521,3523,3565,82,525,1115
16/2/2020 8:00,3490,3087,2477,3621,3608,3618,131,521,1141
16/2/2020 8:30,3541,3025,2674,3815,3805,3812,274,780,1138
16/2/2020 9:00,3583,3095,2905,4096,4103,4060,513,1008,1155
16/2/2020 9:30,3616,3072,3105,4333,4355,4272,717,1283,1167
16/2/2020 10:00,3640,3144,3270,4503,4531,4449,863,1387,1179
16/2/2020 10:30,3656,3173,3360,4633,4657,4564,977,1484,1204
16/2/2020 11:00,3666,3246,3322,4730,4741,4656,1064,1495,1334
16/2/2020 11:30,3670,3222,3340,4790,4816,4721,1120,1594,1381
16/2/2020 12:00,3675,3275,3284,4813,4877,4801,1138,1602,1517
16/2/2020 12:30,3680,3360,3192,4804,4890,4874,1124,1530,1682
16/2/2020 13:00,3676,3392,3047,4767,4848,4924,1091,1456,1877
16/2/2020 13:30,3663,3558,3115,4718,4793,4835,1055,1235,1720
16/2/2020 14:00,3652,3569,3247,4668,4735,4822,1016,1166,1575
16/2/2020 14:30,3643,3516,3204,4633,4706,4740,990,1190,1536
16/2/2020 15:00,3651,3532,3120,4621,4708,4690,970,1176,1570
16/2/2020 15:30,3675,3298,3262,4645,4737,4742,970,1439,1480
16/2/2020 16:00,3685,3335,3381,4709,4790,4835,1024,1455,1454
16/2/2020 16:30,3682,3350,3455,4820,4882,4932,1138,1532,1477
16/2/2020 17:00,3679,3383,3446,4978,5017,5063,1299,1634,1617
16/2/2020 17:30,3675,3470,3543,5188,5220,5234,1513,1750,1691
16/2/2020 18:00,3673,3497,3584,5403,5443,5434,1730,1946,1850
16/2/2020 18:30,3671,3448,3678,5431,5479,5435,1760,2031,1757
16/2/2020 19:00,3666,3474,3593,5272,5323,5336,1606,1849,1743
16/2/2020 19:30,3657,3553,3578,5118,5159,5178,1461,1606,1600
16/2/2020 20:00,3647,3559,3583,5002,5033,5071,1355,1474,1488
16/2/2020 20:30,3636,3575,3380,4869,4901,4926,1233,1326,1546
16/2/2020 21:00,3609,3549,3410,4707,4754,4782,1098,1205,1372
16/2/2020 21:30,3567,3548,3358,4524,4572,4608,957,1024,1250
16/2/2020 22:00,3520,3500,3286,4337,4375,4391,817,875,1105
16/2/2020 22:30,3469,3451,3221,4196,4223,4210,727,772,989
16/2/2020 23:00,3294,3405,3127,4107,4112,4117,813,707,990
16/2/2020 23:30,3245,3350,3024,3955,3959,3981,710,609,957
17/2/2020 0:00,3200,3299,2938,3767,3767,3834,567,468,896
17/2/2020 0:30,3158,3148,2817,3630,3628,3712,472,480,895
17/2/2020 1:00,3088,3093,2709,3555,3552,3602,467,459,893
17/2/2020 1:30,2988,2991,2701,3487,3484,3522,499,493,821
17/2/2020 2:00,2899,2900,2666,3419,3418,3460,520,518,794
17/2/2020 2:30,2820,2735,2524,3367,3372,3406,547,637,882
17/2/2020 3:00,2778,2677,2475,3334,3342,3378,556,665,903
17/2/2020 3:30,2772,2651,2470,3311,3320,3355,539,669,885
17/2/2020 4:00,2776,2652,2409,3297,3305,3350,521,653,941
17/2/2020 4:30,2792,2567,2355,3299,3306,3337,507,739,982
17/2/2020 5:00,2836,2619,2415,3338,3342,3400,502,723,985
17/2/2020 5:30,2910,2715,2471,3487,3489,3497,577,774,1026
17/2/2020 6:00,2983,2798,2649,3763,3763,3737,780,965,1088
17/2/2020 6:30,3056,2905,2778,4151,4148,3996,1095,1243,1218
17/2/2020 7:00,3114,2983,2832,4600,4595,4414,1486,1612,1582
17/2/2020 7:30,3156,2956,2965,4915,4916,4683,1759,1960,1718
17/2/2020 8:00,3198,3020,3143,5076,5086,4920,1878,2066,1777
17/2/2020 8:30,3240,3028,3429,5198,5204,5157,1958,2176,1728
17/2/2020 9:00,3272,3087,3640,5304,5292,5320,2032,2205,1680
17/2/2020 9:30,3295,3129,3631,5370,5342,5440,2075,2213,1809
17/2/2020 10:00,3321,3198,3763,5397,5356,5483,2076,2158,1720
17/2/2020 10:30,3349,3307,3843,5411,5355,5523,2062,2048,1680
17/2/2020 11:00,3390,3363,3941,5421,5359,5551,2031,1996,1610
17/2/2020 11:30,3441,3469,3951,5442,5382,5541,2001,1913,1590
17/2/2020 12:00,3480,3493,3933,5467,5417,5539,1987,1924,1606
17/2/2020 12:30,3506,3683,3951,5454,5422,5567,1948,1739,1616
17/2/2020 13:00,3518,3684,3948,5405,5393,5531,1887,1709,1583
17/2/2020 13:30,3516,3732,3885,5374,5370,5435,1858,1638,1550
17/2/2020 14:00,3507,3710,3885,5370,5361,5409,1863,1651,1524
17/2/2020 14:30,3490,3687,3911,5379,5364,5400,1889,1677,1489
17/2/2020 15:00,3480,3651,3893,5401,5383,5393,1921,1732,1500
17/2/2020 15:30,3479,3717,3772,5454,5440,5395,1975,1723,1623
17/2/2020 16:00,3448,3657,3798,5541,5537,5493,2093,1880,1695
17/2/2020 16:30,3388,3591,3892,5655,5662,5640,2267,2071,1748
17/2/2020 17:00,3310,3522,3764,5797,5812,5766,2487,2290,2002
17/2/2020 17:30,3212,3469,3574,5985,5994,5908,2773,2525,2334
17/2/2020 18:00,3152,3384,3491,6176,6163,6083,3024,2779,2592
17/2/2020 18:30,3129,3298,3384,6175,6157,6093,3046,2859,2709
17/2/2020 19:00,3102,3216,3332,5981,5975,5976,2879,2759,2644
17/2/2020 19:30,3069,3242,3276,5786,5787,5825,2717,2545,2549
17/2/2020 20:00,3038,3190,3269,5625,5633,5656,2587,2443,2387
17/2/2020 20:30,3008,3134,3065,5452,5457,5438,2444,2323,2373
17/2/2020 21:00,2981,3080,3160,5251,5247,5244,2270,2167,2084
17/2/2020 21:30,2957,3078,3159,5006,4994,5001,2049,1916,1842
17/2/2020 22:00,2950,3063,3218,4730,4716,4752,1780,1653,1534
17/2/2020 22:30,2962,3041,2926,4496,4478,4499,1534,1437,1573
17/2/2020 23:00,2908,3019,2596,4297,4293,4319,1389,1274,1723
17/2/2020 23:30,2909,3000,2528,4122,4116,4161,1213,1116,1633
18/2/2020 0:00,2909,2996,2394,3952,3946,3951,1043,950,1557
18/2/2020 0:30,2908,3019,2460,3818,3811,3830,910,792,1370
18/2/2020 1:00,2912,3014,2655,3721,3712,3746,809,698,1091
18/2/2020 1:30,2920,3054,2810,3640,3631,3679,720,577,869
18/2/2020 2:00,2915,3025,2750,3570,3561,3610,655,536,860
18/2/2020 2:30,2895,2691,2686,3518,3511,3571,623,820,885
18/2/2020 3:00,2880,2701,2614,3486,3476,3492,606,775,878
18/2/2020 3:30,2872,2677,2609,3466,3456,3493,594,779,884
18/2/2020 4:00,2846,2683,2694,3460,3448,3502,614,765,808
18/2/2020 4:30,2804,2698,2709,3475,3464,3508,671,766,799
18/2/2020 5:00,2792,2710,2784,3524,3513,3557,732,803,773
18/2/2020 5:30,2810,2786,2848,3652,3640,3635,842,854,787
18/2/2020 6:00,2858,2826,3009,3879,3866,3878,1021,1040,869
18/2/2020 6:30,2936,2850,2981,4244,4236,4167,1308,1386,1186
18/2/2020 7:00,3006,2925,3015,4699,4696,4523,1693,1771,1508
18/2/2020 7:30,3067,3014,3214,5017,5004,4881,1950,1990,1667
18/2/2020 8:00,3098,3067,3340,5171,5141,5034,2073,2074,1694
18/2/2020 8:30,3098,3055,3455,5290,5274,5193,2192,2219,1738
18/2/2020 9:00,3081,3072,3503,5398,5424,5401,2317,2352,1898
18/2/2020 9:30,3047,3166,3494,5457,5502,5499,2410,2336,2005
18/2/2020 10:00,3053,3174,3394,5469,5506,5527,2416,2332,2133
18/2/2020 10:30,3097,3151,3309,5471,5486,5530,2374,2335,2221
18/2/2020 11:00,3135,3183,3344,5474,5487,5538,2339,2304,2194
18/2/2020 11:30,3166,3247,3438,5484,5499,5575,2318,2252,2137
18/2/2020 12:00,3216,3295,3629,5497,5510,5603,2281,2215,1974
18/2/2020 12:30,3286,3521,3718,5487,5491,5609,2201,1970,1891
18/2/2020 13:00,3345,3544,3749,5453,5439,5573,2108,1895,1824
18/2/2020 13:30,3394,3559,3683,5426,5402,5458,2032,1843,1775
18/2/2020 14:00,3405,3549,3724,5412,5386,5476,2007,1837,1752
18/2/2020 14:30,3379,3422,3731,5411,5380,5478,2032,1958,1747
18/2/2020 15:00,3373,3410,3894,5428,5388,5515,2055,1978,1621
18/2/2020 15:30,3387,3598,3817,5482,5443,5526,2095,1845,1709
18/2/2020 16:00,3365,3561,3786,5576,5546,5587,2211,1985,1801
18/2/2020 16:30,3307,3515,3661,5695,5665,5718,2388,2150,2057
18/2/2020 17:00,3230,3432,3564,5839,5801,5837,2609,2369,2273
18/2/2020 17:30,3134,3324,3328,6021,5975,5949,2887,2651,2621
18/2/2020 18:00,3047,3212,3134,6200,6150,6142,3153,2938,3008
18/2/2020 18:30,2969,3231,2978,6201,6161,6133,3232,2930,3155
18/2/2020 19:00,2883,3113,2936,6026,6006,6004,3143,2893,3068
18/2/2020 19:30,2790,2963,2920,5846,5828,5879,3056,2865,2959
18/2/2020 20:00,2705,2863,2959,5693,5669,5716,2988,2806,2757
18/2/2020 20:30,2628,2784,2776,5519,5486,5528,2891,2702,2752
18/2/2020 21:00,2559,2674,2657,5312,5272,5368,2753,2598,2711
18/2/2020 21:30,2500,2488,2573,5062,5024,5121,2562,2536,2548
18/2/2020 22:00,2430,2353,2677,4787,4766,4870,2357,2413,2193
18/2/2020 22:30,2350,2233,2627,4559,4544,4602,2209,2311,1975
18/2/2020 23:00,2057,2094,2248,4371,4369,4423,2314,2275,2175
18/2/2020 23:30,2006,2002,2072,4192,4189,4248,2186,2187,2176
19/2/2020 0:00,1903,1872,1847,4009,4006,4061,2106,2134,2214
19/2/2020 0:30,1749,1726,1653,3868,3865,3919,2119,2139,2266
19/2/2020 1:00,1604,1599,1544,3774,3771,3810,2170,2172,2266
19/2/2020 1:30,1469,1540,1419,3692,3690,3719,2223,2150,2300
19/2/2020 2:00,1364,1456,1347,3619,3616,3644,2255,2160,2297
19/2/2020 2:30,1288,1367,1240,3563,3562,3589,2275,2195,2349
19/2/2020 3:00,1278,1353,1284,3528,3526,3545,2250,2173,2261
19/2/2020 3:30,1332,1189,1339,3507,3505,3518,2175,2316,2179
19/2/2020 4:00,1425,1246,1398,3501,3498,3502,2076,2252,2104
19/2/2020 4:30,1555,1375,1504,3515,3513,3490,1960,2138,1986
19/2/2020 5:00,1707,1525,1738,3563,3564,3562,1856,2039,1824
19/2/2020 5:30,1882,1735,2083,3696,3698,3661,1814,1963,1578
19/2/2020 6:00,2078,1937,2340,3932,3935,3920,1854,1998,1580
19/2/2020 6:30,2294,2121,2521,4291,4296,4217,1997,2175,1696
19/2/2020 7:00,2513,2338,2595,4727,4731,4577,2214,2393,1982
19/2/2020 7:30,2733,2599,2887,5032,5033,4935,2299,2434,2048
19/2/2020 8:00,2916,2792,3078,5187,5183,5110,2271,2391,2032
19/2/2020 8:30,3060,3004,3304,5320,5321,5307,2260,2317,2003
19/2/2020 9:00,3192,3170,3499,5451,5470,5493,2259,2300,1994
19/2/2020 9:30,3310,3468,3689,5534,5559,5594,2224,2091,1905
19/2/2020 10:00,3399,3550,3781,5566,5587,5619,2167,2037,1838
19/2/2020 10:30,3457,3577,3814,5590,5592,5658,2133,2015,1844
19/2/2020 11:00,3506,3617,3955,5616,5613,5714,2110,1996,1759
19/2/2020 11:30,3544,3691,4079,5642,5643,5734,2098,1952,1655
19/2/2020 12:00,3571,3709,4114,5663,5666,5762,2092,1957,1648
19/2/2020 12:30,3586,3726,4115,5658,5659,5780,2072,1933,1665
19/2/2020 13:00,3593,3727,4091,5629,5619,5730,2036,1892,1639
19/2/2020 13:30,3592,3776,4039,5604,5591,5616,2012,1815,1577
19/2/2020 14:00,3592,3761,3993,5588,5581,5607,1996,1820,1614
19/2/2020 14:30,3593,3761,3975,5577,5576,5585,1984,1815,1610
19/2/2020 15:00,3590,3748,3920,5577,5583,5570,1987,1835,1650
19/2/2020 15:30,3585,3864,3960,5621,5629,5608,2036,1765,1648
19/2/2020 16:00,3576,3833,3876,5714,5717,5609,2138,1884,1733
19/2/2020 16:30,3564,3804,3908,5837,5835,5696,2273,2031,1788
19/2/2020 17:00,3544,3768,3996,5975,5970,5835,2431,2202,1839
19/2/2020 17:30,3516,3739,4037,6088,6080,5985,2572,2341,1948
19/2/2020 18:00,3463,3678,3935,6153,6141,6130,2690,2463,2195
19/2/2020 18:30,3385,3570,3843,6115,6098,6081,2730,2528,2238
19/2/2020 19:00,3274,3459,3681,5980,5959,5945,2706,2500,2264
19/2/2020 19:30,3132,3311,3447,5823,5803,5769,2691,2492,2322
19/2/2020 20:00,2987,3145,3171,5661,5656,5578,2674,2511,2407
19/2/2020 20:30,2839,3024,3007,5477,5490,5398,2638,2466,2391
19/2/2020 21:00,2705,2841,2911,5264,5291,5224,2559,2450,2313
19/2/2020 21:30,2585,2706,2936,5021,5050,4959,2436,2344,2023
19/2/2020 22:00,2482,2584,2808,4762,4782,4735,2280,2198,1927
19/2/2020 22:30,2395,2479,2423,4546,4564,4447,2151,2085,2024
19/2/2020 23:00,2129,2379,2149,4390,4393,4268,2261,2014,2119
19/2/2020 23:30,2032,2284,2100,4212,4215,4114,2180,1931,2014
20/2/2020 0:00,1975,2208,2126,4024,4026,3942,2049,1818,1816
20/2/2020 0:30,1959,2160,2267,3878,3880,3805,1919,1720,1538
20/2/2020 1:00,1968,2104,2211,3779,3778,3708,1811,1674,1497
20/2/2020 1:30,2003,2192,2054,3696,3695,3623,1693,1503,1569
20/2/2020 2:00,2018,2122,1959,3622,3619,3544,1604,1497,1585
20/2/2020 2:30,2014,1951,1889,3566,3566,3496,1552,1615,1607
20/2/2020 3:00,2036,1945,1843,3529,3526,3487,1493,1581,1644
20/2/2020 3:30,2084,1996,1832,3504,3503,3501,1420,1507,1669
20/2/2020 4:00,2150,2022,1926,3492,3490,3490,1342,1468,1564
20/2/2020 4:30,2234,2078,2074,3503,3502,3495,1269,1424,1421
20/2/2020 5:00,2345,2184,2191,3552,3550,3544,1207,1366,1353
20/2/2020 5:30,2485,2321,2449,3693,3673,3624,1208,1352,1175
20/2/2020 6:00,2581,2433,2795,3940,3925,3896,1359,1492,1101
20/2/2020 6:30,2633,2462,2810,4296,4290,4150,1663,1828,1340
20/2/2020 7:00,2657,2512,3054,4715,4713,4539,2058,2201,1485
20/2/2020 7:30,2652,2518,2992,5012,5011,4868,2360,2493,1876
20/2/2020 8:00,2680,2593,2914,5168,5162,4999,2488,2569,2085
20/2/2020 8:30,2739,2660,3084,5288,5288,5193,2549,2628,2109
20/2/2020 9:00,2807,2738,2997,5391,5409,5360,2584,2671,2363
20/2/2020 9:30,2884,2988,2944,5446,5467,5407,2562,2479,2463
20/2/2020 10:00,3007,3099,3065,5456,5463,5447,2449,2364,2382
20/2/2020 10:30,3176,3323,2896,5466,5445,5404,2290,2122,2508
20/2/2020 11:00,3308,3422,3318,5482,5448,5490,2174,2026,2172
20/2/2020 11:30,3404,3477,3566,5501,5464,5478,2097,1987,1912
20/2/2020 12:00,3468,3545,3791,5513,5477,5492,2045,1932,1701
20/2/2020 12:30,3501,3685,3883,5491,5462,5512,1990,1777,1629
20/2/2020 13:00,3520,3704,3872,5439,5412,5490,1919,1708,1618
20/2/2020 13:30,3524,3604,3788,5399,5368,5347,1875,1764,1559
20/2/2020 14:00,3531,3597,3788,5382,5338,5343,1851,1741,1555
20/2/2020 14:30,3540,3525,3779,5382,5341,5331,1842,1816,1552
20/2/2020 15:00,3523,3517,3746,5402,5375,5314,1879,1858,1568
20/2/2020 15:30,3482,3741,3789,5456,5422,5356,1974,1681,1567
20/2/2020 16:00,3439,3676,3807,5542,5478,5403,2103,1802,1596
20/2/2020 16:30,3394,3586,3862,5637,5552,5538,2243,1966,1676
20/2/2020 17:00,3336,3497,3633,5747,5661,5615,2411,2164,1982
20/2/2020 17:30,3265,3418,3465,5923,5868,5757,2658,2450,2292
20/2/2020 18:00,3195,3335,3388,6128,6125,5944,2933,2790,2556
20/2/2020 18:30,3127,3235,3406,6150,6158,6012,3023,2923,2606
20/2/2020 19:00,3078,3165,3406,5985,5958,5915,2907,2793,2509
20/2/2020 19:30,3049,3146,3322,5815,5765,5792,2766,2619,2470
20/2/2020 20:00,3019,3096,3288,5673,5622,5615,2654,2526,2327
20/2/2020 20:30,2988,3049,3218,5509,5454,5485,2521,2405,2267
20/2/2020 21:00,2962,3006,3243,5309,5245,5316,2347,2239,2073
20/2/2020 21:30,2941,2910,3248,5066,4998,5062,2125,2088,1814
20/2/2020 22:00,2939,2916,3184,4797,4730,4800,1858,1814,1616
20/2/2020 22:30,2955,3046,3182,4573,4504,4582,1618,1458,1400
20/2/2020 23:00,3123,3104,3210,4330,4329,4467,1207,1225,1257
20/2/2020 23:30,3169,3210,3228,4163,4160,4329,994,950,1101
21/2/2020 0:00,3199,3257,3180,3998,3995,4123,799,738,943
21/2/2020 0:30,3212,3328,3104,3863,3858,3951,651,530,847
21/2/2020 1:00,3206,3323,3039,3757,3752,3815,551,429,776
21/2/2020 1:30,3180,3311,2970,3662,3657,3712,482,346,742
21/2/2020 2:00,3155,3276,2880,3578,3573,3622,423,297,742
21/2/2020 2:30,3131,3227,2812,3527,3522,3558,396,295,746
21/2/2020 3:00,3121,3209,2755,3509,3505,3498,388,296,743
21/2/2020 3:30,3124,3069,2720,3501,3496,3473,377,427,753
21/2/2020 4:00,3127,3077,2694,3499,3496,3457,372,419,763
21/2/2020 4:30,3129,3052,2685,3514,3513,3451,385,461,766
21/2/2020 5:00,3159,3090,2712,3560,3558,3498,401,468,786
21/2/2020 5:30,3216,3100,2661,3681,3680,3583,465,580,922
21/2/2020 6:00,3296,3189,2753,3896,3895,3790,600,706,1037
21/2/2020 6:30,3399,3237,2968,4230,4231,4075,831,994,1107
21/2/2020 7:00,3480,3333,3302,4640,4640,4474,1160,1307,1172
21/2/2020 7:30,3540,3358,3513,4923,4919,4813,1383,1561,1300
21/2/2020 8:00,3581,3417,3553,5062,5051,4975,1481,1634,1422
21/2/2020 8:30,3605,3403,3598,5198,5183,5162,1593,1780,1564
21/2/2020 9:00,3623,3443,3790,5350,5334,5369,1727,1891,1579
21/2/2020 9:30,3635,3399,3767,5445,5428,5466,1810,2029,1699
21/2/2020 10:00,3645,3434,3731,5480,5458,5480,1835,2024,1749
21/2/2020 10:30,3652,3549,3679,5505,5474,5486,1853,1925,1807
21/2/2020 11:00,3653,3556,3787,5530,5500,5503,1877,1944,1716
21/2/2020 11:30,3646,3649,3918,5551,5523,5506,1905,1874,1588
21/2/2020 12:00,3640,3643,3945,5560,5532,5548,1920,1889,1603
21/2/2020 12:30,3636,3686,3978,5539,5510,5568,1903,1824,1590
21/2/2020 13:00,3632,3681,3970,5489,5455,5515,1857,1774,1545
21/2/2020 13:30,3629,3693,3896,5435,5398,5404,1806,1705,1508
21/2/2020 14:00,3628,3687,3870,5388,5348,5351,1760,1661,1481
21/2/2020 14:30,3629,3679,3849,5369,5319,5322,1740,1640,1473
21/2/2020 15:00,3632,3673,3829,5381,5317,5303,1749,1644,1474
21/2/2020 15:30,3637,3766,3841,5405,5350,5304,1768,1584,1463
21/2/2020 16:00,3644,3759,3876,5444,5418,5354,1800,1659,1478
21/2/2020 16:30,3652,3804,3905,5523,5506,5453,1871,1702,1548
21/2/2020 17:00,3658,3796,3980,5644,5617,5577,1986,1821,1597
21/2/2020 17:30,3661,3795,4069,5788,5756,5728,2127,1961,1659
21/2/2020 18:00,3665,3788,4211,5916,5892,5887,2251,2104,1676
21/2/2020 18:30,3670,3771,4235,5892,5875,5882,2222,2104,1647
21/2/2020 19:00,3668,3763,4126,5721,5710,5757,2053,1947,1631
21/2/2020 19:30,3659,3792,4003,5552,5547,5588,1893,1755,1585
21/2/2020 20:00,3649,3776,3892,5411,5414,5411,1762,1638,1519
21/2/2020 20:30,3638,3747,3805,5243,5253,5226,1605,1506,1421
21/2/2020 21:00,3610,3726,3625,5038,5053,5046,1428,1327,1421
21/2/2020 21:30,3564,3848,3497,4801,4821,4831,1237,973,1334
21/2/2020 22:00,3513,3784,3387,4554,4580,4615,1041,796,1228
21/2/2020 22:30,3455,3716,3229,4364,4412,4382,909,696,1153
21/2/2020 23:00,3425,3647,3239,4287,4295,4344,862,648,1105
21/2/2020 23:30,3375,3543,3180,4143,4151,4238,768,608,1058
22/2/2020 0:00,3327,3481,3116,3964,3974,4053,637,493,937
22/2/2020 0:30,3281,3328,3026,3808,3820,3896,527,492,870
22/2/2020 1:00,3227,3272,2908,3685,3694,3756,458,422,848
22/2/2020 1:30,3166,3117,2770,3576,3585,3621,410,468,851
22/2/2020 2:00,3112,3077,2656,3480,3489,3518,368,412,862
22/2/2020 2:30,3067,2988,2583,3404,3414,3428,337,426,845
22/2/2020 3:00,3038,2974,2555,3352,3360,3389,314,386,834
22/2/2020 3:30,3027,2873,2475,3321,3329,3349,294,456,874
22/2/2020 4:00,3021,2886,2456,3309,3319,3319,288,433,863
22/2/2020 4:30,3021,2901,2449,3303,3314,3306,282,413,857
22/2/2020 5:00,3036,2934,2440,3307,3317,3303,271,383,863
22/2/2020 5:30,3068,2842,2447,3343,3353,3331,275,511,884
22/2/2020 6:00,3123,2927,2544,3422,3432,3446,299,505,902
22/2/2020 6:30,3202,3013,2577,3561,3565,3565,359,552,988
22/2/2020 7:00,3268,3099,2609,3747,3743,3738,479,644,1129
22/2/2020 7:30,3321,3055,2738,3917,3921,3839,596,866,1101
22/2/2020 8:00,3360,3116,2841,4072,4098,4000,712,982,1159
22/2/2020 8:30,3383,3140,2985,4276,4313,4197,893,1173,1212
22/2/2020 9:00,3405,3175,3207,4517,4556,4456,1112,1381,1249
22/2/2020 9:30,3425,3110,3412,4689,4726,4659,1264,1616,1247
22/2/2020 10:00,3445,3158,3477,4781,4805,4771,1336,1647,1294
22/2/2020 10:30,3467,3168,3507,4846,4840,4829,1379,1672,1322
22/2/2020 11:00,3485,3223,3554,4898,4874,4874,1413,1651,1320
22/2/2020 11:30,3499,3247,3589,4937,4915,4930,1438,1668,1341
22/2/2020 12:00,3504,3280,3560,4960,4955,4925,1456,1675,1365
22/2/2020 12:30,3500,3386,3592,4945,4956,4948,1445,1570,1356
22/2/2020 13:00,3483,3382,3543,4895,4908,4903,1412,1526,1360
22/2/2020 13:30,3454,3504,3584,4834,4847,4895,1380,1343,1311
22/2/2020 14:00,3426,3470,3493,4774,4780,4816,1348,1310,1323
22/2/2020 14:30,3399,3420,3526,4734,4732,4806,1335,1312,1280
22/2/2020 15:00,3357,3371,3441,4724,4713,4780,1367,1342,1339
22/2/2020 15:30,3299,3334,3429,4756,4742,4778,1457,1408,1349
22/2/2020 16:00,3254,3275,3496,4828,4815,4828,1574,1540,1332
22/2/2020 16:30,3221,3257,3514,4915,4901,4949,1694,1644,1435
22/2/2020 17:00,3166,3164,3535,5022,5008,5104,1856,1844,1569
22/2/2020 17:30,3089,3069,3422,5196,5188,5264,2107,2119,1842
22/2/2020 18:00,3018,2958,3412,5397,5401,5465,2379,2443,2053
22/2/2020 18:30,2951,2875,3210,5415,5425,5446,2464,2550,2236
22/2/2020 19:00,2869,2763,2980,5246,5255,5368,2377,2492,2388
22/2/2020 19:30,2773,2740,2941,5083,5081,5137,2310,2341,2196
22/2/2020 20:00,2675,2582,2828,4964,4947,4983,2289,2365,2155
22/2/2020 20:30,2575,2515,2672,4836,4813,4824,2261,2298,2152
22/2/2020 21:00,2450,2340,2351,4685,4669,4655,2235,2329,2304
22/2/2020 21:30,2301,2217,2220,4507,4494,4502,2206,2277,2282
22/2/2020 22:00,2149,2002,2024,4317,4309,4324,2168,2307,2300
22/2/2020 22:30,1992,1701,1846,4177,4165,4195,2185,2464,2349
22/2/2020 23:00,1294,1502,1764,4104,4090,4180,2810,2588,2416
22/2/2020 23:30,1212,1357,1797,4028,4015,4087,2816,2658,2290
23/2/2020 0:00,1170,1287,1782,3935,3927,3991,2765,2640,2209
23/2/2020 0:30,1170,1326,1680,3824,3824,3867,2654,2498,2187
23/2/2020 1:00,1179,1367,1670,3699,3708,3764,2520,2341,2094
23/2/2020 1:30,1198,1270,1676,3586,3599,3662,2388,2329,1986
23/2/2020 2:00,1238,1280,1743,3492,3502,3574,2254,2222,1831
23/2/2020 2:30,1298,1252,1854,3418,3427,3537,2120,2175,1683
23/2/2020 3:00,1349,1253,1906,3364,3373,3478,2015,2120,1572
23/2/2020 3:30,1393,1433,1813,3332,3341,3438,1939,1908,1625
23/2/2020 4:00,1459,1492,1843,3317,3327,3398,1858,1835,1555
23/2/2020 4:30,1547,1653,1960,3301,3313,3372,1754,1660,1412
23/2/2020 5:00,1660,1790,2012,3287,3302,3357,1627,1512,1345
23/2/2020 5:30,1798,2037,2084,3294,3308,3331,1496,1271,1247
23/2/2020 6:00,1955,2162,2259,3328,3338,3406,1373,1176,1147
23/2/2020 6:30,2130,2382,2453,3390,3399,3442,1260,1017,989
23/2/2020 7:00,2227,2388,2463,3473,3483,3527,1246,1095,1064
23/2/2020 7:30,2246,2364,2352,3556,3563,3589,1310,1199,1237
23/2/2020 8:00,2246,2308,2492,3654,3653,3683,1408,1345,1191
23/2/2020 8:30,2227,2175,2497,3848,3838,3895,1621,1663,1398
23/2/2020 9:00,2198,2094,2254,4123,4109,4137,1925,2015,1883
23/2/2020 9:30,2158,1999,1935,4330,4316,4304,2172,2317,2369
23/2/2020 10:00,2117,1956,1785,4449,4441,4444,2332,2485,2659
23/2/2020 10:30,2074,1961,1746,4543,4516,4511,2469,2555,2765
23/2/2020 11:00,2048,1942,1776,4626,4601,4542,2578,2659,2766
23/2/2020 11:30,2037,1931,1697,4696,4660,4553,2659,2729,2856
23/2/2020 12:00,1940,1868,1677,4745,4692,4641,2805,2824,2964
23/2/2020 12:30,1757,1837,1823,4744,4690,4755,2987,2853,2932
23/2/2020 13:00,1591,1691,1670,4692,4656,4753,3101,2965,3083
23/2/2020 13:30,1445,1414,1369,4622,4601,4703,3177,3187,3334
23/2/2020 14:00,1270,1252,1140,4548,4540,4640,3278,3288,3500
23/2/2020 14:30,1067,1121,860,4505,4514,4587,3438,3393,3727
23/2/2020 15:00,853,940,647,4503,4531,4583,3650,3591,3936
23/2/2020 15:30,629,881,534,4555,4587,4584,3926,3706,4050
23/2/2020 16:00,456,699,502,4651,4673,4695,4195,3974,4193
23/2/2020 16:30,337,539,421,4745,4770,4773,4408,4231,4352
23/2/2020 17:00,283,425,429,4849,4890,4994,4566,4465,4565
23/2/2020 17:30,296,341,371,5063,5104,5208,4767,4763,4837
23/2/2020 18:00,351,320,350,5345,5366,5465,4994,5046,5115
23/2/2020 18:30,447,332,363,5418,5429,5503,4971,5097,5140
23/2/2020 19:00,604,411,431,5267,5277,5421,4663,4866,4990
23/2/2020 19:30,821,556,641,5106,5114,5295,4285,4558,4654
23/2/2020 20:00,1045,749,903,4979,4986,5142,3934,4237,4239
23/2/2020 20:30,1276,1015,1278,4851,4850,4980,3575,3835,3702
23/2/2020 21:00,1515,1254,1600,4708,4695,4783,3193,3441,3183
23/2/2020 21:30,1761,1472,1855,4531,4515,4560,2770,3043,2705
23/2/2020 22:00,1962,1650,1997,4332,4330,4361,2370,2680,2364
23/2/2020 22:30,2117,1814,2181,4189,4190,4167,2072,2376,1986
23/2/2020 23:00,2099,1954,2258,4094,4095,4034,1995,2141,1776
23/2/2020 23:30,2253,2067,2196,3963,3961,3861,1710,1894,1665
24/2/2020 0:00,2395,2184,2441,3796,3789,3736,1401,1605,1295
24/2/2020 0:30,2524,2525,2585,3662,3656,3658,1138,1131,1073
24/2/2020 1:00,2634,2632,2668,3570,3572,3577,936,940,909
24/2/2020 1:30,2725,2734,2689,3495,3504,3495,770,770,806
24/2/2020 2:00,2810,2811,2615,3431,3443,3421,621,632,806
24/2/2020 2:30,2890,2878,2578,3380,3393,3374,490,515,796
24/2/2020 3:00,2950,2954,2550,3342,3350,3343,392,396,793
24/2/2020 3:30,2991,2981,2498,3317,3319,3281,326,338,783
24/2/2020 4:00,3008,3015,2454,3305,3297,3275,297,282,821
24/2/2020 4:30,3000,3044,2472,3308,3296,3294,308,252,822
24/2/2020 5:00,3015,3056,2517,3346,3333,3347,331,277,830
24/2/2020 5:30,3053,3028,2626,3497,3489,3440,444,461,814
24/2/2020 6:00,3087,3055,2750,3777,3775,3699,690,720,949
24/2/2020 6:30,3118,2940,2939,4169,4170,4021,1051,1230,1082
24/2/2020 7:00,3129,2932,3215,4617,4617,4532,1488,1685,1317
24/2/2020 7:30,3121,2754,3197,4921,4929,4929,1800,2175,1732
24/2/2020 8:00,3132,2758,3242,5065,5086,5068,1933,2328,1826
24/2/2020 8:30,3162,2593,3229,5187,5218,5149,2025,2625,1920
24/2/2020 9:00,3209,2653,3156,5308,5344,5277,2099,2691,2121
24/2/2020 9:30,3273,2754,3152,5371,5407,5347,2098,2653,2195
24/2/2020 10:00,3331,2881,3347,5376,5407,5350,2045,2526,2003
24/2/2020 10:30,3382,3251,3552,5379,5377,5397,1997,2126,1845
24/2/2020 11:00,3437,3352,3666,5391,5373,5393,1954,2021,1727
24/2/2020 11:30,3495,3531,3794,5403,5390,5395,1908,1859,1601
24/2/2020 12:00,3534,3586,3853,5406,5419,5403,1872,1833,1550
24/2/2020 12:30,3553,3631,3862,5384,5413,5480,1831,1782,1618
24/2/2020 13:00,3553,3638,3829,5341,5371,5430,1788,1733,1601
24/2/2020 13:30,3534,3734,3788,5314,5335,5327,1780,1601,1539
24/2/2020 14:00,3521,3691,3757,5309,5318,5309,1788,1627,1552
24/2/2020 14:30,3513,3660,3702,5310,5310,5270,1797,1650,1568
24/2/2020 15:00,3496,3601,3626,5319,5313,5269,1823,1712,1643
24/2/2020 15:30,3470,3610,3611,5366,5357,5290,1896,1747,1679
24/2/2020 16:00,3425,3521,3616,5452,5439,5352,2027,1918,1736
24/2/2020 16:30,3361,3404,3607,5541,5527,5492,2180,2123,1885
24/2/2020 17:00,3282,3274,3515,5646,5631,5636,2364,2357,2121
24/2/2020 17:30,3187,3133,3291,5843,5832,5723,2656,2699,2432
24/2/2020 18:00,3085,2988,2851,6086,6082,5852,3001,3094,3001
24/2/2020 18:30,2977,2834,2547,6113,6111,5948,3136,3277,3401
24/2/2020 19:00,2890,2677,2529,5913,5906,5872,3023,3229,3343
24/2/2020 19:30,2823,2513,2334,5711,5713,5728,2888,3200,3394
24/2/2020 20:00,2757,2388,2222,5550,5574,5533,2793,3186,3311
24/2/2020 20:30,2690,2394,2247,5375,5403,5392,2685,3009,3145
24/2/2020 21:00,2624,2335,2169,5170,5182,5205,2546,2847,3036
24/2/2020 21:30,2559,2157,2157,4936,4934,4929,2377,2777,2772
24/2/2020 22:00,2508,2133,2179,4685,4670,4662,2177,2537,2483
24/2/2020 22:30,2470,2070,2200,4470,4425,4401,2000,2355,2201
24/2/2020 23:00,2159,2110,2215,4228,4223,4242,2069,2113,2027
24/2/2020 23:30,2206,2197,2262,4063,4058,4106,1857,1861,1844
25/2/2020 0:00,2212,2212,2244,3930,3927,3915,1718,1715,1671
25/2/2020 0:30,2176,2166,2331,3818,3815,3815,1642,1649,1484
25/2/2020 1:00,2159,2148,2342,3722,3719,3717,1563,1571,1375
25/2/2020 1:30,2161,2155,2314,3638,3637,3614,1477,1482,1300
25/2/2020 2:00,2159,2109,2189,3568,3567,3558,1409,1458,1369
25/2/2020 2:30,2153,2062,2114,3518,3516,3506,1365,1454,1392
25/2/2020 3:00,2166,2076,2197,3487,3482,3487,1321,1406,1290
25/2/2020 3:30,2197,2191,2164,3476,3469,3458,1279,1278,1294
25/2/2020 4:00,2205,2223,2229,3482,3473,3451,1277,1250,1222
25/2/2020 4:30,2189,2224,2273,3503,3493,3478,1314,1269,1205
25/2/2020 5:00,2185,2198,2212,3550,3539,3530,1365,1341,1318
25/2/2020 5:30,2193,2173,2080,3680,3668,3596,1487,1495,1516
25/2/2020 6:00,2183,2138,2040,3915,3902,3860,1732,1764,1820
25/2/2020 6:30,2157,2106,2173,4285,4274,4209,2128,2168,2036
25/2/2020 7:00,2165,2056,2009,4740,4729,4684,2575,2673,2675
25/2/2020 7:30,2207,1964,2134,5043,5031,5079,2836,3067,2945
25/2/2020 8:00,2224,1980,2026,5175,5158,5191,2951,3178,3165
25/2/2020 8:30,2214,2072,1981,5286,5264,5284,3072,3192,3303
25/2/2020 9:00,2282,2183,2205,5402,5375,5347,3120,3192,3142
25/2/2020 9:30,2426,2202,2389,5464,5435,5442,3038,3233,3053
25/2/2020 10:00,2531,2299,2419,5471,5443,5407,2940,3144,2988
25/2/2020 10:30,2597,2419,2461,5467,5448,5385,2870,3029,2924
25/2/2020 11:00,2671,2520,2766,5466,5456,5407,2795,2936,2641
25/2/2020 11:30,2753,2631,2911,5488,5479,5413,2735,2848,2502
25/2/2020 12:00,2823,2725,2861,5524,5509,5396,2701,2784,2535
25/2/2020 12:30,2883,2820,2949,5527,5508,5460,2644,2688,2511
25/2/2020 13:00,2937,2879,2959,5496,5476,5422,2559,2597,2463
25/2/2020 13:30,2983,2958,2880,5468,5444,5320,2485,2486,2440
25/2/2020 14:00,3023,3000,2943,5455,5421,5347,2432,2421,2404
25/2/2020 14:30,3056,3072,2996,5461,5420,5370,2405,2348,2374
25/2/2020 15:00,3086,3095,2982,5491,5446,5389,2405,2351,2407
25/2/2020 15:30,3111,3063,3036,5557,5515,5481,2446,2452,2445
25/2/2020 16:00,3112,3079,3065,5655,5619,5617,2543,2540,2552
25/2/2020 16:30,3088,3098,3022,5756,5722,5718,2668,2624,2696
25/2/2020 17:00,3061,3085,3145,5873,5830,5887,2812,2745,2742
25/2/2020 17:30,3028,3048,3097,6075,6019,6009,3047,2971,2912
25/2/2020 18:00,3000,3002,3123,6316,6247,6162,3316,3245,3039
25/2/2020 18:30,2977,2988,2929,6345,6282,6236,3368,3294,3307
25/2/2020 19:00,2962,2960,2898,6154,6114,6171,3192,3154,3273
25/2/2020 19:30,2955,2952,3004,5972,5936,6060,3017,2984,3056
25/2/2020 20:00,2951,2942,2992,5836,5792,5894,2885,2850,2902
25/2/2020 20:30,2947,2916,2999,5665,5625,5697,2718,2709,2698
25/2/2020 21:00,2930,2904,3121,5443,5418,5495,2513,2514,2374
25/2/2020 21:30,2899,2943,3097,5186,5166,5261,2287,2223,2164
25/2/2020 22:00,2874,2942,3048,4913,4891,4980,2039,1949,1932
25/2/2020 22:30,2854,2891,2982,4679,4671,4689,1825,1780,1707
25/2/2020 23:00,2769,2880,3003,4513,4508,4478,1744,1628,1475
25/2/2020 23:30,2761,2866,3042,4335,4327,4322,1574,1461,1280
26/2/2020 0:00,2724,2813,3046,4137,4128,4136,1413,1315,1090
26/2/2020 0:30,2660,2822,3091,3983,3974,4023,1323,1152,932
26/2/2020 1:00,2640,2775,3106,3881,3873,3945,1241,1098,839
26/2/2020 1:30,2665,2700,3095,3797,3789,3868,1132,1089,773
26/2/2020 2:00,2688,2664,2999,3724,3717,3767,1036,1053,768
26/2/2020 2:30,2708,2658,2958,3663,3657,3711,955,999,753
26/2/2020 3:00,2703,2647,2834,3617,3609,3637,914,962,803
26/2/2020 3:30,2673,2729,2673,3592,3584,3578,919,855,905
26/2/2020 4:00,2644,2695,2654,3587,3578,3597,943,883,943
26/2/2020 4:30,2615,2717,2576,3593,3583,3574,978,866,998
26/2/2020 5:00,2546,2648,2733,3626,3615,3639,1080,967,906
26/2/2020 5:30,2436,2586,2743,3754,3743,3733,1318,1157,990
26/2/2020 6:00,2313,2475,2380,3999,3988,3986,1686,1513,1606
26/2/2020 6:30,2177,2384,2278,4369,4358,4372,2192,1974,2094
26/2/2020 7:00,2029,2195,2091,4812,4801,4892,2783,2606,2801
26/2/2020 7:30,1866,1911,1948,5109,5101,5230,3243,3190,3282
26/2/2020 8:00,1751,1736,1696,5240,5234,5392,3489,3498,3696
26/2/2020 8:30,1682,1628,1551,5340,5331,5410,3658,3703,3859
26/2/2020 9:00,1654,1517,1564,5435,5417,5418,3781,3900,3854
26/2/2020 9:30,1667,1450,1275,5486,5455,5519,3819,4005,4244
26/2/2020 10:00,1726,1469,1214,5491,5446,5484,3765,3977,4270
26/2/2020 10:30,1830,1535,1073,5477,5423,5413,3647,3888,4340
26/2/2020 11:00,1936,1627,1160,5457,5404,5380,3521,3777,4220
26/2/2020 11:30,2044,1690,1365,5464,5403,5358,3420,3713,3993
26/2/2020 12:00,2121,1748,1484,5491,5419,5351,3370,3671,3867
26/2/2020 12:30,2167,1804,1580,5485,5405,5348,3318,3601,3768
26/2/2020 13:00,2178,1852,1620,5443,5363,5308,3265,3511,3688
26/2/2020 13:30,2153,1880,1675,5396,5323,5220,3243,3443,3545
26/2/2020 14:00,2090,1849,1584,5359,5299,5246,3269,3450,3662
26/2/2020 14:30,1988,1466,1367,5349,5301,5205,3361,3835,3838
26/2/2020 15:00,1853,1394,1102,5371,5335,5270,3518,3941,4168
26/2/2020 15:30,1684,1302,1004,5436,5415,5379,3752,4113,4375
26/2/2020 16:00,1502,1148,895,5536,5531,5484,4034,4383,4589
26/2/2020 16:30,1304,968,779,5631,5637,5665,4327,4669,4886
26/2/2020 17:00,1131,828,668,5734,5740,5834,4603,4912,5166
26/2/2020 17:30,982,725,654,5928,5928,5969,4946,5203,5315
26/2/2020 18:00,872,630,646,6171,6163,6120,5299,5533,5474
26/2/2020 18:30,804,555,610,6217,6217,6200,5413,5662,5590
26/2/2020 19:00,738,491,575,6055,6075,6112,5317,5584,5537
26/2/2020 19:30,675,333,566,5883,5911,5988,5208,5578,5422
26/2/2020 20:00,618,320,509,5739,5766,5818,5121,5446,5309
26/2/2020 20:30,569,320,491,5572,5597,5661,5003,5277,5170
26/2/2020 21:00,538,296,424,5368,5389,5481,4830,5093,5057
26/2/2020 21:30,526,338,381,5119,5138,5223,4593,4800,4842
26/2/2020 22:00,509,310,317,4844,4863,4933,4335,4553,4616
26/2/2020 22:30,488,298,283,4630,4631,4657,4142,4333,4374
26/2/2020 23:00,272,287,249,4458,4452,4489,4186,4165,4240
26/2/2020 23:30,286,279,223,4275,4267,4331,3989,3988,4108
27/2/2020 0:00,301,289,244,4085,4077,4132,3784,3788,3888
27/2/2020 0:30,318,307,291,3942,3933,3988,3624,3626,3697
27/2/2020 1:00,341,357,321,3852,3845,3869,3511,3488,3548
27/2/2020 1:30,371,538,372,3772,3767,3788,3401,3229,3416
27/2/2020 2:00,438,641,444,3695,3692,3700,3257,3051,3256
27/2/2020 2:30,542,688,495,3633,3632,3635,3091,2944,3140
27/2/2020 3:00,644,785,621,3591,3588,3583,2947,2803,2962
27/2/2020 3:30,743,875,712,3570,3566,3552,2827,2691,2840
27/2/2020 4:00,854,1000,889,3568,3565,3533,2714,2565,2644
27/2/2020 4:30,977,1165,1068,3579,3577,3535,2602,2412,2467
27/2/2020 5:00,1078,1243,1177,3618,3618,3612,2540,2375,2435
27/2/2020 5:30,1158,1245,1220,3751,3752,3709,2593,2507,2489
27/2/2020 6:00,1226,1232,1237,3999,3999,3964,2773,2767,2727
27/2/2020 6:30,1280,1256,1183,4376,4381,4408,3096,3125,3225
27/2/2020 7:00,1294,1205,1147,4829,4841,4766,3535,3636,3619
27/2/2020 7:30,1265,1125,1183,5131,5146,5118,3866,4021,3935
27/2/2020 8:00,1228,1052,1105,5261,5267,5282,4033,4215,4177
27/2/2020 8:30,1181,1079,1037,5363,5360,5336,4182,4281,4299
27/2/2020 9:00,1168,1040,1021,5459,5445,5440,4291,4405,4419
27/2/2020 9:30,1190,1000,958,5499,5480,5501,4309,4480,4543
27/2/2020 10:00,1256,1015,916,5480,5462,5461,4224,4447,4545
27/2/2020 10:30,1367,1055,890,5447,5421,5388,4080,4366,4498
27/2/2020 11:00,1496,1166,1061,5415,5388,5372,3919,4222,4311
27/2/2020 11:30,1643,1304,1167,5407,5378,5296,3764,4074,4129
27/2/2020 12:00,1739,1404,1414,5417,5389,5310,3678,3985,3896
27/2/2020 12:30,1785,1461,1537,5400,5372,5333,3615,3911,3796
27/2/2020 13:00,1777,1508,1451,5351,5323,5262,3574,3815,3811
27/2/2020 13:30,1716,1421,1339,5303,5277,5171,3587,3856,3832
27/2/2020 14:00,1649,1405,1197,5269,5249,5162,3620,3844,3965
27/2/2020 14:30,1575,1354,1130,5263,5246,5158,3688,3892,4028
27/2/2020 15:00,1436,1263,1039,5291,5275,5185,3855,4012,4146
27/2/2020 15:30,1233,1101,981,5359,5349,5240,4126,4248,4259
27/2/2020 16:00,1057,955,980,5460,5461,5329,4403,4506,4349
27/2/2020 16:30,909,830,879,5552,5569,5473,4643,4739,4594
27/2/2020 17:00,815,769,835,5653,5682,5628,4838,4913,4793
27/2/2020 17:30,775,779,849,5865,5887,5766,5090,5108,4917
27/2/2020 18:00,782,803,951,6144,6136,5937,5362,5333,4986
27/2/2020 18:30,836,788,1069,6214,6190,6099,5378,5402,5030
27/2/2020 19:00,891,841,1119,6057,6029,6036,5166,5188,4917
27/2/2020 19:30,946,976,1246,5885,5853,5924,4939,4877,4678
27/2/2020 20:00,1025,1041,1324,5737,5706,5763,4712,4665,4439
27/2/2020 20:30,1126,1060,1521,5566,5543,5612,4440,4483,4091
27/2/2020 21:00,1215,1153,1552,5359,5344,5420,4144,4191,3868
27/2/2020 21:30,1291,1260,1734,5110,5097,5125,3819,3837,3391
27/2/2020 22:00,1371,1356,1814,4834,4819,4836,3463,3463,3022
27/2/2020 22:30,1454,1548,1885,4609,4588,4539,3155,3040,2654
27/2/2020 23:00,1581,1615,1912,4423,4416,4370,2842,2801,2458
27/2/2020 23:30,1658,1731,1939,4257,4248,4177,2599,2517,2238
28/2/2020 0:00,1731,1797,1901,4090,4080,3979,2359,2283,2078
28/2/2020 0:30,1802,1943,1992,3949,3939,3869,2147,1996,1877
28/2/2020 1:00,1888,2007,1994,3839,3828,3772,1951,1821,1778
28/2/2020 1:30,1990,2110,2124,3742,3732,3726,1752,1622,1602
28/2/2020 2:00,2083,2178,2239,3656,3646,3662,1573,1468,1423
28/2/2020 2:30,2168,2262,2308,3590,3583,3620,1422,1321,1312
28/2/2020 3:00,2242,2317,2201,3547,3541,3548,1305,1224,1347
28/2/2020 3:30,2306,2357,2227,3522,3519,3530,1216,1162,1303
28/2/2020 4:00,2345,2371,2268,3516,3513,3511,1171,1142,1243
28/2/2020 4:30,2360,2361,2278,3530,3528,3520,1170,1167,1242
28/2/2020 5:00,2364,2413,2541,3577,3574,3582,1213,1161,1041
28/2/2020 5:30,2357,2577,2594,3695,3694,3662,1338,1117,1068
28/2/2020 6:00,2377,2662,2715,3908,3910,3911,1531,1248,1196
28/2/2020 6:30,2423,2761,2826,4262,4264,4225,1839,1503,1399
28/2/2020 7:00,2504,2830,3055,4709,4706,4705,2205,1876,1650
28/2/2020 7:30,2621,2792,3158,5010,5002,5108,2389,2210,1950
28/2/2020 8:00,2722,2855,3299,5143,5129,5246,2421,2274,1947
28/2/2020 8:30,2807,3128,3361,5265,5251,5315,2458,2123,1954
28/2/2020 9:00,2860,3167,3482,5397,5384,5447,2537,2217,1965
28/2/2020 9:30,2881,3154,3508,5466,5456,5515,2585,2302,2007
28/2/2020 10:00,2874,3128,3498,5468,5457,5491,2594,2329,1993
28/2/2020 10:30,2839,3081,3504,5455,5428,5510,2616,2347,2006
28/2/2020 11:00,2807,3052,3541,5444,5422,5529,2637,2370,1988
28/2/2020 11:30,2779,3054,3557,5450,5424,5513,2671,2370,1956
28/2/2020 12:00,2752,3037,3540,5465,5427,5494,2713,2390,1954
28/2/2020 12:30,2727,3116,3518,5449,5398,5490,2722,2282,1972
28/2/2020 13:00,2687,3067,3595,5399,5335,5412,2712,2268,1817
28/2/2020 13:30,2632,3099,3541,5352,5274,5270,2720,2175,1729
28/2/2020 14:00,2572,2976,3502,5315,5228,5239,2743,2252,1737
28/2/2020 14:30,2507,2888,3259,5290,5185,5174,2783,2297,1915
28/2/2020 15:00,2460,2693,3045,5280,5155,5130,2820,2462,2085
28/2/2020 15:30,2433,2554,2851,5312,5159,5101,2879,2605,2250
28/2/2020 16:00,2358,2379,2739,5386,5203,5135,3028,2824,2396
28/2/2020 16:30,2235,2303,2697,5488,5265,5259,3253,2962,2562
28/2/2020 17:00,2112,2210,2634,5613,5359,5375,3501,3149,2741
28/2/2020 17:30,1990,2339,2373,5767,5550,5524,3777,3211,3151
28/2/2020 18:00,1932,2347,2297,5915,5798,5669,3983,3451,3372
28/2/2020 18:30,1936,2413,2283,5919,5873,5801,3983,3460,3518
28/2/2020 19:00,1954,2500,2559,5777,5760,5756,3823,3260,3197
28/2/2020 19:30,1987,2637,2721,5624,5622,5610,3637,2985,2889
28/2/2020 20:00,2045,2741,2962,5484,5498,5406,3439,2757,2444
28/2/2020 20:30,2128,2911,3065,5322,5340,5231,3194,2429,2166
28/2/2020 21:00,2189,2996,3148,5127,5132,5077,2938,2136,1929
28/2/2020 21:30,2227,2961,3025,4892,4879,4828,2665,1918,1803
28/2/2020 22:00,2303,3021,3200,4635,4603,4610,2332,1582,1410
28/2/2020 22:30,2417,3139,3169,4444,4403,4404,2027,1264,1235
28/2/2020 23:00,2974,3153,2931,4263,4269,4289,1289,1116,1358
28/2/2020 23:30,3018,3220,3021,4115,4119,4186,1097,899,1165
29/2/2020 0:00,3024,3190,2993,3945,3945,4013,921,755,1020
29/2/2020 0:30,2992,3160,2899,3807,3806,3833,815,646,934
29/2/2020 1:00,2939,3086,2848,3710,3708,3695,771,622,847
29/2/2020 1:30,2866,2885,2783,3621,3621,3605,755,736,822
29/2/2020 2:00,2814,2809,2645,3537,3539,3481,723,730,836
29/2/2020 2:30,2780,2719,2502,3464,3468,3408,684,749,906
29/2/2020 3:00,2751,2678,2457,3407,3411,3369,656,733,912
29/2/2020 3:30,2725,2681,2442,3376,3381,3357,651,700,915
29/2/2020 4:00,2727,2692,2414,3370,3376,3331,643,684,917
29/2/2020 4:30,2756,2667,2436,3374,3382,3334,618,715,898
29/2/2020 5:00,2799,2738,2469,3391,3400,3371,592,662,902
29/2/2020 5:30,2857,2792,2489,3442,3452,3390,585,660,901
29/2/2020 6:00,2932,2885,2562,3536,3544,3556,604,659,994
29/2/2020 6:30,3025,2938,2568,3679,3688,3640,654,750,1072
29/2/2020 7:00,3125,3034,2631,3864,3875,3772,739,841,1141
29/2/2020 7:30,3232,3112,2748,4060,4072,3925,828,960,1177
29/2/2020 8:00,3317,3200,2914,4257,4266,4119,940,1066,1205
29/2/2020 8:30,3382,3153,3057,4457,4468,4350,1075,1315,1293
29/2/2020 9:00,3444,3246,3252,4647,4660,4595,1203,1414,1343
29/2/2020 9:30,3504,3354,3358,4780,4805,4749,1276,1451,1391
29/2/2020 10:00,3541,3429,3456,4851,4890,4834,1310,1461,1378
29/2/2020 10:30,3554,3477,3489,4886,4918,4890,1332,1441,1401
29/2/2020 11:00,3546,3503,3504,4900,4936,4951,1354,1433,1447
29/2/2020 11:30,3515,3507,3479,4926,4964,5010,1411,1457,1531
29/2/2020 12:00,3500,3493,3406,4963,5001,5051,1463,1508,1645
29/2/2020 12:30,3498,3483,3318,4967,5010,5057,1469,1527,1739
29/2/2020 13:00,3488,3463,3204,4933,4983,5023,1445,1520,1819
29/2/2020 13:30,3470,3447,3226,4882,4936,5023,1412,1489,1797
29/2/2020 14:00,3459,3438,3219,4825,4881,5003,1366,1443,1784
29/2/2020 14:30,3456,3452,3254,4793,4850,4982,1337,1398,1728
29/2/2020 15:00,3453,3454,3334,4794,4855,5003,1341,1401,1669
29/2/2020 15:30,3451,3362,3410,4832,4897,5026,1381,1535,1616
29/2/2020 16:00,3449,3388,3480,4902,4975,5088,1453,1587,1608
29/2/2020 16:30,3449,3380,3545,4991,5077,5216,1542,1697,1671
29/2/2020 17:00,3450,3412,3458,5100,5198,5371,1650,1786,1913
29/2/2020 17:30,3453,3455,3490,5253,5325,5449,1800,1870,1959
29/2/2020 18:00,3456,3478,3506,5419,5432,5502,1963,1954,1996
29/2/2020 18:30,3459,3500,3569,5453,5431,5579,1994,1931,2010
29/2/2020 19:00,3467,3510,3518,5346,5318,5424,1879,1808,1906
29/2/2020 19:30,3479,3509,3692,5209,5172,5311,1730,1663,1619
29/2/2020 20:00,3473,3505,3648,5071,5023,5139,1598,1518,1491
29/2/2020 20:30,3449,3508,3594,4929,4876,4920,1480,1368,1326
29/2/2020 21:00,3422,3484,3467,4776,4729,4759,1354,1245,1292
29/2/2020 21:30,3391,3447,3405,4588,4551,4597,1197,1104,1192
29/2/2020 22:00,3348,3401,3281,4378,4360,4440,1030,959,1159
29/2/2020 22:30,3294,3374,3151,4225,4223,4257,931,849,1106
29/2/2020 23:00,3248,3321,3162,4138,4142,4207,890,821,1045
29/2/2020 23:30,3202,3234,3047,4054,4058,4100,852,824,1053
1/3/2020 0:00,3153,3189,3009,3951,3955,3963,798,766,954
1/3/2020 0:30,3099,3117,2950,3823,3827,3818,724,710,868
1/3/2020 1:00,3038,3064,2860,3677,3681,3687,639,617,827
1/3/2020 1:30,2970,2913,2736,3549,3552,3624,579,639,888
1/3/2020 2:00,2912,2859,2685,3446,3451,3552,534,592,867
1/3/2020 2:30,2864,2846,2636,3368,3375,3482,504,529,846
1/3/2020 3:00,2828,2826,2518,3317,3324,3399,489,498,881
1/3/2020 3:30,2806,2790,2480,3289,3296,3356,483,506,876
1/3/2020 4:00,2783,2782,2495,3279,3286,3362,496,504,867
1/3/2020 4:30,2759,2737,2463,3270,3276,3323,511,539,860
1/3/2020 5:00,2764,2758,2466,3260,3265,3331,496,507,865
1/3/2020 5:30,2800,2790,2425,3271,3277,3317,471,487,892
1/3/2020 6:00,2835,2845,2406,3306,3315,3383,471,470,977
1/3/2020 6:30,2872,2815,2359,3364,3370,3445,492,555,1086
1/3/2020 7:00,2872,2854,2373,3448,3443,3492,576,589,1119
1/3/2020 7:30,2836,2823,2467,3568,3555,3590,732,732,1123
1/3/2020 8:00,2812,2853,2563,3726,3709,3755,914,856,1192
1/3/2020 8:30,2799,2870,2659,3928,3914,3929,1129,1044,1270
1/3/2020 9:00,2814,2890,2703,4157,4153,4131,1343,1263,1428
1/3/2020 9:30,2859,2793,2808,4348,4346,4343,1489,1553,1535
1/3/2020 10:00,2896,2821,3091,4488,4483,4503,1592,1662,1412
1/3/2020 10:30,2928,2872,3127,4588,4584,4604,1660,1712,1477
1/3/2020 11:00,2949,2888,3109,4658,4672,4662,1709,1784,1553
1/3/2020 11:30,2962,2831,3145,4721,4746,4738,1759,1915,1593
1/3/2020 12:00,2958,2826,3193,4774,4804,4835,1816,1978,1642
1/3/2020 12:30,2939,2830,3133,4778,4815,4876,1839,1985,1743
1/3/2020 13:00,2933,2807,3167,4728,4774,4899,1795,1967,1732
1/3/2020 13:30,2941,2747,2937,4655,4710,4798,1714,1963,1861
1/3/2020 14:00,2924,2694,2862,4575,4637,4703,1651,1943,1841
1/3/2020 14:30,2883,2753,2904,4528,4590,4631,1645,1837,1727
1/3/2020 15:00,2806,2670,2732,4522,4574,4624,1716,1904,1892
1/3/2020 15:30,2694,2708,2476,4550,4594,4610,1856,1886,2134
1/3/2020 16:00,2575,2565,2394,4605,4642,4689,2030,2077,2295
1/3/2020 16:30,2449,2411,2125,4669,4700,4750,2220,2289,2625
1/3/2020 17:00,2301,2228,1824,4758,4786,4873,2457,2558,3049
1/3/2020 17:30,2131,1946,1803,4955,4994,5030,2824,3048,3227
1/3/2020 18:00,2011,1790,1748,5223,5280,5197,3212,3490,3449
1/3/2020 18:30,1940,1611,1652,5325,5388,5424,3385,3777,3772
1/3/2020 19:00,1874,1545,1626,5239,5293,5427,3365,3748,3801
1/3/2020 19:30,1814,1510,1592,5110,5155,5317,3296,3645,3725
1/3/2020 20:00,1761,1479,1485,4977,5017,5189,3216,3538,3704
1/3/2020 20:30,1715,1298,1583,4843,4878,5060,3128,3580,3477
1/3/2020 21:00,1680,1295,1493,4703,4730,4894,3023,3435,3401
1/3/2020 21:30,1656,1331,1459,4525,4550,4660,2869,3219,3201
1/3/2020 22:00,1631,1333,1448,4322,4354,4435,2691,3021,2987
1/3/2020 22:30,1606,1422,1528,4177,4200,4194,2571,2778,2666
1/3/2020 23:00,1315,1435,1620,4120,4106,4102,2805,2671,2482
1/3/2020 23:30,1331,1454,1575,3980,3966,3960,2649,2512,2385
2/3/2020 0:00,1347,1485,1519,3794,3779,3818,2447,2294,2299
2/3/2020 0:30,1364,1549,1531,3657,3641,3696,2293,2092,2165
2/3/2020 1:00,1383,1577,1699,3580,3566,3644,2197,1989,1945
2/3/2020 1:30,1406,1593,1737,3514,3500,3577,2108,1907,1840
2/3/2020 2:00,1426,1613,1833,3448,3437,3531,2022,1824,1698
2/3/2020 2:30,1446,1674,1859,3397,3389,3478,1951,1715,1619
2/3/2020 3:00,1483,1707,1898,3365,3355,3425,1882,1648,1527
2/3/2020 3:30,1538,1762,1915,3349,3340,3399,1811,1578,1484
2/3/2020 4:00,1559,1790,2001,3349,3340,3414,1790,1550,1413
2/3/2020 4:30,1548,1804,2105,3362,3355,3432,1814,1551,1327
2/3/2020 5:00,1555,1789,1975,3406,3399,3483,1851,1610,1508
2/3/2020 5:30,1581,1804,1849,3551,3545,3560,1970,1741,1711
2/3/2020 6:00,1607,1816,1919,3813,3811,3857,2206,1995,1938
2/3/2020 6:30,1634,1918,2132,4191,4191,4251,2557,2273,2119
2/3/2020 7:00,1655,1939,2221,4635,4635,4662,2980,2696,2441
2/3/2020 7:30,1671,1906,2108,4944,4947,5056,3273,3041,2948
2/3/2020 8:00,1692,1927,1983,5098,5104,5165,3406,3177,3182
2/3/2020 8:30,1717,1845,2019,5219,5223,5229,3502,3378,3210
2/3/2020 9:00,1772,1905,1998,5327,5323,5379,3555,3418,3381
2/3/2020 9:30,1859,2036,1927,5382,5380,5424,3523,3344,3497
2/3/2020 10:00,2012,2218,2000,5386,5392,5414,3374,3174,3414
2/3/2020 10:30,2231,2531,2290,5381,5376,5365,3150,2845,3075
2/3/2020 11:00,2400,2696,2352,5380,5368,5328,2980,2672,2976
2/3/2020 11:30,2519,2841,2712,5392,5379,5312,2873,2538,2600
2/3/2020 12:00,2630,2939,3003,5411,5408,5376,2781,2469,2373
2/3/2020 12:30,2735,2969,3021,5402,5406,5380,2667,2437,2359
2/3/2020 13:00,2795,3022,3145,5366,5371,5373,2571,2349,2228
2/3/2020 13:30,2811,2763,3117,5337,5340,5313,2526,2577,2196
2/3/2020 14:00,2831,2799,3091,5325,5325,5338,2494,2526,2247
2/3/2020 14:30,2856,2860,3021,5332,5331,5316,2476,2471,2295
2/3/2020 15:00,2865,2885,3081,5360,5360,5350,2495,2475,2269
2/3/2020 15:30,2857,2910,2996,5418,5420,5367,2561,2510,2371
2/3/2020 16:00,2828,2885,2773,5501,5505,5380,2673,2620,2607
2/3/2020 16:30,2777,3010,2806,5588,5594,5583,2811,2584,2777
2/3/2020 17:00,2759,2964,2747,5688,5692,5720,2929,2728,2973
2/3/2020 17:30,2776,2899,2572,5866,5864,5817,3090,2965,3245
2/3/2020 18:00,2782,2863,2715,6085,6074,5910,3303,3211,3195
2/3/2020 18:30,2775,2861,2780,6139,6130,6070,3364,3269,3290
2/3/2020 19:00,2797,2836,2777,6011,6012,6034,3214,3176,3257
2/3/2020 19:30,2849,2668,2882,5845,5856,5904,2996,3188,3022
2/3/2020 20:00,2876,2660,2880,5673,5695,5745,2797,3035,2865
2/3/2020 20:30,2877,2660,2745,5487,5514,5565,2610,2854,2820
2/3/2020 21:00,2863,2671,2717,5277,5304,5367,2414,2633,2650
2/3/2020 21:30,2834,2672,2806,5030,5051,5141,2196,2379,2335
2/3/2020 22:00,2784,2677,2950,4758,4766,4841,1974,2089,1891
2/3/2020 22:30,2714,2749,2951,4532,4531,4536,1818,1782,1585
2/3/2020 23:00,2714,2709,2935,4331,4338,4352,1617,1629,1417
2/3/2020 23:30,2644,2700,2739,4153,4159,4160,1509,1459,1421
3/3/2020 0:00,2572,2641,2640,3984,3994,3977,1412,1353,1337
3/3/2020 0:30,2499,2567,2612,3850,3862,3839,1351,1295,1227
3/3/2020 1:00,2425,2508,2568,3750,3766,3739,1325,1258,1171
3/3/2020 1:30,2349,2511,2498,3664,3683,3673,1315,1172,1175
3/3/2020 2:00,2257,2422,2467,3589,3610,3619,1332,1188,1152
3/3/2020 2:30,2148,2329,2422,3531,3554,3605,1383,1225,1183
3/3/2020 3:00,2055,2259,2353,3492,3516,3571,1437,1257,1218
3/3/2020 3:30,1976,2176,2177,3473,3497,3537,1497,1321,1360
3/3/2020 4:00,1880,2108,2132,3471,3493,3519,1591,1385,1387
3/3/2020 4:30,1768,2017,2024,3483,3504,3513,1715,1487,1489
3/3/2020 5:00,1691,1948,2042,3524,3542,3572,1833,1594,1530
3/3/2020 5:30,1649,1930,2143,3658,3674,3692,2009,1744,1549
3/3/2020 6:00,1582,1867,2148,3906,3919,3958,2324,2052,1810
3/3/2020 6:30,1492,1817,2096,4286,4298,4349,2794,2481,2253
3/3/2020 7:00,1411,1739,2047,4745,4757,4786,3334,3018,2739
3/3/2020 7:30,1339,1622,1881,5061,5067,5130,3722,3445,3249
3/3/2020 8:00,1269,1532,1780,5210,5202,5279,3941,3670,3499
3/3/2020 8:30,1200,1481,1570,5310,5301,5288,4110,3820,3718
3/3/2020 9:00,1157,1421,1390,5387,5382,5379,4230,3961,3989
3/3/2020 9:30,1138,1480,1227,5419,5415,5381,4281,3935,4154
3/3/2020 10:00,1179,1549,1253,5409,5398,5303,4230,3849,4050
3/3/2020 10:30,1278,1746,1506,5384,5342,5302,4106,3596,3796
3/3/2020 11:00,1370,1825,1570,5359,5310,5263,3989,3485,3693
3/3/2020 11:30,1455,1828,1760,5357,5304,5245,3902,3476,3485
3/3/2020 12:00,1511,1842,1644,5374,5324,5253,3863,3482,3609
3/3/2020 12:30,1538,1754,1631,5359,5310,5246,3821,3556,3615
3/3/2020 13:00,1536,1736,1678,5312,5262,5237,3776,3526,3559
3/3/2020 13:30,1505,1549,1762,5269,5220,5151,3764,3671,3389
3/3/2020 14:00,1458,1443,1755,5242,5195,5145,3784,3752,3390
3/3/2020 14:30,1395,1316,1509,5240,5189,5161,3845,3873,3652
3/3/2020 15:00,1290,1160,1174,5265,5207,5145,3975,4047,3971
3/3/2020 15:30,1145,985,958,5330,5272,5226,4185,4287,4268
3/3/2020 16:00,994,831,762,5427,5378,5322,4433,4547,4560
3/3/2020 16:30,837,676,609,5523,5485,5486,4686,4809,4877
3/3/2020 17:00,695,535,373,5626,5598,5640,4931,5063,5267
3/3/2020 17:30,568,440,288,5805,5778,5776,5237,5338,5488
3/3/2020 18:00,483,362,288,6029,5994,5865,5546,5632,5577
3/3/2020 18:30,440,309,288,6107,6072,6083,5667,5763,5795
3/3/2020 19:00,403,282,268,6021,5991,6059,5618,5709,5791
3/3/2020 19:30,371,192,277,5884,5855,5943,5513,5663,5666
3/3/2020 20:00,350,199,255,5728,5698,5793,5378,5499,5538
3/3/2020 20:30,339,201,253,5553,5526,5652,5214,5325,5399
3/3/2020 21:00,333,197,270,5355,5331,5421,5022,5134,5151
3/3/2020 21:30,329,173,294,5109,5083,5178,4780,4910,4884
3/3/2020 22:00,329,183,317,4831,4797,4899,4502,4614,4582
3/3/2020 22:30,332,232,294,4603,4569,4598,4271,4337,4304
3/3/2020 23:00,364,235,282,4388,4394,4423,4024,4159,4141
3/3/2020 23:30,379,226,279,4202,4206,4245,3823,3980,3966
4/3/2020 0:00,419,236,260,4004,4008,4061,3585,3772,3801
4/3/2020 0:30,484,278,258,3853,3857,3927,3369,3579,3669
4/3/2020 1:00,538,303,303,3758,3764,3829,3220,3461,3526
4/3/2020 1:30,580,336,343,3685,3693,3742,3105,3357,3399
4/3/2020 2:00,609,362,373,3627,3635,3663,3018,3273,3290
4/3/2020 2:30,626,285,361,3579,3586,3606,2953,3301,3245
4/3/2020 3:00,665,303,380,3540,3548,3586,2875,3245,3206
4/3/2020 3:30,725,318,390,3520,3530,3586,2795,3212,3196
4/3/2020 4:00,780,343,384,3519,3529,3582,2739,3186,3198
4/3/2020 4:30,830,382,428,3532,3545,3583,2702,3163,3155
4/3/2020 5:00,871,403,417,3573,3591,3647,2702,3188,3230
4/3/2020 5:30,905,461,417,3705,3728,3770,2800,3267,3353
4/3/2020 6:00,945,477,417,3949,3976,4044,3004,3499,3627
4/3/2020 6:30,993,486,394,4327,4358,4397,3334,3872,4003
4/3/2020 7:00,1023,491,410,4785,4817,4820,3762,4326,4410
4/3/2020 7:30,1034,477,373,5088,5118,5173,4054,4641,4800
4/3/2020 8:00,1022,462,320,5216,5233,5350,4194,4771,5030
4/3/2020 8:30,989,387,253,5318,5319,5378,4329,4932,5125
4/3/2020 9:00,923,360,206,5419,5397,5473,4496,5037,5267
4/3/2020 9:30,824,317,191,5465,5425,5526,4641,5108,5335
4/3/2020 10:00,767,285,174,5454,5403,5490,4687,5118,5316
4/3/2020 10:30,752,256,177,5427,5378,5439,4675,5122,5262
4/3/2020 11:00,737,230,132,5400,5362,5397,4663,5132,5265
4/3/2020 11:30,724,208,74,5402,5357,5375,4678,5149,5301
4/3/2020 12:00,704,194,53,5425,5366,5348,4721,5172,5295
4/3/2020 12:30,679,111,50,5420,5351,5347,4741,5240,5297
4/3/2020 13:00,680,110,58,5383,5316,5284,4703,5206,5226
4/3/2020 13:30,708,89,76,5348,5282,5190,4640,5193,5114
4/3/2020 14:00,746,90,75,5326,5262,5185,4580,5172,5110
4/3/2020 14:30,793,101,64,5321,5259,5177,4528,5158,5113
4/3/2020 15:00,824,103,63,5338,5279,5210,4514,5176,5147
4/3/2020 15:30,839,76,67,5396,5343,5266,4557,5267,5199
4/3/2020 16:00,841,84,65,5492,5450,5322,4651,5366,5257
4/3/2020 16:30,831,95,76,5600,5567,5464,4769,5472,5388
4/3/2020 17:00,811,104,80,5718,5690,5598,4907,5586,5518
4/3/2020 17:30,783,116,79,5866,5844,5691,5083,5728,5612
4/3/2020 18:00,758,123,90,6022,6002,5760,5264,5879,5670
4/3/2020 18:30,736,118,126,6074,6062,5997,5338,5944,5871
4/3/2020 19:00,710,118,139,6010,6007,6004,5300,5889,5865
4/3/2020 19:30,680,111,156,5887,5893,5909,5207,5782,5753
4/3/2020 20:00,652,109,158,5728,5741,5759,5076,5632,5601
4/3/2020 20:30,626,117,158,5555,5569,5605,4929,5452,5447
4/3/2020 21:00,594,119,174,5366,5366,5407,4772,5247,5233
4/3/2020 21:30,555,115,166,5123,5120,5161,4568,5005,4995
4/3/2020 22:00,520,119,152,4842,4839,4881,4322,4720,4729
4/3/2020 22:30,489,139,146,4618,4607,4599,4129,4468,4453
4/3/2020 23:00,175,138,134,4444,4436,4430,4269,4298,4296
4/3/2020 23:30,180,148,135,4265,4254,4269,4085,4106,4134
5/3/2020 0:00,187,146,157,4071,4059,4090,3884,3913,3933
5/3/2020 0:30,197,146,165,3924,3911,3959,3727,3765,3794
5/3/2020 1:00,205,152,173,3828,3818,3862,3623,3666,3689
5/3/2020 1:30,211,215,200,3747,3738,3783,3536,3523,3583
5/3/2020 2:00,215,233,233,3674,3664,3716,3459,3431,3483
5/3/2020 2:30,218,282,278,3622,3614,3651,3404,3332,3373
5/3/2020 3:00,223,296,285,3592,3585,3610,3369,3289,3325
5/3/2020 3:30,232,316,315,3578,3573,3600,3346,3257,3285
5/3/2020 4:00,239,313,335,3578,3572,3598,3339,3259,3263
5/3/2020 4:30,245,295,330,3591,3587,3589,3346,3292,3259
5/3/2020 5:00,248,279,343,3631,3630,3648,3383,3351,3305
5/3/2020 5:30,250,255,321,3763,3765,3742,3513,3510,3421
5/3/2020 6:00,248,240,307,4007,4012,4015,3759,3772,3708
5/3/2020 6:30,243,221,251,4383,4394,4346,4140,4173,4095
5/3/2020 7:00,238,209,216,4840,4854,4772,4602,4645,4556
5/3/2020 7:30,232,227,188,5148,5155,5175,4916,4928,4987
5/3/2020 8:00,226,218,184,5284,5270,5350,5058,5052,5166
5/3/2020 8:30,220,153,187,5376,5362,5379,5156,5209,5192
5/3/2020 9:00,216,146,123,5450,5452,5461,5234,5306,5338
5/3/2020 9:30,215,154,87,5479,5490,5521,5264,5336,5434
5/3/2020 10:00,240,162,74,5465,5473,5462,5225,5311,5388
5/3/2020 10:30,291,178,72,5436,5424,5425,5145,5246,5353
5/3/2020 11:00,316,203,100,5404,5394,5413,5088,5191,5313
5/3/2020 11:30,315,235,126,5392,5378,5383,5077,5143,5257
5/3/2020 12:00,346,261,154,5396,5375,5382,5050,5114,5228
5/3/2020 12:30,408,276,146,5379,5345,5388,4971,5069,5242
5/3/2020 13:00,448,302,194,5337,5292,5342,4889,4990,5148
5/3/2020 13:30,466,274,252,5298,5243,5239,4832,4969,4987
5/3/2020 14:00,496,310,324,5270,5214,5218,4774,4904,4894
5/3/2020 14:30,537,362,431,5262,5214,5205,4725,4852,4774
5/3/2020 15:00,581,406,491,5280,5251,5206,4699,4845,4715
5/3/2020 15:30,626,444,544,5337,5313,5257,4711,4869,4713
5/3/2020 16:00,656,491,568,5431,5399,5324,4775,4908,4756
5/3/2020 16:30,672,510,636,5531,5497,5443,4859,4987,4807
5/3/2020 17:00,692,547,768,5640,5611,5593,4948,5064,4825
5/3/2020 17:30,715,650,927,5790,5758,5689,5075,5108,4762
5/3/2020 18:00,750,686,774,5961,5918,5735,5211,5232,4961
5/3/2020 18:30,798,802,749,6037,5995,5939,5239,5193,5190
5/3/2020 19:00,874,899,830,6002,5968,5937,5128,5069,5107
5/3/2020 19:30,978,1000,1032,5894,5865,5844,4916,4865,4812
5/3/2020 20:00,1101,1129,1135,5733,5707,5673,4632,4578,4538
5/3/2020 20:30,1245,1367,1250,5554,5533,5531,4309,4166,4281
5/3/2020 21:00,1356,1454,1357,5359,5338,5304,4003,3884,3947
5/3/2020 21:30,1435,1552,1661,5119,5096,5060,3684,3544,3399
5/3/2020 22:00,1495,1610,1710,4846,4819,4785,3351,3209,3075
5/3/2020 22:30,1538,1566,1640,4623,4590,4516,3085,3024,2876
5/3/2020 23:00,1435,1588,1490,4423,4419,4334,2988,2831,2844
5/3/2020 23:30,1457,1615,1367,4260,4256,4135,2803,2641,2768
6/3/2020 0:00,1462,1620,1598,4097,4094,3972,2635,2474,2374
6/3/2020 0:30,1447,1600,1760,3959,3957,3865,2512,2357,2105
6/3/2020 1:00,1440,1618,1774,3851,3848,3778,2411,2230,2004
6/3/2020 1:30,1439,1772,1725,3757,3758,3705,2318,1986,1980
6/3/2020 2:00,1460,1750,1735,3676,3679,3642,2216,1929,1907
6/3/2020 2:30,1501,1529,1874,3616,3623,3619,2115,2094,1745
6/3/2020 3:00,1541,1525,1883,3578,3585,3600,2037,2060,1717
6/3/2020 3:30,1579,1501,1904,3562,3570,3587,1983,2069,1683
6/3/2020 4:00,1603,1521,1907,3567,3572,3588,1964,2051,1681
6/3/2020 4:30,1612,1709,1926,3588,3594,3586,1976,1885,1660
6/3/2020 5:00,1635,1749,1893,3635,3641,3654,2000,1892,1761
6/3/2020 5:30,1672,1771,1932,3757,3765,3740,2085,1994,1808
6/3/2020 6:00,1716,1828,1999,3973,3982,4005,2257,2154,2006
6/3/2020 6:30,1767,1984,2013,4319,4330,4319,2552,2346,2306
6/3/2020 7:00,1814,2027,2077,4752,4759,4715,2938,2732,2638
6/3/2020 7:30,1857,2116,2120,5053,5058,5057,3196,2942,2937
6/3/2020 8:00,1890,2147,2155,5198,5198,5239,3308,3051,3084
6/3/2020 8:30,1913,2174,2248,5308,5303,5272,3395,3129,3024
6/3/2020 9:00,1957,2200,2353,5404,5390,5389,3447,3190,3036
6/3/2020 9:30,2021,2262,2369,5445,5427,5432,3424,3165,3063
6/3/2020 10:00,2071,2323,2448,5432,5412,5367,3361,3089,2919
6/3/2020 10:30,2106,2402,2487,5403,5384,5302,3297,2982,2815
6/3/2020 11:00,2167,2507,2727,5373,5368,5365,3206,2861,2638
6/3/2020 11:30,2254,2612,2914,5359,5367,5418,3105,2755,2504
6/3/2020 12:00,2323,2691,2997,5356,5379,5391,3033,2688,2394
6/3/2020 12:30,2374,2824,3092,5327,5357,5396,2953,2533,2304
6/3/2020 13:00,2437,2847,3050,5269,5300,5324,2832,2453,2274
6/3/2020 13:30,2512,2848,3125,5206,5233,5228,2694,2385,2103
6/3/2020 14:00,2538,2812,2957,5150,5170,5157,2612,2358,2200
6/3/2020 14:30,2515,2778,2789,5122,5127,5070,2607,2349,2281
6/3/2020 15:00,2430,2638,2716,5124,5110,5088,2694,2472,2372
6/3/2020 15:30,2283,2516,2487,5150,5125,5063,2867,2609,2576
6/3/2020 16:00,2058,2218,2286,5196,5173,5089,3138,2955,2803
6/3/2020 16:30,1754,1833,1966,5259,5242,5149,3505,3409,3183
6/3/2020 17:00,1466,1495,1537,5344,5336,5305,3878,3841,3768
6/3/2020 17:30,1195,1233,1135,5478,5465,5423,4283,4232,4288
6/3/2020 18:00,1001,1025,1010,5642,5613,5526,4641,4588,4516
6/3/2020 18:30,885,884,1003,5745,5708,5766,4860,4824,4763
6/3/2020 19:00,817,814,1078,5760,5722,5762,4943,4908,4684
6/3/2020 19:30,799,795,1091,5682,5636,5643,4883,4841,4552
6/3/2020 20:00,805,843,1136,5525,5469,5463,4720,4626,4327
6/3/2020 20:30,835,940,1241,5349,5283,5306,4514,4343,4065
6/3/2020 21:00,891,1034,1351,5161,5085,5088,4270,4051,3737
6/3/2020 21:30,971,1137,1406,4933,4858,4865,3962,3721,3459
6/3/2020 22:00,1046,1272,1629,4681,4616,4632,3635,3344,3003
6/3/2020 22:30,1116,1541,1839,4493,4415,4430,3377,2874,2591
6/3/2020 23:00,1611,1685,1956,4311,4289,4332,2700,2604,2376
6/3/2020 23:30,1784,1882,2125,4169,4147,4189,2385,2265,2064
7/3/2020 0:00,1926,2040,2333,4001,3982,4025,2075,1942,1692
7/3/2020 0:30,2039,2246,2332,3850,3832,3853,1811,1586,1521
7/3/2020 1:00,2126,2345,2411,3725,3708,3724,1599,1363,1313
7/3/2020 1:30,2188,2365,2487,3618,3602,3596,1430,1237,1109
7/3/2020 2:00,2251,2410,2416,3529,3514,3499,1278,1104,1083
7/3/2020 2:30,2315,2554,2425,3465,3452,3465,1150,898,1040
7/3/2020 3:00,2383,2580,2362,3426,3416,3383,1043,836,1021
7/3/2020 3:30,2455,2575,2403,3401,3392,3333,946,817,930
7/3/2020 4:00,2501,2594,2501,3387,3376,3317,886,782,816
7/3/2020 4:30,2521,2572,2503,3382,3374,3315,861,802,812
7/3/2020 5:00,2560,2627,2530,3393,3387,3334,833,760,804
7/3/2020 5:30,2617,2713,2542,3442,3440,3353,825,727,811
7/3/2020 6:00,2698,2806,2638,3534,3533,3491,836,727,853
7/3/2020 6:30,2803,2881,2706,3670,3673,3604,867,792,898
7/3/2020 7:00,2909,2987,2822,3843,3844,3751,934,857,929
7/3/2020 7:30,3016,3072,2906,4025,4023,3918,1009,951,1012
7/3/2020 8:00,3116,3163,2982,4209,4195,4144,1093,1032,1162
7/3/2020 8:30,3209,3233,3236,4401,4381,4367,1192,1148,1131
7/3/2020 9:00,3296,3318,3339,4590,4566,4607,1294,1248,1268
7/3/2020 9:30,3377,3349,3444,4726,4697,4743,1349,1348,1299
7/3/2020 10:00,3448,3422,3510,4804,4767,4829,1356,1345,1319
7/3/2020 10:30,3509,3477,3542,4849,4808,4858,1340,1331,1316
7/3/2020 11:00,3558,3525,3550,4874,4858,4879,1316,1333,1329
7/3/2020 11:30,3595,3516,3534,4900,4892,4894,1305,1376,1360
7/3/2020 12:00,3623,3549,3569,4925,4909,4917,1302,1360,1348
7/3/2020 12:30,3642,3647,3536,4914,4891,4916,1272,1244,1380
7/3/2020 13:00,3655,3663,3547,4867,4839,4892,1212,1176,1345
7/3/2020 13:30,3662,3715,3525,4810,4775,4848,1148,1060,1323
7/3/2020 14:00,3667,3720,3469,4756,4716,4772,1089,996,1303
7/3/2020 14:30,3670,3692,3457,4729,4689,4740,1059,997,1283
7/3/2020 15:00,3670,3698,3488,4735,4704,4735,1065,1006,1247
7/3/2020 15:30,3667,3678,3472,4774,4744,4735,1107,1066,1263
7/3/2020 16:00,3661,3689,3506,4846,4813,4796,1185,1124,1290
7/3/2020 16:30,3650,3667,3587,4949,4910,4903,1299,1243,1316
7/3/2020 17:00,3628,3671,3627,5074,5034,5034,1446,1363,1407
7/3/2020 17:30,3594,3618,3703,5189,5162,5167,1595,1544,1464
7/3/2020 18:00,3533,3606,3756,5275,5273,5224,1742,1667,1468
7/3/2020 18:30,3447,3570,3818,5288,5288,5319,1841,1718,1501
7/3/2020 19:00,3367,3523,3780,5221,5204,5271,1854,1681,1491
7/3/2020 19:30,3294,3470,3703,5104,5072,5097,1810,1602,1394
7/3/2020 20:00,3243,3396,3572,4952,4918,4910,1709,1522,1338
7/3/2020 20:30,3216,3307,3458,4798,4760,4728,1582,1453,1270
7/3/2020 21:00,3167,3215,3377,4645,4600,4567,1478,1385,1190
7/3/2020 21:30,3097,3167,3234,4465,4419,4386,1368,1252,1152
7/3/2020 22:00,3027,3077,3169,4266,4229,4245,1239,1152,1076
7/3/2020 22:30,2956,3036,3030,4108,4071,4091,1152,1035,1061
7/3/2020 23:00,2853,2953,2899,3977,3967,4011,1124,1014,1112
7/3/2020 23:30,2819,2875,2653,3882,3871,3861,1063,996,1208
8/3/2020 0:00,2788,2826,2560,3780,3770,3729,992,944,1169
8/3/2020 0:30,2759,2820,2517,3654,3645,3615,895,825,1098
8/3/2020 1:00,2719,2786,2574,3510,3502,3532,791,716,958
8/3/2020 1:30,2667,2720,2388,3394,3388,3415,727,668,1027
8/3/2020 2:00,2636,2655,2334,3313,3309,3342,677,654,1008
8/3/2020 2:30,2626,2546,2223,3244,3241,3265,618,695,1042
8/3/2020 3:00,2622,2510,2213,3186,3182,3220,564,672,1007
8/3/2020 3:30,2624,2392,2203,3153,3150,3187,529,758,984
8/3/2020 4:00,2616,2396,2186,3146,3141,3171,530,745,985
8/3/2020 4:30,2598,2403,2209,3140,3134,3146,542,731,937
8/3/2020 5:00,2586,2435,2176,3136,3128,3150,550,693,974
8/3/2020 5:30,2580,2441,2160,3155,3148,3130,575,707,970
8/3/2020 6:00,2606,2472,2198,3201,3198,3223,595,726,1025
8/3/2020 6:30,2664,2433,2255,3268,3264,3293,604,831,1038
8/3/2020 7:00,2696,2466,2100,3358,3348,3321,662,882,1221
8/3/2020 7:30,2701,2497,2210,3479,3477,3454,778,980,1244
8/3/2020 8:00,2739,2527,2246,3634,3647,3595,895,1120,1349
8/3/2020 8:30,2810,2465,2437,3824,3846,3784,1014,1381,1347
8/3/2020 9:00,2845,2496,2554,4031,4056,4015,1186,1560,1461
8/3/2020 9:30,2846,2479,2745,4196,4224,4191,1350,1745,1446
8/3/2020 10:00,2867,2529,2895,4311,4337,4336,1444,1808,1441
8/3/2020 10:30,2908,2487,2953,4406,4418,4404,1498,1931,1451
8/3/2020 11:00,2935,2543,3006,4489,4484,4470,1554,1941,1464
8/3/2020 11:30,2946,2651,2965,4557,4545,4539,1611,1894,1574
8/3/2020 12:00,2982,2702,3112,4606,4597,4622,1624,1895,1510
8/3/2020 12:30,3043,2807,3228,4610,4609,4694,1567,1802,1466
8/3/2020 13:00,3094,2857,3371,4568,4579,4725,1474,1722,1354
8/3/2020 13:30,3135,3028,3298,4505,4524,4665,1370,1496,1367
8/3/2020 14:00,3181,3086,3254,4436,4459,4575,1255,1373,1321
8/3/2020 14:30,3231,3159,3280,4402,4418,4510,1171,1259,1230
8/3/2020 15:00,3266,3167,3215,4407,4410,4458,1141,1243,1243
8/3/2020 15:30,3286,3248,3147,4436,4434,4422,1150,1186,1275
8/3/2020 16:00,3301,3285,3235,4486,4486,4512,1185,1201,1277
8/3/2020 16:30,3311,3414,3334,4558,4556,4589,1247,1142,1255
8/3/2020 17:00,3307,3435,3447,4658,4653,4751,1351,1218,1304
8/3/2020 17:30,3292,3354,3447,4811,4801,4901,1519,1447,1454
8/3/2020 18:00,3286,3381,3472,4998,4988,4974,1712,1607,1502
8/3/2020 18:30,3290,3387,3551,5122,5115,5171,1832,1728,1620
8/3/2020 19:00,3296,3426,3542,5155,5154,5226,1859,1728,1684
8/3/2020 19:30,3304,3442,3500,5089,5087,5127,1785,1645,1627
8/3/2020 20:00,3310,3461,3590,4942,4933,5017,1632,1472,1427
8/3/2020 20:30,3313,3498,3597,4796,4780,4889,1483,1282,1292
8/3/2020 21:00,3284,3451,3460,4659,4641,4703,1375,1190,1243
8/3/2020 21:30,3222,3398,3301,4484,4472,4485,1262,1074,1184
8/3/2020 22:00,3164,3318,3153,4279,4285,4236,1115,967,1083
8/3/2020 22:30,3112,3240,2953,4119,4133,4018,1007,893,1065
8/3/2020 23:00,3038,3169,2940,4014,4016,3897,976,847,957
8/3/2020 23:30,2969,3123,2991,3865,3867,3798,896,744,807
9/3/2020 0:00,2910,3066,2837,3688,3689,3633,778,623,796
9/3/2020 0:30,2861,2997,2722,3557,3558,3535,696,561,813
9/3/2020 1:00,2827,2938,2644,3480,3483,3459,653,545,815
9/3/2020 1:30,2809,2777,2577,3414,3417,3373,605,640,796
9/3/2020 2:00,2766,2729,2440,3352,3355,3269,586,626,829
9/3/2020 2:30,2699,2662,2398,3306,3312,3243,607,650,845
9/3/2020 3:00,2623,2578,2374,3277,3283,3237,654,705,863
9/3/2020 3:30,2538,2465,2376,3263,3270,3243,725,805,867
9/3/2020 4:00,2436,2334,2393,3259,3265,3281,823,931,888
9/3/2020 4:30,2316,2083,2388,3265,3272,3274,949,1189,886
9/3/2020 5:00,2207,1958,2344,3299,3305,3331,1092,1347,987
9/3/2020 5:30,2109,1803,2307,3435,3444,3437,1326,1641,1130
9/3/2020 6:00,2032,1744,2219,3693,3703,3714,1661,1959,1495
9/3/2020 6:30,1975,1817,2111,4065,4075,4022,2090,2258,1911
9/3/2020 7:00,1918,1793,2042,4502,4506,4435,2584,2713,2393
9/3/2020 7:30,1859,1771,1902,4797,4802,4804,2938,3031,2902
9/3/2020 8:00,1863,1814,1895,4936,4941,5011,3073,3127,3116
9/3/2020 8:30,1930,1975,2125,5057,5061,5120,3127,3086,2995
9/3/2020 9:00,2076,2159,2359,5182,5184,5246,3106,3025,2887
9/3/2020 9:30,2302,2493,2653,5264,5264,5363,2962,2771,2710
9/3/2020 10:00,2521,2732,2969,5300,5298,5357,2779,2566,2388
9/3/2020 10:30,2732,2985,3327,5322,5333,5428,2590,2348,2101
9/3/2020 11:00,2922,3184,3574,5344,5350,5489,2422,2166,1915
9/3/2020 11:30,3089,3310,3745,5375,5394,5512,2286,2084,1767
9/3/2020 12:00,3219,3434,3871,5410,5457,5564,2191,2023,1693
9/3/2020 12:30,3312,3622,3934,5420,5478,5618,2108,1856,1684
9/3/2020 13:00,3366,3648,4029,5406,5457,5618,2040,1809,1589
9/3/2020 13:30,3383,3678,4021,5397,5445,5563,2014,1767,1542
9/3/2020 14:00,3387,3651,3983,5399,5450,5531,2012,1799,1548
9/3/2020 14:30,3378,3679,3959,5400,5447,5516,2022,1768,1557
9/3/2020 15:00,3355,3643,3858,5404,5442,5491,2049,1799,1633
9/3/2020 15:30,3318,3644,3806,5443,5477,5542,2125,1833,1736
9/3/2020 16:00,3295,3617,3764,5521,5560,5613,2226,1943,1849
9/3/2020 16:30,3286,3681,3728,5622,5673,5747,2336,1992,2019
9/3/2020 17:00,3283,3656,3736,5733,5802,5862,2450,2146,2126
9/3/2020 17:30,3286,3656,3835,5821,5891,5936,2535,2235,2101
9/3/2020 18:00,3290,3636,3894,5874,5922,5954,2584,2286,2060
9/3/2020 18:30,3295,3621,4018,5870,5898,6021,2575,2277,2003
9/3/2020 19:00,3292,3596,4038,5805,5817,5924,2513,2221,1886
9/3/2020 19:30,3280,3621,3900,5680,5693,5752,2400,2072,1852
9/3/2020 20:00,3281,3576,3884,5503,5535,5562,2222,1959,1678
9/3/2020 20:30,3296,3481,3832,5312,5341,5388,2016,1860,1556
9/3/2020 21:00,3301,3420,3722,5110,5117,5168,1809,1697,1446
9/3/2020 21:30,3298,3457,3523,4879,4862,4884,1581,1405,1361
9/3/2020 22:00,3273,3382,3422,4626,4594,4621,1353,1212,1199
9/3/2020 22:30,3227,3402,3254,4399,4346,4357,1172,944,1103
9/3/2020 23:00,3179,3337,3144,4162,4147,4227,983,810,1083
9/3/2020 23:30,3159,3307,3156,3987,3970,4093,828,663,937
10/3/2020 0:00,3132,3257,3068,3833,3818,3910,701,561,842
10/3/2020 0:30,3098,3212,2911,3705,3689,3741,607,477,830
10/3/2020 1:00,3058,3165,2817,3602,3589,3628,544,424,811
10/3/2020 1:30,3012,3091,2655,3515,3503,3510,503,412,855
10/3/2020 2:00,2989,3054,2601,3443,3432,3449,454,378,848
10/3/2020 2:30,2992,2995,2580,3390,3382,3401,398,387,821
10/3/2020 3:00,2987,2985,2524,3359,3353,3358,372,368,834
10/3/2020 3:30,2976,2995,2492,3346,3341,3315,370,346,823
10/3/2020 4:00,2976,2989,2482,3350,3346,3312,374,357,830
10/3/2020 4:30,2987,2846,2486,3364,3360,3314,377,514,828
10/3/2020 5:00,3024,2882,2548,3402,3398,3386,378,516,838
10/3/2020 5:30,3086,2866,2611,3532,3531,3466,446,665,855
10/3/2020 6:00,3157,2960,2714,3772,3774,3735,615,814,1021
10/3/2020 6:30,3238,3018,3065,4139,4141,4067,901,1123,1002
10/3/2020 7:00,3309,3114,3308,4582,4578,4492,1273,1464,1184
10/3/2020 7:30,3368,3134,3529,4882,4871,4936,1514,1737,1407
10/3/2020 8:00,3414,3207,3675,5018,5013,5078,1604,1806,1403
10/3/2020 8:30,3448,3271,3728,5117,5125,5129,1669,1854,1401
10/3/2020 9:00,3476,3320,3767,5203,5226,5231,1727,1906,1464
10/3/2020 9:30,3500,3314,3722,5242,5272,5296,1742,1958,1574
10/3/2020 10:00,3517,3341,3881,5235,5260,5288,1718,1919,1407
10/3/2020 10:30,3526,3504,3864,5218,5255,5269,1692,1751,1405
10/3/2020 11:00,3519,3499,3823,5205,5264,5264,1686,1765,1441
10/3/2020 11:30,3498,3572,3792,5206,5270,5237,1708,1698,1445
10/3/2020 12:00,3456,3528,3769,5214,5264,5240,1758,1736,1471
10/3/2020 12:30,3394,3534,3749,5185,5228,5245,1791,1694,1496
10/3/2020 13:00,3333,3469,3637,5121,5165,5201,1788,1696,1564
10/3/2020 13:30,3273,3484,3507,5067,5112,5095,1794,1628,1588
10/3/2020 14:00,3192,3412,3407,5033,5077,5108,1841,1665,1701
10/3/2020 14:30,3090,3290,3303,5012,5057,5085,1922,1767,1782
10/3/2020 15:00,2976,3176,3260,5010,5054,5128,2034,1878,1868
10/3/2020 15:30,2848,3063,3166,5052,5091,5175,2204,2028,2009
10/3/2020 16:00,2691,2916,2806,5139,5167,5199,2448,2251,2393
10/3/2020 16:30,2502,2756,2732,5251,5266,5352,2749,2510,2620
10/3/2020 17:00,2272,2573,2430,5373,5378,5469,3101,2805,3039
10/3/2020 17:30,2001,2338,2286,5468,5466,5563,3467,3128,3277
10/3/2020 18:00,1759,2125,2159,5537,5530,5550,3778,3405,3391
10/3/2020 18:30,1546,1912,1893,5613,5610,5675,4067,3698,3782
10/3/2020 19:00,1393,1759,1935,5679,5683,5818,4286,3924,3883
10/3/2020 19:30,1299,1583,1919,5628,5625,5742,4329,4042,3823
10/3/2020 20:00,1260,1561,1874,5461,5438,5606,4201,3877,3732
10/3/2020 20:30,1275,1678,1782,5270,5238,5448,3995,3560,3666
10/3/2020 21:00,1328,1724,1776,5071,5044,5222,3743,3320,3446
10/3/2020 21:30,1417,1814,1963,4832,4803,4940,3415,2989,2977
10/3/2020 22:00,1528,1923,2141,4564,4532,4681,3036,2609,2540
10/3/2020 22:30,1661,2078,2270,4337,4310,4403,2676,2232,2133
10/3/2020 23:00,2321,2261,2464,4163,4158,4223,1842,1897,1759
10/3/2020 23:30,2510,2552,2390,3992,3988,4048,1482,1436,1658
11/3/2020 0:00,2681,2725,2564,3803,3801,3863,1122,1076,1299
11/3/2020 0:30,2833,2817,2713,3652,3651,3733,819,834,1020
11/3/2020 1:00,2917,2910,2742,3549,3547,3634,632,637,892
11/3/2020 1:30,2934,3060,2657,3470,3467,3556,536,407,899
11/3/2020 2:00,2938,3060,2619,3409,3404,3474,471,344,855
11/3/2020 2:30,2928,2895,2566,3359,3354,3405,431,459,839
11/3/2020 3:00,2936,2907,2519,3323,3318,3354,387,411,835
11/3/2020 3:30,2962,2919,2496,3306,3301,3336,344,382,840
11/3/2020 4:00,2973,2936,2483,3310,3305,3328,337,369,845
11/3/2020 4:30,2969,2936,2495,3330,3326,3340,361,390,845
11/3/2020 5:00,2984,2962,2564,3380,3380,3407,396,418,843
11/3/2020 5:30,3018,2904,2676,3521,3523,3508,503,619,832
11/3/2020 6:00,3055,2954,2815,3768,3772,3792,713,818,977
11/3/2020 6:30,3094,2943,2979,4123,4129,4078,1029,1186,1099
11/3/2020 7:00,3118,2974,3237,4544,4549,4503,1426,1575,1266
11/3/2020 7:30,3127,2910,3261,4850,4858,4913,1723,1948,1652
11/3/2020 8:00,3091,2900,3219,5016,5029,5086,1925,2129,1867
11/3/2020 8:30,3011,2700,2948,5128,5140,5085,2117,2440,2137
11/3/2020 9:00,2969,2677,2918,5206,5209,5133,2237,2532,2215
11/3/2020 9:30,2966,2700,2799,5238,5238,5153,2272,2538,2354
11/3/2020 10:00,2974,2726,2801,5232,5233,5155,2258,2507,2354
11/3/2020 10:30,2993,2905,2893,5223,5181,5150,2230,2276,2257
11/3/2020 11:00,2991,2976,3005,5221,5167,5149,2230,2191,2144
11/3/2020 11:30,2968,3164,3042,5235,5178,5116,2267,2014,2074
11/3/2020 12:00,2986,3231,3197,5260,5210,5136,2274,1979,1939
11/3/2020 12:30,3043,3223,3219,5258,5218,5184,2215,1995,1965
11/3/2020 13:00,3068,3253,3104,5227,5200,5164,2159,1947,2060
11/3/2020 13:30,3061,3332,2872,5197,5180,5103,2136,1848,2231
11/3/2020 14:00,3061,3331,3020,5179,5169,5182,2118,1838,2162
11/3/2020 14:30,3067,3356,3060,5182,5184,5272,2115,1828,2212
11/3/2020 15:00,3044,3316,2915,5213,5228,5293,2169,1912,2378
11/3/2020 15:30,2992,3292,2853,5282,5306,5380,2290,2014,2527
11/3/2020 16:00,2935,3263,2702,5388,5413,5509,2453,2150,2807
11/3/2020 16:30,2874,3219,2721,5511,5540,5689,2637,2321,2968
11/3/2020 17:00,2817,3218,2403,5636,5670,5848,2819,2452,3445
11/3/2020 17:30,2765,3150,2486,5724,5758,5919,2959,2608,3433
11/3/2020 18:00,2767,3141,2955,5772,5800,5974,3005,2659,3019
11/3/2020 18:30,2823,2966,3085,5813,5839,6006,2990,2873,2921
11/3/2020 19:00,2869,3001,3174,5835,5861,5975,2966,2860,2801
11/3/2020 19:30,2905,3030,3275,5754,5784,5868,2849,2754,2593
11/3/2020 20:00,2946,3069,3248,5571,5610,5751,2625,2541,2503
11/3/2020 20:30,2990,3104,3246,5376,5418,5600,2386,2314,2354
11/3/2020 21:00,3005,3121,3379,5179,5218,5370,2174,2097,1991
11/3/2020 21:30,2991,3275,3328,4939,4978,5068,1948,1703,1740
11/3/2020 22:00,2989,3227,3347,4669,4711,4828,1680,1484,1481
11/3/2020 22:30,2998,3195,3328,4455,4489,4582,1457,1294,1254
11/3/2020 23:00,3066,3118,3038,4323,4317,4387,1257,1199,1349
11/3/2020 23:30,3008,3025,2873,4141,4132,4162,1133,1107,1289
12/3/2020 0:00,2968,2960,2771,3944,3935,4012,976,975,1241
12/3/2020 0:30,2946,2938,2609,3792,3781,3880,846,843,1271
12/3/2020 1:00,2908,2885,2547,3693,3680,3779,785,795,1232
12/3/2020 1:30,2853,2941,2507,3612,3599,3700,759,658,1193
12/3/2020 2:00,2823,2924,2473,3542,3530,3626,719,606,1153
12/3/2020 2:30,2818,2770,2404,3488,3478,3568,670,708,1164
12/3/2020 3:00,2835,2782,2512,3451,3442,3541,616,660,1029
12/3/2020 3:30,2874,2796,2584,3431,3421,3515,557,625,931
12/3/2020 4:00,2916,2825,2670,3427,3415,3517,511,590,847
12/3/2020 4:30,2960,2794,2673,3439,3427,3497,479,633,824
12/3/2020 5:00,3012,2853,2818,3482,3473,3549,470,620,731
12/3/2020 5:30,3071,2874,2908,3625,3617,3640,554,743,732
12/3/2020 6:00,3157,2974,2988,3877,3869,3913,720,895,925
12/3/2020 6:30,3270,3083,3151,4216,4211,4197,946,1128,1046
12/3/2020 7:00,3366,3190,3389,4604,4600,4630,1238,1410,1241
12/3/2020 7:30,3444,3314,3564,4913,4909,5018,1469,1595,1454
12/3/2020 8:00,3492,3383,3619,5119,5105,5194,1627,1722,1575
12/3/2020 8:30,3511,3426,3449,5253,5223,5235,1742,1797,1786
12/3/2020 9:00,3534,3475,3528,5327,5276,5342,1793,1801,1814
12/3/2020 9:30,3559,3550,3621,5358,5305,5404,1799,1755,1783
12/3/2020 10:00,3575,3577,3673,5356,5320,5399,1781,1743,1726
12/3/2020 10:30,3582,3613,3675,5341,5312,5410,1759,1699,1735
12/3/2020 11:00,3583,3617,3731,5322,5297,5422,1739,1680,1691
12/3/2020 11:30,3578,3659,3724,5325,5295,5429,1747,1636,1705
12/3/2020 12:00,3581,3661,3763,5342,5305,5426,1761,1644,1663
12/3/2020 12:30,3591,3643,3791,5330,5280,5447,1739,1637,1656
12/3/2020 13:00,3596,3635,3763,5286,5228,5402,1690,1593,1639
12/3/2020 13:30,3596,3667,3771,5245,5196,5305,1649,1529,1534
12/3/2020 14:00,3586,3645,3742,5220,5198,5307,1634,1553,1565
12/3/2020 14:30,3564,3649,3719,5222,5215,5284,1658,1566,1565
12/3/2020 15:00,3537,3602,3715,5252,5251,5279,1715,1649,1564
12/3/2020 15:30,3503,3539,3638,5305,5309,5309,1802,1770,1671
12/3/2020 16:00,3476,3480,3650,5380,5390,5373,1904,1910,1723
12/3/2020 16:30,3455,3419,3598,5479,5492,5462,2024,2073,1864
12/3/2020 17:00,3420,3360,3543,5588,5601,5569,2168,2241,2026
12/3/2020 17:30,3370,3327,3595,5650,5658,5643,2280,2331,2048
12/3/2020 18:00,3318,3275,3575,5673,5671,5691,2355,2396,2116
12/3/2020 18:30,3265,3244,3524,5740,5736,5821,2475,2492,2297
12/3/2020 19:00,3182,3217,3518,5832,5833,5930,2650,2616,2412
12/3/2020 19:30,3069,3198,3437,5789,5794,5812,2720,2596,2375
12/3/2020 20:00,2954,3179,3479,5603,5612,5669,2649,2433,2190
12/3/2020 20:30,2839,3163,3356,5406,5412,5495,2567,2249,2139
12/3/2020 21:00,2740,3128,3257,5216,5213,5304,2476,2085,2047
12/3/2020 21:30,2658,3165,3181,4980,4972,5082,2322,1807,1901
12/3/2020 22:00,2560,3087,3182,4706,4697,4814,2146,1610,1632
12/3/2020 22:30,2445,3030,2908,4480,4484,4562,2035,1454,1654
12/3/2020 23:00,2763,2912,2835,4293,4310,4395,1530,1398,1560
12/3/2020 23:30,2641,2834,2821,4125,4140,4245,1484,1306,1424
13/3/2020 0:00,2503,2671,2761,3959,3972,4041,1456,1301,1280
13/3/2020 0:30,2350,2442,2574,3822,3834,3920,1472,1392,1346
13/3/2020 1:00,2183,2245,2376,3716,3728,3819,1533,1483,1443
13/3/2020 1:30,2004,2094,2214,3628,3640,3752,1624,1546,1538
13/3/2020 2:00,1842,1917,2128,3554,3567,3675,1712,1650,1547
13/3/2020 2:30,1698,1771,1791,3499,3512,3596,1801,1741,1805
13/3/2020 3:00,1549,1639,1504,3463,3474,3561,1914,1835,2057
13/3/2020 3:30,1395,1556,1414,3447,3455,3555,2052,1899,2141
13/3/2020 4:00,1239,1410,1312,3448,3454,3554,2209,2044,2242
13/3/2020 4:30,1083,1243,1208,3462,3465,3587,2379,2222,2379
13/3/2020 5:00,944,1082,1049,3502,3503,3617,2558,2421,2568
13/3/2020 5:30,820,997,876,3628,3628,3711,2808,2631,2835
13/3/2020 6:00,721,869,728,3855,3856,3932,3134,2987,3204
13/3/2020 6:30,645,614,617,4177,4185,4146,3532,3571,3529
13/3/2020 7:00,581,538,583,4559,4576,4476,3978,4038,3893
13/3/2020 7:30,529,470,498,4860,4879,4849,4331,4409,4351
13/3/2020 8:00,515,438,422,5056,5065,5021,4541,4627,4599
13/3/2020 8:30,540,467,441,5177,5186,5175,4637,4719,4734
13/3/2020 9:00,620,513,480,5238,5252,5338,4618,4739,4858
13/3/2020 9:30,755,559,524,5258,5275,5417,4503,4716,4893
13/3/2020 10:00,933,697,698,5247,5264,5420,4314,4567,4722
13/3/2020 10:30,1155,904,1004,5219,5243,5426,4064,4339,4422
13/3/2020 11:00,1340,1090,1255,5186,5237,5410,3846,4147,4155
13/3/2020 11:30,1488,1270,1530,5180,5250,5387,3692,3980,3857
13/3/2020 12:00,1608,1468,1703,5196,5269,5405,3588,3801,3702
13/3/2020 12:30,1700,1673,1869,5185,5257,5409,3485,3584,3540
13/3/2020 13:00,1795,1838,1956,5142,5208,5339,3347,3370,3383
13/3/2020 13:30,1893,1854,1955,5104,5154,5226,3211,3300,3271
13/3/2020 14:00,1951,1886,1884,5080,5106,5131,3129,3220,3247
13/3/2020 14:30,1970,1779,1935,5076,5078,5134,3106,3299,3199
13/3/2020 15:00,1923,1700,1718,5092,5071,5106,3169,3371,3388
13/3/2020 15:30,1810,1588,1672,5127,5093,5116,3317,3505,3444
13/3/2020 16:00,1704,1465,1550,5185,5145,5148,3481,3680,3598
13/3/2020 16:30,1604,1394,1511,5278,5228,5267,3674,3834,3756
13/3/2020 17:00,1542,1310,1420,5395,5335,5385,3853,4025,3965
13/3/2020 17:30,1516,1207,1382,5477,5426,5510,3961,4219,4128
13/3/2020 18:00,1485,1172,1341,5520,5496,5563,4035,4324,4222
13/3/2020 18:30,1450,1144,1280,5574,5568,5677,4124,4424,4397
13/3/2020 19:00,1409,1115,1277,5625,5625,5744,4216,4510,4467
13/3/2020 19:30,1363,1110,1267,5567,5566,5602,4204,4456,4335
13/3/2020 20:00,1328,1072,1202,5400,5393,5411,4072,4321,4209
13/3/2020 20:30,1306,1063,1166,5216,5211,5203,3910,4148,4037
13/3/2020 21:00,1293,1056,1194,5030,5036,5017,3737,3980,3823
13/3/2020 21:30,1289,1132,1245,4811,4820,4790,3522,3688,3545
13/3/2020 22:00,1269,1137,1223,4571,4577,4558,3302,3440,3335
13/3/2020 22:30,1233,1140,1077,4384,4373,4374,3151,3233,3297
13/3/2020 23:00,1102,1149,845,4267,4249,4280,3165,3100,3435
13/3/2020 23:30,1090,1171,776,4126,4108,4158,3036,2937,3382
14/3/2020 0:00,1100,1199,800,3960,3946,3973,2860,2747,3173
14/3/2020 0:30,1132,1251,922,3812,3800,3816,2680,2549,2894
14/3/2020 1:00,1158,1333,916,3689,3674,3690,2531,2341,2774
14/3/2020 1:30,1180,1421,1009,3580,3565,3574,2400,2144,2565
14/3/2020 2:00,1222,1481,1272,3486,3468,3493,2264,1987,2221
14/3/2020 2:30,1286,1368,1477,3415,3399,3413,2129,2031,1936
14/3/2020 3:00,1310,1382,1577,3367,3355,3371,2057,1973,1794
14/3/2020 3:30,1296,1340,1464,3342,3335,3325,2046,1995,1861
14/3/2020 4:00,1273,1310,1416,3336,3331,3308,2063,2021,1892
14/3/2020 4:30,1242,1247,1404,3333,3332,3298,2091,2085,1894
14/3/2020 5:00,1210,1237,1386,3337,3340,3319,2127,2103,1933
14/3/2020 5:30,1178,1256,1479,3388,3394,3358,2210,2138,1879
14/3/2020 6:00,1143,1266,1551,3483,3490,3478,2340,2224,1927
14/3/2020 6:30,1105,1417,1457,3579,3584,3554,2474,2167,2097
14/3/2020 7:00,1101,1453,1401,3683,3680,3653,2582,2227,2252
14/3/2020 7:30,1131,1476,1417,3866,3861,3844,2735,2385,2427
14/3/2020 8:00,1223,1563,1533,4122,4115,4004,2899,2552,2471
14/3/2020 8:30,1376,1798,1709,4339,4340,4206,2963,2542,2497
14/3/2020 9:00,1588,1976,1923,4497,4516,4400,2909,2540,2477
14/3/2020 9:30,1858,2191,2224,4615,4641,4570,2757,2450,2346
14/3/2020 10:00,2125,2399,2458,4699,4719,4666,2574,2320,2208
14/3/2020 10:30,2390,2563,2808,4754,4744,4786,2364,2181,1978
14/3/2020 11:00,2634,2804,3073,4786,4768,4861,2152,1964,1788
14/3/2020 11:30,2858,3005,3155,4817,4800,4908,1959,1795,1753
14/3/2020 12:00,3035,3181,3254,4847,4834,4976,1812,1653,1722
14/3/2020 12:30,3166,3361,3379,4847,4847,5064,1681,1486,1685
14/3/2020 13:00,3283,3453,3450,4817,4828,5081,1534,1375,1631
14/3/2020 13:30,3387,3564,3557,4776,4798,5003,1389,1234,1446
14/3/2020 14:00,3459,3601,3629,4733,4760,4946,1274,1159,1317
14/3/2020 14:30,3500,3711,3555,4704,4732,4875,1204,1021,1320
14/3/2020 15:00,3516,3689,3520,4695,4720,4841,1179,1031,1321
14/3/2020 15:30,3507,3575,3463,4715,4734,4804,1208,1159,1341
14/3/2020 16:00,3477,3527,3499,4767,4776,4850,1290,1249,1351
14/3/2020 16:30,3425,3460,3490,4848,4859,4923,1423,1399,1433
14/3/2020 17:00,3361,3392,3546,4947,4965,5041,1586,1573,1495
14/3/2020 17:30,3284,3362,3676,5019,5029,5184,1735,1667,1508
14/3/2020 18:00,3190,3308,3756,5061,5049,5244,1871,1741,1488
14/3/2020 18:30,3079,3239,3745,5105,5097,5314,2026,1858,1569
14/3/2020 19:00,3003,3230,3633,5138,5154,5378,2135,1924,1745
14/3/2020 19:30,2964,3253,3694,5073,5087,5205,2109,1834,1511
14/3/2020 20:00,2910,3258,3583,4914,4897,4994,2004,1639,1411
14/3/2020 20:30,2842,3319,3502,4756,4716,4828,1914,1397,1326
14/3/2020 21:00,2798,3290,3312,4614,4565,4632,1816,1275,1320
14/3/2020 21:30,2779,3359,3223,4442,4391,4445,1663,1032,1222
14/3/2020 22:00,2738,3266,3096,4245,4206,4239,1507,940,1143
14/3/2020 22:30,2676,3232,2942,4089,4073,4065,1413,841,1123
14/3/2020 23:00,2830,3112,2735,3967,3975,3996,1137,863,1261
14/3/2020 23:30,2736,2982,2628,3873,3879,3855,1137,897,1227
15/3/2020 0:00,2639,2884,2388,3769,3776,3687,1130,892,1299
15/3/2020 0:30,2539,2708,2347,3648,3655,3553,1109,947,1206
15/3/2020 1:00,2447,2622,2426,3516,3522,3454,1069,900,1028
15/3/2020 1:30,2362,2548,2455,3405,3410,3367,1043,862,912
15/3/2020 2:00,2283,2464,2300,3319,3322,3257,1036,858,957
15/3/2020 2:30,2208,2304,2094,3251,3254,3159,1043,950,1065
15/3/2020 3:00,2165,2251,1985,3198,3200,3102,1033,949,1117
15/3/2020 3:30,2153,2204,1804,3169,3168,3080,1016,964,1276
15/3/2020 4:00,2124,2154,1754,3160,3154,3074,1036,1000,1320
15/3/2020 4:30,2080,2034,1676,3161,3154,3073,1081,1120,1397
15/3/2020 5:00,2047,1984,1535,3170,3163,3103,1123,1179,1568
15/3/2020 5:30,2024,1968,1631,3194,3188,3127,1170,1220,1496
15/3/2020 6:00,2007,1967,1817,3229,3223,3224,1222,1256,1407
15/3/2020 6:30,1995,1908,1817,3255,3251,3233,1260,1343,1416
15/3/2020 7:00,2000,1950,1627,3286,3284,3297,1286,1334,1670
15/3/2020 7:30,2019,1888,1443,3410,3400,3423,1391,1512,1980
15/3/2020 8:00,2056,1952,1324,3627,3598,3534,1571,1646,2210
15/3/2020 8:30,2110,2004,1387,3852,3812,3659,1742,1808,2272
15/3/2020 9:00,2174,2057,1812,4056,4016,3876,1882,1959,2064
15/3/2020 9:30,2250,2160,2077,4211,4183,4051,1961,2023,1974
15/3/2020 10:00,2306,2232,2367,4317,4314,4243,2011,2082,1876
15/3/2020 10:30,2344,2278,2698,4407,4415,4401,2063,2137,1703
15/3/2020 11:00,2367,2364,2784,4487,4502,4505,2120,2138,1721
15/3/2020 11:30,2375,2240,2734,4550,4571,4539,2175,2331,1805
15/3/2020 12:00,2390,2296,2798,4589,4616,4631,2199,2320,1833
15/3/2020 12:30,2412,2365,3101,4582,4617,4688,2170,2252,1587
15/3/2020 13:00,2426,2401,2983,4530,4567,4696,2104,2166,1713
15/3/2020 13:30,2432,2639,2883,4463,4502,4618,2031,1863,1735
15/3/2020 14:00,2424,2635,2721,4394,4428,4487,1970,1793,1766
15/3/2020 14:30,2401,2746,2651,4353,4382,4425,1952,1636,1774
15/3/2020 15:00,2351,2701,2799,4345,4365,4425,1994,1664,1626
15/3/2020 15:30,2276,2629,2710,4358,4375,4423,2082,1746,1713
15/3/2020 16:00,2155,2489,2552,4394,4412,4431,2239,1923,1879
15/3/2020 16:30,1987,2388,2257,4474,4497,4520,2487,2109,2263
15/3/2020 17:00,1784,2104,1990,4586,4621,4674,2802,2517,2684
15/3/2020 17:30,1545,1703,1752,4674,4706,4797,3129,3003,3045
15/3/2020 18:00,1345,1443,1355,4744,4764,4855,3399,3321,3500
15/3/2020 18:30,1185,1259,1118,4892,4906,4975,3707,3647,3857
15/3/2020 19:00,1042,1110,952,5086,5100,5156,4044,3990,4204
15/3/2020 19:30,915,989,925,5097,5114,5086,4182,4125,4161
15/3/2020 20:00,805,903,968,4921,4941,4929,4116,4038,3961
15/3/2020 20:30,714,813,922,4757,4772,4802,4043,3959,3880
15/3/2020 21:00,623,756,837,4637,4640,4655,4014,3884,3818
15/3/2020 21:30,530,644,858,4476,4465,4474,3946,3821,3616
15/3/2020 22:00,455,605,758,4278,4264,4301,3823,3659,3543
15/3/2020 22:30,399,568,681,4150,4133,4126,3751,3565,3445
15/3/2020 23:00,514,537,646,4057,4056,4048,3543,3519,3402
15/3/2020 23:30,476,577,624,3837,3834,3923,3361,3257,3299
16/3/2020 0:00,430,532,576,3493,3487,3796,3063,2955,3220
16/3/2020 0:30,375,476,533,3281,3276,3669,2906,2800,3136
16/3/2020 1:00,360,458,515,3229,3225,3568,2869,2767,3053
16/3/2020 1:30,383,481,519,3184,3179,3486,2801,2698,2967
16/3/2020 2:00,434,530,594,3120,3113,3423,2686,2583,2829
16/3/2020 2:30,514,621,686,3074,3066,3367,2560,2445,2681
16/3/2020 3:00,607,706,735,3052,3042,3321,2445,2336,2586
16/3/2020 3:30,715,770,899,3031,3018,3299,2316,2248,2400
16/3/2020 4:00,842,894,1115,3012,3001,3294,2170,2107,2179
16/3/2020 4:30,990,1076,1307,3021,3011,3297,2031,1935,1990
16/3/2020 5:00,1136,1232,1496,3077,3068,3345,1941,1836,1849
16/3/2020 5:30,1280,1412,1708,3231,3222,3407,1951,1810,1699
16/3/2020 6:00,1428,1572,1922,3475,3473,3626,2047,1901,1704
16/3/2020 6:30,1581,1751,2143,3737,3741,3768,2156,1990,1625
16/3/2020 7:00,1732,1927,2302,3990,3997,4030,2258,2070,1728
16/3/2020 7:30,1883,2192,2480,4210,4196,4363,2327,2004,1883
16/3/2020 8:00,2029,2330,2644,4398,4343,4522,2369,2013,1878
16/3/2020 8:30,2170,2458,2812,4580,4512,4692,2410,2054,1880
16/3/2020 9:00,2348,2618,3066,4751,4699,4881,2403,2081,1815
16/3/2020 9:30,2565,2869,3180,4866,4837,4966,2301,1968,1786
16/3/2020 10:00,2805,3050,3131,4924,4921,4993,2119,1871,1862
16/3/2020 10:30,3070,3274,3303,4962,4967,5028,1892,1693,1725
16/3/2020 11:00,3260,3417,3478,4995,5004,5094,1735,1587,1616
16/3/2020 11:30,3377,3508,3658,5045,5064,5162,1668,1556,1504
16/3/2020 12:00,3455,3564,3747,5106,5148,5251,1651,1584,1504
16/3/2020 12:30,3495,3592,3743,5132,5192,5319,1637,1600,1576
16/3/2020 13:00,3526,3611,3749,5118,5190,5332,1592,1579,1583
16/3/2020 13:30,3550,3610,3709,5086,5162,5258,1536,1552,1549
16/3/2020 14:00,3566,3612,3686,5046,5117,5241,1480,1505,1555
16/3/2020 14:30,3575,3590,3675,5010,5076,5228,1435,1486,1553
16/3/2020 15:00,3579,3593,3666,4994,5052,5221,1415,1459,1555
16/3/2020 15:30,3578,3687,3666,5048,5105,5235,1470,1418,1569
16/3/2020 16:00,3560,3680,3699,5169,5227,5275,1609,1547,1576
16/3/2020 16:30,3526,3688,3697,5294,5348,5393,1768,1660,1696
16/3/2020 17:00,3505,3669,3691,5400,5447,5515,1895,1778,1824
16/3/2020 17:30,3497,3620,3648,5461,5508,5619,1964,1888,1971
16/3/2020 18:00,3463,3559,3548,5479,5530,5585,2016,1971,2037
16/3/2020 18:30,3402,3474,3461,5499,5529,5589,2097,2055,2128
16/3/2020 19:00,3336,3389,3444,5513,5499,5612,2177,2110,2168
16/3/2020 19:30,3264,3292,3375,5453,5419,5446,2189,2127,2071
16/3/2020 20:00,3176,3166,3295,5310,5283,5229,2134,2117,1934
16/3/2020 20:30,3070,2962,3215,5127,5099,5029,2057,2137,1814
16/3/2020 21:00,2946,2799,3098,4914,4881,4873,1968,2082,1775
16/3/2020 21:30,2802,2607,3007,4684,4647,4657,1882,2040,1650
16/3/2020 22:00,2664,2453,3015,4442,4412,4450,1778,1959,1435
16/3/2020 22:30,2532,2362,2927,4203,4174,4250,1671,1812,1323
16/3/2020 23:00,2255,2247,2604,3964,3970,4140,1709,1723,1536
16/3/2020 23:30,2167,2167,2334,3895,3903,4004,1728,1736,1670
17/3/2020 0:00,2091,2089,2163,3940,3950,3813,1849,1861,1650
17/3/2020 0:30,2029,2125,2177,3878,3889,3685,1849,1764,1508
17/3/2020 1:00,1958,2051,2239,3693,3704,3606,1735,1653,1367
17/3/2020 1:30,1880,2016,1989,3550,3563,3491,1670,1547,1502
17/3/2020 2:00,1806,1954,1845,3475,3486,3401,1669,1532,1556
17/3/2020 2:30,1738,1902,1818,3414,3423,3336,1676,1521,1518
17/3/2020 3:00,1664,1825,1796,3354,3364,3298,1690,1539,1502
17/3/2020 3:30,1585,1724,1728,3303,3313,3274,1718,1589,1546
17/3/2020 4:00,1531,1636,1672,3264,3274,3268,1733,1638,1596
17/3/2020 4:30,1502,1497,1626,3249,3260,3255,1747,1763,1629
17/3/2020 5:00,1463,1432,1740,3262,3272,3286,1799,1840,1546
17/3/2020 5:30,1416,1309,1649,3309,3318,3323,1893,2009,1674
17/3/2020 6:00,1385,1279,1562,3390,3398,3444,2005,2119,1882
17/3/2020 6:30,1370,1246,1470,3497,3509,3510,2127,2263,2040
17/3/2020 7:00,1358,1212,1483,3630,3644,3622,2272,2432,2139
17/3/2020 7:30,1349,1270,1453,3788,3801,3740,2439,2531,2287
17/3/2020 8:00,1383,1278,1392,3968,3976,3863,2585,2698,2471
17/3/2020 8:30,1459,1334,1370,4160,4177,4030,2701,2843,2660
17/3/2020 9:00,1582,1433,1354,4352,4386,4214,2770,2953,2860
17/3/2020 9:30,1751,1553,1593,4500,4530,4379,2749,2977,2786
17/3/2020 10:00,1917,1706,1808,4597,4606,4536,2680,2900,2728
17/3/2020 10:30,2078,1933,1984,4652,4654,4653,2574,2721,2669
17/3/2020 11:00,2213,2061,2243,4678,4705,4754,2465,2644,2511
17/3/2020 11:30,2320,2175,2463,4708,4746,4831,2388,2571,2368
17/3/2020 12:00,2400,2284,2518,4741,4773,4958,2341,2489,2440
17/3/2020 12:30,2454,2371,2649,4738,4759,5053,2284,2388,2404
17/3/2020 13:00,2476,2429,2683,4694,4702,5075,2218,2273,2392
17/3/2020 13:30,2467,2443,2677,4624,4636,5023,2157,2193,2346
17/3/2020 14:00,2456,2427,2691,4539,4565,4973,2083,2138,2282
17/3/2020 14:30,2444,2503,2678,4461,4499,4912,2017,1996,2234
17/3/2020 15:00,2418,2484,2643,4403,4441,4860,1985,1957,2217
17/3/2020 15:30,2377,2469,2734,4394,4426,4862,2017,1957,2128
17/3/2020 16:00,2331,2462,2762,4437,4458,4922,2106,1996,2160
17/3/2020 16:30,2279,2479,2813,4522,4542,5055,2243,2063,2242
17/3/2020 17:00,2205,2416,2782,4639,4664,5199,2434,2248,2417
17/3/2020 17:30,2107,2379,2605,4748,4772,5336,2641,2393,2731
17/3/2020 18:00,1980,2194,2470,4839,4852,5334,2859,2658,2864
17/3/2020 18:30,1822,1958,2351,4906,4948,5352,3084,2990,3001
17/3/2020 19:00,1634,1650,2191,4936,4978,5346,3302,3328,3155
17/3/2020 19:30,1415,1344,2004,4876,4911,5208,3461,3567,3204
17/3/2020 20:00,1255,1085,1732,4734,4753,5027,3479,3668,3295
17/3/2020 20:30,1153,885,1485,4577,4590,4850,3424,3705,3365
17/3/2020 21:00,1082,788,1193,4422,4446,4605,3340,3658,3412
17/3/2020 21:30,1041,766,1039,4258,4285,4454,3217,3519,3415
17/3/2020 22:00,1000,731,959,4095,4125,4286,3095,3394,3327
17/3/2020 22:30,959,707,907,3980,4005,4117,3021,3298,3210
17/3/2020 23:00,791,678,882,3940,3945,4024,3149,3267,3142
17/3/2020 23:30,771,942,959,3856,3859,3901,3085,2917,2942
18/3/2020 0:00,766,897,872,3734,3743,3747,2968,2846,2875
18/3/2020 0:30,776,812,851,3618,3634,3629,2842,2822,2778
18/3/2020 1:00,784,794,906,3519,3538,3543,2735,2744,2637
18/3/2020 1:30,789,698,835,3441,3460,3446,2652,2762,2611
18/3/2020 2:00,805,691,781,3382,3405,3383,2577,2714,2602
18/3/2020 2:30,832,736,803,3333,3362,3334,2501,2626,2531
18/3/2020 3:00,846,713,729,3297,3332,3297,2451,2619,2568
18/3/2020 3:30,848,730,712,3286,3324,3282,2438,2594,2570
18/3/2020 4:00,846,701,747,3300,3338,3282,2454,2637,2535
18/3/2020 4:30,840,719,734,3323,3364,3276,2483,2645,2542
18/3/2020 5:00,834,707,734,3368,3412,3330,2534,2705,2596
18/3/2020 5:30,828,666,713,3498,3546,3399,2670,2880,2686
18/3/2020 6:00,834,663,710,3725,3772,3630,2891,3109,2920
18/3/2020 6:30,851,640,565,4016,4072,3793,3165,3432,3228
18/3/2020 7:00,856,616,553,4344,4410,4058,3488,3794,3505
18/3/2020 7:30,848,615,508,4626,4691,4343,3778,4076,3835
18/3/2020 8:00,857,602,463,4842,4888,4605,3985,4286,4142
18/3/2020 8:30,883,567,431,4998,5034,4811,4115,4467,4380
18/3/2020 9:00,962,605,475,5094,5132,4987,4132,4527,4512
18/3/2020 9:30,1093,693,523,5133,5183,5102,4040,4490,4579
18/3/2020 10:00,1208,769,478,5127,5197,5124,3919,4428,4646
18/3/2020 10:30,1307,787,614,5127,5146,5168,3820,4359,4554
18/3/2020 11:00,1403,873,785,5143,5158,5218,3740,4285,4433
18/3/2020 11:30,1497,958,873,5169,5195,5215,3672,4237,4342
18/3/2020 12:00,1540,1043,1006,5194,5245,5274,3654,4202,4268
18/3/2020 12:30,1531,1116,995,5183,5253,5338,3652,4137,4343
18/3/2020 13:00,1528,1166,954,5136,5207,5357,3608,4041,4403
18/3/2020 13:30,1530,1036,937,5094,5168,5275,3564,4132,4338
18/3/2020 14:00,1514,1051,930,5070,5134,5244,3556,4083,4314
18/3/2020 14:30,1480,1138,865,5066,5121,5185,3586,3983,4320
18/3/2020 15:00,1436,1104,842,5082,5124,5177,3646,4020,4335
18/3/2020 15:30,1382,1089,862,5116,5162,5204,3734,4073,4342
18/3/2020 16:00,1305,1017,842,5173,5236,5255,3868,4219,4413
18/3/2020 16:30,1204,843,739,5281,5345,5344,4077,4502,4605
18/3/2020 17:00,1102,753,674,5423,5477,5499,4321,4724,4825
18/3/2020 17:30,997,618,626,5501,5559,5611,4504,4941,4985
18/3/2020 18:00,916,561,537,5520,5595,5613,4604,5034,5076
18/3/2020 18:30,857,512,551,5586,5665,5630,4729,5153,5079
18/3/2020 19:00,806,510,550,5684,5754,5726,4878,5244,5176
18/3/2020 19:30,762,537,548,5640,5716,5626,4878,5179,5078
18/3/2020 20:00,714,532,560,5446,5547,5442,4732,5015,4882
18/3/2020 20:30,662,480,555,5251,5350,5242,4589,4870,4687
18/3/2020 21:00,610,484,562,5077,5154,5037,4467,4670,4475
18/3/2020 21:30,559,468,546,4866,4927,4819,4307,4459,4273
18/3/2020 22:00,522,475,546,4624,4680,4609,4102,4205,4063
18/3/2020 22:30,497,523,555,4430,4447,4389,3933,3924,3834
18/3/2020 23:00,501,521,564,4286,4273,4267,3785,3752,3703
18/3/2020 23:30,467,531,579,4096,4089,4118,3629,3558,3539
19/3/2020 0:00,440,534,615,3900,3897,3972,3460,3363,3357
19/3/2020 0:30,421,551,619,3756,3754,3828,3335,3203,3209
19/3/2020 1:00,406,558,629,3669,3664,3733,3263,3106,3104
19/3/2020 1:30,395,504,608,3595,3588,3650,3200,3084,3042
19/3/2020 2:00,384,494,583,3529,3520,3577,3145,3026,2994
19/3/2020 2:30,371,511,615,3480,3471,3519,3109,2960,2904
19/3/2020 3:00,359,493,617,3452,3442,3483,3093,2949,2866
19/3/2020 3:30,348,493,539,3441,3431,3470,3093,2938,2931
19/3/2020 4:00,337,472,522,3447,3436,3459,3110,2964,2937
19/3/2020 4:30,324,467,467,3466,3454,3452,3142,2987,2985
19/3/2020 5:00,318,443,438,3512,3500,3504,3194,3057,3066
19/3/2020 5:30,318,418,438,3654,3640,3584,3336,3222,3146
19/3/2020 6:00,325,407,448,3902,3884,3774,3577,3477,3326
19/3/2020 6:30,339,434,474,4220,4203,3927,3881,3769,3453
19/3/2020 7:00,351,431,493,4577,4563,4206,4226,4132,3713
19/3/2020 7:30,361,411,501,4875,4859,4538,4514,4448,4037
19/3/2020 8:00,357,390,482,5092,5065,4702,4735,4675,4220
19/3/2020 8:30,338,329,491,5228,5193,4880,4890,4864,4389
19/3/2020 9:00,355,355,388,5292,5255,5028,4937,4900,4640
19/3/2020 9:30,409,431,433,5309,5272,5085,4900,4841,4652
19/3/2020 10:00,506,529,558,5293,5260,5071,4787,4731,4513
19/3/2020 10:30,647,696,723,5274,5235,5073,4627,4539,4350
19/3/2020 11:00,778,797,861,5263,5223,5089,4485,4426,4228
19/3/2020 11:30,901,895,982,5278,5234,5090,4377,4339,4108
19/3/2020 12:00,1012,997,1020,5309,5259,5170,4297,4262,4150
19/3/2020 12:30,1113,1105,1087,5302,5261,5216,4189,4156,4129
19/3/2020 13:00,1213,1207,1092,5254,5229,5196,4041,4022,4104
19/3/2020 13:30,1312,1290,1112,5206,5194,5070,3894,3904,3958
19/3/2020 14:00,1401,1381,1203,5173,5158,5017,3772,3777,3814
19/3/2020 14:30,1482,1494,1267,5163,5147,4984,3681,3653,3717
19/3/2020 15:00,1536,1550,1418,5180,5154,4978,3644,3604,3560
19/3/2020 15:30,1563,1554,1564,5220,5184,4979,3657,3630,3415
19/3/2020 16:00,1552,1565,1697,5285,5236,5037,3733,3671,3340
19/3/2020 16:30,1504,1514,1782,5387,5337,5156,3883,3823,3374
19/3/2020 17:00,1443,1483,1779,5509,5466,5326,4066,3983,3547
19/3/2020 17:30,1372,1404,1605,5570,5522,5422,4198,4118,3817
19/3/2020 18:00,1321,1393,1404,5581,5516,5414,4260,4123,4010
19/3/2020 18:30,1292,1392,1532,5667,5599,5445,4375,4207,3913
19/3/2020 19:00,1288,1403,1591,5807,5744,5655,4519,4341,4064
19/3/2020 19:30,1310,1497,1639,5793,5729,5606,4483,4232,3967
19/3/2020 20:00,1318,1500,1651,5613,5535,5440,4295,4035,3789
19/3/2020 20:30,1310,1604,1651,5419,5340,5264,4109,3736,3613
19/3/2020 21:00,1304,1579,1617,5235,5168,5039,3931,3589,3422
19/3/2020 21:30,1298,1439,1582,5010,4948,4820,3712,3509,3238
19/3/2020 22:00,1291,1409,1581,4750,4687,4597,3459,3278,3016
19/3/2020 22:30,1281,1444,1519,4531,4469,4401,3250,3025,2882
19/3/2020 23:00,1351,1398,1489,4329,4314,4303,2978,2916,2814
19/3/2020 23:30,1309,1374,1479,4175,4158,4173,2866,2784,2694
20/3/2020 0:00,1265,1323,1432,4013,3999,3976,2748,2676,2544
20/3/2020 0:30,1218,1280,1417,3884,3871,3847,2666,2591,2430
20/3/2020 1:00,1182,1238,1385,3792,3775,3764,2610,2537,2379
20/3/2020 1:30,1156,1209,1382,3712,3696,3681,2556,2487,2299
20/3/2020 2:00,1130,1189,1341,3642,3625,3596,2512,2436,2255
20/3/2020 2:30,1104,1224,1322,3592,3577,3541,2488,2353,2219
20/3/2020 3:00,1093,1208,1280,3565,3550,3496,2472,2342,2216
20/3/2020 3:30,1095,1207,1226,3553,3539,3479,2458,2332,2253
20/3/2020 4:00,1098,1202,1263,3554,3540,3473,2456,2338,2210
20/3/2020 4:30,1103,1228,1291,3566,3554,3467,2463,2326,2176
20/3/2020 5:00,1102,1221,1358,3603,3590,3520,2501,2369,2162
20/3/2020 5:30,1094,1236,1345,3713,3699,3597,2619,2463,2252
20/3/2020 6:00,1085,1220,1379,3908,3890,3780,2823,2670,2401
20/3/2020 6:30,1072,1215,1416,4179,4160,3936,3107,2945,2520
20/3/2020 7:00,1044,1177,1413,4504,4483,4207,3460,3306,2794
20/3/2020 7:30,1001,1113,1336,4802,4778,4485,3801,3665,3149
20/3/2020 8:00,946,1048,1276,5045,5015,4693,4099,3967,3417
20/3/2020 8:30,880,1044,1215,5195,5162,4864,4315,4118,3649
20/3/2020 9:00,877,1031,1209,5255,5226,5024,4378,4195,3815
20/3/2020 9:30,937,1087,1225,5275,5252,5110,4338,4165,3885
20/3/2020 10:00,994,1144,1311,5271,5252,5085,4277,4108,3774
20/3/2020 10:30,1048,1256,1352,5256,5227,5069,4208,3971,3717
20/3/2020 11:00,1101,1297,1439,5240,5198,5079,4139,3901,3640
20/3/2020 11:30,1155,1337,1474,5247,5197,5078,4092,3860,3604
20/3/2020 12:00,1208,1372,1438,5272,5211,5081,4064,3839,3643
20/3/2020 12:30,1260,1452,1472,5266,5191,5123,4006,3739,3651
20/3/2020 13:00,1309,1479,1472,5223,5126,5095,3914,3647,3623
20/3/2020 13:30,1353,1536,1481,5168,5057,4994,3815,3521,3513
20/3/2020 14:00,1394,1546,1563,5112,4991,4922,3718,3445,3359
20/3/2020 14:30,1432,1597,1576,5085,4961,4865,3653,3364,3289
20/3/2020 15:00,1477,1625,1676,5088,4964,4839,3611,3339,3163
20/3/2020 15:30,1527,1643,1723,5111,4978,4834,3584,3335,3111
20/3/2020 16:00,1568,1657,1721,5155,5005,4878,3587,3348,3157
20/3/2020 16:30,1600,1602,1724,5237,5081,4983,3637,3479,3259
20/3/2020 17:00,1603,1583,1699,5344,5197,5157,3741,3614,3458
20/3/2020 17:30,1576,1606,1686,5397,5255,5321,3821,3649,3635
20/3/2020 18:00,1580,1610,1704,5409,5272,5355,3829,3662,3651
20/3/2020 18:30,1615,1670,1812,5508,5386,5420,3893,3716,3608
20/3/2020 19:00,1660,1716,1859,5669,5570,5547,4009,3854,3688
20/3/2020 19:30,1714,1778,1974,5657,5567,5463,3943,3789,3489
20/3/2020 20:00,1793,1845,2131,5459,5362,5262,3666,3517,3131
20/3/2020 20:30,1896,1937,2252,5258,5159,5057,3362,3222,2805
20/3/2020 21:00,1994,2033,2291,5083,4990,4845,3089,2957,2554
20/3/2020 21:30,2087,2165,2373,4870,4782,4640,2783,2617,2267
20/3/2020 22:00,2167,2250,2560,4625,4546,4426,2458,2296,1866
20/3/2020 22:30,2233,2344,2638,4440,4366,4252,2207,2022,1614
20/3/2020 23:00,2413,2392,2512,4267,4253,4167,1854,1861,1655
20/3/2020 23:30,2479,2488,2437,4132,4119,4052,1653,1631,1615
21/3/2020 0:00,2529,2524,2378,3969,3957,3890,1440,1433,1512
21/3/2020 0:30,2564,2612,2371,3829,3821,3689,1265,1209,1318
21/3/2020 1:00,2583,2627,2273,3719,3710,3574,1136,1083,1301
21/3/2020 1:30,2586,2689,2191,3614,3607,3475,1028,918,1284
21/3/2020 2:00,2589,2684,2083,3516,3506,3376,927,822,1293
21/3/2020 2:30,2592,2532,1966,3442,3434,3297,850,902,1331
21/3/2020 3:00,2594,2525,1861,3397,3388,3252,803,863,1391
21/3/2020 3:30,2594,2515,1850,3373,3362,3223,779,847,1373
21/3/2020 4:00,2595,2519,1923,3364,3350,3209,769,831,1286
21/3/2020 4:30,2597,2428,2055,3360,3349,3218,763,921,1163
21/3/2020 5:00,2606,2467,2055,3365,3354,3227,759,887,1172
21/3/2020 5:30,2623,2406,2097,3403,3393,3260,780,987,1163
21/3/2020 6:00,2667,2472,2165,3477,3459,3338,810,987,1173
21/3/2020 6:30,2738,2395,2167,3558,3533,3376,820,1138,1209
21/3/2020 7:00,2794,2440,2098,3659,3621,3494,865,1181,1396
21/3/2020 7:30,2835,2393,2209,3847,3795,3627,1012,1402,1418
21/3/2020 8:00,2888,2416,2290,4111,4048,3761,1223,1632,1471
21/3/2020 8:30,2950,2452,2415,4334,4274,3928,1384,1822,1513
21/3/2020 9:00,3011,2507,2586,4495,4457,4136,1484,1950,1550
21/3/2020 9:30,3069,2566,2620,4622,4597,4309,1553,2031,1689
21/3/2020 10:00,3090,2590,2649,4721,4699,4440,1631,2109,1791
21/3/2020 10:30,3072,2457,2661,4780,4756,4568,1708,2299,1907
21/3/2020 11:00,3034,2439,2688,4805,4788,4655,1771,2349,1967
21/3/2020 11:30,2975,2466,2591,4829,4821,4698,1854,2355,2107
21/3/2020 12:00,2928,2427,2392,4853,4847,4724,1925,2420,2332
21/3/2020 12:30,2895,2436,2171,4840,4837,4773,1945,2401,2602
21/3/2020 13:00,2854,2354,1993,4788,4779,4761,1934,2425,2768
21/3/2020 13:30,2806,2334,1887,4722,4719,4712,1916,2385,2825
21/3/2020 14:00,2743,2214,1768,4656,4658,4631,1913,2444,2863
21/3/2020 14:30,2664,2182,1699,4615,4610,4609,1951,2428,2910
21/3/2020 15:00,2573,2055,1592,4605,4577,4580,2032,2522,2988
21/3/2020 15:30,2472,1905,1523,4616,4579,4590,2144,2674,3067
21/3/2020 16:00,2366,1767,1460,4653,4618,4633,2287,2851,3173
21/3/2020 16:30,2257,1464,1357,4734,4716,4739,2477,3252,3382
21/3/2020 17:00,2151,1353,1300,4848,4860,4892,2697,3507,3592
21/3/2020 17:30,2050,1154,1148,4930,4967,5057,2880,3813,3909
21/3/2020 18:00,1962,1080,1062,4979,5028,5167,3017,3948,4105
21/3/2020 18:30,1890,972,986,5056,5076,5253,3166,4104,4267
21/3/2020 19:00,1832,915,960,5144,5099,5353,3312,4184,4393
21/3/2020 19:30,1788,877,884,5110,5029,5191,3322,4152,4307
21/3/2020 20:00,1757,869,855,4951,4865,4966,3194,3996,4111
21/3/2020 20:30,1740,898,755,4793,4700,4805,3053,3802,4050
21/3/2020 21:00,1712,890,682,4655,4558,4619,2943,3668,3937
21/3/2020 21:30,1673,833,662,4493,4395,4430,2820,3562,3768
21/3/2020 22:00,1631,812,643,4308,4225,4290,2677,3413,3647
21/3/2020 22:30,1586,805,682,4155,4079,4136,2569,3274,3454
21/3/2020 23:00,923,792,708,3987,3978,4072,3064,3186,3364
21/3/2020 23:30,918,781,705,3892,3882,3966,2974,3101,3261
22/3/2020 0:00,918,775,677,3797,3789,3821,2879,3014,3144
22/3/2020 0:30,923,686,684,3684,3675,3673,2761,2989,2989
22/3/2020 1:00,924,699,716,3556,3545,3563,2632,2846,2847
22/3/2020 1:30,922,761,752,3438,3425,3465,2516,2664,2713
22/3/2020 2:00,912,787,757,3340,3326,3371,2428,2539,2614
22/3/2020 2:30,895,828,849,3267,3252,3303,2372,2424,2454
22/3/2020 3:00,896,861,860,3219,3204,3255,2323,2343,2395
22/3/2020 3:30,914,873,968,3193,3176,3228,2279,2303,2260
22/3/2020 4:00,949,909,1108,3185,3168,3204,2236,2259,2096
22/3/2020 4:30,1001,938,1090,3180,3163,3166,2179,2225,2076
22/3/2020 5:00,1038,962,1096,3176,3163,3174,2138,2201,2078
22/3/2020 5:30,1059,970,1137,3188,3175,3175,2129,2205,2038
22/3/2020 6:00,1076,978,1129,3212,3197,3225,2136,2219,2096
22/3/2020 6:30,1088,1015,1102,3216,3199,3225,2128,2184,2123
22/3/2020 7:00,1083,986,1075,3222,3203,3321,2139,2217,2246
22/3/2020 7:30,1062,996,985,3350,3314,3424,2288,2318,2439
22/3/2020 8:00,1037,931,949,3594,3536,3546,2557,2605,2597
22/3/2020 8:30,1009,913,934,3823,3757,3686,2814,2844,2752
22/3/2020 9:00,1031,939,939,4007,3955,3843,2976,3016,2904
22/3/2020 9:30,1104,1076,1067,4158,4110,4018,3054,3034,2951
22/3/2020 10:00,1199,1168,1128,4281,4233,4165,3082,3065,3037
22/3/2020 10:30,1316,1258,1228,4374,4318,4275,3058,3060,3047
22/3/2020 11:00,1429,1326,1353,4441,4386,4343,3012,3060,2990
22/3/2020 11:30,1537,1337,1519,4498,4445,4379,2961,3108,2860
22/3/2020 12:00,1624,1357,1661,4541,4497,4487,2917,3140,2826
22/3/2020 12:30,1689,1352,1731,4536,4505,4548,2847,3153,2817
22/3/2020 13:00,1722,1330,1662,4483,4462,4522,2761,3132,2860
22/3/2020 13:30,1721,1242,1557,4410,4397,4391,2689,3155,2834
22/3/2020 14:00,1699,1214,1510,4332,4317,4297,2633,3103,2787
22/3/2020 14:30,1655,1218,1523,4282,4270,4230,2627,3052,2707
22/3/2020 15:00,1601,1193,1454,4265,4259,4178,2664,3066,2724
22/3/2020 15:30,1536,1315,1464,4274,4274,4193,2738,2959,2729
22/3/2020 16:00,1469,1274,1400,4311,4318,4252,2842,3044,2852
22/3/2020 16:30,1400,1271,1327,4398,4413,4369,2998,3142,3042
22/3/2020 17:00,1333,1252,1195,4523,4551,4513,3190,3299,3318
22/3/2020 17:30,1267,1244,1110,4612,4655,4665,3345,3411,3555
22/3/2020 18:00,1263,1286,1073,4673,4735,4752,3410,3449,3679
22/3/2020 18:30,1323,1383,1132,4818,4894,4826,3495,3511,3694
22/3/2020 19:00,1415,1476,1356,5015,5091,5034,3600,3615,3678
22/3/2020 19:30,1539,1597,1581,5031,5094,5002,3492,3497,3421
22/3/2020 20:00,1670,1701,1687,4856,4886,4847,3186,3185,3160
22/3/2020 20:30,1807,1718,1800,4691,4698,4645,2884,2980,2845
22/3/2020 21:00,1922,1803,1839,4567,4563,4483,2645,2760,2644
22/3/2020 21:30,2016,1813,1894,4409,4401,4343,2393,2588,2449
22/3/2020 22:00,2097,1867,1886,4215,4213,4168,2118,2346,2282
22/3/2020 22:30,2167,1942,1910,4049,4063,3994,1882,2121,2084
22/3/2020 23:00,1918,1962,2000,3944,3944,3862,2026,1982,1862
22/3/2020 23:30,1879,2010,1872,3801,3799,3747,1922,1789,1875
23/3/2020 0:00,1840,1975,1959,3634,3630,3610,1794,1655,1651
23/3/2020 0:30,1801,1880,2125,3505,3501,3531,1704,1621,1406
23/3/2020 1:00,1761,1828,2172,3421,3415,3429,1660,1587,1257
23/3/2020 1:30,1720,1809,2051,3356,3347,3351,1636,1538,1300
23/3/2020 2:00,1668,1770,1989,3302,3291,3280,1634,1521,1291
23/3/2020 2:30,1607,1760,1924,3261,3252,3241,1654,1492,1317
23/3/2020 3:00,1580,1763,1883,3235,3224,3199,1655,1461,1316
23/3/2020 3:30,1587,1709,1875,3217,3205,3179,1630,1496,1304
23/3/2020 4:00,1584,1718,1878,3208,3194,3179,1624,1476,1301
23/3/2020 4:30,1570,1893,1911,3218,3206,3196,1648,1313,1285
23/3/2020 5:00,1588,1885,1957,3265,3256,3256,1677,1371,1299
23/3/2020 5:30,1638,1886,1960,3405,3396,3349,1767,1510,1389
23/3/2020 6:00,1690,1880,1944,3653,3641,3512,1963,1761,1568
23/3/2020 6:30,1746,1839,1939,4000,3996,3666,2254,2157,1727
23/3/2020 7:00,1772,1815,1963,4407,4416,3944,2635,2601,1981
23/3/2020 7:30,1768,1793,1956,4724,4721,4210,2956,2928,2254
23/3/2020 8:00,1729,1728,1897,4925,4884,4418,3196,3156,2521
23/3/2020 8:30,1654,1748,1750,5054,4994,4607,3400,3246,2857
23/3/2020 9:00,1656,1716,1625,5126,5070,4756,3470,3354,3131
23/3/2020 9:30,1736,1690,1541,5157,5112,4832,3421,3422,3291
23/3/2020 10:00,1799,1726,1563,5157,5132,4857,3358,3406,3294
23/3/2020 10:30,1845,1845,1686,5147,5145,4904,3302,3300,3218
23/3/2020 11:00,1900,1924,1815,5135,5133,4932,3235,3209,3117
23/3/2020 11:30,1964,2022,1904,5142,5150,4959,3178,3128,3055
23/3/2020 12:00,2023,2082,1994,5162,5183,5012,3139,3101,3018
23/3/2020 12:30,2076,2062,2103,5151,5178,5073,3075,3116,2970
23/3/2020 13:00,2123,2115,2232,5108,5122,5087,2985,3007,2855
23/3/2020 13:30,2165,2077,2283,5068,5076,5071,2903,2999,2788
23/3/2020 14:00,2175,2112,2359,5044,5040,4956,2869,2928,2597
23/3/2020 14:30,2156,2125,2544,5042,5027,4934,2886,2902,2390
23/3/2020 15:00,2150,2132,2726,5067,5036,4936,2917,2904,2210
23/3/2020 15:30,2158,2184,2782,5116,5084,4980,2958,2900,2198
23/3/2020 16:00,2163,2162,2686,5191,5169,5042,3028,3007,2356
23/3/2020 16:30,2166,2164,2609,5302,5288,5183,3136,3124,2574
23/3/2020 17:00,2171,2144,2439,5430,5420,5364,3259,3276,2925
23/3/2020 17:30,2178,2410,2430,5489,5483,5501,3311,3073,3071
23/3/2020 18:00,2213,2390,2393,5491,5482,5456,3278,3092,3063
23/3/2020 18:30,2276,2396,2354,5571,5543,5419,3295,3147,3065
23/3/2020 19:00,2346,2401,2308,5707,5642,5496,3361,3241,3188
23/3/2020 19:30,2423,2443,2335,5677,5603,5429,3254,3160,3094
23/3/2020 20:00,2505,2468,2387,5468,5406,5270,2963,2938,2883
23/3/2020 20:30,2591,2535,2406,5256,5195,5020,2665,2660,2614
23/3/2020 21:00,2656,2574,2471,5069,4997,4798,2413,2423,2327
23/3/2020 21:30,2702,2615,2666,4845,4766,4613,2143,2151,1947
23/3/2020 22:00,2739,2644,2768,4585,4511,4416,1846,1867,1648
23/3/2020 22:30,2768,2632,2808,4354,4278,4220,1586,1646,1412
23/3/2020 23:00,2619,2669,2784,4097,4086,4080,1478,1417,1296
23/3/2020 23:30,2656,2699,2544,3921,3911,3927,1265,1212,1383
24/3/2020 0:00,2688,2718,2325,3764,3752,3736,1076,1034,1411
24/3/2020 0:30,2713,2689,2360,3639,3626,3590,926,937,1230
24/3/2020 1:00,2727,2684,2453,3545,3528,3497,818,844,1044
24/3/2020 1:30,2731,2785,2449,3467,3450,3418,736,665,969
24/3/2020 2:00,2723,2763,2510,3403,3385,3370,680,622,860
24/3/2020 2:30,2704,2541,2537,3351,3334,3313,647,793,776
24/3/2020 3:00,2694,2539,2505,3314,3294,3269,620,755,764
24/3/2020 3:30,2692,2541,2450,3296,3277,3248,604,736,798
24/3/2020 4:00,2702,2557,2446,3298,3280,3255,596,723,809
24/3/2020 4:30,2722,2536,2449,3316,3302,3255,594,766,806
24/3/2020 5:00,2757,2583,2518,3361,3351,3310,604,768,792
24/3/2020 5:30,2807,2652,2630,3479,3466,3379,672,814,749
24/3/2020 6:00,2871,2748,2733,3684,3661,3531,813,913,798
24/3/2020 6:30,2951,2916,2648,3982,3955,3646,1031,1039,998
24/3/2020 7:00,3021,3013,2856,4343,4315,3903,1322,1302,1047
24/3/2020 7:30,3083,3051,3095,4643,4594,4168,1560,1543,1073
24/3/2020 8:00,3125,3111,3182,4852,4776,4395,1727,1665,1213
24/3/2020 8:30,3146,3099,3306,4986,4900,4567,1840,1801,1261
24/3/2020 9:00,3165,3123,3362,5054,4989,4688,1889,1866,1326
24/3/2020 9:30,3182,3152,3337,5083,5023,4748,1901,1871,1411
24/3/2020 10:00,3185,3165,3209,5085,5027,4738,1900,1862,1529
24/3/2020 10:30,3172,3113,3107,5081,5019,4755,1909,1906,1648
24/3/2020 11:00,3170,3126,3052,5080,5021,4755,1910,1895,1703
24/3/2020 11:30,3180,3202,3025,5093,5031,4762,1913,1829,1737
24/3/2020 12:00,3183,3206,3198,5112,5042,4846,1929,1836,1648
24/3/2020 12:30,3179,3290,3256,5093,5033,4911,1914,1743,1655
24/3/2020 13:00,3175,3281,3230,5038,4993,4932,1863,1712,1702
24/3/2020 13:30,3171,3243,3104,4988,4954,4833,1817,1711,1729
24/3/2020 14:00,3161,3234,2998,4955,4916,4745,1794,1682,1747
24/3/2020 14:30,3146,3160,2948,4946,4905,4706,1800,1745,1758
24/3/2020 15:00,3122,3160,2933,4964,4918,4702,1842,1758,1769
24/3/2020 15:30,3089,3153,3086,5014,4956,4701,1925,1803,1615
24/3/2020 16:00,3061,3142,3198,5096,5021,4754,2035,1879,1556
24/3/2020 16:30,3036,3151,3289,5207,5143,4911,2171,1992,1622
24/3/2020 17:00,3018,3138,3252,5327,5296,5130,2309,2158,1878
24/3/2020 17:30,3006,3031,3197,5378,5348,5290,2372,2317,2093
24/3/2020 18:00,2993,3020,3171,5376,5310,5282,2383,2290,2111
24/3/2020 18:30,2979,2946,3211,5458,5377,5279,2479,2431,2068
24/3/2020 19:00,2963,2931,3121,5602,5522,5376,2639,2591,2255
24/3/2020 19:30,2944,3040,3008,5587,5507,5301,2643,2467,2293
24/3/2020 20:00,2923,2982,2992,5396,5306,5172,2473,2324,2180
24/3/2020 20:30,2901,2922,3003,5195,5094,4952,2294,2172,1949
24/3/2020 21:00,2871,2850,3013,5009,4907,4773,2138,2057,1760
24/3/2020 21:30,2833,2749,2906,4789,4692,4563,1956,1943,1657
24/3/2020 22:00,2787,2686,2899,4534,4458,4379,1747,1772,1480
24/3/2020 22:30,2734,2642,2785,4305,4239,4162,1571,1597,1377
24/3/2020 23:00,2674,2591,2632,4077,4058,4037,1403,1467,1405
24/3/2020 23:30,2617,2554,2554,3896,3878,3902,1279,1324,1348
25/3/2020 0:00,2559,2504,2491,3721,3701,3758,1162,1197,1267
25/3/2020 0:30,2501,2509,2373,3585,3567,3608,1084,1058,1235
25/3/2020 1:00,2433,2453,2341,3491,3473,3502,1058,1020,1161
25/3/2020 1:30,2356,2405,2235,3416,3401,3378,1060,996,1143
25/3/2020 2:00,2280,2331,2111,3355,3338,3308,1075,1007,1197
25/3/2020 2:30,2206,2188,2077,3306,3290,3254,1100,1102,1177
25/3/2020 3:00,2122,2102,1985,3269,3249,3212,1147,1147,1227
25/3/2020 3:30,2030,2007,1879,3246,3225,3184,1216,1218,1305
25/3/2020 4:00,1927,1912,1802,3241,3217,3165,1314,1305,1363
25/3/2020 4:30,1813,1785,1829,3256,3231,3157,1443,1446,1328
25/3/2020 5:00,1696,1706,1946,3301,3279,3217,1605,1573,1271
25/3/2020 5:30,1575,1558,1986,3417,3392,3297,1842,1834,1311
25/3/2020 6:00,1462,1472,1808,3614,3581,3455,2152,2109,1647
25/3/2020 6:30,1356,1330,1646,3900,3861,3559,2544,2531,1913
25/3/2020 7:00,1245,1226,1466,4246,4199,3780,3001,2973,2314
25/3/2020 7:30,1131,1128,1340,4535,4466,4025,3404,3338,2685
25/3/2020 8:00,1030,1043,1197,4743,4649,4259,3713,3606,3062
25/3/2020 8:30,943,1062,1070,4881,4778,4443,3938,3716,3373
25/3/2020 9:00,883,974,1017,4960,4878,4588,4077,3904,3571
25/3/2020 9:30,850,946,884,5004,4926,4682,4154,3980,3798
25/3/2020 10:00,807,876,805,5023,4946,4716,4216,4070,3911
25/3/2020 10:30,754,807,718,5038,4946,4752,4284,4139,4034
25/3/2020 11:00,697,754,675,5054,4962,4796,4357,4208,4121
25/3/2020 11:30,638,675,634,5074,4990,4833,4436,4315,4199
25/3/2020 12:00,580,608,574,5094,5020,4891,4514,4412,4317
25/3/2020 12:30,523,534,545,5093,5025,4958,4570,4491,4413
25/3/2020 13:00,470,472,477,5070,4990,4979,4600,4518,4502
25/3/2020 13:30,421,368,466,5042,4955,4882,4621,4587,4416
25/3/2020 14:00,388,318,395,5016,4917,4827,4628,4599,4432
25/3/2020 14:30,372,245,340,5010,4901,4808,4638,4656,4468
25/3/2020 15:00,365,209,286,5027,4902,4790,4662,4693,4504
25/3/2020 15:30,367,161,230,5064,4938,4798,4697,4777,4568
25/3/2020 16:00,375,155,206,5127,5009,4857,4752,4854,4651
25/3/2020 16:30,387,198,202,5240,5119,5004,4853,4921,4802
25/3/2020 17:00,410,213,211,5379,5247,5191,4969,5034,4980
25/3/2020 17:30,445,268,207,5430,5300,5331,4985,5032,5124
25/3/2020 18:00,473,289,226,5401,5290,5322,4928,5001,5096
25/3/2020 18:30,495,293,263,5449,5360,5309,4954,5067,5046
25/3/2020 19:00,505,304,275,5562,5482,5366,5057,5178,5091
25/3/2020 19:30,503,302,307,5532,5456,5339,5029,5154,5032
25/3/2020 20:00,498,300,332,5344,5256,5176,4846,4956,4844
25/3/2020 20:30,491,279,350,5147,5045,4974,4656,4766,4624
25/3/2020 21:00,478,278,362,4966,4856,4783,4488,4578,4421
25/3/2020 21:30,461,264,363,4757,4645,4561,4296,4381,4198
25/3/2020 22:00,443,265,364,4520,4420,4346,4077,4155,3982
25/3/2020 22:30,424,279,362,4301,4215,4138,3877,3936,3776
25/3/2020 23:00,341,298,374,4051,4041,4037,3710,3743,3663
25/3/2020 23:30,340,297,386,3889,3884,3907,3549,3587,3521
26/3/2020 0:00,345,320,340,3740,3734,3754,3395,3414,3414
26/3/2020 0:30,354,320,343,3611,3615,3631,3257,3295,3289
26/3/2020 1:00,362,330,341,3503,3496,3528,3141,3166,3188
26/3/2020 1:30,367,331,357,3415,3416,3441,3048,3085,3084
26/3/2020 2:00,372,345,372,3347,3339,3372,2975,2994,3001
26/3/2020 2:30,378,346,393,3297,3293,3311,2919,2947,2918
26/3/2020 3:00,385,330,414,3265,3257,3272,2880,2927,2858
26/3/2020 3:30,393,337,454,3244,3235,3261,2851,2898,2807
26/3/2020 4:00,403,350,501,3235,3224,3259,2832,2874,2759
26/3/2020 4:30,415,369,516,3248,3235,3251,2833,2866,2735
26/3/2020 5:00,425,377,492,3293,3282,3284,2868,2905,2792
26/3/2020 5:30,435,392,491,3405,3390,3347,2970,2998,2857
26/3/2020 6:00,442,444,543,3593,3569,3476,3151,3125,2934
26/3/2020 6:30,445,448,564,3862,3828,3596,3417,3380,3032
26/3/2020 7:00,445,443,591,4188,4143,3847,3743,3700,3256
26/3/2020 7:30,440,429,559,4471,4408,4068,4031,3979,3510
26/3/2020 8:00,436,404,595,4685,4601,4267,4249,4197,3672
26/3/2020 8:30,430,392,602,4826,4740,4462,4396,4348,3860
26/3/2020 9:00,418,380,558,4899,4827,4595,4481,4447,4037
26/3/2020 9:30,400,371,526,4930,4868,4670,4530,4497,4145
26/3/2020 10:00,386,363,500,4933,4863,4676,4547,4500,4176
26/3/2020 10:30,377,353,422,4944,4869,4699,4567,4516,4278
26/3/2020 11:00,364,344,391,4967,4882,4739,4603,4538,4348
26/3/2020 11:30,347,334,388,4991,4912,4740,4644,4578,4352
26/3/2020 12:00,341,323,394,5006,4944,4787,4665,4621,4393
26/3/2020 12:30,348,312,400,4990,4937,4848,4642,4625,4448
26/3/2020 13:00,356,296,425,4946,4885,4851,4590,4589,4427
26/3/2020 13:30,367,293,416,4898,4827,4746,4531,4534,4330
26/3/2020 14:00,381,310,418,4857,4777,4674,4476,4467,4256
26/3/2020 14:30,398,317,426,4842,4753,4628,4444,4436,4202
26/3/2020 15:00,413,335,454,4856,4759,4609,4443,4424,4156
26/3/2020 15:30,429,348,452,4896,4794,4615,4467,4446,4163
26/3/2020 16:00,444,361,491,4965,4862,4671,4521,4501,4180
26/3/2020 16:30,460,372,511,5076,4987,4811,4616,4615,4300
26/3/2020 17:00,488,392,526,5207,5144,4997,4719,4752,4471
26/3/2020 17:30,527,422,527,5258,5200,5148,4731,4778,4622
26/3/2020 18:00,577,439,558,5245,5172,5156,4668,4733,4598
26/3/2020 18:30,637,497,647,5335,5255,5123,4698,4758,4476
26/3/2020 19:00,686,553,751,5506,5429,5213,4820,4876,4462
26/3/2020 19:30,723,605,865,5500,5425,5264,4777,4820,4399
26/3/2020 20:00,749,688,945,5301,5222,5105,4552,4534,4160
26/3/2020 20:30,763,719,1012,5096,5014,4908,4333,4295,3896
26/3/2020 21:00,767,748,1060,4920,4833,4709,4153,4085,3650
26/3/2020 21:30,759,749,1061,4711,4628,4488,3952,3879,3427
26/3/2020 22:00,748,745,1035,4471,4403,4267,3723,3658,3233
26/3/2020 22:30,735,742,820,4256,4201,4086,3521,3459,3266
26/3/2020 23:00,641,735,810,4034,4032,3984,3393,3297,3174
26/3/2020 23:30,633,723,935,3883,3879,3828,3250,3156,2893
27/3/2020 0:00,618,714,975,3746,3741,3684,3128,3027,2709
27/3/2020 0:30,597,701,904,3626,3620,3553,3029,2919,2649
27/3/2020 1:00,586,774,926,3522,3515,3460,2936,2741,2534
27/3/2020 1:30,584,787,916,3432,3426,3377,2848,2639,2461
27/3/2020 2:00,592,803,897,3357,3353,3304,2765,2550,2407
27/3/2020 2:30,610,825,968,3302,3300,3255,2692,2475,2287
27/3/2020 3:00,634,849,994,3267,3267,3218,2633,2418,2224
27/3/2020 3:30,664,864,1056,3246,3247,3213,2582,2383,2157
27/3/2020 4:00,693,879,1073,3240,3240,3202,2547,2361,2129
27/3/2020 4:30,722,894,975,3254,3253,3193,2532,2359,2218
27/3/2020 5:00,742,902,1040,3297,3296,3242,2555,2394,2202
27/3/2020 5:30,755,902,1035,3399,3397,3322,2644,2495,2287
27/3/2020 6:00,752,878,983,3571,3568,3431,2819,2690,2448
27/3/2020 6:30,731,852,957,3833,3831,3562,3102,2979,2606
27/3/2020 7:00,700,815,959,4159,4160,3787,3459,3345,2828
27/3/2020 7:30,657,766,945,4432,4433,4021,3775,3667,3076
27/3/2020 8:00,626,706,890,4625,4624,4241,3999,3918,3351
27/3/2020 8:30,609,664,833,4756,4750,4415,4147,4086,3583
27/3/2020 9:00,612,651,799,4833,4818,4539,4221,4167,3741
27/3/2020 9:30,635,652,800,4871,4846,4615,4236,4194,3816
27/3/2020 10:00,666,677,802,4880,4834,4642,4214,4157,3840
27/3/2020 10:30,708,728,838,4881,4828,4682,4173,4100,3844
27/3/2020 11:00,749,776,840,4882,4827,4698,4133,4051,3858
27/3/2020 11:30,788,822,890,4902,4845,4704,4114,4023,3814
27/3/2020 12:00,825,863,947,4933,4873,4740,4108,4010,3794
27/3/2020 12:30,859,903,1018,4928,4865,4790,4069,3962,3772
27/3/2020 13:00,885,935,1039,4880,4814,4776,3995,3879,3737
27/3/2020 13:30,905,961,1032,4814,4746,4651,3909,3785,3619
27/3/2020 14:00,927,1022,1106,4744,4675,4571,3817,3653,3465
27/3/2020 14:30,953,1048,1156,4703,4634,4514,3750,3586,3358
27/3/2020 15:00,982,1097,1188,4699,4629,4452,3717,3532,3265
27/3/2020 15:30,1016,1128,1289,4720,4650,4449,3704,3522,3160
27/3/2020 16:00,1050,1166,1381,4768,4699,4498,3718,3533,3117
27/3/2020 16:30,1085,1212,1500,4867,4800,4646,3782,3588,3146
27/3/2020 17:00,1118,1250,1596,4997,4930,4808,3879,3680,3212
27/3/2020 17:30,1149,1280,1687,5060,4984,4999,3911,3704,3312
27/3/2020 18:00,1182,1348,1690,5063,4976,5019,3881,3628,3329
27/3/2020 18:30,1217,1391,1770,5139,5068,5010,3922,3677,3240
27/3/2020 19:00,1252,1429,1822,5268,5238,5096,4016,3809,3274
27/3/2020 19:30,1285,1462,1920,5243,5234,5138,3958,3772,3218
27/3/2020 20:00,1317,1531,2033,5052,5038,5008,3735,3507,2975
27/3/2020 20:30,1347,1536,2106,4854,4838,4769,3507,3302,2663
27/3/2020 21:00,1363,1542,2146,4679,4666,4544,3316,3124,2398
27/3/2020 21:30,1365,1517,2146,4487,4476,4361,3122,2959,2215
27/3/2020 22:00,1368,1497,2107,4279,4280,4201,2911,2783,2094
27/3/2020 22:30,1372,1487,1951,4099,4099,4026,2727,2612,2075
27/3/2020 23:00,1459,1471,1923,3942,3950,3961,2483,2479,2038
27/3/2020 23:30,1451,1448,1934,3815,3821,3849,2364,2373,1915
28/3/2020 0:00,1443,1423,1916,3700,3708,3690,2257,2285,1775
28/3/2020 0:30,1435,1395,1892,3582,3589,3524,2147,2194,1632
28/3/2020 1:00,1427,1416,1834,3461,3467,3380,2034,2051,1546
28/3/2020 1:30,1420,1406,1814,3355,3359,3289,1935,1953,1475
28/3/2020 2:00,1426,1413,1666,3268,3271,3213,1842,1858,1547
28/3/2020 2:30,1447,1423,1533,3201,3203,3129,1754,1780,1596
28/3/2020 3:00,1474,1435,1298,3152,3155,3066,1678,1720,1768
28/3/2020 3:30,1506,1454,1166,3122,3125,3020,1616,1671,1854
28/3/2020 4:00,1536,1475,1196,3109,3112,3020,1573,1637,1824
28/3/2020 4:30,1564,1499,1137,3107,3111,3011,1543,1612,1874
28/3/2020 5:00,1592,1541,1249,3116,3122,3012,1524,1581,1764
28/3/2020 5:30,1622,1600,1417,3144,3152,3028,1522,1552,1611
28/3/2020 6:00,1661,1671,1436,3193,3202,3054,1532,1531,1619
28/3/2020 6:30,1710,1740,1612,3261,3270,3107,1551,1530,1495
28/3/2020 7:00,1776,1814,1743,3358,3368,3220,1582,1554,1477
28/3/2020 7:30,1859,1894,1821,3532,3541,3324,1673,1647,1503
28/3/2020 8:00,1940,1968,1945,3767,3776,3409,1827,1808,1464
28/3/2020 8:30,2021,2073,2071,3969,3975,3524,1948,1902,1454
28/3/2020 9:00,2105,2179,2192,4117,4121,3677,2012,1942,1485
28/3/2020 9:30,2193,2288,2227,4229,4231,3788,2036,1943,1561
28/3/2020 10:00,2269,2387,2209,4309,4293,3872,2040,1906,1664
28/3/2020 10:30,2334,2482,2096,4355,4336,3962,2021,1854,1867
28/3/2020 11:00,2387,2554,1896,4375,4352,4021,1988,1798,2126
28/3/2020 11:30,2430,2602,1875,4407,4381,4086,1977,1779,2212
28/3/2020 12:00,2464,2631,1866,4447,4419,4135,1983,1788,2269
28/3/2020 12:30,2491,2644,1851,4451,4419,4201,1960,1775,2351
28/3/2020 13:00,2511,2681,1788,4411,4374,4228,1900,1693,2440
28/3/2020 13:30,2525,2697,1750,4341,4302,4154,1816,1605,2405
28/3/2020 14:00,2534,2736,1692,4258,4217,4077,1724,1481,2386
28/3/2020 14:30,2539,2739,1622,4206,4167,4030,1667,1428,2408
28/3/2020 15:00,2542,2745,1727,4195,4159,4005,1653,1414,2278
28/3/2020 15:30,2543,2730,1856,4211,4181,3998,1668,1451,2142
28/3/2020 16:00,2537,2702,1965,4256,4232,4065,1719,1530,2101
28/3/2020 16:30,2523,2660,2327,4356,4334,4209,1833,1674,1882
28/3/2020 17:00,2490,2583,2666,4492,4467,4454,2002,1884,1788
28/3/2020 17:30,2437,2500,2765,4563,4536,4668,2126,2036,1903
28/3/2020 18:00,2382,2428,2707,4578,4554,4748,2196,2126,2041
28/3/2020 18:30,2326,2369,2536,4674,4655,4798,2348,2286,2262
28/3/2020 19:00,2288,2325,2372,4830,4818,4868,2542,2493,2496
28/3/2020 19:30,2267,2295,2355,4825,4816,4873,2558,2521,2518
28/3/2020 20:00,2242,2263,2365,4648,4637,4709,2406,2374,2344
28/3/2020 20:30,2215,2227,2368,4478,4467,4517,2263,2240,2149
28/3/2020 21:00,2180,2187,2406,4349,4336,4340,2169,2149,1935
28/3/2020 21:30,2137,2161,2422,4210,4197,4142,2073,2036,1720
28/3/2020 22:00,2091,2134,2352,4056,4035,3981,1965,1901,1629
28/3/2020 22:30,2044,2106,2112,3913,3894,3807,1869,1788,1695
28/3/2020 23:00,2089,2076,1836,3786,3776,3716,1697,1700,1880
28/3/2020 23:30,2073,2042,1827,3725,3716,3620,1652,1674,1793
29/3/2020 0:00,2057,2009,1759,3691,3683,3500,1634,1674,1741
29/3/2020 0:30,1651,1979,1563,3874,3529,3991,2223,1550,2428
29/3/2020 1:00,1651,1979,1563,3874,3529,3991,2223,1550,2428
29/3/2020 1:30,1651,1979,1563,3874,3529,3991,2223,1550,2428
29/3/2020 2:00,2019,2007,1781,3274,3267,3355,1255,1260,1574
29/3/2020 2:30,1994,1993,1639,3120,3113,3122,1126,1120,1484
29/3/2020 3:00,1961,1974,1449,3098,3090,3041,1137,1116,1593
29/3/2020 3:30,1919,1950,1407,3097,3088,3005,1178,1138,1599
29/3/2020 4:00,1876,1936,1482,3090,3078,2974,1214,1142,1492
29/3/2020 4:30,1833,1914,1564,3077,3066,2988,1244,1152,1424
29/3/2020 5:00,1796,1883,1508,3065,3056,2984,1269,1173,1476
29/3/2020 5:30,1765,1843,1521,3068,3059,2990,1303,1216,1469
29/3/2020 6:00,1743,1809,1558,3094,3087,3038,1351,1278,1481
29/3/2020 6:30,1729,1778,1561,3148,3140,3091,1419,1362,1530
29/3/2020 7:00,1718,1767,1429,3225,3216,3078,1507,1449,1649
29/3/2020 7:30,1710,1759,1286,3299,3291,3079,1589,1532,1793
29/3/2020 8:00,1709,1763,1213,3380,3374,3198,1671,1611,1986
29/3/2020 8:30,1717,1778,1166,3526,3520,3289,1809,1742,2123
29/3/2020 9:00,1732,1751,1129,3733,3725,3350,2001,1974,2221
29/3/2020 9:30,1755,1781,1171,3917,3908,3443,2162,2127,2273
29/3/2020 10:00,1762,1789,1442,4061,4053,3579,2299,2264,2137
29/3/2020 10:30,1753,1795,1686,4171,4163,3757,2418,2368,2071
29/3/2020 11:00,1722,1765,1892,4254,4232,3910,2532,2467,2018
29/3/2020 11:30,1670,1708,2127,4327,4304,4070,2657,2596,1943
29/3/2020 12:00,1627,1658,2222,4387,4363,4205,2760,2705,1983
29/3/2020 12:30,1591,1614,2169,4404,4381,4332,2813,2767,2164
29/3/2020 13:00,1558,1577,2135,4376,4353,4404,2818,2776,2269
29/3/2020 13:30,1529,1548,2029,4319,4300,4376,2790,2752,2347
29/3/2020 14:00,1510,1563,2005,4246,4230,4314,2736,2667,2309
29/3/2020 14:30,1503,1558,2021,4187,4172,4267,2684,2614,2247
29/3/2020 15:00,1506,1557,1929,4149,4131,4198,2643,2574,2270
29/3/2020 15:30,1522,1558,1972,4136,4118,4187,2614,2560,2215
29/3/2020 16:00,1541,1563,2082,4149,4133,4228,2608,2570,2146
29/3/2020 16:30,1565,1574,2158,4198,4187,4311,2633,2613,2153
29/3/2020 17:00,1579,1585,2174,4277,4271,4445,2698,2686,2271
29/3/2020 17:30,1583,1577,2238,4352,4348,4561,2769,2771,2323
29/3/2020 18:00,1558,1553,2228,4406,4402,4573,2848,2849,2346
29/3/2020 18:30,1506,1498,2201,4403,4398,4545,2897,2900,2344
29/3/2020 19:00,1447,1445,1962,4368,4363,4454,2921,2918,2493
29/3/2020 19:30,1380,1377,1664,4442,4432,4402,3062,3055,2739
29/3/2020 20:00,1320,1314,1479,4599,4579,4446,3279,3265,2968
29/3/2020 20:30,1267,1255,1497,4594,4568,4573,3327,3313,3076
29/3/2020 21:00,1222,1239,1504,4405,4378,4438,3183,3139,2935
29/3/2020 21:30,1188,1212,1458,4194,4166,4251,3006,2954,2793
29/3/2020 22:00,1159,1200,1470,4001,3973,4085,2842,2773,2616
29/3/2020 22:30,1135,1190,1508,3838,3808,3901,2703,2618,2393
29/3/2020 23:00,1262,1198,1495,3672,3691,3722,2410,2493,2228
29/3/2020 23:30,1253,1219,1446,3561,3577,3518,2308,2358,2072
30/3/2020 0:00,1229,1219,1313,3470,3478,3460,2241,2259,2147
30/3/2020 0:30,1191,1200,1321,3378,3383,3412,2187,2183,2091
30/3/2020 1:00,1159,1185,1428,3286,3291,3363,2127,2106,1935
30/3/2020 1:30,1134,1169,1443,3208,3214,3276,2074,2045,1833
30/3/2020 2:00,1115,1129,1377,3146,3156,3228,2031,2027,1851
30/3/2020 2:30,1103,1130,1386,3099,3111,3163,1996,1981,1777
30/3/2020 3:00,1093,1135,1290,3066,3079,3095,1973,1944,1805
30/3/2020 3:30,1086,1150,1318,3049,3064,3059,1963,1914,1742
30/3/2020 4:00,1088,1181,1344,3049,3065,3045,1961,1884,1701
30/3/2020 4:30,1101,1206,1370,3057,3071,3032,1956,1865,1662
30/3/2020 5:00,1130,1235,1419,3087,3098,3077,1957,1863,1659
30/3/2020 5:30,1175,1268,1440,3213,3219,3129,2038,1951,1689
30/3/2020 6:00,1233,1306,1374,3452,3454,3251,2219,2148,1878
30/3/2020 6:30,1303,1354,1409,3814,3811,3406,2511,2457,1998
30/3/2020 7:00,1369,1352,1454,4245,4239,3552,2876,2887,2098
30/3/2020 7:30,1431,1383,1570,4526,4523,3727,3095,3140,2158
30/3/2020 8:00,1489,1411,1554,4638,4644,3957,3149,3233,2404
30/3/2020 8:30,1544,1436,1582,4722,4736,4127,3178,3300,2545
30/3/2020 9:00,1619,1463,1630,4810,4825,4217,3191,3362,2587
30/3/2020 9:30,1712,1542,1674,4872,4885,4261,3160,3343,2587
30/3/2020 10:00,1798,1668,1898,4905,4914,4311,3107,3246,2413
30/3/2020 10:30,1876,1802,2101,4925,4935,4383,3049,3133,2282
30/3/2020 11:00,1928,1921,2248,4939,4939,4465,3011,3018,2217
30/3/2020 11:30,1955,2025,2452,4957,4957,4527,3002,2932,2075
30/3/2020 12:00,1972,2096,2677,4976,4979,4630,3004,2883,1953
30/3/2020 12:30,1980,2136,2625,4969,4977,4721,2989,2841,2097
30/3/2020 13:00,1980,2165,2673,4936,4950,4795,2956,2785,2123
30/3/2020 13:30,1973,2180,2664,4910,4927,4718,2937,2747,2054
30/3/2020 14:00,1965,2187,2558,4895,4913,4612,2930,2726,2055
30/3/2020 14:30,1958,2184,2587,4881,4900,4579,2923,2716,1993
30/3/2020 15:00,1942,2193,2582,4872,4892,4524,2930,2699,1942
30/3/2020 15:30,1918,2171,2577,4889,4909,4526,2971,2738,1949
30/3/2020 16:00,1892,2153,2522,4937,4956,4567,3045,2803,2045
30/3/2020 16:30,1864,2114,2577,5015,5033,4694,3151,2919,2117
30/3/2020 17:00,1824,2051,2645,5107,5125,4893,3283,3074,2248
30/3/2020 17:30,1774,1962,2452,5153,5170,5042,3379,3208,2590
30/3/2020 18:00,1706,1855,2335,5139,5157,5060,3433,3302,2726
30/3/2020 18:30,1618,1768,2251,5071,5092,4956,3453,3324,2706
30/3/2020 19:00,1537,1683,2102,4984,5008,4835,3447,3325,2733
30/3/2020 19:30,1463,1610,1905,5013,5034,4701,3550,3424,2796
30/3/2020 20:00,1402,1544,1814,5126,5140,4705,3724,3596,2892
30/3/2020 20:30,1353,1485,1713,5076,5086,4742,3723,3601,3029
30/3/2020 21:00,1308,1461,1615,4839,4848,4655,3531,3387,3041
30/3/2020 21:30,1266,1407,1506,4576,4583,4453,3310,3176,2947
30/3/2020 22:00,1228,1375,1416,4326,4333,4229,3098,2958,2813
30/3/2020 22:30,1193,1331,1318,4093,4099,3992,2900,2768,2674
30/3/2020 23:00,1296,1280,1304,3889,3881,3782,2593,2601,2478
30/3/2020 23:30,1252,1218,1310,3730,3723,3629,2478,2505,2319
31/3/2020 0:00,1217,1168,1344,3620,3612,3558,2403,2444,2214
31/3/2020 0:30,1191,1129,1343,3519,3511,3488,2328,2382,2145
31/3/2020 1:00,1164,1099,1304,3422,3413,3393,2258,2314,2089
31/3/2020 1:30,1134,1071,1226,3342,3334,3313,2208,2263,2087
31/3/2020 2:00,1108,1105,1209,3282,3275,3242,2174,2170,2033
31/3/2020 2:30,1087,1095,1229,3234,3227,3178,2147,2132,1949
31/3/2020 3:00,1069,1114,1245,3199,3193,3153,2130,2079,1908
31/3/2020 3:30,1056,1090,1191,3184,3179,3122,2128,2089,1931
31/3/2020 4:00,1044,1067,1157,3189,3184,3114,2145,2117,1957
31/3/2020 4:30,1032,1043,1149,3200,3195,3130,2168,2152,1981
31/3/2020 5:00,1016,1019,1131,3232,3228,3180,2216,2209,2049
31/3/2020 5:30,994,995,1100,3350,3347,3243,2356,2352,2143
31/3/2020 6:00,966,985,1094,3576,3575,3388,2610,2590,2294
31/3/2020 6:30,931,978,1068,3933,3931,3508,3002,2953,2440
31/3/2020 7:00,883,938,1042,4368,4366,3645,3485,3428,2603
31/3/2020 7:30,823,895,1028,4651,4649,3833,3828,3754,2805
31/3/2020 8:00,764,843,946,4761,4758,4042,3997,3915,3096
31/3/2020 8:30,706,782,815,4839,4837,4227,4133,4055,3412
31/3/2020 9:00,661,691,749,4916,4916,4313,4255,4225,3564
31/3/2020 9:30,626,636,732,4961,4960,4364,4335,4324,3632
31/3/2020 10:00,609,578,719,4974,4969,4395,4365,4391,3676
31/3/2020 10:30,611,548,680,4980,4976,4448,4369,4428,3768
31/3/2020 11:00,618,531,687,4987,4979,4490,4369,4448,3803
31/3/2020 11:30,631,528,641,5001,4990,4522,4370,4462,3881
31/3/2020 12:00,644,526,645,5014,5005,4570,4370,4479,3925
31/3/2020 12:30,655,525,646,5004,4997,4659,4349,4472,4013
31/3/2020 13:00,667,530,670,4971,4983,4707,4304,4453,4037
31/3/2020 13:30,680,547,634,4944,4956,4611,4264,4409,3977
31/3/2020 14:00,692,610,673,4928,4927,4533,4236,4317,3860
31/3/2020 14:30,702,621,682,4917,4911,4479,4215,4290,3797
31/3/2020 15:00,704,677,743,4913,4910,4452,4209,4233,3709
31/3/2020 15:30,698,668,811,4932,4927,4440,4234,4259,3629
31/3/2020 16:00,688,682,849,4978,4964,4510,4290,4282,3661
31/3/2020 16:30,674,666,860,5054,5041,4663,4380,4375,3803
31/3/2020 17:00,658,643,873,5146,5145,4868,4488,4502,3995
31/3/2020 17:30,638,614,895,5192,5205,5045,4554,4591,4150
31/3/2020 18:00,612,553,911,5180,5271,5033,4568,4718,4122
31/3/2020 18:30,581,531,888,5113,5178,4922,4532,4647,4034
31/3/2020 19:00,560,589,817,5026,5063,4814,4466,4474,3997
31/3/2020 19:30,549,573,759,5062,5119,4717,4513,4546,3958
31/3/2020 20:00,542,623,758,5189,5312,4748,4647,4689,3990
31/3/2020 20:30,540,611,747,5150,5316,4798,4610,4705,4051
31/3/2020 21:00,536,682,748,4922,5095,4688,4386,4413,3940
31/3/2020 21:30,530,665,662,4663,4845,4476,4133,4180,3814
31/3/2020 22:00,519,653,630,4415,4612,4277,3896,3959,3647
31/3/2020 22:30,502,633,561,4185,4380,4079,3683,3747,3518
31/3/2020 23:00,540,621,537,3970,4155,3851,3430,3534,3314
31/3/2020 23:30,518,594,540,3804,3966,3652,3286,3372,3112
1/4/2020 0:00,500,596,484,3677,3815,3567,3177,3219,3083
1/4/2020 0:30,486,560,412,3568,3690,3494,3082,3130,3082
1/4/2020 1:00,466,460,393,3472,3588,3407,3006,3128,3014
1/4/2020 1:30,443,428,355,3393,3504,3318,2950,3076,2963
1/4/2020 2:00,423,364,339,3330,3434,3270,2907,3070,2931
1/4/2020 2:30,407,352,362,3280,3379,3214,2873,3027,2852
1/4/2020 3:00,398,366,347,3244,3341,3162,2846,2975,2815
1/4/2020 3:30,397,367,368,3228,3324,3129,2831,2957,2761
1/4/2020 4:00,399,372,382,3231,3326,3108,2832,2954,2726
1/4/2020 4:30,406,376,408,3242,3331,3115,2836,2955,2707
1/4/2020 5:00,413,356,434,3272,3350,3141,2859,2994,2707
1/4/2020 5:30,421,367,438,3386,3438,3188,2965,3071,2750
1/4/2020 6:00,433,401,459,3605,3624,3335,3172,3223,2876
1/4/2020 6:30,448,428,466,3961,3968,3471,3513,3540,3005
1/4/2020 7:00,465,446,498,4399,4425,3584,3934,3979,3086
1/4/2020 7:30,482,473,507,4685,4762,3757,4203,4289,3250
1/4/2020 8:00,502,531,490,4795,4943,3989,4293,4412,3499
1/4/2020 8:30,524,548,458,4879,5066,4179,4355,4518,3721
1/4/2020 9:00,560,578,456,4966,5153,4262,4406,4575,3806
1/4/2020 9:30,609,631,497,5014,5190,4300,4405,4559,3803
1/4/2020 10:00,666,673,606,5021,5183,4335,4355,4510,3729
1/4/2020 10:30,730,741,737,5023,5173,4380,4293,4432,3643
1/4/2020 11:00,779,802,828,5027,5139,4413,4248,4337,3585
1/4/2020 11:30,814,859,956,5035,5129,4457,4221,4270,3501
1/4/2020 12:00,847,878,1066,5043,5121,4538,4196,4243,3472
1/4/2020 12:30,880,923,1103,5026,5100,4614,4146,4177,3511
1/4/2020 13:00,916,941,1160,4986,5063,4668,4070,4122,3508
1/4/2020 13:30,957,998,1245,4952,5028,4558,3995,4030,3313
1/4/2020 14:00,990,1102,1233,4929,5000,4476,3939,3898,3243
1/4/2020 14:30,1018,1143,1235,4914,4986,4434,3896,3843,3199
1/4/2020 15:00,1046,1289,1364,4912,4990,4426,3866,3701,3062
1/4/2020 15:30,1074,1285,1376,4934,5017,4414,3860,3732,3038
1/4/2020 16:00,1096,1291,1419,4985,5071,4472,3889,3780,3053
1/4/2020 16:30,1114,1254,1483,5068,5159,4631,3954,3905,3148
1/4/2020 17:00,1116,1230,1487,5166,5264,4847,4050,4034,3360
1/4/2020 17:30,1104,1177,1379,5213,5313,4987,4109,4136,3608
1/4/2020 18:00,1080,1099,1341,5197,5290,4951,4117,4191,3610
1/4/2020 18:30,1044,1035,1314,5132,5207,4846,4088,4172,3532
1/4/2020 19:00,1012,1017,1212,5051,5103,4753,4039,4086,3541
1/4/2020 19:30,983,954,1148,5072,5137,4691,4089,4183,3543
1/4/2020 20:00,961,962,1090,5170,5283,4699,4209,4321,3609
1/4/2020 20:30,946,935,1116,5126,5281,4743,4180,4346,3627
1/4/2020 21:00,939,929,1140,4917,5097,4623,3978,4168,3483
1/4/2020 21:30,940,931,1207,4671,4865,4418,3731,3934,3211
1/4/2020 22:00,949,947,1269,4423,4621,4229,3474,3674,2960
1/4/2020 22:30,968,952,1327,4190,4381,4014,3222,3429,2687
1/4/2020 23:00,1010,987,1265,4157,4156,3797,3147,3169,2532
1/4/2020 23:30,1042,1007,1331,3965,3967,3631,2923,2960,2300
2/4/2020 0:00,1082,1081,1387,3809,3812,3549,2727,2731,2162
2/4/2020 0:30,1131,1110,1414,3680,3683,3473,2549,2573,2059
2/4/2020 1:00,1183,1229,1533,3573,3575,3377,2390,2346,1844
2/4/2020 1:30,1238,1281,1590,3484,3486,3288,2246,2205,1698
2/4/2020 2:00,1293,1344,1657,3411,3413,3221,2118,2069,1564
2/4/2020 2:30,1347,1386,1732,3353,3355,3186,2006,1969,1454
2/4/2020 3:00,1405,1518,1824,3311,3312,3151,1906,1794,1327
2/4/2020 3:30,1467,1577,1890,3290,3291,3128,1823,1714,1238
2/4/2020 4:00,1543,1646,1774,3287,3288,3091,1744,1642,1317
2/4/2020 4:30,1632,1724,1857,3289,3289,3085,1657,1565,1228
2/4/2020 5:00,1716,1877,1815,3305,3304,3101,1589,1427,1286
2/4/2020 5:30,1794,1933,1902,3389,3387,3140,1595,1454,1238
2/4/2020 6:00,1872,2064,2093,3570,3567,3285,1698,1503,1192
2/4/2020 6:30,1950,2114,2239,3910,3906,3411,1960,1792,1172
2/4/2020 7:00,2035,2157,2325,4363,4359,3527,2328,2202,1202
2/4/2020 7:30,2129,2243,2446,4692,4689,3756,2563,2446,1310
2/4/2020 8:00,2231,2321,2556,4865,4864,3908,2634,2543,1352
2/4/2020 8:30,2340,2420,2518,4994,4992,4079,2654,2572,1561
2/4/2020 9:00,2445,2547,2530,5099,5094,4161,2654,2547,1631
2/4/2020 9:30,2547,2621,2664,5146,5139,4217,2599,2518,1553
2/4/2020 10:00,2626,2742,2769,5140,5130,4244,2514,2388,1475
2/4/2020 10:30,2682,2772,2820,5127,5116,4306,2445,2344,1486
2/4/2020 11:00,2719,2839,2862,5120,5103,4329,2401,2264,1467
2/4/2020 11:30,2736,2842,2930,5120,5101,4373,2384,2259,1443
2/4/2020 12:00,2750,2741,2930,5122,5104,4426,2372,2363,1496
2/4/2020 12:30,2759,2711,2898,5104,5086,4528,2345,2375,1630
2/4/2020 13:00,2756,2746,2885,5065,5044,4591,2309,2298,1706
2/4/2020 13:30,2740,2711,2781,5022,4998,4464,2282,2287,1683
2/4/2020 14:00,2706,2730,2719,4985,4957,4369,2279,2227,1650
2/4/2020 14:30,2656,2666,2691,4966,4937,4319,2310,2271,1628
2/4/2020 15:00,2596,2697,2661,4968,4940,4303,2372,2243,1642
2/4/2020 15:30,2527,2600,2606,4988,4962,4298,2461,2362,1692
2/4/2020 16:00,2447,2465,2554,5028,5007,4366,2581,2542,1812
2/4/2020 16:30,2358,2341,2523,5104,5087,4525,2746,2746,2002
2/4/2020 17:00,2243,2128,2437,5203,5188,4727,2960,3060,2290
2/4/2020 17:30,2100,1964,2292,5254,5239,4900,3154,3275,2608
2/4/2020 18:00,1934,1830,2117,5240,5223,4928,3306,3393,2811
2/4/2020 18:30,1744,1645,1864,5159,5145,4845,3415,3500,2981
2/4/2020 19:00,1559,1473,1703,5053,5046,4740,3494,3573,3037
2/4/2020 19:30,1380,1317,1586,5085,5083,4639,3705,3766,3053
2/4/2020 20:00,1225,1271,1441,5232,5232,4594,4007,3961,3153
2/4/2020 20:30,1092,1134,1346,5240,5237,4686,4148,4103,3340
2/4/2020 21:00,974,1029,1230,5073,5065,4578,4099,4036,3348
2/4/2020 21:30,868,922,1090,4854,4842,4397,3986,3920,3307
2/4/2020 22:00,783,822,1018,4616,4606,4209,3833,3784,3191
2/4/2020 22:30,719,764,961,4381,4370,4003,3662,3606,3042
2/4/2020 23:00,749,757,907,4148,4152,3813,3399,3395,2906
2/4/2020 23:30,705,721,881,3972,3977,3648,3267,3256,2767
3/4/2020 0:00,667,763,850,3843,3847,3583,3176,3084,2733
3/4/2020 0:30,637,738,830,3725,3728,3501,3088,2990,2671
3/4/2020 1:00,617,725,818,3612,3616,3407,2995,2891,2589
3/4/2020 1:30,608,724,839,3516,3520,3303,2908,2796,2464
3/4/2020 2:00,596,715,882,3440,3443,3256,2844,2728,2374
3/4/2020 2:30,583,696,999,3379,3382,3216,2796,2686,2217
3/4/2020 3:00,570,673,1032,3336,3339,3132,2766,2666,2100
3/4/2020 3:30,556,645,1014,3317,3321,3095,2761,2676,2081
3/4/2020 4:00,540,598,988,3321,3324,3093,2781,2726,2105
3/4/2020 4:30,521,548,934,3331,3334,3109,2810,2786,2175
3/4/2020 5:00,503,568,923,3355,3359,3144,2852,2791,2221
3/4/2020 5:30,486,499,894,3435,3438,3181,2949,2939,2287
3/4/2020 6:00,464,562,780,3598,3600,3296,3134,3038,2516
3/4/2020 6:30,437,514,756,3911,3912,3415,3474,3398,2659
3/4/2020 7:00,411,538,710,4338,4339,3534,3927,3801,2824
3/4/2020 7:30,385,505,685,4667,4666,3728,4282,4161,3043
3/4/2020 8:00,368,528,577,4863,4860,3950,4495,4332,3373
3/4/2020 8:30,358,520,500,5003,5000,4155,4645,4480,3655
3/4/2020 9:00,360,523,454,5101,5102,4236,4741,4579,3782
3/4/2020 9:30,375,554,437,5150,5153,4284,4775,4599,3847
3/4/2020 10:00,403,601,456,5153,5153,4317,4750,4552,3861
3/4/2020 10:30,444,648,587,5143,5141,4317,4699,4493,3730
3/4/2020 11:00,489,727,786,5130,5102,4347,4641,4375,3561
3/4/2020 11:30,538,781,916,5121,5090,4359,4583,4309,3443
3/4/2020 12:00,586,788,924,5113,5082,4416,4527,4294,3492
3/4/2020 12:30,633,841,1116,5090,5058,4482,4457,4217,3366
3/4/2020 13:00,679,831,1208,5047,5010,4523,4368,4179,3315
3/4/2020 13:30,725,899,1259,4988,4945,4402,4263,4046,3143
3/4/2020 14:00,753,1114,1419,4920,4874,4352,4167,3760,2933
3/4/2020 14:30,765,1143,1346,4879,4834,4282,4114,3691,2936
3/4/2020 15:00,758,1190,1313,4868,4827,4246,4110,3637,2933
3/4/2020 15:30,735,1166,1279,4870,4830,4223,4135,3664,2944
3/4/2020 16:00,700,1134,1137,4884,4843,4279,4184,3709,3142
3/4/2020 16:30,654,1063,1031,4938,4892,4404,4284,3829,3373
3/4/2020 17:00,605,1081,963,5022,4970,4618,4417,3889,3655
3/4/2020 17:30,554,960,903,5071,5015,4769,4517,4055,3866
3/4/2020 18:00,506,791,810,5067,5012,4773,4561,4221,3963
3/4/2020 18:30,462,683,672,5000,4943,4713,4538,4260,4041
3/4/2020 19:00,425,599,535,4904,4845,4609,4479,4246,4074
3/4/2020 19:30,397,538,471,4924,4872,4522,4527,4334,4051
3/4/2020 20:00,378,484,458,5045,5006,4525,4667,4522,4067
3/4/2020 20:30,368,443,438,5057,5029,4597,4689,4586,4159
3/4/2020 21:00,374,408,428,4928,4904,4503,4554,4496,4075
3/4/2020 21:30,395,402,412,4731,4710,4291,4336,4308,3879
3/4/2020 22:00,427,365,465,4499,4480,4113,4072,4115,3648
3/4/2020 22:30,470,394,511,4285,4268,3918,3815,3874,3407
3/4/2020 23:00,442,452,587,4088,4095,3748,3646,3643,3161
3/4/2020 23:30,473,467,660,3941,3949,3574,3468,3482,2914
4/4/2020 0:00,503,506,721,3820,3828,3521,3317,3322,2800
4/4/2020 0:30,534,534,657,3696,3703,3428,3162,3169,2771
4/4/2020 1:00,565,539,802,3569,3575,3300,3004,3036,2498
4/4/2020 1:30,596,556,870,3455,3461,3207,2859,2905,2337
4/4/2020 2:00,633,648,920,3360,3366,3150,2727,2718,2230
4/4/2020 2:30,675,670,931,3283,3289,3093,2608,2619,2162
4/4/2020 3:00,725,779,934,3227,3233,3027,2502,2454,2093
4/4/2020 3:30,784,807,890,3199,3205,2990,2415,2398,2100
4/4/2020 4:00,844,834,926,3194,3201,2974,2350,2367,2048
4/4/2020 4:30,906,873,918,3185,3193,2957,2279,2320,2039
4/4/2020 5:00,971,999,972,3176,3183,2966,2205,2184,1994
4/4/2020 5:30,1039,1052,944,3208,3216,2980,2169,2164,2036
4/4/2020 6:00,1123,1142,1099,3288,3296,3061,2165,2154,1962
4/4/2020 6:30,1223,1230,1246,3398,3405,3111,2175,2175,1865
4/4/2020 7:00,1333,1280,1297,3538,3545,3150,2205,2265,1853
4/4/2020 7:30,1456,1403,1345,3734,3741,3250,2278,2338,1905
4/4/2020 8:00,1575,1540,1401,3974,3981,3375,2399,2441,1974
4/4/2020 8:30,1691,1684,1605,4181,4189,3537,2490,2505,1932
4/4/2020 9:00,1833,1740,1747,4341,4349,3632,2508,2609,1885
4/4/2020 9:30,2001,1901,1990,4466,4475,3722,2465,2574,1732
4/4/2020 10:00,2170,2103,2283,4555,4563,3821,2385,2460,1538
4/4/2020 10:30,2342,2294,2508,4595,4607,3904,2253,2313,1396
4/4/2020 11:00,2503,2445,2795,4594,4584,4003,2091,2139,1208
4/4/2020 11:30,2655,2628,2896,4592,4582,4073,1937,1954,1177
4/4/2020 12:00,2783,2797,2990,4593,4584,4167,1810,1787,1177
4/4/2020 12:30,2888,2885,3076,4576,4570,4258,1688,1685,1182
4/4/2020 13:00,2980,3060,3018,4537,4533,4268,1557,1473,1250
4/4/2020 13:30,3058,3109,2969,4475,4473,4204,1417,1364,1235
4/4/2020 14:00,3114,3276,3018,4399,4399,4148,1285,1123,1130
4/4/2020 14:30,3147,3287,3120,4350,4349,4111,1203,1062,991
4/4/2020 15:00,3167,3218,3155,4332,4329,4076,1165,1111,921
4/4/2020 15:30,3175,3213,3167,4326,4319,4039,1151,1106,872
4/4/2020 16:00,3177,3192,3181,4333,4321,4099,1156,1129,918
4/4/2020 16:30,3176,3187,3114,4377,4363,4223,1201,1176,1109
4/4/2020 17:00,3168,3109,3162,4453,4441,4389,1285,1332,1227
4/4/2020 17:30,3152,3104,3250,4510,4500,4549,1358,1396,1299
4/4/2020 18:00,3144,3134,3250,4526,4520,4608,1382,1386,1358
4/4/2020 18:30,3144,3143,3143,4476,4469,4507,1332,1326,1364
4/4/2020 19:00,3160,3187,3160,4387,4377,4409,1227,1190,1249
4/4/2020 19:30,3194,3216,3111,4400,4390,4291,1206,1174,1180
4/4/2020 20:00,3234,3219,3135,4508,4503,4272,1274,1284,1137
4/4/2020 20:30,3280,3257,3266,4540,4539,4395,1260,1282,1129
4/4/2020 21:00,3318,3352,3099,4465,4463,4284,1147,1111,1185
4/4/2020 21:30,3348,3381,2938,4328,4327,4090,980,946,1152
4/4/2020 22:00,3364,3398,2856,4150,4150,3918,786,752,1062
4/4/2020 22:30,3367,3395,2737,3965,3963,3759,598,568,1022
4/4/2020 23:00,3304,3316,2574,3793,3789,3590,489,473,1016
4/4/2020 23:30,3279,3286,2410,3692,3689,3436,413,403,1026
5/4/2020 0:00,3251,3201,2388,3651,3645,3386,400,444,998
5/4/2020 0:30,3221,3166,2310,3564,3558,3287,343,392,977
5/4/2020 1:00,3183,2962,2271,3425,3419,3183,242,457,912
5/4/2020 1:30,3138,2945,2228,3300,3294,3079,162,349,851
5/4/2020 2:00,3097,2777,2229,3204,3196,3016,107,419,787
5/4/2020 2:30,3062,2776,2218,3125,3116,2965,63,340,747
5/4/2020 3:00,3032,2637,2121,3063,3053,2900,31,416,779
5/4/2020 3:30,3007,2649,2128,3030,3023,2849,23,374,721
5/4/2020 4:00,3001,2668,2195,3023,3017,2825,22,349,630
5/4/2020 4:30,3013,2706,2173,3016,3010,2817,3,304,644
5/4/2020 5:00,3035,2577,2157,3006,3000,2810,-29,423,653
5/4/2020 5:30,3067,2655,2141,3008,3002,2802,-59,347,661
5/4/2020 6:00,3112,2656,2185,3029,3023,2868,-83,367,683
5/4/2020 6:30,3170,2754,2180,3079,3073,2860,-91,319,680
5/4/2020 7:00,3243,2845,2147,3163,3157,2883,-80,312,736
5/4/2020 7:30,3332,2978,2151,3292,3288,2994,-40,310,843
5/4/2020 8:00,3404,2981,2168,3463,3462,3127,59,481,959
5/4/2020 8:30,3458,3072,2255,3646,3648,3240,188,576,985
5/4/2020 9:00,3509,3093,2292,3831,3836,3325,322,743,1033
5/4/2020 9:30,3555,3172,2383,4001,4004,3444,446,832,1061
5/4/2020 10:00,3598,3078,2541,4146,4148,3593,548,1070,1052
5/4/2020 10:30,3635,3166,2701,4254,4256,3747,619,1090,1046
5/4/2020 11:00,3674,3062,2724,4328,4314,3878,654,1252,1154
5/4/2020 11:30,3715,3162,2762,4389,4371,3969,674,1209,1207
5/4/2020 12:00,3748,3143,2853,4440,4418,4122,692,1275,1269
5/4/2020 12:30,3774,3229,2972,4459,4441,4250,685,1212,1278
5/4/2020 13:00,3787,3252,2946,4441,4432,4298,654,1180,1352
5/4/2020 13:30,3789,3314,2767,4384,4390,4239,595,1076,1472
5/4/2020 14:00,3791,3375,2442,4303,4319,4178,512,944,1736
5/4/2020 14:30,3792,3427,2365,4248,4270,4139,456,843,1774
5/4/2020 15:00,3794,3371,2741,4230,4251,4159,436,880,1418
5/4/2020 15:30,3795,3419,2913,4238,4259,4175,443,840,1262
5/4/2020 16:00,3792,3421,3063,4273,4292,4244,481,871,1181
5/4/2020 16:30,3784,3449,3155,4351,4369,4363,567,920,1208
5/4/2020 17:00,3772,3175,3260,4459,4474,4532,687,1299,1272
5/4/2020 17:30,3756,3223,3328,4528,4542,4640,772,1319,1312
5/4/2020 18:00,3729,3211,3350,4544,4559,4624,815,1348,1274
5/4/2020 18:30,3691,3235,3287,4521,4541,4509,830,1306,1222
5/4/2020 19:00,3661,3297,3171,4480,4507,4373,819,1210,1202
5/4/2020 19:30,3638,3308,3142,4494,4523,4273,856,1215,1131
5/4/2020 20:00,3607,3363,3129,4552,4579,4249,945,1216,1120
5/4/2020 20:30,3568,3355,3133,4545,4564,4258,977,1209,1125
5/4/2020 21:00,3520,3364,3085,4452,4459,4161,932,1095,1076
5/4/2020 21:30,3463,3313,2925,4302,4301,3987,839,988,1062
5/4/2020 22:00,3391,3181,2778,4112,4107,3814,721,926,1036
5/4/2020 22:30,3306,3108,2599,3911,3902,3622,605,794,1023
5/4/2020 23:00,2985,2968,2430,3703,3713,3438,718,745,1008
5/4/2020 23:30,2919,2926,2277,3552,3564,3293,633,638,1016
6/4/2020 0:00,2859,2870,2242,3450,3459,3230,591,589,988
6/4/2020 0:30,2805,2841,2288,3352,3360,3167,547,519,879
6/4/2020 1:00,2755,2697,2383,3254,3263,3114,499,566,731
6/4/2020 1:30,2710,2657,2345,3173,3181,3035,463,524,690
6/4/2020 2:00,2674,2455,2304,3112,3117,2997,438,662,693
6/4/2020 2:30,2645,2423,2274,3064,3066,2962,419,643,688
6/4/2020 3:00,2610,2284,2226,3029,3029,2911,419,745,685
6/4/2020 3:30,2570,2262,2217,3014,3013,2897,444,751,680
6/4/2020 4:00,2534,2231,2212,3017,3015,2893,483,784,681
6/4/2020 4:30,2501,2215,2170,3018,3017,2903,517,802,733
6/4/2020 5:00,2466,2201,2179,3032,3034,2923,566,833,744
6/4/2020 5:30,2426,2155,2173,3137,3140,2981,711,985,808
6/4/2020 6:00,2386,2094,2098,3352,3355,3099,966,1261,1001
6/4/2020 6:30,2344,2079,2072,3686,3686,3230,1342,1607,1158
6/4/2020 7:00,2309,2094,2092,4101,4097,3386,1792,2003,1294
6/4/2020 7:30,2282,2070,2162,4436,4428,3593,2154,2358,1431
6/4/2020 8:00,2260,2067,2159,4659,4650,3794,2399,2583,1635
6/4/2020 8:30,2242,2047,2080,4808,4797,3967,2566,2750,1887
6/4/2020 9:00,2253,2015,2082,4896,4882,4070,2643,2867,1988
6/4/2020 9:30,2293,2070,2153,4929,4914,4127,2636,2844,1974
6/4/2020 10:00,2314,2125,2188,4919,4904,4161,2605,2779,1973
6/4/2020 10:30,2317,2144,2248,4905,4891,4188,2588,2747,1940
6/4/2020 11:00,2297,2201,2163,4897,4871,4216,2600,2670,2053
6/4/2020 11:30,2256,2164,2128,4894,4871,4260,2638,2707,2132
6/4/2020 12:00,2213,2106,2043,4892,4875,4318,2679,2769,2275
6/4/2020 12:30,2169,2082,2045,4870,4856,4401,2701,2774,2356
6/4/2020 13:00,2130,2038,2049,4827,4813,4420,2697,2775,2371
6/4/2020 13:30,2098,2003,2109,4785,4771,4344,2687,2768,2235
6/4/2020 14:00,2057,1948,2015,4750,4737,4275,2693,2789,2260
6/4/2020 14:30,2007,1870,2092,4735,4721,4229,2728,2851,2137
6/4/2020 15:00,1936,1739,2036,4740,4725,4221,2804,2986,2185
6/4/2020 15:30,1844,1655,1984,4763,4746,4239,2919,3091,2255
6/4/2020 16:00,1727,1592,1803,4805,4787,4278,3078,3195,2475
6/4/2020 16:30,1587,1469,1720,4888,4870,4384,3301,3401,2664
6/4/2020 17:00,1436,1371,1605,4996,4979,4590,3560,3608,2985
6/4/2020 17:30,1274,1211,1527,5044,5029,4719,3770,3818,3192
6/4/2020 18:00,1112,1121,1358,5017,5004,4706,3905,3883,3348
6/4/2020 18:30,949,963,1181,4929,4918,4619,3980,3955,3438
6/4/2020 19:00,819,896,969,4818,4809,4503,3999,3913,3534
6/4/2020 19:30,720,796,807,4829,4820,4422,4109,4024,3615
6/4/2020 20:00,657,730,660,4952,4939,4378,4295,4209,3718
6/4/2020 20:30,629,669,643,4995,4983,4513,4366,4314,3870
6/4/2020 21:00,630,643,662,4919,4907,4509,4289,4264,3847
6/4/2020 21:30,659,612,663,4743,4730,4328,4084,4118,3665
6/4/2020 22:00,691,539,631,4490,4478,4110,3799,3939,3479
6/4/2020 22:30,727,539,621,4231,4218,3907,3504,3679,3286
6/4/2020 23:00,529,511,635,3979,3990,3673,3450,3479,3038
6/4/2020 23:30,560,531,660,3788,3800,3503,3228,3269,2843
7/4/2020 0:00,591,605,726,3647,3655,3432,3056,3050,2706
7/4/2020 0:30,620,625,709,3532,3538,3352,2912,2913,2643
7/4/2020 1:00,646,642,748,3438,3443,3255,2792,2801,2507
7/4/2020 1:30,668,661,792,3359,3364,3174,2691,2703,2382
7/4/2020 2:00,686,627,835,3294,3300,3130,2608,2673,2295
7/4/2020 2:30,699,636,818,3245,3250,3077,2546,2614,2259
7/4/2020 3:00,713,657,811,3211,3217,3030,2498,2560,2219
7/4/2020 3:30,728,665,833,3199,3205,3001,2471,2540,2168
7/4/2020 4:00,752,659,867,3205,3210,2999,2453,2551,2132
7/4/2020 4:30,785,678,849,3212,3217,3010,2427,2539,2161
7/4/2020 5:00,831,804,823,3232,3239,3037,2401,2435,2214
7/4/2020 5:30,892,845,799,3328,3336,3078,2436,2491,2279
7/4/2020 6:00,969,895,794,3523,3533,3192,2554,2638,2398
7/4/2020 6:30,1063,961,853,3848,3858,3265,2785,2897,2412
7/4/2020 7:00,1142,1046,968,4266,4275,3422,3124,3229,2454
7/4/2020 7:30,1208,1103,1110,4599,4607,3633,3391,3504,2523
7/4/2020 8:00,1254,1152,1159,4813,4822,3846,3559,3670,2687
7/4/2020 8:30,1279,1173,1142,4949,4957,4032,3670,3784,2890
7/4/2020 9:00,1348,1081,1137,5019,5027,4125,3671,3946,2988
7/4/2020 9:30,1462,1165,1244,5035,5042,4162,3573,3877,2918
7/4/2020 10:00,1616,1288,1557,5006,5012,4207,3390,3724,2650
7/4/2020 10:30,1811,1507,1876,4967,4972,4198,3156,3465,2322
7/4/2020 11:00,1987,1789,1983,4927,4928,4195,2940,3139,2212
7/4/2020 11:30,2145,1957,1994,4903,4908,4175,2758,2951,2181
7/4/2020 12:00,2262,2064,2273,4890,4897,4205,2628,2833,1932
7/4/2020 12:30,2338,2133,2459,4861,4869,4280,2523,2736,1821
7/4/2020 13:00,2383,2265,2400,4812,4819,4307,2429,2554,1907
7/4/2020 13:30,2398,2269,2252,4762,4767,4184,2364,2498,1932
7/4/2020 14:00,2392,2328,2228,4718,4723,4110,2326,2395,1882
7/4/2020 14:30,2366,2285,2154,4695,4702,4049,2329,2417,1895
7/4/2020 15:00,2325,2195,2159,4697,4708,4002,2372,2513,1843
7/4/2020 15:30,2268,2130,2156,4722,4733,3998,2454,2603,1842
7/4/2020 16:00,2194,2063,2142,4771,4780,4067,2577,2717,1925
7/4/2020 16:30,2103,1965,2114,4856,4860,4222,2753,2895,2108
7/4/2020 17:00,1990,1768,1962,4958,4958,4430,2968,3190,2468
7/4/2020 17:30,1855,1623,1750,5007,5001,4597,3152,3378,2847
7/4/2020 18:00,1712,1478,1560,4987,4976,4620,3275,3498,3060
7/4/2020 18:30,1563,1331,1355,4922,4910,4537,3359,3579,3182
7/4/2020 19:00,1441,1267,1116,4841,4831,4463,3400,3564,3347
7/4/2020 19:30,1346,1155,995,4844,4835,4373,3498,3680,3378
7/4/2020 20:00,1278,1098,1013,4926,4917,4354,3648,3819,3341
7/4/2020 20:30,1235,1044,1005,4967,4962,4478,3732,3918,3473
7/4/2020 21:00,1204,938,1011,4928,4929,4436,3724,3991,3425
7/4/2020 21:30,1184,919,1014,4772,4776,4252,3588,3857,3238
7/4/2020 22:00,1162,801,1026,4514,4517,4032,3352,3716,3006
7/4/2020 22:30,1136,804,1018,4251,4251,3817,3115,3447,2799
7/4/2020 23:00,1062,798,1093,4011,4011,3630,2949,3213,2537
7/4/2020 23:30,1032,828,1146,3814,3811,3452,2782,2983,2306
8/4/2020 0:00,995,809,1178,3662,3657,3384,2667,2848,2206
8/4/2020 0:30,952,835,1125,3541,3535,3306,2589,2700,2181
8/4/2020 1:00,907,809,1121,3445,3440,3236,2538,2631,2115
8/4/2020 1:30,861,822,1083,3365,3360,3146,2504,2538,2063
8/4/2020 2:00,807,783,1000,3298,3293,3090,2491,2510,2090
8/4/2020 2:30,744,780,991,3246,3242,3056,2502,2462,2065
8/4/2020 3:00,683,727,972,3211,3208,3021,2528,2481,2049
8/4/2020 3:30,622,756,865,3197,3194,2973,2575,2438,2108
8/4/2020 4:00,572,699,784,3202,3199,2965,2630,2500,2181
8/4/2020 4:30,530,661,769,3208,3205,2977,2678,2544,2208
8/4/2020 5:00,493,622,688,3227,3223,3014,2734,2601,2326
8/4/2020 5:30,460,596,650,3322,3318,3060,2862,2722,2410
8/4/2020 6:00,432,565,616,3515,3512,3194,3083,2947,2578
8/4/2020 6:30,409,584,527,3835,3832,3273,3426,3248,2746
8/4/2020 7:00,384,548,459,4246,4243,3438,3862,3695,2979
8/4/2020 7:30,357,446,363,4578,4577,3648,4221,4131,3285
8/4/2020 8:00,327,406,344,4798,4797,3873,4471,4391,3529
8/4/2020 8:30,293,389,279,4936,4935,4076,4643,4546,3797
8/4/2020 9:00,269,347,239,5004,5002,4150,4735,4655,3911
8/4/2020 9:30,254,285,238,5018,5016,4211,4764,4731,3973
8/4/2020 10:00,248,269,250,4992,4990,4243,4744,4721,3993
8/4/2020 10:30,252,234,248,4962,4963,4268,4710,4729,4020
8/4/2020 11:00,260,242,230,4936,4942,4281,4676,4700,4051
8/4/2020 11:30,271,250,250,4923,4929,4287,4652,4679,4037
8/4/2020 12:00,278,259,258,4918,4921,4321,4640,4662,4063
8/4/2020 12:30,282,254,270,4897,4897,4382,4615,4643,4112
8/4/2020 13:00,280,253,257,4858,4856,4409,4578,4603,4152
8/4/2020 13:30,274,265,251,4815,4813,4323,4541,4548,4072
8/4/2020 14:00,260,249,250,4777,4774,4251,4517,4525,4001
8/4/2020 14:30,240,212,229,4758,4754,4187,4518,4542,3958
8/4/2020 15:00,219,192,213,4762,4755,4169,4543,4563,3956
8/4/2020 15:30,198,155,198,4784,4776,4158,4586,4621,3960
8/4/2020 16:00,178,140,182,4828,4820,4238,4650,4680,4056
8/4/2020 16:30,158,115,156,4910,4902,4385,4752,4787,4229
8/4/2020 17:00,142,104,122,5014,5005,4597,4872,4901,4475
8/4/2020 17:30,130,110,95,5064,5052,4758,4934,4942,4663
8/4/2020 18:00,125,100,77,5045,5030,4772,4920,4930,4695
8/4/2020 18:30,129,95,61,4973,4960,4684,4844,4865,4623
8/4/2020 19:00,135,91,0,4879,4868,4579,4744,4777,4579
8/4/2020 19:30,143,90,26,4856,4846,4480,4713,4756,4454
8/4/2020 20:00,152,88,58,4907,4896,4466,4755,4808,4408
8/4/2020 20:30,162,84,58,4944,4939,4578,4782,4855,4520
8/4/2020 21:00,170,82,65,4929,4932,4556,4759,4850,4491
8/4/2020 21:30,178,62,63,4790,4796,4361,4612,4734,4298
8/4/2020 22:00,181,67,85,4536,4542,4150,4355,4475,4065
8/4/2020 22:30,181,67,96,4282,4288,3931,4101,4221,3835
8/4/2020 23:00,91,78,101,4065,4065,3728,3974,3987,3627
8/4/2020 23:30,103,99,109,3864,3864,3535,3761,3765,3426
9/4/2020 0:00,117,111,126,3690,3688,3456,3573,3577,3330
9/4/2020 0:30,133,126,144,3556,3553,3376,3423,3427,3232
9/4/2020 1:00,149,140,192,3462,3458,3284,3313,3318,3092
9/4/2020 1:30,164,156,205,3381,3376,3198,3217,3220,2993
9/4/2020 2:00,180,170,236,3309,3305,3135,3129,3135,2899
9/4/2020 2:30,196,178,256,3253,3248,3091,3057,3070,2835
9/4/2020 3:00,211,191,302,3216,3208,3040,3005,3017,2738
9/4/2020 3:30,224,186,343,3198,3190,3001,2974,3004,2658
9/4/2020 4:00,241,206,385,3198,3190,2990,2957,2984,2605
9/4/2020 4:30,261,217,377,3199,3191,2990,2938,2974,2613
9/4/2020 5:00,286,242,356,3213,3204,3018,2927,2962,2662
9/4/2020 5:30,316,310,353,3304,3295,3068,2988,2985,2715
9/4/2020 6:00,351,339,355,3494,3484,3192,3143,3145,2837
9/4/2020 6:30,392,402,387,3794,3783,3259,3402,3381,2872
9/4/2020 7:00,426,426,424,4177,4162,3414,3751,3736,2990
9/4/2020 7:30,455,486,425,4503,4488,3609,4048,4002,3184
9/4/2020 8:00,470,487,437,4741,4727,3827,4271,4240,3390
9/4/2020 8:30,472,470,432,4889,4877,4003,4417,4407,3571
9/4/2020 9:00,473,452,440,4956,4945,4111,4483,4493,3671
9/4/2020 9:30,472,427,435,4970,4961,4141,4498,4534,3706
9/4/2020 10:00,482,421,497,4946,4939,4169,4464,4518,3672
9/4/2020 10:30,503,418,568,4918,4915,4184,4415,4497,3616
9/4/2020 11:00,547,448,610,4893,4893,4197,4346,4445,3587
9/4/2020 11:30,613,504,643,4878,4886,4213,4265,4382,3570
9/4/2020 12:00,690,551,715,4869,4884,4262,4179,4333,3547
9/4/2020 12:30,778,586,791,4843,4862,4323,4065,4276,3532
9/4/2020 13:00,852,621,848,4801,4820,4348,3949,4199,3500
9/4/2020 13:30,912,659,867,4758,4771,4245,3846,4112,3378
9/4/2020 14:00,944,667,767,4720,4726,4157,3776,4059,3390
9/4/2020 14:30,948,700,731,4703,4702,4099,3755,4002,3368
9/4/2020 15:00,940,683,712,4708,4704,4086,3768,4021,3374
9/4/2020 15:30,922,654,702,4732,4726,4073,3810,4072,3371
9/4/2020 16:00,896,633,746,4776,4770,4129,3880,4137,3383
9/4/2020 16:30,862,628,798,4852,4844,4259,3990,4216,3461
9/4/2020 17:00,829,615,841,4944,4933,4467,4115,4318,3626
9/4/2020 17:30,796,613,867,4985,4974,4652,4189,4361,3785
9/4/2020 18:00,776,622,800,4962,4956,4668,4186,4334,3868
9/4/2020 18:30,770,624,754,4895,4890,4591,4125,4266,3837
9/4/2020 19:00,786,662,757,4808,4803,4475,4022,4141,3718
9/4/2020 19:30,823,727,760,4782,4776,4348,3959,4049,3588
9/4/2020 20:00,869,774,823,4819,4814,4297,3950,4040,3474
9/4/2020 20:30,925,904,865,4849,4845,4399,3924,3941,3534
9/4/2020 21:00,972,928,910,4837,4832,4394,3865,3904,3484
9/4/2020 21:30,1011,885,939,4706,4703,4205,3695,3818,3266
9/4/2020 22:00,1035,893,952,4465,4465,4001,3430,3572,3049
9/4/2020 22:30,1045,859,982,4215,4216,3795,3170,3357,2813
9/4/2020 23:00,804,841,975,3988,3988,3584,3184,3147,2609
9/4/2020 23:30,781,831,905,3800,3798,3395,3019,2967,2490
10/4/2020 0:00,744,786,830,3651,3649,3315,2907,2863,2485
10/4/2020 0:30,693,743,750,3519,3517,3245,2826,2774,2495
10/4/2020 1:00,642,690,670,3402,3401,3156,2760,2711,2486
10/4/2020 1:30,593,647,615,3316,3313,3075,2723,2666,2460
10/4/2020 2:00,542,594,558,3257,3252,3022,2715,2658,2464
10/4/2020 2:30,489,515,557,3204,3196,2970,2715,2681,2413
10/4/2020 3:00,443,464,510,3157,3147,2922,2714,2683,2412
10/4/2020 3:30,402,424,458,3135,3124,2891,2733,2700,2433
10/4/2020 4:00,371,384,430,3138,3127,2884,2767,2743,2454
10/4/2020 4:30,349,352,382,3147,3137,2897,2798,2785,2515
10/4/2020 5:00,336,323,367,3170,3162,2911,2834,2839,2544
10/4/2020 5:30,331,282,353,3258,3253,2958,2927,2971,2605
10/4/2020 6:00,330,272,353,3414,3411,3081,3084,3139,2728
10/4/2020 6:30,331,301,333,3592,3588,3137,3261,3287,2804
10/4/2020 7:00,326,295,335,3789,3783,3275,3463,3488,2940
10/4/2020 7:30,313,259,335,4040,4034,3494,3727,3775,3159
10/4/2020 8:00,286,246,315,4329,4324,3639,4043,4078,3324
10/4/2020 8:30,243,253,261,4558,4553,3810,4315,4300,3549
10/4/2020 9:00,205,227,216,4705,4699,3929,4500,4472,3713
10/4/2020 9:30,173,176,174,4782,4775,4002,4609,4599,3828
10/4/2020 10:00,148,155,139,4801,4796,4082,4653,4641,3943
10/4/2020 10:30,132,146,111,4810,4805,4145,4678,4659,4034
10/4/2020 11:00,123,131,98,4818,4813,4191,4695,4682,4093
10/4/2020 11:30,122,145,81,4823,4805,4203,4701,4660,4122
10/4/2020 12:00,122,136,0,4820,4801,4254,4698,4665,4254
10/4/2020 12:30,124,107,94,4797,4412,4311,4673,4305,4217
10/4/2020 13:00,125,103,0,4751,4379,4326,4626,4276,4326
10/4/2020 13:30,126,88,0,4683,4306,4250,4557,4218,4250
10/4/2020 14:00,127,85,0,4599,4205,4184,4472,4120,4184
10/4/2020 14:30,128,76,0,4518,4107,4136,4390,4031,4136
10/4/2020 15:00,128,73,0,4452,4035,4088,4324,3962,4088
10/4/2020 15:30,128,79,33,4424,4014,4060,4296,3935,4027
10/4/2020 16:00,125,77,0,4445,4067,4100,4320,3990,4100
10/4/2020 16:30,119,71,0,4533,4218,4225,4414,4147,4225
10/4/2020 17:00,113,71,69,4665,4437,4478,4552,4366,4409
10/4/2020 17:30,106,71,0,4733,4577,4657,4627,4506,4657
10/4/2020 18:00,100,74,0,4721,4601,4687,4621,4527,4687
10/4/2020 18:30,95,84,0,4672,4528,4629,4577,4444,4629
10/4/2020 19:00,94,87,117,4607,4390,4517,4513,4303,4400
10/4/2020 19:30,96,70,136,4562,4292,4405,4466,4222,4269
10/4/2020 20:00,99,78,136,4548,4257,4320,4449,4179,4184
10/4/2020 20:30,104,97,148,4576,4246,4387,4472,4149,4239
10/4/2020 21:00,109,109,190,4616,4232,4337,4507,4123,4147
10/4/2020 21:30,115,153,194,4540,4147,4161,4425,3994,3967
10/4/2020 22:00,123,173,231,4339,3980,3968,4216,3807,3737
10/4/2020 22:30,134,189,250,4111,3767,3777,3977,3578,3527
10/4/2020 23:00,109,210,276,3885,3539,3610,3776,3329,3334
10/4/2020 23:30,119,250,356,3737,3417,3439,3618,3167,3083
11/4/2020 0:00,133,269,399,3653,3392,3343,3520,3123,2944
11/4/2020 0:30,149,306,389,3554,3324,3249,3405,3018,2860
11/4/2020 1:00,167,319,343,3428,3209,3148,3261,2890,2805
11/4/2020 1:30,184,320,370,3318,3110,3056,3134,2790,2686
11/4/2020 2:00,201,329,375,3230,3036,3002,3029,2707,2627
11/4/2020 2:30,215,380,390,3159,2967,2952,2944,2587,2562
11/4/2020 3:00,236,391,413,3105,2910,2894,2869,2519,2481
11/4/2020 3:30,264,442,449,3080,2873,2852,2816,2431,2403
11/4/2020 4:00,292,441,504,3077,2864,2854,2785,2423,2350
11/4/2020 4:30,321,447,501,3068,2863,2835,2747,2416,2334
11/4/2020 5:00,342,434,534,3055,2870,2851,2713,2436,2317
11/4/2020 5:30,356,390,570,3087,2874,2862,2731,2484,2292
11/4/2020 6:00,358,369,569,3170,2892,2950,2812,2523,2381
11/4/2020 6:30,347,349,531,3269,2973,2936,2922,2624,2405
11/4/2020 7:00,327,327,509,3390,3119,3037,3063,2792,2528
11/4/2020 7:30,296,328,530,3587,3274,3160,3291,2946,2630
11/4/2020 8:00,266,305,527,3845,3418,3299,3579,3113,2772
11/4/2020 8:30,235,320,546,4058,3536,3452,3823,3216,2906
11/4/2020 9:00,218,306,529,4207,3623,3575,3989,3317,3046
11/4/2020 9:30,212,340,359,4317,3731,3673,4105,3391,3314
11/4/2020 10:00,212,330,273,4393,3838,3774,4181,3508,3501
11/4/2020 10:30,218,288,238,4426,3905,3856,4208,3617,3618
11/4/2020 11:00,232,283,251,4420,3918,3925,4188,3635,3674
11/4/2020 11:30,255,334,307,4417,3967,3970,4162,3633,3663
11/4/2020 12:00,279,330,298,4419,4039,4014,4140,3709,3716
11/4/2020 12:30,305,383,275,4400,4060,4036,4095,3677,3761
11/4/2020 13:00,334,385,332,4355,4021,4011,4021,3636,3679
11/4/2020 13:30,365,312,359,4281,3959,3919,3916,3647,3560
11/4/2020 14:00,394,338,478,4189,3897,3805,3795,3559,3327
11/4/2020 14:30,423,371,609,4129,3862,3728,3706,3491,3119
11/4/2020 15:00,459,401,650,4107,3867,3665,3648,3466,3015
11/4/2020 15:30,501,466,695,4099,3886,3644,3598,3420,2949
11/4/2020 16:00,548,502,730,4107,3931,3656,3559,3429,2926
11/4/2020 16:30,602,525,779,4158,4043,3755,3556,3518,2976
11/4/2020 17:00,652,564,795,4242,4211,3960,3590,3647,3165
11/4/2020 17:30,699,652,837,4292,4324,4166,3593,3672,3329
11/4/2020 18:00,734,665,919,4294,4354,4257,3560,3689,3338
11/4/2020 18:30,758,722,842,4268,4287,4253,3510,3565,3411
11/4/2020 19:00,759,702,853,4226,4157,4193,3467,3455,3340
11/4/2020 19:30,736,700,819,4201,4089,4101,3465,3389,3282
11/4/2020 20:00,695,652,739,4201,4102,4050,3506,3450,3311
11/4/2020 20:30,633,633,669,4239,4091,4146,3606,3458,3477
11/4/2020 21:00,576,582,515,4286,4036,4130,3710,3454,3615
11/4/2020 21:30,525,540,443,4221,3905,3973,3696,3365,3530
11/4/2020 22:00,484,494,411,4039,3719,3807,3555,3225,3396
11/4/2020 22:30,454,421,427,3854,3552,3635,3400,3131,3208
11/4/2020 23:00,436,417,456,3431,3423,3465,2995,3006,3009
11/4/2020 23:30,446,462,0,3325,3321,0,2879,2859,0
12/4/2020 0:00,458,488,573,3233,3226,3236,2775,2738,2663
12/4/2020 0:30,472,494,640,3131,3124,3122,2659,2630,2482
12/4/2020 1:00,491,526,616,3021,3014,3015,2530,2488,2399
12/4/2020 1:30,515,539,632,2937,2929,2931,2422,2390,2299
12/4/2020 2:00,531,551,634,2879,2870,2863,2348,2319,2229
12/4/2020 2:30,540,528,649,2824,2815,2814,2284,2287,2165
12/4/2020 3:00,542,508,718,2767,2761,2765,2225,2253,2047
12/4/2020 3:30,536,443,778,2718,2716,2732,2182,2273,1954
12/4/2020 4:00,521,402,656,2684,2689,2715,2163,2287,2059
12/4/2020 4:30,499,334,526,2691,2690,2711,2192,2356,2185
12/4/2020 5:00,466,290,481,2724,2710,2720,2258,2420,2239
12/4/2020 5:30,423,246,508,2701,2713,2735,2278,2467,2227
12/4/2020 6:00,385,212,370,2650,2700,2771,2265,2488,2401
12/4/2020 6:30,352,288,442,2767,2688,2766,2415,2400,2324
12/4/2020 7:00,325,264,452,3035,2727,2824,2710,2463,2372
12/4/2020 7:30,304,260,420,3194,2799,2938,2890,2539,2518
12/4/2020 8:00,295,267,461,3212,2900,3070,2917,2633,2609
12/4/2020 8:30,298,297,519,3221,3010,3215,2923,2713,2696
12/4/2020 9:00,332,354,610,3255,3125,3355,2923,2771,2745
12/4/2020 9:30,397,378,732,3326,3263,3533,2929,2885,2801
12/4/2020 10:00,479,463,727,3427,3415,3700,2948,2952,2973
12/4/2020 10:30,576,636,643,3526,3550,3840,2950,2914,3197
12/4/2020 11:00,681,729,752,3620,3655,3932,2939,2926,3180
12/4/2020 11:30,791,861,947,3738,3768,4063,2947,2907,3116
12/4/2020 12:00,913,975,1125,3870,3866,4211,2957,2891,3086
12/4/2020 12:30,1045,1173,1469,3945,3924,4354,2900,2751,2885
12/4/2020 13:00,1202,1319,1803,3950,3922,4433,2748,2603,2630
12/4/2020 13:30,1383,1488,2035,3890,3839,4372,2507,2351,2337
12/4/2020 14:00,1578,1678,2243,3785,3687,4293,2207,2009,2050
12/4/2020 14:30,1786,2085,2566,3702,3551,4210,1916,1466,1644
12/4/2020 15:00,1974,2315,2762,3652,3452,4132,1678,1137,1370
12/4/2020 15:30,2141,2513,2872,3620,3387,4099,1479,874,1227
12/4/2020 16:00,2287,2677,2959,3615,3363,4133,1328,686,1174
12/4/2020 16:30,2414,2846,3096,3683,3435,4179,1269,589,1083
12/4/2020 17:00,2531,2947,3125,3813,3580,4225,1282,633,1100
12/4/2020 17:30,2639,3039,3156,3908,3693,4253,1269,654,1097
12/4/2020 18:00,2730,3071,3140,3940,3744,4187,1210,673,1047
12/4/2020 18:30,2804,3221,2989,3902,3756,4053,1098,535,1064
12/4/2020 19:00,2873,3205,2943,3815,3735,3949,942,530,1006
12/4/2020 19:30,2936,3187,2800,3778,3719,3837,842,532,1037
12/4/2020 20:00,2996,3168,2745,3799,3718,3791,803,550,1046
12/4/2020 20:30,3051,3127,2748,3818,3748,3827,767,621,1079
12/4/2020 21:00,3088,3113,2831,3808,3786,3903,720,673,1072
12/4/2020 21:30,3106,3004,2792,3729,3735,3794,623,731,1002
12/4/2020 22:00,3117,2979,2765,3583,3584,3648,466,605,883
12/4/2020 22:30,3119,2886,2630,3419,3408,3487,300,522,857
12/4/2020 23:00,3005,2889,2563,3211,3232,3346,206,343,783
12/4/2020 23:30,3009,2791,2387,3094,3127,3179,85,336,792
13/4/2020 0:00,2982,2789,2454,3036,3059,3122,54,270,668
13/4/2020 0:30,2925,2814,2457,2981,2998,3060,56,184,603
13/4/2020 1:00,2870,2774,2396,2916,2927,2960,46,153,564
13/4/2020 1:30,2817,2721,2274,2856,2864,2879,39,143,605
13/4/2020 2:00,2769,2679,2225,2801,2808,2844,32,129,619
13/4/2020 2:30,2725,2519,2160,2747,2757,2792,22,238,632
13/4/2020 3:00,2680,2493,2114,2698,2712,2738,18,219,624
13/4/2020 3:30,2636,2358,2112,2669,2687,2721,33,329,609
13/4/2020 4:00,2596,2353,2094,2662,2682,2687,66,329,593
13/4/2020 4:30,2561,2330,2088,2673,2695,2702,112,365,614
13/4/2020 5:00,2530,2324,2152,2702,2723,2756,172,399,604
13/4/2020 5:30,2504,2241,2181,2748,2766,2789,244,525,608
13/4/2020 6:00,2472,2234,2027,2802,2818,2831,330,584,804
13/4/2020 6:30,2437,2175,1895,2829,2842,2810,392,667,915
13/4/2020 7:00,2398,2163,1680,2842,2852,2881,444,689,1201
13/4/2020 7:30,2356,2131,1437,2931,2929,2963,575,798,1526
13/4/2020 8:00,2311,2124,1440,3091,3074,3097,780,950,1657
13/4/2020 8:30,2265,2115,1353,3214,3194,3198,949,1079,1845
13/4/2020 9:00,2206,2071,1450,3286,3285,3269,1080,1214,1819
13/4/2020 9:30,2133,1923,1585,3365,3412,3388,1232,1489,1803
13/4/2020 10:00,2031,1852,1768,3462,3572,3512,1431,1720,1744
13/4/2020 10:30,1899,1666,1853,3564,3698,3618,1665,2032,1765
13/4/2020 11:00,1758,1570,1849,3664,3774,3707,1906,2204,1858
13/4/2020 11:30,1609,1258,1891,3739,3830,3778,2130,2572,1887
13/4/2020 12:00,1465,1167,1843,3784,3887,3852,2319,2720,2009
13/4/2020 12:30,1328,1018,1741,3796,3927,3902,2468,2909,2161
13/4/2020 13:00,1202,907,1528,3774,3940,3915,2572,3033,2387
13/4/2020 13:30,1088,988,1260,3714,3911,3839,2626,2923,2579
13/4/2020 14:00,992,869,1113,3625,3846,3763,2633,2977,2650
13/4/2020 14:30,914,831,937,3550,3779,3715,2636,2948,2778
13/4/2020 15:00,842,730,832,3501,3729,3676,2659,2999,2844
13/4/2020 15:30,776,727,734,3479,3705,3672,2703,2978,2938
13/4/2020 16:00,710,638,671,3497,3725,3738,2787,3087,3067
13/4/2020 16:30,644,561,598,3603,3815,3873,2959,3254,3275
13/4/2020 17:00,588,508,580,3780,3967,4081,3192,3459,3501
13/4/2020 17:30,540,477,537,3912,4081,4239,3372,3604,3702
13/4/2020 18:00,502,450,536,3973,4141,4310,3471,3691,3774
13/4/2020 18:30,474,421,496,3980,4130,4269,3506,3709,3773
13/4/2020 19:00,461,420,438,3943,4068,4196,3482,3648,3758
13/4/2020 19:30,464,427,417,3883,3969,4091,3419,3542,3674
13/4/2020 20:00,482,458,460,3831,3884,4043,3349,3426,3583
13/4/2020 20:30,515,536,528,3889,3914,4109,3374,3378,3581
13/4/2020 21:00,543,572,643,4023,4038,4173,3480,3466,3530
13/4/2020 21:30,565,609,714,3991,4003,4013,3426,3394,3299
13/4/2020 22:00,573,625,716,3773,3788,3819,3200,3163,3103
13/4/2020 22:30,567,588,715,3520,3544,3616,2953,2956,2901
13/4/2020 23:00,464,574,731,3337,3328,3432,2873,2754,2701
13/4/2020 23:30,453,551,702,3249,3249,3264,2796,2698,2562
14/4/2020 0:00,440,523,649,3269,3274,3195,2829,2751,2546
14/4/2020 0:30,425,559,529,3226,3235,3130,2801,2676,2601
14/4/2020 1:00,412,528,435,3106,3111,3060,2694,2583,2625
14/4/2020 1:30,402,503,422,3021,3026,2974,2619,2523,2552
14/4/2020 2:00,387,475,424,2987,2993,2919,2600,2518,2495
14/4/2020 2:30,369,416,430,2954,2963,2884,2585,2547,2454
14/4/2020 3:00,355,388,392,2918,2931,2854,2563,2543,2462
14/4/2020 3:30,347,340,384,2907,2923,2832,2560,2583,2448
14/4/2020 4:00,340,316,413,2924,2941,2823,2584,2625,2410
14/4/2020 4:30,333,280,410,2949,2968,2831,2616,2688,2421
14/4/2020 5:00,325,262,368,2987,3009,2872,2662,2747,2504
14/4/2020 5:30,315,246,331,3080,3101,2913,2765,2855,2582
14/4/2020 6:00,303,234,294,3246,3265,3034,2943,3031,2740
14/4/2020 6:30,291,248,265,3522,3535,3100,3231,3287,2835
14/4/2020 7:00,270,234,253,3881,3887,3297,3611,3653,3044
14/4/2020 7:30,240,227,249,4187,4163,3496,3947,3936,3247
14/4/2020 8:00,208,202,248,4401,4336,3706,4193,4134,3458
14/4/2020 8:30,175,197,221,4519,4443,3897,4344,4246,3676
14/4/2020 9:00,150,174,168,4552,4498,3997,4402,4324,3829
14/4/2020 9:30,134,118,164,4559,4518,4066,4425,4400,3902
14/4/2020 10:00,127,110,182,4556,4514,4117,4429,4404,3935
14/4/2020 10:30,128,98,211,4554,4509,4155,4426,4411,3944
14/4/2020 11:00,130,97,261,4559,4506,4185,4429,4409,3924
14/4/2020 11:30,133,129,295,4581,4520,4195,4448,4391,3900
14/4/2020 12:00,136,124,280,4613,4562,4220,4477,4438,3940
14/4/2020 12:30,139,119,238,4623,4560,4277,4484,4441,4039
14/4/2020 13:00,140,114,206,4605,4519,4304,4465,4405,4098
14/4/2020 13:30,140,121,188,4574,4465,4208,4434,4344,4020
14/4/2020 14:00,140,117,152,4537,4426,4114,4397,4309,3962
14/4/2020 14:30,141,150,124,4509,4403,4045,4368,4253,3921
14/4/2020 15:00,142,146,113,4497,4414,4001,4355,4268,3888
14/4/2020 15:30,144,176,113,4506,4452,3973,4362,4276,3860
14/4/2020 16:00,144,170,101,4544,4533,4022,4400,4363,3921
14/4/2020 16:30,144,128,93,4644,4663,4171,4500,4535,4078
14/4/2020 17:00,141,123,90,4786,4830,4399,4645,4707,4309
14/4/2020 17:30,134,120,99,4865,4907,4575,4731,4787,4476
14/4/2020 18:00,130,116,96,4858,4889,4581,4728,4773,4485
14/4/2020 18:30,126,85,86,4784,4797,4509,4658,4712,4423
14/4/2020 19:00,130,94,94,4666,4674,4402,4536,4580,4308
14/4/2020 19:30,139,118,109,4570,4580,4304,4431,4462,4195
14/4/2020 20:00,151,132,145,4522,4551,4253,4371,4419,4108
14/4/2020 20:30,164,139,166,4550,4569,4306,4386,4430,4140
14/4/2020 21:00,174,148,155,4613,4609,4410,4439,4461,4255
14/4/2020 21:30,181,141,148,4512,4483,4264,4331,4342,4116
14/4/2020 22:00,183,141,160,4243,4208,4067,4060,4067,3907
14/4/2020 22:30,181,122,181,3986,3960,3852,3805,3838,3671
14/4/2020 23:00,164,124,217,3795,3774,3636,3631,3650,3419
14/4/2020 23:30,162,162,279,3590,3565,3462,3428,3403,3183
15/4/2020 0:00,162,168,318,3368,3345,3379,3206,3177,3061
15/4/2020 0:30,163,178,321,3218,3193,3289,3055,3015,2968
15/4/2020 1:00,163,187,326,3145,3120,3196,2982,2933,2870
15/4/2020 1:30,162,178,336,3090,3061,3113,2928,2883,2777
15/4/2020 2:00,158,185,321,3039,3009,3046,2881,2824,2725
15/4/2020 2:30,152,180,302,2993,2962,3000,2841,2782,2698
15/4/2020 3:00,146,170,270,2958,2927,2957,2812,2757,2687
15/4/2020 3:30,139,192,236,2942,2910,2939,2803,2718,2703
15/4/2020 4:00,134,177,212,2946,2916,2927,2812,2739,2715
15/4/2020 4:30,129,158,194,2966,2928,2936,2837,2770,2742
15/4/2020 5:00,127,149,175,3002,2957,2978,2875,2808,2803
15/4/2020 5:30,128,183,168,3059,3038,3023,2931,2855,2855
15/4/2020 6:00,131,177,154,3169,3180,3128,3038,3003,2974
15/4/2020 6:30,136,177,117,3450,3372,3196,3314,3195,3079
15/4/2020 7:00,138,172,99,3877,3607,3391,3739,3435,3292
15/4/2020 7:30,137,157,105,4232,3859,3584,4095,3702,3479
15/4/2020 8:00,133,152,127,4464,4101,3800,4331,3949,3673
15/4/2020 8:30,127,141,121,4589,4251,3974,4462,4110,3853
15/4/2020 9:00,123,137,113,4625,4301,4077,4502,4164,3964
15/4/2020 9:30,122,127,98,4626,4333,4138,4504,4206,4040
15/4/2020 10:00,128,134,90,4608,4351,4170,4480,4217,4080
15/4/2020 10:30,142,123,78,4585,4355,4200,4443,4232,4122
15/4/2020 11:00,158,142,0,4565,4336,4105,4407,4194,4105
15/4/2020 11:30,179,183,136,4571,4327,4243,4392,4144,4107
15/4/2020 12:00,197,202,166,4596,4344,4270,4399,4142,4104
15/4/2020 12:30,215,216,213,4592,4346,4323,4377,4130,4110
15/4/2020 13:00,229,230,250,4554,4327,4326,4325,4097,4076
15/4/2020 13:30,240,230,253,4508,4271,4218,4268,4041,3965
15/4/2020 14:00,248,238,243,4467,4193,4121,4219,3955,3878
15/4/2020 14:30,252,206,247,4448,4131,4060,4196,3925,3813
15/4/2020 15:00,252,215,252,4458,4107,3994,4206,3892,3742
15/4/2020 15:30,245,265,252,4499,4121,3975,4254,3856,3723
15/4/2020 16:00,237,261,239,4576,4186,4032,4339,3925,3793
15/4/2020 16:30,225,245,257,4696,4319,4184,4471,4074,3927
15/4/2020 17:00,216,238,242,4836,4495,4402,4620,4257,4160
15/4/2020 17:30,209,237,241,4905,4533,4573,4696,4296,4332
15/4/2020 18:00,206,237,254,4885,4516,4573,4679,4279,4319
15/4/2020 18:30,207,235,269,4811,4444,4491,4604,4209,4222
15/4/2020 19:00,221,253,278,4706,4344,4398,4485,4091,4120
15/4/2020 19:30,247,266,292,4624,4274,4301,4377,4008,4009
15/4/2020 20:00,290,303,350,4585,4255,4236,4295,3952,3886
15/4/2020 20:30,349,371,456,4614,4297,4256,4265,3926,3800
15/4/2020 21:00,408,415,562,4666,4363,4357,4258,3948,3795
15/4/2020 21:30,468,416,587,4547,4276,4197,4079,3860,3610
15/4/2020 22:00,516,447,588,4259,4035,4002,3743,3588,3414
15/4/2020 22:30,554,447,576,3998,3795,3778,3444,3348,3202
15/4/2020 23:00,581,474,588,3637,3597,3570,3056,3123,2982
15/4/2020 23:30,624,541,612,3479,3455,3379,2855,2914,2767
16/4/2020 0:00,665,575,598,3361,3343,3283,2696,2768,2685
16/4/2020 0:30,704,672,671,3254,3239,3200,2550,2567,2529
16/4/2020 1:00,738,706,774,3153,3137,3124,2415,2431,2350
16/4/2020 1:30,766,747,867,3069,3051,3055,2303,2304,2188
16/4/2020 2:00,797,775,940,3003,2986,3002,2206,2211,2062
16/4/2020 2:30,829,756,999,2952,2932,2943,2123,2176,1944
16/4/2020 3:00,858,785,963,2915,2897,2895,2057,2112,1932
16/4/2020 3:30,885,789,1015,2898,2878,2867,2013,2089,1852
16/4/2020 4:00,916,830,1104,2898,2879,2858,1982,2049,1754
16/4/2020 4:30,951,880,1177,2911,2893,2875,1960,2013,1698
16/4/2020 5:00,989,936,1275,2939,2926,2936,1950,1990,1661
16/4/2020 5:30,1030,1106,1335,3005,2991,2986,1975,1885,1651
16/4/2020 6:00,1064,1151,1398,3131,3099,3102,2067,1948,1704
16/4/2020 6:30,1091,1191,1416,3397,3267,3165,2306,2076,1749
16/4/2020 7:00,1096,1202,1478,3775,3489,3376,2679,2287,1898
16/4/2020 7:30,1078,1181,1522,4086,3718,3638,3008,2537,2116
16/4/2020 8:00,1044,1129,1428,4291,3933,3793,3247,2804,2365
16/4/2020 8:30,993,1117,1243,4406,4097,3955,3413,2980,2712
16/4/2020 9:00,951,1036,1178,4447,4195,4076,3496,3159,2898
16/4/2020 9:30,918,968,1152,4449,4247,4122,3531,3279,2970
16/4/2020 10:00,907,925,1092,4427,4246,4166,3520,3321,3074
16/4/2020 10:30,918,917,1068,4411,4242,4181,3493,3325,3113
16/4/2020 11:00,931,913,1089,4408,4236,4216,3477,3323,3127
16/4/2020 11:30,949,1004,1106,4418,4256,4222,3469,3252,3116
16/4/2020 12:00,963,994,1061,4434,4317,4247,3471,3323,3186
16/4/2020 12:30,974,969,1033,4431,4330,4277,3457,3361,3244
16/4/2020 13:00,980,959,1036,4405,4284,4293,3425,3325,3257
16/4/2020 13:30,982,955,1041,4354,4209,4172,3372,3254,3131
16/4/2020 14:00,979,940,1061,4289,4124,4070,3310,3184,3009
16/4/2020 14:30,971,942,1068,4245,4050,3996,3274,3108,2928
16/4/2020 15:00,962,918,1004,4233,4010,3964,3271,3092,2960
16/4/2020 15:30,952,879,980,4254,4017,3949,3302,3138,2969
16/4/2020 16:00,937,856,985,4312,4085,3990,3375,3229,3005
16/4/2020 16:30,916,805,1014,4426,4228,4152,3510,3423,3138
16/4/2020 17:00,901,801,1022,4574,4418,4380,3673,3617,3358
16/4/2020 17:30,891,860,1039,4654,4520,4553,3763,3660,3514
16/4/2020 18:00,891,862,1018,4647,4513,4565,3756,3651,3547
16/4/2020 18:30,900,879,1025,4586,4456,4484,3686,3577,3459
16/4/2020 19:00,929,916,1017,4496,4373,4378,3567,3457,3361
16/4/2020 19:30,978,984,1044,4432,4294,4281,3454,3310,3237
16/4/2020 20:00,1037,1052,1149,4411,4244,4219,3374,3192,3070
16/4/2020 20:30,1108,1172,1275,4442,4265,4227,3334,3093,2952
16/4/2020 21:00,1171,1239,1400,4488,4327,4310,3317,3088,2910
16/4/2020 21:30,1227,1342,1524,4386,4234,4154,3159,2892,2630
16/4/2020 22:00,1270,1404,1599,4133,3987,3961,2863,2583,2362
16/4/2020 22:30,1298,1479,1538,3878,3748,3748,2580,2269,2210
16/4/2020 23:00,1427,1518,1474,3556,3556,3522,2129,2038,2048
16/4/2020 23:30,1440,1549,1460,3397,3403,3335,1957,1854,1875
17/4/2020 0:00,1444,1551,1404,3267,3273,3224,1823,1722,1820
17/4/2020 0:30,1437,1570,1363,3161,3167,3131,1724,1597,1768
17/4/2020 1:00,1416,1535,1327,3077,3082,3043,1661,1547,1716
17/4/2020 1:30,1379,1534,1309,3010,3014,2969,1631,1480,1660
17/4/2020 2:00,1330,1462,1269,2959,2964,2908,1629,1502,1639
17/4/2020 2:30,1268,1272,1130,2915,2920,2864,1647,1648,1734
17/4/2020 3:00,1209,1196,1048,2880,2888,2820,1671,1692,1772
17/4/2020 3:30,1153,1103,992,2860,2869,2797,1707,1766,1805
17/4/2020 4:00,1108,1062,953,2858,2870,2796,1750,1808,1843
17/4/2020 4:30,1075,1038,909,2881,2886,2801,1806,1848,1892
17/4/2020 5:00,1052,1022,885,2925,2924,2855,1873,1902,1970
17/4/2020 5:30,1039,995,853,2965,2978,2873,1926,1983,2020
17/4/2020 6:00,1037,1002,968,3026,3063,2930,1989,2061,1962
17/4/2020 6:30,1047,989,1142,3246,3212,3013,2199,2223,1871
17/4/2020 7:00,1056,1007,1189,3605,3423,3201,2549,2416,2012
17/4/2020 7:30,1066,1020,1158,3894,3645,3401,2828,2625,2243
17/4/2020 8:00,1073,1020,1172,4070,3855,3620,2997,2835,2448
17/4/2020 8:30,1076,965,1131,4171,4005,3786,3095,3040,2655
17/4/2020 9:00,1084,957,1144,4212,4087,3888,3128,3130,2744
17/4/2020 9:30,1096,888,1143,4212,4145,3953,3116,3257,2810
17/4/2020 10:00,1113,903,937,4186,4177,3980,3073,3274,3043
17/4/2020 10:30,1138,1011,850,4173,4205,4014,3035,3194,3164
17/4/2020 11:00,1158,1033,828,4182,4220,4011,3024,3187,3183
17/4/2020 11:30,1173,1102,910,4224,4240,4043,3051,3138,3133
17/4/2020 12:00,1187,1138,1130,4284,4261,4102,3097,3123,2972
17/4/2020 12:30,1199,1196,1288,4305,4260,4163,3106,3064,2875
17/4/2020 13:00,1217,1251,1319,4273,4229,4186,3056,2978,2867
17/4/2020 13:30,1240,1186,1287,4201,4149,4098,2961,2963,2811
17/4/2020 14:00,1275,1260,1391,4101,4039,4008,2826,2779,2617
17/4/2020 14:30,1323,1327,1516,4019,3957,3956,2696,2630,2440
17/4/2020 15:00,1373,1395,1557,3969,3926,3913,2596,2531,2356
17/4/2020 15:30,1426,1518,1589,3966,3922,3887,2540,2404,2298
17/4/2020 16:00,1460,1560,1641,4020,3965,3969,2560,2405,2328
17/4/2020 16:30,1475,1594,1741,4160,4106,4098,2685,2512,2357
17/4/2020 17:00,1481,1594,1938,4357,4320,4318,2876,2726,2380
17/4/2020 17:30,1479,1591,1979,4456,4429,4493,2977,2838,2514
17/4/2020 18:00,1475,1589,1910,4442,4413,4504,2967,2824,2594
17/4/2020 18:30,1470,1639,1906,4401,4366,4404,2931,2727,2498
17/4/2020 19:00,1472,1648,1913,4358,4317,4296,2886,2669,2383
17/4/2020 19:30,1481,1650,1729,4326,4281,4175,2845,2631,2446
17/4/2020 20:00,1497,1668,1594,4310,4270,4108,2813,2602,2514
17/4/2020 20:30,1520,1778,1647,4322,4287,4117,2802,2509,2470
17/4/2020 21:00,1547,1793,1659,4334,4306,4126,2787,2513,2467
17/4/2020 21:30,1577,1764,1651,4224,4202,4001,2647,2438,2350
17/4/2020 22:00,1601,1768,1701,3999,3982,3827,2398,2214,2126
17/4/2020 22:30,1620,1787,1686,3807,3791,3618,2187,2004,1932
17/4/2020 23:00,1756,1761,1615,3654,3651,3445,1898,1890,1830
17/4/2020 23:30,1724,1608,1602,3511,3512,3319,1787,1904,1717
18/4/2020 0:00,1688,1583,1543,3358,3356,3227,1670,1773,1684
18/4/2020 0:30,1650,1588,1488,3223,3221,3133,1573,1633,1645
18/4/2020 1:00,1619,1555,1461,3113,3112,3035,1494,1557,1574
18/4/2020 1:30,1595,1515,1448,3023,3022,2956,1428,1507,1508
18/4/2020 2:00,1572,1495,1452,2950,2949,2916,1378,1454,1464
18/4/2020 2:30,1550,1463,1465,2881,2879,2858,1331,1416,1393
18/4/2020 3:00,1529,1459,1511,2818,2817,2816,1289,1358,1305
18/4/2020 3:30,1509,1437,1553,2785,2785,2754,1276,1348,1201
18/4/2020 4:00,1484,1430,1634,2783,2787,2740,1299,1357,1106
18/4/2020 4:30,1456,1403,1610,2789,2788,2737,1333,1385,1127
18/4/2020 5:00,1415,1373,1520,2797,2791,2748,1382,1418,1228
18/4/2020 5:30,1363,1341,1460,2809,2819,2792,1446,1478,1332
18/4/2020 6:00,1313,1292,1450,2847,2880,2825,1534,1588,1375
18/4/2020 6:30,1265,1261,1366,3005,2971,2816,1740,1710,1450
18/4/2020 7:00,1224,1221,1267,3270,3092,2911,2046,1871,1644
18/4/2020 7:30,1189,1267,1250,3483,3245,3052,2294,1978,1802
18/4/2020 8:00,1161,1230,1256,3619,3419,3180,2458,2189,1924
18/4/2020 8:30,1139,1185,1230,3718,3568,3326,2579,2383,2096
18/4/2020 9:00,1118,1153,1180,3796,3676,3441,2678,2523,2261
18/4/2020 9:30,1097,1096,1084,3863,3776,3576,2766,2680,2492
18/4/2020 10:00,1082,1069,984,3924,3856,3693,2842,2787,2709
18/4/2020 10:30,1075,1046,1018,3992,3928,3780,2917,2882,2762
18/4/2020 11:00,1064,1041,1076,4066,3980,3836,3002,2939,2760
18/4/2020 11:30,1050,1071,1016,4127,4044,3883,3077,2973,2867
18/4/2020 12:00,1036,1078,1024,4167,4104,3971,3131,3026,2947
18/4/2020 12:30,1022,1096,1075,4170,4119,4039,3148,3023,2964
18/4/2020 13:00,1012,1102,1151,4133,4088,4062,3121,2986,2911
18/4/2020 13:30,1008,1031,1144,4066,4037,4009,3058,3006,2865
18/4/2020 14:00,995,1024,1205,3983,3985,3947,2988,2961,2742
18/4/2020 14:30,972,1020,1166,3928,3949,3894,2956,2929,2728
18/4/2020 15:00,940,970,1082,3912,3941,3869,2972,2971,2787
18/4/2020 15:30,899,962,1032,3924,3958,3866,3025,2996,2834
18/4/2020 16:00,849,889,929,3971,4012,3926,3122,3123,2997
18/4/2020 16:30,791,788,873,4089,4129,4056,3298,3341,3183
18/4/2020 17:00,732,715,786,4256,4287,4242,3524,3572,3456
18/4/2020 17:30,671,686,709,4344,4365,4392,3673,3679,3683
18/4/2020 18:00,618,639,656,4329,4344,4460,3711,3705,3804
18/4/2020 18:30,573,609,574,4253,4272,4424,3680,3663,3850
18/4/2020 19:00,545,601,525,4143,4174,4308,3598,3573,3783
18/4/2020 19:30,533,616,542,4073,4090,4183,3540,3474,3641
18/4/2020 20:00,537,657,594,4054,4042,4088,3517,3385,3494
18/4/2020 20:30,555,741,672,4056,4036,4078,3501,3295,3406
18/4/2020 21:00,576,792,704,4049,4051,4085,3473,3259,3381
18/4/2020 21:30,598,841,778,3941,3949,3983,3343,3108,3205
18/4/2020 22:00,614,878,870,3740,3738,3823,3126,2860,2953
18/4/2020 22:30,625,855,878,3558,3548,3651,2933,2693,2773
18/4/2020 23:00,830,866,861,3412,3408,3463,2582,2542,2602
18/4/2020 23:30,832,870,872,3314,3330,3331,2482,2460,2459
19/4/2020 0:00,826,861,902,3240,3258,3278,2414,2397,2376
19/4/2020 0:30,813,832,905,3141,3163,3182,2328,2331,2277
19/4/2020 1:00,795,809,875,3017,3041,3068,2222,2232,2193
19/4/2020 1:30,772,779,902,2913,2939,2971,2141,2160,2069
19/4/2020 2:00,743,754,921,2837,2863,2891,2094,2109,1970
19/4/2020 2:30,708,725,856,2764,2787,2801,2056,2062,1945
19/4/2020 3:00,680,706,888,2695,2714,2746,2015,2008,1858
19/4/2020 3:30,659,740,912,2655,2673,2708,1996,1933,1796
19/4/2020 4:00,644,730,907,2647,2665,2695,2003,1935,1788
19/4/2020 4:30,636,742,880,2655,2665,2686,2019,1923,1806
19/4/2020 5:00,641,758,862,2667,2670,2696,2026,1912,1834
19/4/2020 5:30,659,826,888,2642,2666,2713,1983,1840,1825
19/4/2020 6:00,683,851,899,2605,2658,2720,1922,1807,1821
19/4/2020 6:30,713,878,876,2692,2656,2704,1979,1778,1828
19/4/2020 7:00,743,915,904,2897,2676,2766,2154,1761,1862
19/4/2020 7:30,772,1013,968,3064,2758,2860,2292,1745,1892
19/4/2020 8:00,808,1052,1057,3163,2899,2995,2355,1847,1938
19/4/2020 8:30,850,1102,1084,3246,3044,3150,2396,1942,2066
19/4/2020 9:00,901,1141,1099,3325,3177,3277,2424,2036,2178
19/4/2020 9:30,960,1176,1122,3402,3326,3421,2442,2150,2299
19/4/2020 10:00,1025,1218,1199,3481,3476,3596,2456,2258,2397
19/4/2020 10:30,1095,1242,1166,3579,3617,3744,2484,2375,2578
19/4/2020 11:00,1158,1277,1187,3693,3732,3856,2535,2455,2669
19/4/2020 11:30,1215,1321,1203,3804,3845,3956,2589,2524,2753
19/4/2020 12:00,1256,1340,1280,3896,3939,4087,2640,2599,2807
19/4/2020 12:30,1282,1305,1379,3933,3984,4195,2651,2679,2816
19/4/2020 13:00,1302,1306,1434,3913,3970,4221,2611,2664,2787
19/4/2020 13:30,1318,1321,1452,3866,3918,4148,2548,2597,2696
19/4/2020 14:00,1322,1315,1522,3807,3833,4084,2485,2518,2562
19/4/2020 14:30,1315,1276,1534,3765,3770,4002,2450,2494,2468
19/4/2020 15:00,1301,1282,1468,3748,3743,3952,2447,2461,2484
19/4/2020 15:30,1281,1384,1463,3763,3752,3898,2482,2368,2435
19/4/2020 16:00,1258,1374,1435,3814,3800,3937,2556,2426,2502
19/4/2020 16:30,1232,1382,1377,3920,3903,4028,2688,2521,2651
19/4/2020 17:00,1203,1358,1270,4059,4041,4163,2856,2683,2893
19/4/2020 17:30,1174,1343,1254,4133,4144,4269,2959,2801,3015
19/4/2020 18:00,1143,1297,1207,4127,4184,4258,2984,2887,3051
19/4/2020 18:30,1111,1250,1160,4082,4155,4182,2971,2905,3022
19/4/2020 19:00,1090,1220,1046,4013,4066,4069,2923,2846,3023
19/4/2020 19:30,1079,1193,966,3945,3978,3977,2866,2785,3011
19/4/2020 20:00,1075,1186,927,3895,3919,3888,2820,2733,2961
19/4/2020 20:30,1079,1144,1035,3911,3919,3872,2832,2775,2837
19/4/2020 21:00,1089,1157,1172,3960,3956,3985,2871,2799,2813
19/4/2020 21:30,1103,1151,1262,3874,3882,3906,2771,2731,2644
19/4/2020 22:00,1113,1172,1175,3650,3690,3714,2537,2518,2539
19/4/2020 22:30,1118,1092,1139,3445,3490,3531,2327,2398,2392
19/4/2020 23:00,1178,1129,1174,3312,3307,3331,2134,2178,2157
19/4/2020 23:30,1208,1168,1003,3147,3147,3165,1939,1979,2162
20/4/2020 0:00,1236,1205,994,3005,3008,3067,1769,1803,2073
20/4/2020 0:30,1264,1306,939,2890,2895,2997,1626,1589,2058
20/4/2020 1:00,1282,1319,857,2802,2807,2906,1520,1488,2049
20/4/2020 1:30,1291,1301,791,2727,2732,2828,1436,1431,2037
20/4/2020 2:00,1298,1293,731,2664,2670,2778,1366,1377,2047
20/4/2020 2:30,1303,1322,593,2620,2624,2726,1317,1302,2133
20/4/2020 3:00,1306,1309,564,2593,2598,2693,1287,1289,2129
20/4/2020 3:30,1307,1202,549,2573,2577,2669,1266,1375,2120
20/4/2020 4:00,1314,1225,566,2562,2568,2658,1248,1343,2092
20/4/2020 4:30,1327,1260,585,2575,2577,2651,1248,1317,2066
20/4/2020 5:00,1345,1287,640,2614,2615,2700,1269,1328,2060
20/4/2020 5:30,1367,1153,752,2681,2701,2751,1314,1548,1999
20/4/2020 6:00,1374,1190,863,2795,2837,2819,1421,1647,1956
20/4/2020 6:30,1368,1085,1138,3039,3023,2929,1671,1938,1791
20/4/2020 7:00,1341,1084,1564,3389,3251,3168,2048,2167,1604
20/4/2020 7:30,1294,957,1562,3671,3503,3448,2377,2546,1886
20/4/2020 8:00,1244,913,1478,3849,3753,3621,2605,2840,2143
20/4/2020 8:30,1191,806,1427,3945,3926,3813,2754,3120,2386
20/4/2020 9:00,1149,763,1350,3974,4008,3930,2825,3245,2580
20/4/2020 9:30,1118,727,1146,3969,4072,3995,2851,3345,2849
20/4/2020 10:00,1096,714,1101,3949,4114,4021,2853,3400,2920
20/4/2020 10:30,1081,946,1136,3949,4134,4038,2868,3188,2902
20/4/2020 11:00,1071,926,1124,3976,4128,4068,2905,3202,2944
20/4/2020 11:30,1068,995,1161,4020,4163,4084,2952,3168,2923
20/4/2020 12:00,1075,992,1211,4069,4226,4109,2994,3234,2898
20/4/2020 12:30,1092,1068,1250,4081,4248,4169,2989,3180,2919
20/4/2020 13:00,1119,1081,1353,4048,4228,4193,2929,3147,2840
20/4/2020 13:30,1155,1056,1469,3984,4171,4099,2829,3115,2630
20/4/2020 14:00,1188,1075,1537,3902,4094,3989,2714,3019,2452
20/4/2020 14:30,1218,1126,1567,3846,4028,3898,2628,2902,2331
20/4/2020 15:00,1239,1146,1471,3826,3992,3876,2587,2846,2405
20/4/2020 15:30,1252,1241,1424,3846,3992,3879,2594,2751,2455
20/4/2020 16:00,1257,1256,1376,3912,4047,3947,2655,2791,2571
20/4/2020 16:30,1254,1371,1344,4058,4180,4105,2804,2809,2761
20/4/2020 17:00,1249,1367,1408,4256,4362,4294,3007,2995,2886
20/4/2020 17:30,1241,1438,1476,4370,4439,4466,3129,3001,2990
20/4/2020 18:00,1223,1409,1511,4377,4391,4450,3154,2982,2939
20/4/2020 18:30,1196,1343,1577,4312,4293,4347,3116,2950,2770
20/4/2020 19:00,1184,1322,1448,4197,4171,4240,3013,2849,2792
20/4/2020 19:30,1189,1271,1345,4073,4050,4156,2884,2779,2811
20/4/2020 20:00,1216,1298,1228,3973,3964,4094,2757,2666,2866
20/4/2020 20:30,1265,1355,1315,3981,3994,4080,2716,2639,2765
20/4/2020 21:00,1323,1416,1460,4064,4103,4213,2741,2687,2753
20/4/2020 21:30,1388,1542,1572,4009,4057,4105,2621,2515,2533
20/4/2020 22:00,1440,1591,1708,3795,3834,3923,2355,2243,2215
20/4/2020 22:30,1479,1675,1488,3557,3579,3688,2078,1904,2200
20/4/2020 23:00,1560,1679,1200,3342,3343,3469,1782,1664,2269
20/4/2020 23:30,1559,1574,1235,3195,3199,3283,1636,1625,2048
21/4/2020 0:00,1550,1558,1129,3131,3136,3168,1581,1578,2039
21/4/2020 0:30,1532,1572,1181,3058,3065,3081,1526,1493,1900
21/4/2020 1:00,1514,1542,1141,2963,2967,2982,1449,1425,1841
21/4/2020 1:30,1498,1575,1132,2884,2887,2883,1386,1312,1751
21/4/2020 2:00,1475,1540,1136,2830,2832,2841,1355,1292,1705
21/4/2020 2:30,1448,1277,1050,2788,2787,2815,1340,1510,1765
21/4/2020 3:00,1426,1281,1067,2755,2757,2796,1329,1476,1729
21/4/2020 3:30,1410,1225,1032,2732,2735,2765,1322,1510,1733
21/4/2020 4:00,1402,1245,1067,2721,2728,2770,1319,1483,1703
21/4/2020 4:30,1402,1272,1160,2738,2740,2784,1336,1468,1624
21/4/2020 5:00,1405,1305,1256,2779,2776,2812,1374,1471,1556
21/4/2020 5:30,1412,1321,1375,2819,2827,2836,1407,1506,1461
21/4/2020 6:00,1414,1346,1284,2884,2908,2891,1470,1562,1607
21/4/2020 6:30,1413,1326,1261,3108,3078,2988,1695,1752,1727
21/4/2020 7:00,1398,1316,1335,3475,3332,3198,2077,2016,1863
21/4/2020 7:30,1369,1255,1280,3780,3580,3471,2411,2325,2191
21/4/2020 8:00,1337,1215,1168,3978,3795,3653,2641,2580,2485
21/4/2020 8:30,1301,1198,1281,4086,3953,3844,2785,2755,2563
21/4/2020 9:00,1278,1160,1301,4122,4046,3925,2844,2886,2624
21/4/2020 9:30,1268,1119,1331,4132,4091,3967,2864,2972,2636
21/4/2020 10:00,1273,1120,1405,4129,4089,4006,2856,2969,2601
21/4/2020 10:30,1293,1148,1361,4124,4094,4026,2831,2946,2665
21/4/2020 11:00,1304,1169,1374,4125,4104,4044,2821,2935,2670
21/4/2020 11:30,1308,1153,1375,4157,4131,4072,2849,2978,2697
21/4/2020 12:00,1308,1161,1366,4214,4162,4103,2906,3001,2737
21/4/2020 12:30,1306,1250,1452,4238,4175,4188,2932,2925,2736
21/4/2020 13:00,1289,1228,1385,4217,4161,4187,2928,2933,2802
21/4/2020 13:30,1257,1264,1323,4160,4097,4087,2903,2833,2764
21/4/2020 14:00,1224,1213,1284,4079,4002,4012,2855,2789,2728
21/4/2020 14:30,1190,1164,1189,4015,3939,3947,2825,2775,2758
21/4/2020 15:00,1154,1094,1143,3979,3930,3926,2825,2836,2783
21/4/2020 15:30,1118,1012,1081,3985,3964,3937,2867,2952,2856
21/4/2020 16:00,1077,955,990,4042,4049,3986,2965,3094,2996
21/4/2020 16:30,1032,911,971,4179,4202,4132,3147,3291,3161
21/4/2020 17:00,987,868,1027,4365,4393,4356,3378,3525,3329
21/4/2020 17:30,940,798,1096,4444,4483,4543,3504,3685,3447
21/4/2020 18:00,898,764,1069,4398,4453,4513,3500,3689,3444
21/4/2020 18:30,862,788,954,4308,4376,4438,3446,3588,3484
21/4/2020 19:00,840,771,814,4199,4283,4332,3359,3512,3518
21/4/2020 19:30,832,792,669,4090,4212,4226,3258,3420,3557
21/4/2020 20:00,844,807,659,4006,4183,4149,3162,3376,3490
21/4/2020 20:30,876,863,751,4033,4199,4125,3157,3336,3374
21/4/2020 21:00,915,891,864,4136,4230,4241,3221,3339,3377
21/4/2020 21:30,959,1013,966,4087,4135,4128,3128,3122,3162
21/4/2020 22:00,989,1030,1060,3866,3912,3953,2877,2882,2893
21/4/2020 22:30,1003,1006,1023,3613,3675,3735,2610,2669,2712
21/4/2020 23:00,923,1004,1040,3457,3461,3524,2534,2457,2484
21/4/2020 23:30,918,908,948,3286,3294,3325,2368,2386,2377
22/4/2020 0:00,908,905,929,3159,3166,3209,2251,2261,2280
22/4/2020 0:30,894,902,871,3048,3055,3115,2154,2153,2244
22/4/2020 1:00,877,898,867,2950,2957,3037,2073,2059,2170
22/4/2020 1:30,857,895,841,2878,2884,2950,2021,1989,2109
22/4/2020 2:00,838,893,846,2830,2837,2903,1992,1944,2057
22/4/2020 2:30,820,894,836,2793,2800,2859,1973,1906,2023
22/4/2020 3:00,809,888,851,2764,2772,2822,1955,1884,1971
22/4/2020 3:30,805,874,839,2752,2761,2790,1947,1887,1951
22/4/2020 4:00,806,870,796,2756,2767,2793,1950,1897,1997
22/4/2020 4:30,810,875,806,2771,2779,2794,1961,1904,1988
22/4/2020 5:00,814,883,859,2796,2799,2834,1982,1916,1975
22/4/2020 5:30,815,893,996,2827,2844,2868,2012,1951,1872
22/4/2020 6:00,806,886,985,2894,2930,2912,2088,2044,1927
22/4/2020 6:30,785,862,967,3121,3089,3008,2336,2227,2041
22/4/2020 7:00,746,819,977,3487,3318,3236,2741,2499,2259
22/4/2020 7:30,688,759,934,3789,3567,3471,3101,2808,2537
22/4/2020 8:00,624,685,846,3984,3803,3727,3360,3118,2881
22/4/2020 8:30,554,595,731,4101,3960,3944,3547,3365,3213
22/4/2020 9:00,501,529,706,4154,4033,4054,3653,3504,3348
22/4/2020 9:30,466,489,660,4163,4078,4103,3697,3589,3443
22/4/2020 10:00,443,457,607,4142,4109,4134,3699,3652,3527
22/4/2020 10:30,430,434,592,4134,4125,4167,3704,3691,3575
22/4/2020 11:00,420,454,595,4148,4132,4201,3728,3678,3606
22/4/2020 11:30,413,451,553,4174,4167,4206,3761,3716,3653
22/4/2020 12:00,407,433,532,4205,4217,4257,3798,3784,3725
22/4/2020 12:30,403,420,511,4219,4234,4317,3816,3814,3806
22/4/2020 13:00,401,413,450,4206,4207,4341,3805,3794,3891
22/4/2020 13:30,401,430,441,4144,4144,4230,3743,3714,3789
22/4/2020 14:00,400,422,415,4045,4065,4149,3645,3643,3734
22/4/2020 14:30,398,441,404,3981,4013,4088,3583,3572,3684
22/4/2020 15:00,396,423,383,3969,4002,4058,3573,3579,3675
22/4/2020 15:30,392,368,373,3997,4014,4046,3605,3646,3673
22/4/2020 16:00,388,355,357,4070,4061,4096,3682,3706,3739
22/4/2020 16:30,381,336,372,4217,4201,4238,3836,3865,3866
22/4/2020 17:00,375,337,391,4408,4403,4447,4033,4066,4056
22/4/2020 17:30,368,349,413,4492,4499,4611,4124,4150,4198
22/4/2020 18:00,362,356,422,4452,4462,4602,4090,4106,4180
22/4/2020 18:30,356,363,438,4373,4378,4513,4017,4015,4075
22/4/2020 19:00,356,369,435,4282,4273,4394,3926,3904,3959
22/4/2020 19:30,360,380,421,4212,4187,4286,3852,3807,3865
22/4/2020 20:00,371,388,432,4175,4140,4210,3804,3752,3778
22/4/2020 20:30,387,420,480,4189,4145,4186,3802,3725,3706
22/4/2020 21:00,406,428,540,4221,4176,4299,3815,3748,3759
22/4/2020 21:30,427,448,505,4128,4091,4210,3701,3643,3705
22/4/2020 22:00,438,457,451,3903,3885,4019,3465,3428,3568
22/4/2020 22:30,440,480,449,3674,3666,3789,3234,3186,3340
22/4/2020 23:00,435,480,444,3463,3464,3580,3028,2984,3136
22/4/2020 23:30,441,476,411,3291,3293,3393,2850,2817,2982
23/4/2020 0:00,449,467,401,3152,3155,3274,2703,2688,2873
23/4/2020 0:30,459,489,396,3044,3048,3180,2585,2559,2784
23/4/2020 1:00,462,471,381,2964,2967,3084,2502,2496,2703
23/4/2020 1:30,458,418,382,2897,2901,3004,2439,2483,2622
23/4/2020 2:00,445,398,361,2842,2847,2946,2397,2449,2585
23/4/2020 2:30,421,380,326,2797,2801,2908,2376,2421,2582
23/4/2020 3:00,398,361,303,2762,2768,2863,2364,2407,2560
23/4/2020 3:30,376,310,308,2742,2748,2837,2366,2438,2529
23/4/2020 4:00,357,301,325,2737,2747,2830,2380,2446,2505
23/4/2020 4:30,343,300,316,2752,2759,2837,2409,2459,2521
23/4/2020 5:00,332,300,325,2783,2786,2884,2451,2486,2559
23/4/2020 5:30,324,294,310,2815,2830,2932,2491,2536,2622
23/4/2020 6:00,316,291,318,2876,2906,3012,2560,2615,2694
23/4/2020 6:30,309,279,316,3094,3070,3105,2785,2791,2789
23/4/2020 7:00,289,264,314,3455,3320,3310,3166,3056,2996
23/4/2020 7:30,256,248,293,3761,3589,3531,3505,3341,3238
23/4/2020 8:00,222,221,274,3969,3845,3771,3747,3624,3497
23/4/2020 8:30,188,200,211,4089,4029,3961,3901,3829,3750
23/4/2020 9:00,162,177,193,4133,4124,4077,3971,3947,3884
23/4/2020 9:30,143,174,163,4144,4180,4141,4001,4006,3978
23/4/2020 10:00,130,166,134,4138,4197,4166,4008,4031,4032
23/4/2020 10:30,123,158,130,4134,4210,4194,4011,4052,4064
23/4/2020 11:00,119,157,138,4141,4216,4212,4022,4059,4074
23/4/2020 11:30,118,165,141,4172,4243,4216,4054,4078,4075
23/4/2020 12:00,115,160,136,4217,4286,4258,4102,4126,4122
23/4/2020 12:30,112,148,123,4229,4299,4322,4117,4151,4199
23/4/2020 13:00,109,139,127,4200,4272,4348,4091,4133,4221
23/4/2020 13:30,106,120,122,4137,4210,4244,4031,4090,4122
23/4/2020 14:00,103,114,119,4056,4130,4156,3953,4016,4037
23/4/2020 14:30,101,106,115,4005,4072,4106,3904,3966,3991
23/4/2020 15:00,100,102,116,3992,4053,4087,3892,3951,3971
23/4/2020 15:30,100,100,119,4005,4067,4069,3905,3967,3950
23/4/2020 16:00,100,101,114,4053,4126,4118,3953,4025,4004
23/4/2020 16:30,100,107,120,4184,4260,4243,4084,4153,4123
23/4/2020 17:00,102,112,118,4372,4441,4454,4270,4329,4336
23/4/2020 17:30,107,120,129,4458,4527,4604,4351,4407,4475
23/4/2020 18:00,112,129,137,4422,4497,4617,4310,4368,4480
23/4/2020 18:30,117,135,139,4340,4414,4515,4223,4279,4376
23/4/2020 19:00,128,150,136,4239,4302,4398,4111,4152,4262
23/4/2020 19:30,144,176,135,4146,4203,4295,4002,4027,4160
23/4/2020 20:00,167,199,152,4081,4143,4204,3914,3944,4052
23/4/2020 20:30,195,223,190,4096,4166,4183,3901,3943,3993
23/4/2020 21:00,217,243,210,4159,4238,4289,3942,3995,4079
23/4/2020 21:30,234,270,227,4092,4170,4226,3858,3900,3999
23/4/2020 22:00,235,274,238,3882,3950,4042,3647,3676,3804
23/4/2020 22:30,222,258,230,3661,3717,3831,3439,3459,3601
23/4/2020 23:00,219,236,214,3508,3509,3627,3289,3273,3413
23/4/2020 23:30,190,195,196,3347,3350,3427,3157,3155,3231
24/4/2020 0:00,165,170,175,3231,3233,3330,3066,3063,3155
24/4/2020 0:30,145,147,152,3125,3128,3229,2980,2981,3077
24/4/2020 1:00,129,133,137,3023,3027,3136,2894,2894,2999
24/4/2020 1:30,116,116,124,2941,2946,3063,2825,2830,2939
24/4/2020 2:00,109,111,121,2878,2886,3001,2769,2775,2880
24/4/2020 2:30,107,104,116,2828,2834,2952,2721,2730,2836
24/4/2020 3:00,105,103,117,2789,2796,2913,2684,2693,2796
24/4/2020 3:30,103,105,112,2768,2777,2896,2665,2672,2784
24/4/2020 4:00,103,107,116,2768,2780,2880,2665,2673,2764
24/4/2020 4:30,106,107,115,2796,2804,2897,2690,2697,2782
24/4/2020 5:00,108,107,104,2844,2849,2947,2736,2742,2843
24/4/2020 5:30,108,112,93,2883,2901,2978,2775,2789,2885
24/4/2020 6:00,107,112,98,2937,2974,3028,2830,2862,2930
24/4/2020 6:30,107,115,101,3143,3125,3139,3036,3010,3038
24/4/2020 7:00,103,113,97,3486,3354,3346,3383,3241,3249
24/4/2020 7:30,95,107,108,3783,3602,3555,3688,3495,3447
24/4/2020 8:00,86,101,89,3989,3839,3794,3903,3738,3705
24/4/2020 8:30,75,92,75,4115,4013,3993,4040,3921,3918
24/4/2020 9:00,67,86,70,4169,4110,4111,4102,4024,4041
24/4/2020 9:30,62,76,31,4181,4168,4151,4119,4092,4120
24/4/2020 10:00,60,74,0,4167,4187,4192,4107,4113,4192
24/4/2020 10:30,59,69,0,4165,4201,4215,4106,4132,4215
24/4/2020 11:00,60,71,25,4183,4208,4245,4123,4137,4220
24/4/2020 11:30,61,79,54,4214,4213,4239,4153,4134,4185
24/4/2020 12:00,62,81,56,4251,4245,4264,4189,4164,4208
24/4/2020 12:30,64,79,59,4263,4259,4312,4199,4180,4253
24/4/2020 13:00,65,80,74,4239,4242,4304,4174,4162,4230
24/4/2020 13:30,66,76,89,4166,4170,4191,4100,4094,4102
24/4/2020 14:00,67,76,110,4055,4060,4104,3988,3984,3994
24/4/2020 14:30,68,74,97,3975,3980,3996,3907,3906,3899
24/4/2020 15:00,72,75,91,3939,3950,3958,3867,3875,3867
24/4/2020 15:30,77,72,83,3936,3954,3944,3859,3882,3861
24/4/2020 16:00,81,75,84,3971,3999,3976,3890,3924,3892
24/4/2020 16:30,85,81,99,4085,4123,4087,4000,4042,3988
24/4/2020 17:00,93,89,110,4253,4299,4277,4160,4210,4167
24/4/2020 17:30,105,115,111,4337,4390,4438,4232,4275,4327
24/4/2020 18:00,121,130,119,4317,4377,4466,4196,4247,4347
24/4/2020 18:30,142,146,120,4263,4324,4407,4121,4178,4287
24/4/2020 19:00,158,171,124,4195,4252,4310,4037,4081,4186
24/4/2020 19:30,168,178,139,4124,4170,4197,3956,3992,4058
24/4/2020 20:00,174,206,164,4069,4106,4102,3895,3900,3938
24/4/2020 20:30,175,244,199,4101,4126,4053,3926,3882,3854
24/4/2020 21:00,179,258,231,4187,4206,4113,4008,3948,3882
24/4/2020 21:30,185,252,228,4137,4152,4079,3952,3900,3851
24/4/2020 22:00,183,244,225,3938,3957,3924,3755,3713,3699
24/4/2020 22:30,173,208,207,3742,3767,3740,3569,3559,3533
24/4/2020 23:00,184,185,190,3612,3612,3562,3428,3427,3372
24/4/2020 23:30,172,156,178,3483,3485,3412,3311,3329,3234
25/4/2020 0:00,161,140,159,3370,3373,3311,3209,3233,3152
25/4/2020 0:30,149,131,146,3249,3254,3204,3100,3123,3058
25/4/2020 1:00,136,122,118,3123,3128,3104,2987,3006,2986
25/4/2020 1:30,122,114,96,3017,3022,3013,2895,2908,2917
25/4/2020 2:00,111,104,96,2936,2940,2951,2825,2836,2855
25/4/2020 2:30,103,110,90,2863,2864,2893,2760,2754,2803
25/4/2020 3:00,96,100,95,2800,2803,2848,2704,2703,2753
25/4/2020 3:30,93,79,90,2768,2772,2821,2675,2693,2731
25/4/2020 4:00,90,76,74,2766,2773,2805,2676,2697,2731
25/4/2020 4:30,90,73,81,2775,2776,2811,2685,2703,2730
25/4/2020 5:00,89,75,83,2787,2782,2819,2698,2707,2736
25/4/2020 5:30,90,71,97,2800,2814,2818,2710,2743,2721
25/4/2020 6:00,92,78,113,2838,2880,2800,2746,2802,2687
25/4/2020 6:30,94,95,118,3003,2971,2832,2909,2876,2714
25/4/2020 7:00,92,100,150,3279,3094,2946,3187,2994,2796
25/4/2020 7:30,87,91,175,3510,3272,3086,3423,3181,2911
25/4/2020 8:00,81,90,186,3662,3489,3243,3581,3399,3057
25/4/2020 8:30,74,94,190,3765,3652,3406,3691,3558,3216
25/4/2020 9:00,68,92,181,3831,3747,3521,3763,3655,3340
25/4/2020 9:30,64,102,162,3877,3837,3660,3813,3735,3498
25/4/2020 10:00,62,100,132,3909,3915,3763,3847,3815,3631
25/4/2020 10:30,63,112,95,3943,3974,3836,3880,3862,3741
25/4/2020 11:00,63,110,78,3982,4004,3897,3919,3894,3819
25/4/2020 11:30,64,132,67,4030,4045,3922,3966,3913,3855
25/4/2020 12:00,65,127,60,4079,4098,3953,4014,3971,3893
25/4/2020 12:30,67,128,54,4102,4111,3972,4035,3983,3918
25/4/2020 13:00,69,123,47,4091,4082,3960,4022,3959,3913
25/4/2020 13:30,74,109,0,4047,4028,3873,3973,3919,3873
25/4/2020 14:00,81,108,0,3979,3969,3795,3898,3861,3795
25/4/2020 14:30,90,88,24,3927,3918,3726,3837,3830,3702
25/4/2020 15:00,103,95,72,3904,3893,3664,3801,3798,3592
25/4/2020 15:30,119,88,87,3912,3901,3649,3793,3813,3562
25/4/2020 16:00,134,100,108,3959,3954,3685,3825,3854,3577
25/4/2020 16:30,148,106,140,4065,4065,3806,3917,3959,3666
25/4/2020 17:00,162,127,161,4209,4215,3999,4047,4088,3838
25/4/2020 17:30,176,148,187,4287,4298,4162,4111,4150,3975
25/4/2020 18:00,193,178,214,4277,4296,4227,4084,4118,4013
25/4/2020 18:30,212,219,212,4202,4225,4200,3990,4006,3988
25/4/2020 19:00,235,250,205,4082,4108,4122,3847,3858,3917
25/4/2020 19:30,260,294,195,3968,3996,4026,3708,3702,3831
25/4/2020 20:00,290,310,220,3888,3922,3933,3598,3612,3713
25/4/2020 20:30,323,331,279,3895,3917,3870,3572,3586,3591
25/4/2020 21:00,351,339,320,3961,3963,3917,3610,3624,3597
25/4/2020 21:30,374,322,361,3910,3901,3888,3536,3579,3527
25/4/2020 22:00,384,330,397,3731,3729,3734,3347,3399,3337
25/4/2020 22:30,383,308,447,3548,3558,3565,3165,3250,3118
25/4/2020 23:00,354,304,492,3419,3414,3388,3065,3110,2896
25/4/2020 23:30,348,274,505,3284,3290,3240,2936,3016,2735
26/4/2020 0:00,341,272,511,3156,3161,3147,2815,2889,2636
26/4/2020 0:30,334,301,534,3044,3049,3067,2710,2748,2533
26/4/2020 1:00,325,299,531,2949,2955,2964,2624,2656,2433
26/4/2020 1:30,316,317,492,2865,2871,2886,2549,2554,2394
26/4/2020 2:00,304,304,472,2791,2799,2823,2487,2495,2351
26/4/2020 2:30,289,345,461,2728,2735,2772,2439,2390,2311
26/4/2020 3:00,275,322,453,2680,2687,2725,2405,2365,2272
26/4/2020 3:30,261,311,444,2654,2662,2687,2393,2351,2243
26/4/2020 4:00,251,292,426,2652,2663,2674,2401,2371,2248
26/4/2020 4:30,244,272,408,2662,2666,2665,2418,2394,2257
26/4/2020 5:00,235,258,386,2669,2667,2679,2434,2409,2293
26/4/2020 5:30,224,282,364,2626,2643,2688,2402,2361,2324
26/4/2020 6:00,215,267,337,2558,2602,2672,2343,2335,2335
26/4/2020 6:30,208,272,307,2617,2582,2691,2409,2310,2384
26/4/2020 7:00,204,257,286,2805,2603,2786,2601,2346,2500
26/4/2020 7:30,205,267,260,2982,2688,2897,2777,2421,2637
26/4/2020 8:00,209,264,243,3117,2833,3026,2908,2569,2783
26/4/2020 8:30,217,274,241,3231,2995,3176,3014,2721,2935
26/4/2020 9:00,226,271,235,3335,3153,3312,3109,2882,3077
26/4/2020 9:30,236,268,258,3443,3318,3463,3207,3050,3205
26/4/2020 10:00,235,263,300,3559,3471,3620,3324,3208,3320
26/4/2020 10:30,224,242,292,3675,3612,3756,3451,3370,3464
26/4/2020 11:00,218,238,275,3789,3723,3869,3571,3485,3594
26/4/2020 11:30,215,232,253,3901,3813,3969,3686,3581,3716
26/4/2020 12:00,212,232,238,3999,3881,4070,3787,3649,3832
26/4/2020 12:30,206,225,231,4042,3909,4185,3836,3684,3954
26/4/2020 13:00,208,235,199,4026,3892,4213,3818,3657,4014
26/4/2020 13:30,216,283,211,3978,3834,4145,3762,3551,3934
26/4/2020 14:00,231,302,208,3913,3748,4077,3682,3446,3869
26/4/2020 14:30,254,275,225,3861,3679,4008,3607,3404,3783
26/4/2020 15:00,280,296,233,3833,3641,3962,3553,3345,3729
26/4/2020 15:30,311,314,265,3842,3644,3947,3531,3330,3682
26/4/2020 16:00,352,358,302,3893,3694,3999,3541,3336,3697
26/4/2020 16:30,403,409,369,3994,3807,4083,3591,3398,3714
26/4/2020 17:00,453,474,440,4128,3960,4240,3675,3486,3800
26/4/2020 17:30,503,532,472,4211,4069,4344,3708,3537,3872
26/4/2020 18:00,538,578,519,4224,4108,4352,3686,3530,3833
26/4/2020 18:30,559,595,519,4173,4092,4269,3614,3497,3750
26/4/2020 19:00,574,610,516,4077,4031,4157,3503,3421,3641
26/4/2020 19:30,583,585,495,4000,3978,4050,3417,3393,3555
26/4/2020 20:00,584,573,466,3961,3945,3976,3377,3372,3510
26/4/2020 20:30,577,542,463,3961,3931,3976,3384,3389,3513
26/4/2020 21:00,575,523,485,3975,3918,3936,3400,3395,3451
26/4/2020 21:30,576,483,463,3892,3833,3878,3316,3350,3415
26/4/2020 22:00,573,481,431,3711,3670,3734,3138,3189,3303
26/4/2020 22:30,567,484,418,3533,3491,3593,2966,3007,3175
26/4/2020 23:00,558,467,412,3304,3310,3384,2746,2843,2972
26/4/2020 23:30,561,421,475,3136,3154,3221,2575,2733,2746
27/4/2020 0:00,568,412,487,2987,3007,3141,2419,2595,2654
27/4/2020 0:30,580,425,500,2876,2896,3061,2296,2471,2561
27/4/2020 1:00,583,423,486,2801,2821,2976,2218,2398,2490
27/4/2020 1:30,578,391,472,2749,2768,2905,2171,2377,2433
27/4/2020 2:00,567,383,491,2713,2731,2854,2146,2348,2363
27/4/2020 2:30,549,357,468,2684,2698,2816,2135,2341,2348
27/4/2020 3:00,519,351,439,2659,2672,2790,2140,2321,2351
27/4/2020 3:30,478,370,406,2641,2654,2780,2163,2284,2374
27/4/2020 4:00,450,346,365,2632,2647,2776,2182,2301,2411
27/4/2020 4:30,433,319,324,2643,2652,2780,2210,2333,2456
27/4/2020 5:00,417,295,301,2676,2680,2841,2259,2385,2540
27/4/2020 5:30,401,300,265,2737,2760,2869,2336,2460,2604
27/4/2020 6:00,383,280,254,2848,2896,2935,2465,2616,2681
27/4/2020 6:30,363,256,231,3081,3068,3076,2718,2812,2845
27/4/2020 7:00,345,244,219,3417,3275,3290,3072,3031,3071
27/4/2020 7:30,328,249,197,3700,3525,3503,3372,3276,3306
27/4/2020 8:00,320,241,153,3894,3796,3745,3574,3555,3592
27/4/2020 8:30,321,223,115,4009,3982,3952,3688,3759,3837
27/4/2020 9:00,316,213,116,4056,4067,4068,3740,3854,3952
27/4/2020 9:30,306,144,117,4070,4130,4134,3764,3986,4017
27/4/2020 10:00,292,136,119,4070,4173,4180,3778,4037,4061
27/4/2020 10:30,275,127,138,4087,4207,4209,3812,4080,4071
27/4/2020 11:00,259,120,135,4124,4225,4244,3865,4105,4109
27/4/2020 11:30,243,101,114,4159,4264,4262,3916,4163,4148
27/4/2020 12:00,226,98,91,4183,4319,4322,3957,4221,4231
27/4/2020 12:30,208,88,85,4184,4348,4384,3976,4260,4299
27/4/2020 13:00,193,89,76,4160,4343,4405,3967,4254,4329
27/4/2020 13:30,182,106,84,4104,4303,4299,3922,4197,4215
27/4/2020 14:00,176,112,83,4028,4242,4234,3852,4130,4151
27/4/2020 14:30,177,126,88,3975,4200,4184,3798,4074,4096
27/4/2020 15:00,182,139,109,3955,4191,4154,3773,4052,4045
27/4/2020 15:30,190,138,116,3972,4212,4125,3782,4074,4009
27/4/2020 16:00,206,154,130,4037,4274,4185,3831,4120,4055
27/4/2020 16:30,227,151,147,4182,4403,4317,3955,4252,4170
27/4/2020 17:00,252,163,169,4381,4571,4516,4129,4408,4347
27/4/2020 17:30,279,178,181,4485,4637,4654,4206,4459,4473
27/4/2020 18:00,303,191,196,4475,4583,4614,4172,4392,4418
27/4/2020 18:30,322,203,228,4414,4481,4507,4092,4278,4279
27/4/2020 19:00,336,217,240,4324,4356,4372,3988,4139,4132
27/4/2020 19:30,345,208,223,4219,4220,4258,3874,4012,4035
27/4/2020 20:00,346,231,231,4124,4105,4176,3778,3874,3945
27/4/2020 20:30,341,265,264,4108,4091,4137,3767,3826,3873
27/4/2020 21:00,333,272,302,4147,4153,4200,3814,3881,3898
27/4/2020 21:30,323,283,314,4072,4094,4202,3749,3811,3888
27/4/2020 22:00,304,271,291,3865,3896,4036,3561,3625,3745
27/4/2020 22:30,278,252,271,3633,3661,3829,3355,3409,3558
27/4/2020 23:00,188,231,262,3432,3432,3607,3244,3201,3345
27/4/2020 23:30,168,186,246,3278,3287,3416,3110,3101,3170
28/4/2020 0:00,152,169,222,3197,3206,3304,3045,3037,3082
28/4/2020 0:30,141,168,198,3122,3130,3210,2981,2962,3012
28/4/2020 1:00,129,150,170,3041,3047,3125,2912,2897,2955
28/4/2020 1:30,115,144,137,2974,2980,3051,2859,2836,2914
28/4/2020 2:00,102,131,111,2925,2931,3002,2823,2800,2891
28/4/2020 2:30,89,130,88,2887,2890,2958,2798,2760,2870
28/4/2020 3:00,82,121,79,2860,2864,2932,2778,2743,2853
28/4/2020 3:30,80,124,68,2845,2850,2916,2765,2726,2848
28/4/2020 4:00,80,121,69,2844,2851,2903,2764,2730,2834
28/4/2020 4:30,81,121,73,2863,2865,2907,2782,2744,2834
28/4/2020 5:00,82,118,80,2902,2897,2949,2820,2779,2869
28/4/2020 5:30,82,96,93,2951,2964,2962,2869,2868,2869
28/4/2020 6:00,81,94,106,3036,3075,3012,2955,2981,2906
28/4/2020 6:30,79,84,98,3270,3238,3140,3191,3154,3042
28/4/2020 7:00,76,82,95,3632,3453,3364,3556,3371,3269
28/4/2020 7:30,73,77,68,3935,3699,3644,3862,3622,3576
28/4/2020 8:00,71,74,58,4134,3950,3823,4063,3876,3765
28/4/2020 8:30,69,72,0,4244,4122,4039,4175,4050,4039
28/4/2020 9:00,68,70,0,4280,4201,4135,4212,4131,4135
28/4/2020 9:30,69,76,0,4278,4250,4183,4209,4174,4183
28/4/2020 10:00,70,75,0,4258,4271,4207,4188,4196,4207
28/4/2020 10:30,73,75,0,4253,4284,4237,4180,4209,4237
28/4/2020 11:00,78,77,0,4271,4287,4253,4193,4210,4253
28/4/2020 11:30,85,81,0,4312,4316,4270,4227,4235,4270
28/4/2020 12:00,94,85,0,4364,4369,4309,4270,4284,4309
28/4/2020 12:30,106,91,75,4392,4388,4402,4286,4297,4327
28/4/2020 13:00,121,99,88,4386,4364,4430,4265,4265,4342
28/4/2020 13:30,138,108,137,4348,4315,4330,4210,4207,4193
28/4/2020 14:00,156,117,164,4287,4252,4259,4131,4135,4095
28/4/2020 14:30,175,125,207,4247,4202,4215,4072,4077,4008
28/4/2020 15:00,195,132,208,4238,4178,4201,4043,4046,3993
28/4/2020 15:30,216,136,244,4262,4195,4207,4046,4059,3963
28/4/2020 16:00,230,139,246,4327,4262,4265,4097,4123,4019
28/4/2020 16:30,239,141,241,4458,4400,4396,4219,4259,4155
28/4/2020 17:00,245,147,282,4628,4577,4609,4383,4430,4327
28/4/2020 17:30,250,157,299,4696,4647,4746,4446,4490,4447
28/4/2020 18:00,262,169,308,4644,4595,4707,4382,4426,4399
28/4/2020 18:30,281,184,360,4548,4502,4591,4267,4318,4231
28/4/2020 19:00,312,203,355,4428,4392,4455,4116,4189,4100
28/4/2020 19:30,354,226,378,4298,4284,4316,3944,4058,3938
28/4/2020 20:00,405,257,399,4182,4202,4242,3777,3945,3843
28/4/2020 20:30,465,296,479,4172,4215,4199,3707,3919,3720
28/4/2020 21:00,529,338,546,4240,4291,4232,3711,3953,3686
28/4/2020 21:30,596,381,538,4183,4227,4169,3587,3846,3631
28/4/2020 22:00,656,423,593,3980,4008,3995,3324,3585,3402
28/4/2020 22:30,709,463,657,3742,3771,3760,3033,3308,3103
28/4/2020 23:00,505,505,694,3555,3555,3549,3050,3050,2855
28/4/2020 23:30,550,550,762,3381,3381,3366,2831,2831,2604
29/4/2020 0:00,608,608,886,3250,3250,3254,2642,2642,2368
29/4/2020 0:30,681,681,997,3146,3146,3154,2465,2465,2157
29/4/2020 1:00,768,768,1032,3065,3065,3063,2297,2297,2031
29/4/2020 1:30,869,869,1203,3000,3000,2969,2131,2131,1766
29/4/2020 2:00,978,978,1344,2949,2949,2936,1971,1971,1592
29/4/2020 2:30,1094,1094,1473,2906,2906,2892,1812,1812,1419
29/4/2020 3:00,1219,1219,1631,2871,2871,2841,1652,1652,1210
29/4/2020 3:30,1354,1354,1711,2854,2854,2810,1500,1500,1099
29/4/2020 4:00,1472,1472,1899,2854,2854,2821,1382,1382,922
29/4/2020 4:30,1574,1574,1999,2852,2852,2843,1278,1278,844
29/4/2020 5:00,1660,1660,2077,2862,2862,2896,1202,1202,819
29/4/2020 5:30,1730,1730,2176,2954,2954,2909,1224,1224,733
29/4/2020 6:00,1752,1752,2235,3137,3137,2983,1385,1385,748
29/4/2020 6:30,1726,1726,2210,3381,3381,3068,1655,1655,858
29/4/2020 7:00,1720,1720,2104,3662,3662,3273,1942,1942,1169
29/4/2020 7:30,1736,1736,2158,3909,3909,3476,2173,2173,1318
29/4/2020 8:00,1807,1807,2071,4096,4096,3701,2289,2289,1630
29/4/2020 8:30,1936,1936,2146,4195,4195,3925,2259,2259,1779
29/4/2020 9:00,1985,1985,2155,4217,4217,4082,2232,2232,1927
29/4/2020 9:30,1954,1954,2242,4246,4246,4135,2292,2292,1893
29/4/2020 10:00,1916,1916,2376,4295,4295,4171,2379,2379,1795
29/4/2020 10:30,1873,1873,2216,4333,4333,4134,2460,2460,1918
29/4/2020 11:00,1844,1844,2260,4359,4359,4134,2515,2515,1874
29/4/2020 11:30,1830,1830,2272,4405,4405,4249,2575,2575,1977
29/4/2020 12:00,1816,1816,2013,4464,4464,4410,2648,2648,2397
29/4/2020 12:30,1802,1802,1798,4489,4489,4489,2687,2687,2691
29/4/2020 13:00,1757,1757,1634,4470,4470,4553,2713,2713,2919
29/4/2020 13:30,1680,1680,1455,4427,4427,4478,2747,2747,3023
29/4/2020 14:00,1587,1587,1304,4372,4372,4401,2785,2785,3097
29/4/2020 14:30,1477,1477,1142,4332,4332,4359,2855,2855,3217
29/4/2020 15:00,1365,1365,981,4317,4317,4350,2952,2952,3369
29/4/2020 15:30,1250,1250,885,4336,4336,4329,3086,3086,3444
29/4/2020 16:00,1135,1135,799,4397,4397,4385,3262,3262,3586
29/4/2020 16:30,1020,1000,678,4533,4508,4527,3513,3508,3849
29/4/2020 17:00,923,971,565,4712,4689,4730,3789,3718,4165
29/4/2020 17:30,844,622,536,4787,4685,4856,3943,4063,4320
29/4/2020 18:00,762,579,495,4740,4734,4811,3978,4155,4316
29/4/2020 18:30,678,613,533,4651,4635,4704,3973,4022,4171
29/4/2020 19:00,611,458,551,4544,4535,4590,3933,4077,4039
29/4/2020 19:30,563,547,683,4438,4439,4465,3875,3892,3782
29/4/2020 20:00,540,569,836,4355,4384,4388,3815,3815,3552
29/4/2020 20:30,542,569,972,4359,4363,4337,3817,3794,3365
29/4/2020 21:00,546,591,980,4416,4349,4312,3870,3758,3332
29/4/2020 21:30,551,711,1015,4336,4241,4209,3785,3530,3194
29/4/2020 22:00,561,698,926,4105,4031,4031,3544,3333,3105
29/4/2020 22:30,575,730,888,3860,3803,3808,3285,3073,2920
29/4/2020 23:00,584,699,828,3645,3585,3598,3061,2886,2770
29/4/2020 23:30,589,718,869,3486,3448,3411,2897,2730,2542
30/4/2020 0:00,592,691,822,3382,3346,3312,2790,2655,2490
30/4/2020 0:30,593,715,766,3291,3248,3222,2698,2533,2456
30/4/2020 1:00,593,696,767,3204,3149,3143,2611,2453,2376
30/4/2020 1:30,592,675,801,3136,3075,3066,2544,2400,2265
30/4/2020 2:00,591,665,773,3086,3029,3011,2495,2364,2238
30/4/2020 2:30,590,722,746,3046,2981,2971,2456,2259,2225
30/4/2020 3:00,594,709,740,3014,2940,2934,2420,2231,2194
30/4/2020 3:30,602,733,710,2999,2921,2913,2397,2188,2203
30/4/2020 4:00,611,732,709,2999,2932,2899,2388,2200,2190
30/4/2020 4:30,619,742,724,2998,2951,2894,2379,2209,2170
30/4/2020 5:00,628,736,668,3007,2983,2936,2379,2247,2268
30/4/2020 5:30,637,719,649,3092,3032,2961,2455,2313,2312
30/4/2020 6:00,658,718,624,3267,3116,3026,2609,2398,2402
30/4/2020 6:30,690,713,617,3523,3284,3128,2833,2571,2511
30/4/2020 7:00,737,727,639,3830,3533,3356,3093,2806,2717
30/4/2020 7:30,798,709,662,4087,3784,3568,3289,3075,2906
30/4/2020 8:00,858,731,670,4264,4014,3827,3406,3283,3157
30/4/2020 8:30,915,760,632,4355,4199,4033,3440,3439,3401
30/4/2020 9:00,970,797,649,4375,4324,4155,3405,3527,3506
30/4/2020 9:30,1023,824,720,4398,4385,4227,3375,3561,3507
30/4/2020 10:00,1068,874,830,4437,4380,4260,3369,3506,3430
30/4/2020 10:30,1104,915,885,4459,4381,4296,3355,3466,3411
30/4/2020 11:00,1135,954,931,4467,4396,4322,3332,3442,3391
30/4/2020 11:30,1160,985,947,4497,4434,4368,3337,3449,3421
30/4/2020 12:00,1181,1001,882,4546,4519,4417,3365,3518,3535
30/4/2020 12:30,1199,958,937,4557,4568,4494,3358,3610,3557
30/4/2020 13:00,1219,984,948,4522,4566,4529,3303,3582,3581
30/4/2020 13:30,1239,1037,1057,4458,4518,4443,3219,3481,3386
30/4/2020 14:00,1255,1065,1094,4380,4441,4348,3125,3376,3254
30/4/2020 14:30,1266,1151,1161,4321,4386,4299,3055,3235,3138
30/4/2020 15:00,1276,1151,1249,4293,4372,4271,3017,3221,3022
30/4/2020 15:30,1286,1076,1299,4304,4377,4247,3018,3301,2948
30/4/2020 16:00,1294,1082,1285,4360,4416,4299,3066,3334,3014
30/4/2020 16:30,1301,1016,1353,4486,4522,4443,3185,3506,3090
30/4/2020 17:00,1303,1016,1313,4651,4673,4610,3348,3657,3297
30/4/2020 17:30,1301,1022,1303,4716,4726,4744,3415,3704,3441
30/4/2020 18:00,1287,1010,1317,4667,4666,4706,3380,3656,3389
30/4/2020 18:30,1260,1104,1172,4576,4568,4574,3316,3464,3402
30/4/2020 19:00,1219,1045,1131,4464,4453,4429,3245,3408,3298
30/4/2020 19:30,1163,967,997,4342,4320,4332,3179,3353,3335
30/4/2020 20:00,1105,910,895,4241,4202,4256,3136,3292,3361
30/4/2020 20:30,1045,902,844,4262,4191,4200,3217,3289,3356
30/4/2020 21:00,989,859,805,4370,4259,4208,3381,3400,3403
30/4/2020 21:30,938,891,829,4313,4174,4211,3375,3283,3382
30/4/2020 22:00,889,864,809,4074,3924,4059,3185,3060,3250
30/4/2020 22:30,845,814,792,3825,3675,3857,2980,2861,3065
30/4/2020 23:00,726,813,815,3471,3470,3652,2745,2657,2837
30/4/2020 23:30,721,792,785,3329,3335,3479,2608,2543,2694
1/5/2020 0:00,724,810,805,3240,3248,3372,2516,2438,2567
1/5/2020 0:30,735,812,850,3153,3161,3275,2418,2349,2425
1/5/2020 1:00,748,836,873,3057,3064,3161,2309,2228,2288
1/5/2020 1:30,762,883,891,2976,2981,3078,2214,2098,2187
1/5/2020 2:00,775,896,841,2912,2918,3020,2137,2022,2179
1/5/2020 2:30,788,899,964,2861,2863,2986,2073,1964,2022
1/5/2020 3:00,797,902,984,2822,2825,2930,2025,1923,1946
1/5/2020 3:30,803,879,951,2801,2805,2901,1998,1926,1950
1/5/2020 4:00,810,866,900,2801,2807,2898,1991,1941,1998
1/5/2020 4:30,819,841,860,2824,2825,2898,2005,1984,2038
1/5/2020 5:00,822,830,949,2862,2857,2959,2040,2027,2010
1/5/2020 5:30,820,807,952,2876,2889,2939,2056,2082,1987
1/5/2020 6:00,811,799,905,2905,2941,2999,2094,2142,2094
1/5/2020 6:30,795,846,863,3136,3101,3128,2341,2255,2265
1/5/2020 7:00,784,846,808,3549,3364,3334,2765,2518,2526
1/5/2020 7:30,778,829,764,3870,3628,3596,3092,2799,2832
1/5/2020 8:00,792,858,642,4051,3858,3785,3259,3000,3143
1/5/2020 8:30,826,925,681,4167,4024,3979,3341,3099,3298
1/5/2020 9:00,873,957,704,4236,4116,4089,3363,3159,3385
1/5/2020 9:30,930,974,801,4245,4170,4136,3315,3196,3335
1/5/2020 10:00,989,1020,952,4208,4183,4170,3219,3163,3218
1/5/2020 10:30,1050,1019,1034,4187,4196,4187,3137,3177,3153
1/5/2020 11:00,1109,1080,1059,4199,4207,4218,3090,3127,3159
1/5/2020 11:30,1165,1097,1199,4250,4242,4256,3085,3145,3057
1/5/2020 12:00,1221,1168,1316,4326,4290,4299,3105,3122,2983
1/5/2020 12:30,1277,1210,1351,4370,4315,4382,3093,3105,3031
1/5/2020 13:00,1348,1281,1451,4366,4303,4400,3018,3022,2949
1/5/2020 13:30,1433,1370,1605,4307,4238,4289,2874,2868,2684
1/5/2020 14:00,1509,1442,1584,4209,4138,4195,2700,2696,2611
1/5/2020 14:30,1574,1534,1634,4140,4062,4154,2566,2528,2520
1/5/2020 15:00,1621,1592,1874,4111,4031,4095,2490,2439,2221
1/5/2020 15:30,1649,1722,2006,4107,4036,4081,2458,2314,2075
1/5/2020 16:00,1663,1748,2124,4133,4088,4112,2470,2340,1988
1/5/2020 16:30,1665,1766,2183,4232,4204,4254,2567,2438,2071
1/5/2020 17:00,1650,1760,2217,4382,4360,4438,2732,2600,2221
1/5/2020 17:30,1618,1735,2039,4448,4430,4560,2830,2695,2521
1/5/2020 18:00,1567,1674,1887,4415,4397,4572,2848,2723,2685
1/5/2020 18:30,1498,1601,1794,4359,4333,4411,2861,2732,2617
1/5/2020 19:00,1419,1495,1677,4293,4257,4328,2874,2762,2651
1/5/2020 19:30,1329,1461,1412,4197,4172,4190,2868,2711,2778
1/5/2020 20:00,1232,1349,1288,4096,4102,4108,2864,2753,2820
1/5/2020 20:30,1126,1358,1214,4110,4117,4043,2984,2759,2829
1/5/2020 21:00,1037,1270,1266,4207,4193,4046,3170,2923,2780
1/5/2020 21:30,965,1077,1206,4148,4156,4078,3183,3079,2872
1/5/2020 22:00,915,1026,1202,3920,3991,3925,3005,2965,2723
1/5/2020 22:30,889,1007,1160,3705,3814,3777,2816,2807,2617
1/5/2020 23:00,1034,992,1081,3650,3653,3598,2616,2661,2517
1/5/2020 23:30,1022,947,1098,3521,3530,3452,2499,2583,2354
2/5/2020 0:00,1008,953,1109,3416,3424,3353,2408,2471,2244
2/5/2020 0:30,990,1032,1057,3295,3302,3243,2305,2270,2186
2/5/2020 1:00,965,1013,996,3157,3165,3129,2192,2152,2133
2/5/2020 1:30,933,996,919,3050,3057,3033,2117,2061,2114
2/5/2020 2:00,901,959,852,2976,2984,2966,2075,2025,2114
2/5/2020 2:30,868,873,797,2908,2912,2920,2040,2039,2123
2/5/2020 3:00,812,814,714,2843,2847,2878,2031,2033,2164
2/5/2020 3:30,735,773,686,2807,2811,2847,2072,2038,2161
2/5/2020 4:00,670,713,679,2802,2808,2845,2132,2095,2166
2/5/2020 4:30,617,648,609,2808,2808,2847,2191,2160,2238
2/5/2020 5:00,559,588,561,2816,2810,2859,2257,2222,2298
2/5/2020 5:30,496,481,489,2810,2822,2823,2314,2341,2334
2/5/2020 6:00,430,418,463,2821,2859,2834,2391,2441,2371
2/5/2020 6:30,362,328,438,2987,2957,2902,2625,2629,2464
2/5/2020 7:00,306,273,365,3292,3119,3032,2986,2846,2667
2/5/2020 7:30,262,251,233,3540,3315,3152,3278,3064,2919
2/5/2020 8:00,233,223,165,3690,3520,3288,3457,3297,3123
2/5/2020 8:30,221,202,176,3787,3674,3427,3566,3472,3251
2/5/2020 9:00,208,194,193,3847,3766,3543,3639,3572,3350
2/5/2020 9:30,196,195,206,3887,3851,3661,3691,3656,3455
2/5/2020 10:00,182,185,186,3915,3923,3772,3733,3738,3586
2/5/2020 10:30,167,142,158,3956,3992,3862,3789,3850,3704
2/5/2020 11:00,154,132,148,4013,4046,3928,3859,3914,3780
2/5/2020 11:30,143,112,141,4073,4089,3970,3930,3977,3829
2/5/2020 12:00,136,106,133,4127,4149,4012,3991,4043,3879
2/5/2020 12:30,134,110,135,4151,4170,4056,4017,4060,3921
2/5/2020 13:00,134,107,131,4139,4149,4039,4005,4042,3908
2/5/2020 13:30,136,116,158,4092,4098,3967,3956,3982,3809
2/5/2020 14:00,141,115,172,4021,4038,3886,3880,3923,3714
2/5/2020 14:30,151,116,182,3962,3981,3814,3811,3865,3632
2/5/2020 15:00,161,121,176,3929,3950,3752,3768,3829,3576
2/5/2020 15:30,173,130,209,3933,3956,3733,3760,3826,3524
2/5/2020 16:00,185,144,215,3981,4013,3759,3796,3869,3544
2/5/2020 16:30,198,173,211,4079,4120,3845,3881,3947,3634
2/5/2020 17:00,208,192,219,4205,4257,4045,3997,4065,3826
2/5/2020 17:30,214,224,259,4265,4320,4226,4051,4096,3967
2/5/2020 18:00,221,242,303,4241,4297,4308,4020,4055,4005
2/5/2020 18:30,229,261,292,4164,4216,4287,3935,3955,3995
2/5/2020 19:00,241,276,286,4052,4101,4217,3811,3825,3931
2/5/2020 19:30,257,307,354,3951,3986,4110,3694,3679,3756
2/5/2020 20:00,278,316,389,3883,3903,3995,3605,3587,3606
2/5/2020 20:30,304,313,427,3885,3895,3891,3581,3582,3464
2/5/2020 21:00,334,333,477,3935,3948,3883,3601,3615,3406
2/5/2020 21:30,366,414,537,3895,3909,3933,3529,3495,3396
2/5/2020 22:00,389,437,633,3750,3769,3805,3361,3332,3172
2/5/2020 22:30,403,464,664,3585,3606,3646,3182,3142,2982
2/5/2020 23:00,339,481,637,3452,3449,3478,3113,2968,2841
2/5/2020 23:30,333,510,584,3322,3329,3336,2989,2819,2752
3/5/2020 0:00,323,507,513,3217,3226,3250,2894,2719,2737
3/5/2020 0:30,310,509,511,3113,3124,3157,2803,2615,2646
3/5/2020 1:00,294,499,538,3008,3022,3062,2714,2523,2524
3/5/2020 1:30,276,539,570,2918,2933,2960,2642,2394,2390
3/5/2020 2:00,266,525,640,2847,2863,2917,2581,2338,2277
3/5/2020 2:30,264,549,661,2791,2805,2862,2527,2256,2201
3/5/2020 3:00,266,530,651,2750,2763,2814,2484,2233,2163
3/5/2020 3:30,274,433,611,2727,2740,2776,2453,2307,2165
3/5/2020 4:00,282,431,573,2720,2733,2762,2438,2302,2189
3/5/2020 4:30,290,417,507,2720,2725,2756,2430,2308,2249
3/5/2020 5:00,304,420,491,2715,2711,2764,2411,2291,2273
3/5/2020 5:30,323,489,425,2668,2686,2724,2345,2197,2299
3/5/2020 6:00,337,481,386,2607,2659,2722,2270,2178,2336
3/5/2020 6:30,347,504,365,2680,2651,2762,2333,2147,2397
3/5/2020 7:00,356,491,301,2884,2674,2828,2528,2183,2527
3/5/2020 7:30,366,456,228,3061,2748,2918,2695,2292,2690
3/5/2020 8:00,380,447,160,3179,2868,3052,2799,2421,2892
3/5/2020 8:30,398,427,134,3276,3014,3182,2878,2587,3048
3/5/2020 9:00,418,418,162,3366,3173,3334,2948,2755,3172
3/5/2020 9:30,439,330,196,3464,3355,3487,3025,3025,3291
3/5/2020 10:00,448,328,189,3572,3533,3628,3124,3205,3439
3/5/2020 10:30,445,325,166,3682,3682,3757,3237,3357,3591
3/5/2020 11:00,430,323,176,3792,3782,3844,3362,3459,3668
3/5/2020 11:30,403,255,200,3904,3839,3908,3501,3584,3708
3/5/2020 12:00,379,257,201,4006,3916,4012,3627,3659,3811
3/5/2020 12:30,359,235,177,4056,3951,4079,3697,3716,3902
3/5/2020 13:00,339,240,188,4050,3936,4094,3711,3696,3906
3/5/2020 13:30,320,255,204,4013,3884,4012,3693,3629,3808
3/5/2020 14:00,312,260,210,3957,3805,3924,3645,3545,3714
3/5/2020 14:30,314,184,220,3906,3736,3841,3592,3552,3621
3/5/2020 15:00,313,180,220,3874,3690,3790,3561,3510,3570
3/5/2020 15:30,309,178,226,3887,3684,3775,3578,3506,3549
3/5/2020 16:00,310,186,242,3950,3725,3814,3640,3539,3572
3/5/2020 16:30,314,191,241,4053,3835,3888,3739,3644,3647
3/5/2020 17:00,327,211,250,4174,3994,4014,3847,3783,3764
3/5/2020 17:30,349,247,267,4237,4115,4113,3888,3868,3846
3/5/2020 18:00,373,276,332,4228,4170,4107,3855,3894,3775
3/5/2020 18:30,400,321,383,4166,4164,4040,3766,3843,3657
3/5/2020 19:00,427,354,440,4069,4100,3965,3642,3746,3525
3/5/2020 19:30,453,396,441,3981,4003,3855,3528,3607,3414
3/5/2020 20:00,479,427,456,3919,3902,3772,3440,3475,3316
3/5/2020 20:30,505,441,471,3905,3867,3714,3400,3426,3243
3/5/2020 21:00,527,458,494,3920,3891,3713,3393,3433,3219
3/5/2020 21:30,544,472,541,3868,3849,3773,3324,3377,3232
3/5/2020 22:00,555,489,597,3738,3724,3679,3183,3235,3082
3/5/2020 22:30,560,522,605,3567,3553,3500,3007,3031,2895
3/5/2020 23:00,426,521,609,3359,3361,3346,2933,2840,2737
3/5/2020 23:30,426,499,615,3211,3208,3201,2785,2709,2586
4/5/2020 0:00,434,484,634,3116,3109,3119,2682,2625,2485
4/5/2020 0:30,450,472,614,3037,3028,3030,2587,2556,2416
4/5/2020 1:00,465,473,584,2965,2962,2942,2500,2489,2358
4/5/2020 1:30,480,523,579,2908,2908,2875,2428,2385,2296
4/5/2020 2:00,501,544,590,2865,2867,2819,2364,2323,2229
4/5/2020 2:30,528,563,601,2819,2821,2772,2291,2258,2171
4/5/2020 3:00,570,596,602,2770,2777,2718,2200,2181,2116
4/5/2020 3:30,629,625,637,2729,2738,2698,2100,2113,2061
4/5/2020 4:00,685,661,689,2702,2715,2697,2017,2054,2008
4/5/2020 4:30,737,705,719,2707,2715,2722,1970,2010,2003
4/5/2020 5:00,792,740,787,2733,2738,2742,1941,1998,1955
4/5/2020 5:30,850,773,846,2724,2741,2707,1874,1968,1861
4/5/2020 6:00,889,802,939,2712,2747,2742,1823,1945,1803
4/5/2020 6:30,912,825,973,2869,2855,2829,1957,2030,1856
4/5/2020 7:00,914,825,982,3175,3061,2972,2261,2236,1990
4/5/2020 7:30,897,802,903,3368,3230,3110,2471,2428,2207
4/5/2020 8:00,882,789,815,3417,3345,3270,2535,2556,2455
4/5/2020 8:30,868,778,747,3455,3460,3421,2587,2682,2674
4/5/2020 9:00,880,771,736,3513,3579,3552,2633,2808,2816
4/5/2020 9:30,917,840,774,3566,3688,3667,2649,2848,2893
4/5/2020 10:00,970,875,803,3617,3772,3768,2647,2897,2965
4/5/2020 10:30,1039,992,840,3687,3844,3841,2648,2852,3001
4/5/2020 11:00,1114,1056,960,3776,3899,3906,2662,2843,2946
4/5/2020 11:30,1196,1065,1083,3856,3956,3927,2660,2891,2844
4/5/2020 12:00,1266,1150,1251,3915,4019,3982,2649,2869,2731
4/5/2020 12:30,1326,1227,1407,3931,4039,4016,2605,2812,2609
4/5/2020 13:00,1382,1318,1585,3903,4012,4012,2521,2694,2427
4/5/2020 13:30,1432,1400,1664,3846,3944,3931,2414,2544,2267
4/5/2020 14:00,1483,1480,1727,3770,3852,3825,2287,2372,2098
4/5/2020 14:30,1533,1468,1820,3705,3781,3763,2172,2313,1943
4/5/2020 15:00,1582,1542,1909,3662,3746,3716,2080,2204,1807
4/5/2020 15:30,1630,1657,1991,3655,3744,3682,2025,2087,1691
4/5/2020 16:00,1679,1714,2118,3698,3783,3708,2019,2069,1590
4/5/2020 16:30,1731,1855,2292,3832,3892,3847,2101,2037,1555
4/5/2020 17:00,1787,1910,2408,4034,4049,4056,2247,2139,1648
4/5/2020 17:30,1847,2015,2435,4172,4142,4214,2325,2127,1779
4/5/2020 18:00,1893,2062,2512,4217,4146,4249,2324,2084,1737
4/5/2020 18:30,1925,2143,2541,4192,4095,4154,2267,1952,1613
4/5/2020 19:00,1962,2173,2576,4113,4005,4058,2151,1832,1482
4/5/2020 19:30,2004,2232,2523,4024,3919,3937,2020,1687,1414
4/5/2020 20:00,2044,2254,2513,3945,3857,3878,1901,1603,1365
4/5/2020 20:30,2082,2406,2488,3898,3835,3814,1816,1429,1326
4/5/2020 21:00,2120,2408,2566,3883,3845,3824,1763,1437,1258
4/5/2020 21:30,2157,2420,2716,3873,3835,3896,1716,1415,1180
4/5/2020 22:00,2185,2408,2729,3837,3779,3779,1652,1371,1050
4/5/2020 22:30,2204,2407,2715,3671,3612,3603,1467,1205,888
4/5/2020 23:00,2322,2395,2682,3356,3358,3400,1034,963,718
4/5/2020 23:30,2328,2386,2628,3174,3178,3205,846,792,577
5/5/2020 0:00,2333,2367,2599,3084,3089,3077,751,722,478
5/5/2020 0:30,2336,2359,2569,2999,3005,2986,663,646,417
5/5/2020 1:00,2338,2339,2509,2906,2912,2900,568,573,391
5/5/2020 1:30,2340,2418,2474,2835,2841,2817,495,423,343
5/5/2020 2:00,2333,2385,2423,2789,2795,2778,456,410,355
5/5/2020 2:30,2318,2355,2384,2753,2756,2729,435,401,345
5/5/2020 3:00,2304,2323,2377,2728,2732,2716,424,409,339
5/5/2020 3:30,2290,2293,2366,2733,2737,2681,443,444,315
5/5/2020 4:00,2287,2280,2315,2762,2769,2659,475,489,344
5/5/2020 4:30,2295,2284,2313,2773,2776,2667,478,492,354
5/5/2020 5:00,2307,2286,2331,2770,2769,2694,463,483,363
5/5/2020 5:30,2321,2302,2349,2803,2823,2689,482,521,340
5/5/2020 6:00,2349,2320,2394,2909,2957,2781,560,637,387
5/5/2020 6:30,2390,2349,2438,3182,3155,2930,792,806,492
5/5/2020 7:00,2434,2389,2460,3587,3407,3164,1153,1018,704
5/5/2020 7:30,2481,2437,2652,3900,3670,3388,1419,1233,736
5/5/2020 8:00,2521,2470,2864,4079,3916,3647,1558,1446,783
5/5/2020 8:30,2554,2487,3008,4184,4083,3869,1630,1596,861
5/5/2020 9:00,2584,2504,3017,4231,4161,3959,1647,1657,942
5/5/2020 9:30,2610,2595,3108,4232,4201,4044,1622,1606,936
5/5/2020 10:00,2628,2600,3133,4202,4208,4083,1574,1608,950
5/5/2020 10:30,2638,2565,3149,4183,4208,4128,1545,1643,979
5/5/2020 11:00,2644,2556,3170,4189,4203,4139,1545,1647,969
5/5/2020 11:30,2644,2674,3111,4220,4207,4154,1576,1533,1043
5/5/2020 12:00,2639,2640,3067,4267,4233,4185,1628,1593,1118
5/5/2020 12:30,2628,2701,3132,4280,4234,4258,1652,1533,1126
5/5/2020 13:00,2618,2660,3172,4250,4203,4286,1632,1543,1114
5/5/2020 13:30,2609,2708,3034,4181,4133,4173,1572,1425,1139
5/5/2020 14:00,2597,2652,2905,4090,4042,4070,1493,1390,1165
5/5/2020 14:30,2584,2671,2941,4031,3982,4045,1447,1311,1104
5/5/2020 15:00,2564,2603,2903,4016,3969,4030,1452,1366,1127
5/5/2020 15:30,2536,2549,2853,4033,3986,4046,1497,1437,1193
5/5/2020 16:00,2508,2475,2771,4085,4043,4112,1577,1568,1341
5/5/2020 16:30,2478,2507,2695,4199,4179,4252,1721,1672,1557
5/5/2020 17:00,2443,2422,2600,4351,4365,4444,1908,1943,1844
5/5/2020 17:30,2401,2291,2530,4420,4447,4581,2019,2156,2051
5/5/2020 18:00,2345,2208,2471,4387,4401,4567,2042,2193,2096
5/5/2020 18:30,2276,2181,2462,4305,4308,4450,2029,2127,1988
5/5/2020 19:00,2208,2090,2398,4194,4194,4341,1986,2104,1943
5/5/2020 19:30,2141,2045,2242,4095,4097,4231,1954,2052,1989
5/5/2020 20:00,2084,1978,2104,4024,4034,4145,1940,2056,2041
5/5/2020 20:30,2038,1960,1997,3997,4019,4105,1959,2059,2108
5/5/2020 21:00,2002,1930,2055,3998,4030,4115,1996,2100,2060
5/5/2020 21:30,1976,1939,2125,3939,3956,4130,1963,2017,2005
5/5/2020 22:00,1955,1922,2116,3805,3788,4029,1850,1866,1913
5/5/2020 22:30,1938,1998,2079,3626,3604,3813,1688,1606,1734
5/5/2020 23:00,1735,1971,2061,3416,3416,3592,1681,1445,1531
5/5/2020 23:30,1733,1904,2021,3220,3233,3387,1487,1329,1366
6/5/2020 0:00,1729,1878,1943,3029,3041,3272,1300,1163,1329
6/5/2020 0:30,1726,1848,1960,2898,2911,3167,1172,1063,1207
6/5/2020 1:00,1719,1820,1944,2829,2841,3087,1110,1021,1143
6/5/2020 1:30,1709,1838,1967,2777,2789,3003,1068,951,1036
6/5/2020 2:00,1694,1802,1983,2731,2745,2945,1037,943,962
6/5/2020 2:30,1673,1779,1948,2693,2707,2892,1020,928,944
6/5/2020 3:00,1648,1742,1824,2663,2676,2851,1015,934,1027
6/5/2020 3:30,1618,1685,1697,2643,2658,2806,1025,973,1109
6/5/2020 4:00,1600,1660,1588,2636,2654,2801,1036,994,1213
6/5/2020 4:30,1594,1637,1564,2652,2665,2842,1058,1028,1278
6/5/2020 5:00,1593,1626,1586,2687,2692,2901,1094,1066,1315
6/5/2020 5:30,1597,1699,1557,2713,2735,2854,1116,1036,1297
6/5/2020 6:00,1601,1681,1563,2767,2808,2938,1166,1127,1375
6/5/2020 6:30,1606,1662,1617,3015,2982,3081,1409,1320,1464
6/5/2020 7:00,1600,1640,1709,3438,3248,3303,1838,1608,1594
6/5/2020 7:30,1583,1529,1700,3778,3520,3540,2195,1991,1840
6/5/2020 8:00,1581,1523,1648,3985,3762,3789,2404,2239,2141
6/5/2020 8:30,1595,1533,1578,4107,3936,3979,2512,2403,2401
6/5/2020 9:00,1613,1534,1602,4166,4032,4078,2553,2498,2476
6/5/2020 9:30,1637,1564,1663,4189,4097,4130,2552,2533,2467
6/5/2020 10:00,1677,1577,1746,4190,4125,4137,2513,2548,2391
6/5/2020 10:30,1733,1661,1891,4182,4141,4124,2449,2480,2233
6/5/2020 11:00,1795,1693,1988,4174,4138,4130,2379,2445,2142
6/5/2020 11:30,1864,1730,2036,4181,4168,4153,2317,2438,2117
6/5/2020 12:00,1914,1769,2078,4200,4204,4200,2286,2435,2122
6/5/2020 12:30,1944,1773,2122,4200,4215,4267,2256,2442,2145
6/5/2020 13:00,1963,1794,2141,4173,4190,4277,2210,2396,2136
6/5/2020 13:30,1969,1852,2059,4112,4133,4155,2143,2281,2096
6/5/2020 14:00,1965,1839,2090,4030,4061,4088,2065,2222,1998
6/5/2020 14:30,1952,1932,2059,3977,4022,4023,2025,2090,1964
6/5/2020 15:00,1927,1888,2014,3966,4031,4014,2039,2143,2000
6/5/2020 15:30,1892,1905,2019,3982,4065,4020,2090,2160,2001
6/5/2020 16:00,1853,1867,1927,4036,4129,4073,2183,2262,2146
6/5/2020 16:30,1811,1864,1831,4168,4254,4212,2357,2390,2381
6/5/2020 17:00,1765,1809,1817,4352,4417,4419,2587,2608,2602
6/5/2020 17:30,1713,1749,1791,4438,4493,4572,2725,2744,2781
6/5/2020 18:00,1659,1689,1705,4405,4465,4561,2746,2776,2856
6/5/2020 18:30,1602,1639,1626,4324,4386,4468,2722,2747,2842
6/5/2020 19:00,1550,1581,1577,4221,4279,4354,2671,2698,2777
6/5/2020 19:30,1503,1512,1485,4128,4177,4232,2625,2665,2747
6/5/2020 20:00,1470,1460,1409,4059,4105,4145,2589,2645,2736
6/5/2020 20:30,1450,1418,1405,4037,4094,4094,2587,2676,2689
6/5/2020 21:00,1446,1392,1429,4041,4127,4077,2595,2735,2648
6/5/2020 21:30,1457,1346,1467,3968,4079,4087,2511,2733,2620
6/5/2020 22:00,1467,1322,1460,3808,3932,3972,2341,2610,2512
6/5/2020 22:30,1477,1290,1476,3630,3735,3777,2153,2445,2301
6/5/2020 23:00,1414,1279,1443,3512,3513,3573,2098,2234,2130
6/5/2020 23:30,1394,1250,1394,3328,3334,3367,1934,2084,1973
7/5/2020 0:00,1380,1240,1436,3193,3197,3255,1813,1957,1819
7/5/2020 0:30,1375,1253,1489,3085,3089,3187,1710,1836,1698
7/5/2020 1:00,1365,1253,1440,2999,3005,3088,1634,1752,1648
7/5/2020 1:30,1352,1323,1389,2928,2935,2983,1576,1612,1594
7/5/2020 2:00,1341,1321,1371,2869,2877,2946,1528,1556,1575
7/5/2020 2:30,1332,1283,1363,2813,2819,2895,1481,1536,1532
7/5/2020 3:00,1328,1270,1359,2764,2771,2854,1436,1501,1495
7/5/2020 3:30,1328,1215,1298,2745,2752,2829,1417,1537,1531
7/5/2020 4:00,1332,1216,1298,2755,2766,2820,1423,1550,1522
7/5/2020 4:30,1340,1223,1308,2775,2782,2830,1435,1559,1522
7/5/2020 5:00,1354,1239,1299,2799,2801,2867,1445,1562,1568
7/5/2020 5:30,1374,1286,1257,2825,2843,2843,1451,1557,1586
7/5/2020 6:00,1391,1282,1265,2885,2923,2935,1494,1641,1670
7/5/2020 6:30,1405,1296,1285,3114,3095,3072,1709,1799,1787
7/5/2020 7:00,1412,1261,1320,3491,3352,3297,2079,2091,1977
7/5/2020 7:30,1413,1239,1314,3797,3622,3520,2384,2383,2206
7/5/2020 8:00,1404,1212,1303,3987,3873,3770,2583,2661,2467
7/5/2020 8:30,1384,1177,1246,4100,4055,3988,2716,2878,2742
7/5/2020 9:00,1370,1168,1213,4154,4156,4096,2784,2988,2883
7/5/2020 9:30,1363,1132,1172,4176,4209,4148,2813,3077,2976
7/5/2020 10:00,1347,1099,1146,4177,4215,4170,2830,3116,3024
7/5/2020 10:30,1320,1094,1100,4181,4218,4180,2861,3124,3080
7/5/2020 11:00,1284,1057,1088,4197,4223,4216,2913,3166,3128
7/5/2020 11:30,1238,1029,1092,4232,4247,4242,2994,3218,3150
7/5/2020 12:00,1183,991,1134,4277,4308,4272,3094,3317,3138
7/5/2020 12:30,1120,927,1155,4293,4328,4353,3173,3401,3198
7/5/2020 13:00,1063,896,1122,4271,4296,4377,3208,3400,3255
7/5/2020 13:30,1011,889,1026,4213,4230,4268,3202,3341,3242
7/5/2020 14:00,959,872,1017,4136,4152,4182,3177,3280,3165
7/5/2020 14:30,908,882,1006,4096,4103,4122,3188,3221,3116
7/5/2020 15:00,863,853,933,4104,4098,4114,3241,3245,3181
7/5/2020 15:30,825,812,929,4134,4121,4125,3309,3309,3196
7/5/2020 16:00,788,761,935,4190,4182,4175,3402,3421,3240
7/5/2020 16:30,753,729,899,4307,4314,4285,3554,3585,3386
7/5/2020 17:00,711,682,792,4463,4491,4470,3752,3809,3678
7/5/2020 17:30,663,611,696,4535,4576,4592,3872,3965,3896
7/5/2020 18:00,616,556,628,4502,4545,4587,3886,3989,3959
7/5/2020 18:30,569,504,590,4415,4467,4481,3846,3963,3891
7/5/2020 19:00,529,474,535,4293,4334,4343,3764,3860,3808
7/5/2020 19:30,496,459,454,4170,4197,4229,3674,3738,3775
7/5/2020 20:00,471,443,458,4069,4085,4142,3598,3642,3684
7/5/2020 20:30,454,456,405,4046,4047,4081,3592,3591,3676
7/5/2020 21:00,440,448,412,4083,4067,4067,3643,3619,3655
7/5/2020 21:30,429,425,483,4047,4021,4128,3618,3596,3645
7/5/2020 22:00,416,398,461,3916,3890,4039,3500,3492,3578
7/5/2020 22:30,401,378,434,3732,3709,3861,3331,3331,3427
7/5/2020 23:00,350,342,372,3495,3501,3657,3145,3159,3285
7/5/2020 23:30,332,286,367,3321,3335,3468,2989,3049,3101
8/5/2020 0:00,321,263,354,3192,3201,3347,2871,2938,2993
8/5/2020 0:30,318,234,346,3078,3088,3235,2760,2854,2889
8/5/2020 1:00,312,225,322,2975,2991,3141,2663,2766,2819
8/5/2020 1:30,304,244,292,2897,2912,3043,2593,2668,2751
8/5/2020 2:00,292,231,298,2842,2853,2985,2550,2622,2687
8/5/2020 2:30,278,228,333,2797,2801,2932,2519,2573,2599
8/5/2020 3:00,257,209,316,2760,2764,2875,2503,2555,2559
8/5/2020 3:30,231,195,318,2739,2744,2849,2508,2549,2531
8/5/2020 4:00,201,171,278,2735,2744,2836,2534,2573,2558
8/5/2020 4:30,169,153,231,2745,2746,2853,2576,2593,2622
8/5/2020 5:00,144,138,191,2764,2760,2875,2620,2622,2684
8/5/2020 5:30,128,130,144,2782,2791,2849,2654,2661,2705
8/5/2020 6:00,115,120,132,2830,2854,2937,2715,2734,2805
8/5/2020 6:30,106,133,125,3039,2993,3070,2933,2860,2945
8/5/2020 7:00,100,126,90,3392,3206,3268,3292,3080,3178
8/5/2020 7:30,98,144,54,3683,3448,3530,3585,3304,3476
8/5/2020 8:00,98,141,24,3872,3690,3711,3774,3549,3687
8/5/2020 8:30,100,128,0,3998,3874,3933,3898,3746,3933
8/5/2020 9:00,99,127,0,4072,3986,4060,3973,3859,4060
8/5/2020 9:30,97,110,0,4104,4063,4142,4007,3953,4142
8/5/2020 10:00,94,111,0,4108,4100,4180,4014,3989,4180
8/5/2020 10:30,90,106,0,4123,4137,4200,4033,4031,4200
8/5/2020 11:00,87,107,0,4160,4169,4221,4073,4062,4221
8/5/2020 11:30,88,90,47,4210,4220,4228,4122,4130,4181
8/5/2020 12:00,89,96,70,4264,4276,4276,4175,4180,4206
8/5/2020 12:30,91,101,93,4282,4305,4325,4191,4204,4232
8/5/2020 13:00,92,105,115,4253,4297,4335,4161,4192,4220
8/5/2020 13:30,93,107,156,4185,4233,4234,4092,4126,4078
8/5/2020 14:00,93,108,158,4091,4134,4174,3998,4026,4016
8/5/2020 14:30,90,96,142,4026,4068,4106,3936,3972,3964
8/5/2020 15:00,88,101,131,4003,4052,4058,3915,3951,3927
8/5/2020 15:30,86,101,112,4008,4060,4031,3922,3959,3919
8/5/2020 16:00,84,105,103,4050,4099,4031,3966,3994,3928
8/5/2020 16:30,83,131,84,4166,4197,4144,4083,4066,4060
8/5/2020 17:00,84,130,76,4334,4335,4308,4250,4205,4232
8/5/2020 17:30,87,140,76,4418,4399,4450,4331,4259,4374
8/5/2020 18:00,89,138,67,4399,4369,4462,4310,4231,4395
8/5/2020 18:30,88,127,72,4334,4285,4399,4246,4158,4327
8/5/2020 19:00,88,129,80,4239,4167,4282,4151,4038,4202
8/5/2020 19:30,89,131,75,4132,4055,4152,4043,3924,4077
8/5/2020 20:00,87,133,78,4030,3971,4064,3943,3838,3986
8/5/2020 20:30,85,115,99,3992,3944,3985,3907,3829,3886
8/5/2020 21:00,86,117,107,4008,3964,3952,3922,3847,3845
8/5/2020 21:30,91,117,111,3981,3939,4004,3890,3822,3893
8/5/2020 22:00,94,122,108,3887,3852,3922,3793,3730,3814
8/5/2020 22:30,94,118,123,3730,3710,3755,3636,3592,3632
8/5/2020 23:00,101,114,125,3532,3531,3588,3431,3417,3463
8/5/2020 23:30,96,98,116,3392,3399,3431,3296,3301,3315
9/5/2020 0:00,93,91,102,3296,3303,3303,3203,3212,3201
9/5/2020 0:30,90,89,89,3187,3194,3197,3097,3105,3108
9/5/2020 1:00,86,84,90,3060,3067,3086,2974,2983,2996
9/5/2020 1:30,79,77,92,2957,2964,2992,2878,2887,2900
9/5/2020 2:00,74,77,89,2886,2891,2928,2812,2814,2839
9/5/2020 2:30,70,85,100,2826,2830,2881,2756,2745,2781
9/5/2020 3:00,67,82,99,2777,2782,2838,2710,2700,2739
9/5/2020 3:30,64,80,93,2751,2757,2803,2687,2677,2710
9/5/2020 4:00,64,80,87,2749,2757,2788,2685,2677,2701
9/5/2020 4:30,65,79,89,2758,2766,2790,2693,2687,2701
9/5/2020 5:00,67,81,94,2767,2769,2792,2700,2688,2698
9/5/2020 5:30,71,83,105,2733,2752,2724,2662,2669,2619
9/5/2020 6:00,74,86,111,2696,2738,2754,2622,2652,2643
9/5/2020 6:30,76,97,110,2845,2824,2832,2769,2727,2722
9/5/2020 7:00,78,95,106,3165,3010,2959,3087,2915,2853
9/5/2020 7:30,79,90,85,3407,3197,3086,3328,3107,3001
9/5/2020 8:00,78,84,65,3531,3361,3238,3453,3277,3173
9/5/2020 8:30,74,79,51,3627,3509,3393,3553,3430,3342
9/5/2020 9:00,70,74,0,3713,3636,3530,3643,3562,3530
9/5/2020 9:30,66,81,0,3775,3755,3669,3709,3674,3669
9/5/2020 10:00,63,81,0,3816,3848,3770,3753,3767,3770
9/5/2020 10:30,63,79,0,3862,3913,3849,3799,3834,3849
9/5/2020 11:00,63,80,0,3915,3941,3900,3852,3861,3900
9/5/2020 11:30,64,69,0,3961,3965,3930,3897,3896,3930
9/5/2020 12:00,65,71,0,3994,4000,3943,3929,3929,3943
9/5/2020 12:30,67,66,0,4003,3998,3957,3936,3932,3957
9/5/2020 13:00,69,69,0,3982,3958,3946,3913,3889,3946
9/5/2020 13:30,71,76,23,3925,3904,3866,3854,3828,3843
9/5/2020 14:00,74,80,49,3842,3847,3778,3768,3767,3729
9/5/2020 14:30,79,86,62,3781,3785,3704,3702,3699,3642
9/5/2020 15:00,86,92,75,3754,3734,3651,3668,3642,3576
9/5/2020 15:30,96,98,37,3757,3719,3629,3661,3621,3592
9/5/2020 16:00,111,108,91,3794,3758,3660,3683,3650,3569
9/5/2020 16:30,132,120,142,3897,3874,3766,3765,3754,3624
9/5/2020 17:00,152,141,189,4050,4049,3943,3898,3908,3754
9/5/2020 17:30,172,157,227,4156,4176,4115,3984,4019,3888
9/5/2020 18:00,197,191,252,4191,4225,4155,3994,4034,3903
9/5/2020 18:30,225,225,294,4151,4189,4102,3926,3964,3808
9/5/2020 19:00,260,271,358,4047,4081,4010,3787,3810,3652
9/5/2020 19:30,301,293,394,3934,3968,3899,3633,3675,3505
9/5/2020 20:00,349,346,462,3834,3878,3803,3485,3532,3341
9/5/2020 20:30,403,436,510,3785,3824,3729,3382,3388,3219
9/5/2020 21:00,465,484,547,3781,3805,3692,3316,3321,3145
9/5/2020 21:30,534,512,598,3754,3765,3762,3220,3253,3164
9/5/2020 22:00,602,549,644,3685,3690,3697,3083,3141,3053
9/5/2020 22:30,670,597,676,3553,3566,3547,2883,2969,2871
9/5/2020 23:00,584,632,788,3400,3402,3382,2816,2770,2594
9/5/2020 23:30,639,691,931,3262,3262,3226,2623,2571,2295
10/5/2020 0:00,697,733,1009,3158,3156,3117,2461,2423,2108
10/5/2020 0:30,757,778,1176,3054,3049,3027,2297,2271,1851
10/5/2020 1:00,831,832,1299,2948,2943,2925,2117,2111,1626
10/5/2020 1:30,919,909,1423,2854,2848,2839,1935,1939,1416
10/5/2020 2:00,1016,973,1571,2775,2771,2785,1759,1798,1214
10/5/2020 2:30,1122,1268,1644,2706,2701,2743,1584,1433,1099
10/5/2020 3:00,1217,1335,1464,2649,2647,2678,1432,1312,1214
10/5/2020 3:30,1301,1420,1362,2620,2621,2625,1319,1201,1263
10/5/2020 4:00,1381,1466,1387,2615,2625,2599,1234,1159,1212
10/5/2020 4:30,1456,1507,1426,2613,2625,2612,1157,1118,1186
10/5/2020 5:00,1522,1557,1527,2600,2609,2600,1078,1052,1073
10/5/2020 5:30,1581,1732,1512,2552,2582,2541,971,850,1029
10/5/2020 6:00,1647,1767,1605,2504,2561,2554,857,794,949
10/5/2020 6:30,1723,1745,1659,2622,2603,2603,899,858,944
10/5/2020 7:00,1809,1795,1656,2894,2714,2706,1085,919,1050
10/5/2020 7:30,1906,1789,1764,3101,2850,2793,1195,1061,1029
10/5/2020 8:00,2003,1867,1798,3214,2999,2916,1211,1132,1118
10/5/2020 8:30,2100,1967,1900,3323,3163,3060,1223,1196,1160
10/5/2020 9:00,2194,2028,1935,3445,3331,3181,1251,1303,1246
10/5/2020 9:30,2284,1985,2051,3565,3497,3306,1281,1512,1255
10/5/2020 10:00,2366,2037,2090,3676,3638,3429,1310,1601,1339
10/5/2020 10:30,2440,2083,2200,3773,3760,3556,1333,1677,1356
10/5/2020 11:00,2489,2156,2476,3862,3853,3687,1373,1697,1211
10/5/2020 11:30,2511,2249,2581,3964,3965,3780,1453,1716,1199
10/5/2020 12:00,2532,2302,2488,4069,4067,3886,1537,1765,1398
10/5/2020 12:30,2551,2334,2649,4114,4093,3989,1563,1759,1340
10/5/2020 13:00,2567,2373,2707,4091,4042,3991,1524,1669,1284
10/5/2020 13:30,2581,2466,2666,4043,3986,3928,1462,1520,1262
10/5/2020 14:00,2589,2502,2779,3983,3946,3870,1394,1444,1091
10/5/2020 14:30,2593,2650,2775,3927,3872,3793,1334,1222,1018
10/5/2020 15:00,2605,2658,2791,3886,3783,3776,1281,1125,985
10/5/2020 15:30,2625,2727,2844,3882,3777,3770,1257,1050,926
10/5/2020 16:00,2641,2732,2813,3920,3866,3803,1279,1134,990
10/5/2020 16:30,2653,2746,2875,4004,3973,3909,1351,1227,1034
10/5/2020 17:00,2669,2739,2863,4114,4068,4048,1445,1329,1185
10/5/2020 17:30,2689,2719,2881,4169,4111,4107,1480,1392,1226
10/5/2020 18:00,2704,2696,2959,4154,4090,4121,1450,1394,1162
10/5/2020 18:30,2712,2702,2964,4083,4015,4075,1371,1313,1111
10/5/2020 19:00,2707,2673,2884,3973,3899,3931,1266,1226,1047
10/5/2020 19:30,2688,2648,2849,3878,3796,3848,1190,1148,999
10/5/2020 20:00,2664,2612,2783,3812,3728,3745,1148,1116,962
10/5/2020 20:30,2633,2603,2743,3778,3702,3717,1145,1099,974
10/5/2020 21:00,2591,2552,2686,3767,3712,3693,1176,1160,1007
10/5/2020 21:30,2539,2553,2688,3741,3692,3755,1202,1139,1067
10/5/2020 22:00,2480,2479,2601,3683,3628,3709,1203,1149,1108
10/5/2020 22:30,2414,2434,2512,3570,3508,3537,1156,1074,1025
10/5/2020 23:00,2286,2354,2301,3344,3344,3334,1058,990,1033
10/5/2020 23:30,2221,2253,2323,3197,3189,3179,976,936,856
11/5/2020 0:00,2165,2179,2127,3080,3063,3056,915,884,929
11/5/2020 0:30,2116,2121,1888,2989,2966,2954,873,845,1066
11/5/2020 1:00,2066,2051,1707,2921,2900,2848,855,849,1141
11/5/2020 1:30,2015,2011,1578,2876,2857,2776,861,846,1198
11/5/2020 2:00,1961,1937,1398,2845,2831,2740,884,894,1342
11/5/2020 2:30,1904,1769,1359,2808,2796,2707,904,1027,1348
11/5/2020 3:00,1850,1709,1092,2763,2754,2669,913,1045,1577
11/5/2020 3:30,1799,1669,913,2731,2724,2655,932,1055,1742
11/5/2020 4:00,1757,1632,1013,2713,2710,2648,956,1078,1635
11/5/2020 4:30,1724,1603,1089,2702,2714,2668,978,1111,1579
11/5/2020 5:00,1689,1573,1134,2703,2712,2699,1014,1139,1565
11/5/2020 5:30,1650,1349,1151,2737,2767,2673,1087,1418,1522
11/5/2020 6:00,1629,1354,1590,2832,2889,2830,1203,1535,1240
11/5/2020 6:30,1627,1297,1825,3079,3057,3006,1452,1760,1181
11/5/2020 7:00,1654,1345,1750,3450,3262,3274,1796,1917,1524
11/5/2020 7:30,1711,1362,1653,3737,3480,3550,2026,2118,1897
11/5/2020 8:00,1763,1453,1759,3905,3694,3740,2142,2241,1981
11/5/2020 8:30,1809,1569,2047,4012,3849,3932,2203,2280,1885
11/5/2020 9:00,1826,1621,2310,4074,3934,4081,2248,2313,1771
11/5/2020 9:30,1815,1789,2511,4094,3987,4154,2279,2198,1643
11/5/2020 10:00,1768,1752,2416,4084,4008,4157,2316,2256,1741
11/5/2020 10:30,1686,1823,2353,4089,4031,4179,2403,2208,1826
11/5/2020 11:00,1604,1740,2188,4116,4055,4209,2512,2315,2021
11/5/2020 11:30,1522,1582,2109,4153,4106,4228,2631,2524,2119
11/5/2020 12:00,1447,1516,2029,4188,4161,4283,2741,2645,2254
11/5/2020 12:30,1381,1599,1933,4193,4181,4363,2812,2582,2430
11/5/2020 13:00,1321,1521,1844,4163,4157,4382,2842,2636,2538
11/5/2020 13:30,1268,1576,1858,4098,4099,4269,2830,2523,2411
11/5/2020 14:00,1237,1514,1751,4011,4024,4185,2774,2510,2434
11/5/2020 14:30,1227,1530,1600,3950,3975,4100,2723,2445,2500
11/5/2020 15:00,1214,1483,1550,3929,3962,4059,2715,2479,2509
11/5/2020 15:30,1197,1477,1574,3942,3987,4053,2745,2510,2479
11/5/2020 16:00,1177,1416,1683,3999,4058,4077,2822,2642,2394
11/5/2020 16:30,1154,1345,1676,4137,4198,4211,2983,2853,2535
11/5/2020 17:00,1127,1265,1642,4325,4375,4395,3198,3110,2753
11/5/2020 17:30,1094,1215,1508,4408,4458,4511,3314,3243,3003
11/5/2020 18:00,1046,1116,1434,4363,4421,4509,3317,3305,3075
11/5/2020 18:30,984,970,1299,4262,4326,4376,3278,3356,3077
11/5/2020 19:00,910,874,1154,4133,4196,4261,3223,3322,3107
11/5/2020 19:30,824,889,948,4025,4082,4143,3201,3193,3195
11/5/2020 20:00,739,778,757,3953,4003,4064,3214,3225,3307
11/5/2020 20:30,654,724,666,3925,3976,4027,3271,3252,3361
11/5/2020 21:00,583,627,606,3929,3989,3992,3346,3362,3386
11/5/2020 21:30,528,599,566,3905,3963,4042,3377,3364,3476
11/5/2020 22:00,488,550,562,3831,3876,4022,3343,3326,3460
11/5/2020 22:30,465,490,554,3676,3708,3845,3211,3218,3291
11/5/2020 23:00,408,470,575,3471,3473,3644,3063,3003,3069
11/5/2020 23:30,405,392,541,3265,3280,3453,2860,2888,2912
12/5/2020 0:00,398,378,475,3109,3120,3326,2711,2742,2851
12/5/2020 0:30,388,381,425,2997,3005,3230,2609,2624,2805
12/5/2020 1:00,376,368,404,2924,2929,3126,2548,2561,2722
12/5/2020 1:30,363,391,410,2869,2873,3047,2506,2482,2637
12/5/2020 2:00,348,378,405,2824,2829,2987,2476,2451,2582
12/5/2020 2:30,331,392,396,2787,2790,2959,2456,2398,2563
12/5/2020 3:00,315,373,397,2760,2759,2929,2445,2386,2532
12/5/2020 3:30,301,355,425,2751,2753,2912,2450,2398,2487
12/5/2020 4:00,293,344,423,2761,2769,2912,2468,2425,2489
12/5/2020 4:30,292,347,408,2773,2797,2913,2481,2450,2505
12/5/2020 5:00,290,340,398,2794,2813,2934,2504,2473,2536
12/5/2020 5:30,288,325,373,2857,2890,2910,2569,2565,2537
12/5/2020 6:00,281,316,385,2989,3037,3033,2708,2721,2648
12/5/2020 6:30,268,307,383,3255,3249,3188,2987,2942,2805
12/5/2020 7:00,258,295,356,3626,3510,3412,3368,3215,3056
12/5/2020 7:30,249,321,284,3917,3770,3693,3668,3449,3409
12/5/2020 8:00,257,319,249,4092,4002,3883,3835,3683,3634
12/5/2020 8:30,281,325,213,4188,4175,4081,3907,3850,3868
12/5/2020 9:00,307,345,232,4221,4276,4208,3914,3931,3976
12/5/2020 9:30,333,373,291,4214,4331,4253,3881,3958,3962
12/5/2020 10:00,351,403,339,4183,4339,4267,3832,3936,3928
12/5/2020 10:30,361,439,431,4179,4349,4288,3818,3910,3857
12/5/2020 11:00,364,463,476,4208,4361,4281,3844,3898,3805
12/5/2020 11:30,362,452,461,4251,4390,4282,3889,3938,3821
12/5/2020 12:00,363,472,457,4297,4443,4348,3934,3971,3891
12/5/2020 12:30,368,457,465,4315,4471,4415,3947,4014,3950
12/5/2020 13:00,377,483,460,4298,4462,4452,3921,3979,3992
12/5/2020 13:30,391,531,439,4249,4405,4350,3858,3874,3911
12/5/2020 14:00,406,551,464,4178,4316,4274,3772,3765,3810
12/5/2020 14:30,421,586,481,4132,4246,4203,3711,3660,3722
12/5/2020 15:00,441,596,469,4123,4217,4218,3682,3621,3749
12/5/2020 15:30,465,614,472,4152,4230,4184,3687,3616,3712
12/5/2020 16:00,486,624,495,4224,4296,4232,3738,3672,3737
12/5/2020 16:30,506,624,569,4358,4424,4379,3852,3800,3810
12/5/2020 17:00,523,634,618,4527,4588,4557,4004,3954,3939
12/5/2020 17:30,535,616,723,4601,4655,4693,4066,4039,3970
12/5/2020 18:00,548,633,730,4563,4606,4633,4015,3973,3903
12/5/2020 18:30,562,632,827,4470,4508,4514,3908,3876,3687
12/5/2020 19:00,571,655,769,4349,4386,4381,3778,3731,3612
12/5/2020 19:30,574,653,678,4246,4284,4258,3672,3631,3580
12/5/2020 20:00,569,654,661,4175,4217,4181,3606,3563,3520
12/5/2020 20:30,554,654,641,4140,4183,4125,3586,3529,3484
12/5/2020 21:00,539,658,596,4127,4171,4067,3588,3513,3471
12/5/2020 21:30,526,748,624,4071,4120,4102,3545,3372,3478
12/5/2020 22:00,521,758,729,3955,4017,4060,3434,3259,3331
12/5/2020 22:30,524,757,794,3772,3845,3865,3248,3088,3071
12/5/2020 23:00,760,779,923,3621,3620,3661,2861,2841,2738
12/5/2020 23:30,802,767,956,3427,3432,3450,2625,2665,2494
13/5/2020 0:00,834,791,1027,3278,3288,3318,2444,2497,2291
13/5/2020 0:30,856,780,1041,3159,3170,3209,2303,2390,2168
13/5/2020 1:00,866,793,982,3064,3077,3120,2198,2284,2138
13/5/2020 1:30,865,836,1013,2992,3003,3030,2127,2167,2017
13/5/2020 2:00,856,825,993,2941,2951,2987,2085,2126,1994
13/5/2020 2:30,840,796,1007,2907,2912,2942,2067,2116,1935
13/5/2020 3:00,827,765,974,2886,2889,2912,2059,2124,1938
13/5/2020 3:30,816,740,869,2874,2875,2880,2058,2135,2011
13/5/2020 4:00,810,723,819,2869,2871,2881,2059,2148,2062
13/5/2020 4:30,809,714,756,2870,2865,2899,2061,2151,2143
13/5/2020 5:00,814,727,747,2879,2868,2926,2065,2141,2179
13/5/2020 5:30,825,794,758,2905,2909,2893,2080,2115,2135
13/5/2020 6:00,840,808,721,2983,3008,3005,2143,2200,2284
13/5/2020 6:30,859,862,721,3240,3201,3167,2381,2339,2446
13/5/2020 7:00,885,866,690,3648,3476,3401,2763,2610,2711
13/5/2020 7:30,919,838,664,3965,3739,3609,3046,2901,2945
13/5/2020 8:00,935,824,777,4148,3962,3854,3213,3138,3077
13/5/2020 8:30,933,764,796,4268,4130,4049,3335,3366,3253
13/5/2020 9:00,924,756,828,4339,4235,4174,3415,3479,3346
13/5/2020 9:30,909,747,801,4359,4290,4209,3450,3543,3408
13/5/2020 10:00,899,740,789,4339,4292,4238,3440,3552,3449
13/5/2020 10:30,894,721,791,4330,4285,4300,3436,3564,3509
13/5/2020 11:00,890,725,795,4346,4275,4329,3456,3550,3534
13/5/2020 11:30,886,739,812,4386,4317,4351,3500,3578,3539
13/5/2020 12:00,877,742,816,4440,4384,4430,3563,3642,3614
13/5/2020 12:30,863,764,782,4462,4415,4490,3599,3651,3708
13/5/2020 13:00,851,757,776,4440,4393,4502,3589,3636,3726
13/5/2020 13:30,842,747,780,4371,4326,4384,3529,3579,3604
13/5/2020 14:00,833,740,763,4269,4235,4280,3436,3495,3517
13/5/2020 14:30,822,702,752,4197,4177,4221,3375,3475,3469
13/5/2020 15:00,816,683,719,4169,4169,4175,3353,3486,3456
13/5/2020 15:30,814,650,746,4183,4185,4159,3369,3535,3413
13/5/2020 16:00,808,636,758,4240,4234,4203,3432,3598,3445
13/5/2020 16:30,797,601,793,4359,4356,4321,3562,3755,3528
13/5/2020 17:00,785,601,773,4515,4525,4503,3730,3924,3730
13/5/2020 17:30,773,626,775,4588,4600,4624,3815,3974,3849
13/5/2020 18:00,760,629,815,4561,4554,4589,3801,3925,3774
13/5/2020 18:30,747,641,830,4478,4457,4491,3731,3816,3661
13/5/2020 19:00,732,645,805,4363,4332,4358,3631,3687,3553
13/5/2020 19:30,715,692,714,4267,4225,4247,3552,3533,3533
13/5/2020 20:00,696,704,632,4205,4154,4166,3509,3450,3534
13/5/2020 20:30,677,736,556,4179,4125,4108,3502,3389,3552
13/5/2020 21:00,665,744,581,4179,4130,4077,3514,3386,3496
13/5/2020 21:30,660,728,638,4156,4118,4089,3496,3390,3451
13/5/2020 22:00,644,720,687,4089,4065,4082,3445,3345,3395
13/5/2020 22:30,617,712,682,3933,3913,3897,3316,3201,3215
13/5/2020 23:00,592,687,661,3676,3678,3686,3084,2991,3025
13/5/2020 23:30,562,598,635,3491,3491,3488,2929,2893,2853
14/5/2020 0:00,529,561,626,3374,3380,3372,2845,2819,2746
14/5/2020 0:30,492,475,607,3271,3278,3275,2779,2803,2668
14/5/2020 1:00,455,429,564,3173,3179,3179,2718,2750,2615
14/5/2020 1:30,417,417,505,3099,3103,3108,2682,2686,2603
14/5/2020 2:00,380,380,498,3051,3056,3076,2671,2676,2578
14/5/2020 2:30,342,357,440,3009,3011,3048,2667,2654,2608
14/5/2020 3:00,313,335,400,2973,2977,3019,2660,2642,2619
14/5/2020 3:30,293,310,358,2961,2965,2985,2668,2655,2627
14/5/2020 4:00,276,294,307,2970,2977,2990,2694,2683,2683
14/5/2020 4:30,264,282,287,2978,2978,2993,2714,2696,2706
14/5/2020 5:00,254,278,262,2985,2978,2986,2731,2700,2724
14/5/2020 5:30,247,320,230,3020,3030,2964,2773,2710,2734
14/5/2020 6:00,235,307,207,3118,3153,3086,2883,2846,2879
14/5/2020 6:30,220,278,182,3387,3347,3230,3167,3069,3048
14/5/2020 7:00,194,253,148,3793,3600,3459,3599,3347,3311
14/5/2020 7:30,159,203,94,4095,3845,3729,3936,3642,3635
14/5/2020 8:00,131,173,63,4253,4055,3914,4122,3882,3851
14/5/2020 8:30,111,135,0,4343,4198,4115,4232,4063,4115
14/5/2020 9:00,98,118,0,4387,4269,4231,4289,4151,4231
14/5/2020 9:30,92,80,0,4386,4314,4274,4294,4234,4274
14/5/2020 10:00,90,79,0,4350,4332,4306,4260,4253,4306
14/5/2020 10:30,91,82,0,4323,4351,4311,4232,4269,4311
14/5/2020 11:00,94,87,32,4320,4369,4312,4226,4282,4280
14/5/2020 11:30,98,73,76,4352,4415,4338,4254,4342,4262
14/5/2020 12:00,103,82,87,4409,4474,4392,4306,4392,4305
14/5/2020 12:30,108,87,123,4432,4494,4465,4324,4407,4342
14/5/2020 13:00,116,103,122,4410,4472,4482,4294,4369,4360
14/5/2020 13:30,126,127,149,4351,4409,4386,4225,4282,4237
14/5/2020 14:00,140,152,175,4271,4325,4294,4131,4173,4119
14/5/2020 14:30,157,169,233,4217,4254,4234,4060,4085,4001
14/5/2020 15:00,178,197,315,4200,4218,4182,4022,4021,3867
14/5/2020 15:30,203,225,392,4214,4222,4158,4011,3997,3766
14/5/2020 16:00,237,269,460,4266,4279,4186,4029,4010,3726
14/5/2020 16:30,279,329,572,4390,4404,4297,4111,4075,3725
14/5/2020 17:00,327,377,646,4559,4568,4459,4232,4191,3813
14/5/2020 17:30,379,421,704,4626,4633,4597,4247,4212,3893
14/5/2020 18:00,424,455,703,4574,4580,4571,4150,4125,3868
14/5/2020 18:30,461,517,708,4472,4475,4460,4011,3958,3752
14/5/2020 19:00,483,527,703,4348,4344,4351,3865,3817,3648
14/5/2020 19:30,489,591,652,4239,4225,4252,3750,3634,3600
14/5/2020 20:00,484,578,609,4158,4136,4158,3674,3558,3549
14/5/2020 20:30,468,608,529,4115,4081,4100,3647,3473,3571
14/5/2020 21:00,444,589,504,4102,4057,4061,3658,3468,3557
14/5/2020 21:30,410,613,517,4085,4033,4094,3675,3420,3577
14/5/2020 22:00,374,600,547,4036,3985,4088,3662,3385,3541
14/5/2020 22:30,333,602,580,3880,3834,3896,3547,3232,3316
14/5/2020 23:00,429,582,566,3599,3599,3693,3170,3017,3127
14/5/2020 23:30,417,520,550,3431,3423,3499,3014,2903,2949
15/5/2020 0:00,401,505,482,3347,3343,3366,2946,2838,2884
15/5/2020 0:30,383,463,446,3261,3261,3254,2878,2798,2808
15/5/2020 1:00,359,450,456,3162,3164,3170,2803,2714,2714
15/5/2020 1:30,328,443,464,3089,3093,3086,2761,2650,2622
15/5/2020 2:00,295,411,413,3048,3053,3036,2753,2642,2623
15/5/2020 2:30,259,353,361,3012,3014,2992,2753,2661,2631
15/5/2020 3:00,238,313,288,2977,2978,2950,2739,2665,2662
15/5/2020 3:30,230,265,239,2957,2959,2913,2727,2694,2674
15/5/2020 4:00,223,244,210,2953,2958,2907,2730,2714,2697
15/5/2020 4:30,216,240,175,2953,2950,2919,2737,2710,2744
15/5/2020 5:00,211,233,144,2957,2945,2941,2746,2712,2797
15/5/2020 5:30,208,230,139,2965,2973,2907,2757,2743,2768
15/5/2020 6:00,201,227,138,3016,3054,3016,2815,2827,2878
15/5/2020 6:30,188,209,163,3259,3217,3175,3071,3008,3012
15/5/2020 7:00,185,211,158,3668,3458,3404,3483,3247,3246
15/5/2020 7:30,190,185,145,3990,3717,3622,3800,3532,3477
15/5/2020 8:00,211,198,124,4174,3964,3860,3963,3766,3736
15/5/2020 8:30,248,195,171,4275,4141,4059,4027,3946,3888
15/5/2020 9:00,290,229,210,4315,4235,4182,4025,4006,3972
15/5/2020 9:30,336,267,309,4330,4295,4239,3994,4028,3930
15/5/2020 10:00,366,302,429,4332,4319,4269,3966,4017,3840
15/5/2020 10:30,381,341,459,4345,4332,4286,3964,3991,3827
15/5/2020 11:00,377,345,508,4373,4338,4317,3996,3993,3809
15/5/2020 11:30,355,310,504,4420,4374,4331,4065,4064,3827
15/5/2020 12:00,325,288,481,4475,4432,4402,4150,4144,3921
15/5/2020 12:30,288,255,434,4494,4455,4474,4206,4200,4040
15/5/2020 13:00,265,242,375,4466,4429,4490,4201,4187,4115
15/5/2020 13:30,253,289,348,4387,4345,4394,4134,4056,4046
15/5/2020 14:00,259,298,345,4272,4223,4305,4013,3925,3960
15/5/2020 14:30,281,354,327,4185,4127,4238,3904,3773,3911
15/5/2020 15:00,318,383,328,4139,4080,4201,3821,3697,3873
15/5/2020 15:30,368,438,350,4132,4068,4178,3764,3630,3828
15/5/2020 16:00,406,464,376,4170,4103,4199,3764,3639,3823
15/5/2020 16:30,434,469,415,4274,4211,4266,3840,3742,3851
15/5/2020 17:00,453,478,436,4419,4368,4446,3966,3890,4010
15/5/2020 17:30,463,480,431,4480,4440,4592,4017,3960,4161
15/5/2020 18:00,468,480,440,4440,4407,4596,3972,3927,4156
15/5/2020 18:30,468,458,437,4357,4337,4512,3889,3879,4075
15/5/2020 19:00,463,456,395,4253,4247,4381,3790,3791,3986
15/5/2020 19:30,455,448,404,4154,4155,4246,3699,3707,3842
15/5/2020 20:00,439,435,406,4071,4074,4158,3632,3639,3752
15/5/2020 20:30,417,410,406,4016,4029,4060,3599,3619,3654
15/5/2020 21:00,396,394,382,3987,4016,4005,3591,3622,3623
15/5/2020 21:30,376,371,401,3963,3995,4020,3587,3624,3619
15/5/2020 22:00,354,351,381,3923,3946,3989,3569,3595,3608
15/5/2020 22:30,331,296,354,3804,3829,3833,3473,3533,3479
15/5/2020 23:00,336,280,315,3651,3651,3668,3315,3371,3353
15/5/2020 23:30,316,260,303,3501,3499,3500,3185,3239,3197
16/5/2020 0:00,296,256,332,3389,3386,3361,3093,3130,3029
16/5/2020 0:30,278,267,308,3272,3269,3247,2994,3002,2939
16/5/2020 1:00,264,269,269,3149,3144,3138,2885,2875,2869
16/5/2020 1:30,253,288,260,3051,3045,3043,2798,2757,2783
16/5/2020 2:00,242,280,265,2981,2974,2974,2739,2694,2709
16/5/2020 2:30,229,276,250,2917,2910,2911,2688,2634,2661
16/5/2020 3:00,223,265,222,2860,2853,2863,2637,2588,2641
16/5/2020 3:30,223,265,206,2825,2819,2827,2602,2554,2621
16/5/2020 4:00,228,252,208,2813,2808,2820,2585,2556,2612
16/5/2020 4:30,237,238,227,2809,2782,2810,2572,2544,2583
16/5/2020 5:00,245,232,258,2803,2771,2804,2558,2539,2546
16/5/2020 5:30,252,201,246,2763,2747,2755,2511,2546,2509
16/5/2020 6:00,259,199,228,2728,2733,2795,2469,2534,2567
16/5/2020 6:30,267,188,240,2881,2819,2872,2614,2631,2632
16/5/2020 7:00,275,196,267,3205,3004,2995,2930,2808,2728
16/5/2020 7:30,284,225,291,3442,3183,3150,3158,2958,2859
16/5/2020 8:00,303,248,320,3553,3332,3265,3250,3084,2945
16/5/2020 8:30,332,301,317,3646,3479,3407,3314,3178,3090
16/5/2020 9:00,369,332,366,3744,3621,3529,3375,3289,3163
16/5/2020 9:30,416,377,432,3836,3754,3632,3420,3377,3200
16/5/2020 10:00,462,422,472,3918,3858,3759,3456,3436,3287
16/5/2020 10:30,509,501,529,3977,3937,3851,3468,3436,3322
16/5/2020 11:00,547,533,573,4017,3985,3916,3470,3452,3343
16/5/2020 11:30,576,571,509,4063,4048,3971,3487,3477,3462
16/5/2020 12:00,601,597,511,4111,4102,4016,3510,3505,3505
16/5/2020 12:30,621,612,497,4125,4123,4062,3504,3511,3565
16/5/2020 13:00,642,644,527,4099,4105,4068,3457,3461,3541
16/5/2020 13:30,664,676,484,4042,4053,3993,3378,3377,3509
16/5/2020 14:00,678,699,474,3962,3983,3909,3284,3284,3435
16/5/2020 14:30,685,686,553,3893,3917,3854,3208,3231,3301
16/5/2020 15:00,698,694,572,3845,3877,3828,3147,3183,3256
16/5/2020 15:30,717,670,555,3835,3872,3813,3118,3202,3258
16/5/2020 16:00,719,667,560,3873,3920,3843,3154,3253,3283
16/5/2020 16:30,703,634,595,3981,4038,3938,3278,3404,3343
16/5/2020 17:00,685,618,570,4137,4207,4117,3452,3589,3547
16/5/2020 17:30,664,534,616,4237,4321,4280,3573,3787,3664
16/5/2020 18:00,634,516,573,4259,4355,4333,3625,3839,3760
16/5/2020 18:30,597,513,519,4220,4308,4292,3623,3795,3773
16/5/2020 19:00,562,478,507,4133,4198,4187,3571,3720,3680
16/5/2020 19:30,531,451,514,4031,4080,4063,3500,3629,3549
16/5/2020 20:00,506,421,517,3931,3979,3964,3425,3558,3447
16/5/2020 20:30,488,391,458,3865,3889,3859,3377,3498,3401
16/5/2020 21:00,488,378,403,3834,3820,3797,3346,3442,3394
16/5/2020 21:30,506,461,437,3809,3786,3837,3303,3325,3400
16/5/2020 22:00,538,466,492,3767,3763,3776,3229,3297,3284
16/5/2020 22:30,583,465,523,3644,3638,3629,3061,3173,3106
16/5/2020 23:00,561,493,584,3422,3423,3463,2861,2930,2879
16/5/2020 23:30,593,510,668,3278,3294,3304,2685,2784,2636
17/5/2020 0:00,637,562,732,3216,3225,3182,2579,2663,2450
17/5/2020 0:30,691,622,807,3135,3140,3070,2444,2518,2263
17/5/2020 1:00,752,695,869,3020,3028,2956,2268,2333,2087
17/5/2020 1:30,821,804,933,2923,2933,2862,2102,2129,1929
17/5/2020 2:00,887,881,1015,2853,2863,2798,1966,1982,1783
17/5/2020 2:30,949,963,1083,2793,2800,2752,1844,1837,1669
17/5/2020 3:00,998,1011,1197,2741,2748,2712,1743,1737,1515
17/5/2020 3:30,1035,1057,1243,2706,2714,2671,1671,1657,1428
17/5/2020 4:00,1080,1105,1267,2689,2701,2659,1609,1596,1392
17/5/2020 4:30,1133,1119,1317,2681,2662,2654,1548,1543,1337
17/5/2020 5:00,1190,1166,1360,2671,2653,2655,1481,1487,1295
17/5/2020 5:30,1252,1245,1287,2626,2633,2594,1374,1388,1307
17/5/2020 6:00,1316,1303,1380,2580,2615,2603,1264,1312,1223
17/5/2020 6:30,1384,1419,1415,2706,2660,2647,1322,1241,1232
17/5/2020 7:00,1450,1482,1467,2989,2774,2743,1539,1292,1276
17/5/2020 7:30,1514,1544,1516,3189,2912,2835,1675,1368,1319
17/5/2020 8:00,1581,1605,1550,3274,3057,2985,1693,1452,1435
17/5/2020 8:30,1648,1670,1701,3359,3202,3137,1711,1532,1436
17/5/2020 9:00,1720,1729,1754,3467,3340,3287,1747,1611,1533
17/5/2020 9:30,1794,1833,1827,3582,3496,3443,1788,1663,1616
17/5/2020 10:00,1860,1879,1917,3699,3649,3592,1839,1770,1675
17/5/2020 10:30,1917,1902,1992,3809,3777,3723,1892,1875,1731
17/5/2020 11:00,1944,1912,1977,3914,3870,3849,1970,1958,1872
17/5/2020 11:30,1943,1870,1972,4028,3986,3940,2085,2116,1968
17/5/2020 12:00,1924,1875,1931,4140,4099,4064,2216,2224,2133
17/5/2020 12:30,1886,1904,1936,4200,4162,4139,2314,2258,2203
17/5/2020 13:00,1853,1889,1981,4200,4165,4137,2347,2276,2156
17/5/2020 13:30,1824,1865,2090,4157,4117,4091,2333,2252,2001
17/5/2020 14:00,1789,1826,2102,4086,4038,4008,2297,2212,1906
17/5/2020 14:30,1748,1780,1996,4021,3979,3922,2273,2199,1926
17/5/2020 15:00,1712,1750,1995,3977,3958,3882,2265,2208,1887
17/5/2020 15:30,1681,1705,1978,3976,3958,3860,2295,2253,1882
17/5/2020 16:00,1666,1700,2042,4023,3988,3911,2357,2288,1869
17/5/2020 16:30,1668,1728,2021,4116,4073,4001,2448,2345,1980
17/5/2020 17:00,1684,1757,2103,4235,4194,4131,2551,2437,2028
17/5/2020 17:30,1715,1898,2186,4296,4251,4246,2581,2353,2060
17/5/2020 18:00,1753,1918,2107,4281,4223,4194,2528,2305,2087
17/5/2020 18:30,1797,1936,2197,4209,4143,4101,2412,2207,1904
17/5/2020 19:00,1849,1967,2357,4096,4026,4065,2247,2059,1708
17/5/2020 19:30,1910,2050,2340,3991,3908,3951,2081,1858,1611
17/5/2020 20:00,1970,2090,2247,3908,3812,3875,1938,1722,1628
17/5/2020 20:30,2032,2155,2364,3848,3765,3801,1816,1610,1437
17/5/2020 21:00,2088,2190,2430,3808,3760,3766,1720,1570,1336
17/5/2020 21:30,2140,2260,2406,3768,3728,3761,1628,1468,1355
17/5/2020 22:00,2185,2260,2392,3706,3648,3723,1521,1388,1331
17/5/2020 22:30,2224,2313,2380,3562,3509,3562,1338,1196,1182
17/5/2020 23:00,2302,2283,2312,3320,3320,3373,1018,1037,1061
17/5/2020 23:30,2289,2186,2145,3146,3144,3204,857,958,1059
18/5/2020 0:00,2259,2143,2059,3001,3000,3092,742,857,1033
18/5/2020 0:30,2212,2159,2060,2889,2889,2985,677,730,925
18/5/2020 1:00,2164,2102,2183,2805,2807,2894,641,705,711
18/5/2020 1:30,2114,2047,2157,2739,2741,2822,625,694,665
18/5/2020 2:00,2053,1974,2111,2689,2689,2768,636,715,657
18/5/2020 2:30,1978,1928,2007,2655,2655,2713,677,727,706
18/5/2020 3:00,1886,1845,1991,2636,2639,2685,750,794,694
18/5/2020 3:30,1777,1667,1872,2623,2629,2673,846,962,801
18/5/2020 4:00,1661,1571,1715,2613,2623,2675,952,1052,960
18/5/2020 4:30,1537,1475,1584,2605,2615,2669,1068,1140,1085
18/5/2020 5:00,1425,1374,1557,2607,2616,2688,1182,1242,1131
18/5/2020 5:30,1325,1355,1519,2644,2668,2674,1319,1313,1155
18/5/2020 6:00,1247,1280,1499,2746,2780,2833,1499,1500,1334
18/5/2020 6:30,1191,1257,1345,3004,2943,3011,1813,1686,1666
18/5/2020 7:00,1165,1247,1271,3391,3154,3264,2226,1907,1993
18/5/2020 7:30,1169,1229,1168,3703,3403,3581,2534,2174,2413
18/5/2020 8:00,1193,1243,1179,3902,3667,3808,2709,2424,2629
18/5/2020 8:30,1236,1274,1185,4025,3869,4055,2789,2595,2870
18/5/2020 9:00,1280,1282,1173,4088,3993,4206,2808,2711,3033
18/5/2020 9:30,1324,1293,1147,4111,4077,4290,2787,2784,3143
18/5/2020 10:00,1362,1302,1204,4111,4121,4337,2749,2819,3133
18/5/2020 10:30,1394,1285,1218,4125,4166,4374,2731,2881,3156
18/5/2020 11:00,1419,1309,1272,4163,4207,4432,2744,2898,3160
18/5/2020 11:30,1436,1298,1304,4226,4285,4447,2790,2987,3143
18/5/2020 12:00,1449,1340,1304,4302,4360,4482,2853,3020,3178
18/5/2020 12:30,1458,1378,1333,4343,4406,4541,2885,3028,3208
18/5/2020 13:00,1463,1418,1350,4337,4408,4552,2874,2990,3202
18/5/2020 13:30,1465,1448,1395,4294,4356,4453,2829,2908,3058
18/5/2020 14:00,1459,1466,1498,4227,4267,4405,2768,2801,2907
18/5/2020 14:30,1444,1539,1609,4191,4203,4341,2747,2664,2732
18/5/2020 15:00,1433,1517,1639,4192,4181,4297,2759,2664,2658
18/5/2020 15:30,1426,1399,1673,4210,4197,4280,2784,2798,2607
18/5/2020 16:00,1415,1382,1763,4253,4260,4337,2838,2878,2574
18/5/2020 16:30,1400,1352,1769,4375,4400,4454,2975,3048,2685
18/5/2020 17:00,1385,1342,1737,4551,4580,4622,3166,3238,2885
18/5/2020 17:30,1372,1365,1699,4621,4649,4766,3249,3284,3067
18/5/2020 18:00,1360,1377,1665,4561,4580,4733,3201,3203,3068
18/5/2020 18:30,1352,1472,1663,4440,4463,4597,3088,2991,2934
18/5/2020 19:00,1361,1512,1736,4289,4325,4426,2928,2813,2690
18/5/2020 19:30,1388,1663,1804,4161,4214,4304,2773,2551,2500
18/5/2020 20:00,1419,1709,1818,4071,4138,4219,2652,2429,2401
18/5/2020 20:30,1453,1785,1836,4014,4071,4139,2561,2286,2303
18/5/2020 21:00,1498,1819,1893,3979,4007,4086,2481,2188,2193
18/5/2020 21:30,1554,1854,1940,3921,3937,4056,2367,2083,2116
18/5/2020 22:00,1604,1876,1933,3824,3849,3973,2220,1973,2040
18/5/2020 22:30,1649,1935,1924,3665,3697,3779,2016,1762,1855
18/5/2020 23:00,1808,1934,1965,3480,3482,3566,1672,1548,1601
18/5/2020 23:30,1804,1916,1997,3270,3267,3391,1466,1351,1394
19/5/2020 0:00,1789,1877,2008,3085,3087,3265,1296,1210,1257
19/5/2020 0:30,1763,1805,1939,2952,2957,3147,1189,1152,1208
19/5/2020 1:00,1726,1747,1899,2870,2873,3060,1144,1126,1161
19/5/2020 1:30,1677,1698,1862,2803,2806,2967,1126,1108,1105
19/5/2020 2:00,1620,1643,1875,2747,2751,2893,1127,1108,1018
19/5/2020 2:30,1554,1531,1919,2706,2711,2835,1152,1180,916
19/5/2020 3:00,1486,1469,1986,2684,2690,2810,1198,1221,824
19/5/2020 3:30,1415,1462,1957,2681,2690,2802,1266,1228,845
19/5/2020 4:00,1342,1370,1813,2691,2704,2785,1349,1334,972
19/5/2020 4:30,1268,1257,1763,2698,2708,2812,1430,1451,1049
19/5/2020 5:00,1202,1158,1612,2707,2709,2816,1505,1551,1204
19/5/2020 5:30,1144,1127,1489,2764,2781,2822,1620,1654,1333
19/5/2020 6:00,1091,1050,1392,2890,2930,2967,1799,1880,1575
19/5/2020 6:30,1041,1129,1313,3130,3122,3121,2089,1993,1808
19/5/2020 7:00,1001,1069,1197,3460,3346,3378,2459,2277,2181
19/5/2020 7:30,970,1052,1075,3742,3599,3605,2772,2547,2530
19/5/2020 8:00,948,1002,904,3944,3856,3860,2996,2854,2956
19/5/2020 8:30,935,984,772,4075,4053,4101,3140,3069,3329
19/5/2020 9:00,909,938,761,4142,4172,4242,3233,3234,3481
19/5/2020 9:30,872,882,766,4161,4251,4318,3289,3369,3552
19/5/2020 10:00,840,834,768,4149,4288,4333,3309,3454,3565
19/5/2020 10:30,813,771,770,4160,4320,4390,3347,3549,3620
19/5/2020 11:00,788,722,758,4204,4345,4425,3416,3623,3667
19/5/2020 11:30,764,598,803,4268,4400,4451,3504,3802,3648
19/5/2020 12:00,738,565,791,4339,4454,4497,3601,3889,3706
19/5/2020 12:30,710,529,747,4382,4478,4566,3672,3949,3819
19/5/2020 13:00,688,510,745,4386,4466,4571,3698,3956,3826
19/5/2020 13:30,672,526,743,4337,4425,4457,3665,3899,3714
19/5/2020 14:00,664,515,698,4250,4369,4410,3586,3854,3712
19/5/2020 14:30,661,571,618,4192,4326,4354,3531,3755,3736
19/5/2020 15:00,659,557,570,4177,4308,4314,3518,3751,3744
19/5/2020 15:30,655,592,540,4199,4319,4302,3544,3727,3762
19/5/2020 16:00,646,588,517,4263,4368,4339,3617,3780,3822
19/5/2020 16:30,631,605,519,4393,4484,4442,3762,3879,3923
19/5/2020 17:00,616,600,585,4561,4641,4600,3945,4041,4015
19/5/2020 17:30,601,578,636,4624,4706,4718,4023,4128,4082
19/5/2020 18:00,588,561,679,4564,4654,4647,3976,4093,3968
19/5/2020 18:30,577,540,588,4449,4535,4515,3872,3995,3927
19/5/2020 19:00,567,518,506,4308,4376,4393,3741,3858,3887
19/5/2020 19:30,559,485,501,4192,4241,4295,3633,3756,3794
19/5/2020 20:00,557,471,506,4109,4146,4213,3552,3675,3707
19/5/2020 20:30,561,477,510,4041,4082,4143,3480,3605,3633
19/5/2020 21:00,572,486,534,3985,4043,4090,3413,3557,3556
19/5/2020 21:30,592,549,517,3946,4009,4078,3354,3460,3561
19/5/2020 22:00,611,554,517,3904,3961,4093,3293,3407,3576
19/5/2020 22:30,629,513,577,3785,3837,3924,3156,3324,3347
19/5/2020 23:00,528,521,573,3637,3639,3711,3109,3118,3138
19/5/2020 23:30,533,534,595,3441,3440,3500,2908,2906,2905
20/5/2020 0:00,544,531,620,3269,3267,3346,2725,2736,2726
20/5/2020 0:30,560,539,596,3137,3135,3248,2577,2596,2652
20/5/2020 1:00,574,544,614,3043,3042,3139,2469,2498,2525
20/5/2020 1:30,585,545,634,2959,2958,3065,2374,2413,2431
20/5/2020 2:00,604,585,656,2882,2882,3003,2278,2297,2347
20/5/2020 2:30,632,648,699,2830,2828,2957,2198,2180,2258
20/5/2020 3:00,678,718,780,2802,2802,2921,2124,2084,2141
20/5/2020 3:30,740,806,942,2792,2793,2903,2052,1987,1961
20/5/2020 4:00,823,911,1053,2795,2800,2892,1972,1889,1839
20/5/2020 4:30,925,1001,1106,2801,2802,2906,1876,1801,1800
20/5/2020 5:00,1014,1095,1172,2814,2811,2880,1800,1716,1708
20/5/2020 5:30,1091,1194,1236,2856,2866,2877,1765,1672,1641
20/5/2020 6:00,1180,1277,1216,2952,2979,2995,1772,1702,1779
20/5/2020 6:30,1280,1390,1266,3186,3147,3161,1906,1757,1895
20/5/2020 7:00,1389,1468,1420,3537,3365,3406,2148,1897,1986
20/5/2020 7:30,1507,1570,1500,3839,3619,3643,2332,2049,2143
20/5/2020 8:00,1617,1646,1574,4054,3881,3918,2437,2235,2344
20/5/2020 8:30,1717,1709,1642,4189,4072,4122,2472,2363,2480
20/5/2020 9:00,1819,1810,1651,4252,4175,4246,2433,2365,2595
20/5/2020 9:30,1922,1885,1699,4266,4233,4297,2344,2348,2598
20/5/2020 10:00,2008,1994,1788,4248,4247,4315,2240,2253,2527
20/5/2020 10:30,2076,2085,1949,4241,4255,4335,2165,2170,2386
20/5/2020 11:00,2123,2152,1985,4254,4259,4348,2131,2107,2363
20/5/2020 11:30,2148,2226,2048,4287,4301,4364,2139,2075,2316
20/5/2020 12:00,2173,2258,2071,4329,4354,4367,2156,2096,2296
20/5/2020 12:30,2197,2241,2090,4339,4367,4373,2142,2126,2283
20/5/2020 13:00,2209,2263,2055,4311,4332,4373,2102,2069,2318
20/5/2020 13:30,2208,2202,2051,4258,4276,4251,2050,2074,2200
20/5/2020 14:00,2200,2210,2139,4192,4215,4182,1992,2005,2043
20/5/2020 14:30,2186,2255,2142,4143,4157,4123,1957,1902,1981
20/5/2020 15:00,2156,2221,2226,4121,4119,4134,1965,1898,1908
20/5/2020 15:30,2108,2088,2132,4131,4122,4085,2023,2034,1953
20/5/2020 16:00,2048,2037,2040,4180,4179,4148,2132,2142,2108
20/5/2020 16:30,1975,1937,1955,4297,4303,4268,2322,2366,2313
20/5/2020 17:00,1883,1853,1801,4457,4465,4406,2574,2612,2605
20/5/2020 17:30,1773,1713,1724,4529,4521,4523,2756,2808,2799
20/5/2020 18:00,1645,1568,1633,4491,4454,4504,2846,2886,2871
20/5/2020 18:30,1500,1477,1399,4391,4358,4417,2891,2881,3018
20/5/2020 19:00,1357,1320,1194,4256,4259,4327,2899,2939,3133
20/5/2020 19:30,1217,1186,974,4147,4174,4215,2930,2988,3241
20/5/2020 20:00,1091,1072,960,4074,4107,4123,2983,3035,3163
20/5/2020 20:30,982,937,969,4020,4040,4066,3038,3103,3097
20/5/2020 21:00,886,866,967,3978,3978,4020,3092,3112,3053
20/5/2020 21:30,805,898,1076,3943,3949,4035,3138,3051,2959
20/5/2020 22:00,731,851,1046,3897,3935,4026,3166,3084,2980
20/5/2020 22:30,665,770,1032,3781,3821,3863,3116,3051,2831
20/5/2020 23:00,665,717,1100,3607,3606,3649,2942,2889,2549
20/5/2020 23:30,650,639,984,3398,3402,3426,2748,2763,2442
21/5/2020 0:00,648,635,952,3224,3228,3299,2576,2593,2347
21/5/2020 0:30,658,693,954,3096,3100,3182,2438,2407,2228
21/5/2020 1:00,657,713,980,3012,3015,3096,2355,2302,2116
21/5/2020 1:30,647,799,930,2948,2950,3023,2301,2151,2093
21/5/2020 2:00,642,797,830,2897,2899,2971,2255,2102,2141
21/5/2020 2:30,642,804,791,2852,2853,2959,2210,2049,2168
21/5/2020 3:00,640,770,750,2815,2818,2923,2175,2048,2173
21/5/2020 3:30,636,714,706,2797,2801,2898,2161,2087,2192
21/5/2020 4:00,619,667,584,2797,2805,2892,2178,2138,2308
21/5/2020 4:30,588,615,540,2798,2802,2908,2210,2187,2368
21/5/2020 5:00,553,566,533,2805,2811,2907,2252,2245,2374
21/5/2020 5:30,515,498,455,2854,2866,2896,2339,2368,2441
21/5/2020 6:00,476,444,378,2961,2976,3030,2485,2532,2652
21/5/2020 6:30,437,375,342,3142,3143,3179,2705,2768,2837
21/5/2020 7:00,402,331,308,3393,3362,3422,2991,3031,3114
21/5/2020 7:30,371,289,261,3674,3622,3656,3303,3333,3395
21/5/2020 8:00,342,257,252,3953,3893,3914,3611,3636,3662
21/5/2020 8:30,315,219,211,4137,4096,4128,3822,3877,3917
21/5/2020 9:00,289,203,180,4218,4210,4256,3929,4007,4076
21/5/2020 9:30,267,160,149,4257,4276,4320,3990,4116,4171
21/5/2020 10:00,251,159,162,4275,4297,4327,4024,4138,4165
21/5/2020 10:30,243,148,199,4288,4312,4337,4045,4164,4138
21/5/2020 11:00,246,184,230,4305,4322,4375,4059,4138,4145
21/5/2020 11:30,260,253,298,4346,4361,4356,4086,4108,4058
21/5/2020 12:00,314,357,415,4402,4415,4385,4088,4058,3970
21/5/2020 12:30,408,501,650,4417,4421,4448,4009,3920,3798
21/5/2020 13:00,543,689,978,4384,4371,4430,3841,3682,3452
21/5/2020 13:30,719,923,1395,4330,4299,4301,3611,3376,2906
21/5/2020 14:00,903,1156,1692,4268,4225,4234,3365,3069,2542
21/5/2020 14:30,1094,1426,1848,4211,4170,4186,3117,2744,2338
21/5/2020 15:00,1283,1653,1965,4171,4150,4137,2888,2497,2172
21/5/2020 15:30,1470,1895,2114,4173,4168,4116,2703,2273,2002
21/5/2020 16:00,1645,2117,2324,4228,4231,4157,2583,2114,1833
21/5/2020 16:30,1808,2409,2495,4353,4351,4280,2545,1942,1785
21/5/2020 17:00,1969,2593,2556,4515,4500,4471,2546,1907,1915
21/5/2020 17:30,2129,2890,2603,4566,4564,4636,2437,1674,2033
21/5/2020 18:00,2297,3006,2673,4495,4527,4642,2198,1521,1969
21/5/2020 18:30,2473,3081,2660,4399,4451,4546,1926,1370,1886
21/5/2020 19:00,2622,3163,2660,4307,4361,4396,1685,1198,1736
21/5/2020 19:30,2742,3173,2668,4237,4297,4308,1495,1124,1640
21/5/2020 20:00,2845,3239,2703,4187,4260,4226,1342,1021,1523
21/5/2020 20:30,2930,3241,2700,4131,4210,4108,1201,969,1408
21/5/2020 21:00,3002,3273,2746,4064,4141,4046,1062,868,1300
21/5/2020 21:30,3060,3250,2794,4003,4056,4012,943,806,1218
21/5/2020 22:00,3095,3234,2864,3932,3949,3919,837,715,1055
21/5/2020 22:30,3107,3107,2724,3782,3776,3740,675,669,1016
21/5/2020 23:00,3158,3046,2536,3547,3549,3545,389,503,1009
21/5/2020 23:30,3059,2853,2424,3365,3368,3351,306,515,927
22/5/2020 0:00,2965,2787,2513,3243,3244,3246,278,457,733
22/5/2020 0:30,2875,2671,2581,3139,3141,3147,264,470,566
22/5/2020 1:00,2796,2614,2569,3044,3050,3057,248,436,488
22/5/2020 1:30,2729,2562,2486,2968,2976,2954,239,414,468
22/5/2020 2:00,2681,2524,2408,2910,2923,2872,229,399,464
22/5/2020 2:30,2653,2390,2344,2863,2874,2816,210,484,472
22/5/2020 3:00,2637,2392,2272,2827,2841,2757,190,449,485
22/5/2020 3:30,2632,2407,2258,2810,2824,2723,178,417,465
22/5/2020 4:00,2635,2424,2208,2814,2827,2701,179,403,493
22/5/2020 4:30,2645,2445,2148,2827,2827,2703,182,382,555
22/5/2020 5:00,2662,2474,1918,2846,2840,2661,184,366,743
22/5/2020 5:30,2686,2513,1711,2875,2885,2628,189,372,917
22/5/2020 6:00,2742,2585,1857,2945,2979,2761,203,394,904
22/5/2020 6:30,2832,2659,2140,3177,3155,2946,345,496,806
22/5/2020 7:00,2943,2794,2351,3548,3404,3181,605,610,830
22/5/2020 7:30,3077,2911,2537,3850,3660,3415,773,749,878
22/5/2020 8:00,3176,3033,2728,4041,3896,3687,865,863,959
22/5/2020 8:30,3240,2981,2853,4165,4075,3912,925,1094,1059
22/5/2020 9:00,3294,3063,2966,4235,4186,4052,941,1123,1086
22/5/2020 9:30,3338,2973,2984,4258,4251,4134,920,1278,1150
22/5/2020 10:00,3368,3042,2960,4249,4270,4151,881,1228,1191
22/5/2020 10:30,3385,3159,2990,4253,4288,4191,868,1129,1201
22/5/2020 11:00,3399,3194,3046,4281,4310,4223,882,1116,1177
22/5/2020 11:30,3409,3211,3022,4328,4350,4231,919,1139,1209
22/5/2020 12:00,3418,3238,3022,4378,4394,4280,960,1156,1258
22/5/2020 12:30,3426,3285,3010,4382,4395,4367,956,1110,1357
22/5/2020 13:00,3434,3305,2947,4332,4351,4329,898,1046,1382
22/5/2020 13:30,3441,3264,2843,4249,4268,4212,808,1004,1369
22/5/2020 14:00,3443,3283,2691,4150,4171,4120,707,888,1429
22/5/2020 14:30,3440,3249,2625,4081,4095,4054,641,846,1429
22/5/2020 15:00,3436,3267,2434,4051,4056,4006,615,789,1572
22/5/2020 15:30,3432,3255,2315,4048,4032,3945,616,777,1630
22/5/2020 16:00,3432,3277,2551,4076,4039,3983,644,762,1432
22/5/2020 16:30,3434,3217,2839,4163,4130,4105,729,913,1266
22/5/2020 17:00,3437,3248,2985,4288,4289,4245,851,1041,1260
22/5/2020 17:30,3442,3173,3119,4354,4383,4364,912,1210,1245
22/5/2020 18:00,3446,3213,3169,4342,4383,4360,896,1170,1191
22/5/2020 18:30,3452,3094,3152,4284,4312,4280,832,1218,1128
22/5/2020 19:00,3451,3140,3097,4194,4185,4137,743,1045,1040
22/5/2020 19:30,3445,3098,3032,4098,4045,3994,653,947,962
22/5/2020 20:00,3422,3126,2932,4002,3913,3871,580,787,939
22/5/2020 20:30,3381,3242,2871,3916,3807,3763,535,565,892
22/5/2020 21:00,3334,3221,2868,3847,3741,3706,513,520,838
22/5/2020 21:30,3281,3206,2806,3815,3712,3666,534,506,860
22/5/2020 22:00,3220,3155,2840,3798,3698,3730,578,543,890
22/5/2020 22:30,3153,3033,2784,3687,3601,3616,534,568,832
22/5/2020 23:00,2998,2955,2616,3426,3422,3451,428,467,835
22/5/2020 23:30,2918,2772,2479,3280,3281,3303,362,509,824
23/5/2020 0:00,2838,2696,2446,3179,3182,3186,341,486,740
23/5/2020 0:30,2760,2580,2477,3072,3074,3068,312,494,591
23/5/2020 1:00,2700,2534,2119,2953,2955,2928,253,421,809
23/5/2020 1:30,2657,2483,1942,2851,2852,2801,194,369,859
23/5/2020 2:00,2618,2457,1653,2772,2772,2727,154,315,1074
23/5/2020 2:30,2581,2381,1610,2705,2702,2676,124,321,1066
23/5/2020 3:00,2557,2369,1484,2648,2645,2627,91,276,1143
23/5/2020 3:30,2543,2338,1303,2608,2605,2583,65,267,1280
23/5/2020 4:00,2538,2346,1120,2585,2584,2563,47,238,1443
23/5/2020 4:30,2542,2359,929,2574,2566,2557,32,207,1628
23/5/2020 5:00,2552,2381,887,2569,2548,2500,17,167,1613
23/5/2020 5:30,2570,2159,876,2547,2544,2462,-23,385,1586
23/5/2020 6:00,2619,2253,952,2540,2569,2521,-79,316,1569
23/5/2020 6:30,2699,2253,1033,2700,2671,2608,1,418,1575
23/5/2020 7:00,2793,2397,1270,3011,2850,2737,218,453,1467
23/5/2020 7:30,2901,2330,1541,3258,3041,2865,357,711,1324
23/5/2020 8:00,2989,2475,1897,3408,3226,3046,419,751,1149
23/5/2020 8:30,3056,2351,2269,3534,3394,3236,478,1043,967
23/5/2020 9:00,3116,2485,2399,3656,3540,3392,540,1055,993
23/5/2020 9:30,3169,2495,2472,3770,3676,3513,601,1181,1041
23/5/2020 10:00,3213,2616,2454,3873,3789,3608,660,1173,1154
23/5/2020 10:30,3249,2632,2448,3950,3873,3687,701,1241,1239
23/5/2020 11:00,3287,2731,2351,4001,3923,3762,714,1192,1411
23/5/2020 11:30,3326,2846,2271,4045,3972,3807,719,1126,1536
23/5/2020 12:00,3356,2913,2277,4078,4015,3851,722,1102,1574
23/5/2020 12:30,3376,3098,2295,4071,4008,3907,695,910,1612
23/5/2020 13:00,3390,3138,2116,4022,3958,3906,632,820,1790
23/5/2020 13:30,3397,3079,1974,3957,3890,3838,560,811,1864
23/5/2020 14:00,3401,3110,1708,3886,3824,3736,485,714,2028
23/5/2020 14:30,3400,3010,1570,3830,3762,3661,430,752,2091
23/5/2020 15:00,3390,3035,1545,3794,3721,3609,404,686,2064
23/5/2020 15:30,3371,2884,1609,3777,3716,3568,406,832,1959
23/5/2020 16:00,3353,2911,1943,3794,3766,3626,441,855,1683
23/5/2020 16:30,3336,2793,2304,3900,3880,3759,564,1087,1455
23/5/2020 17:00,3320,2822,2588,4079,4042,3967,759,1220,1379
23/5/2020 17:30,3307,2583,2482,4206,4149,4116,899,1566,1634
23/5/2020 18:00,3277,2610,2636,4251,4176,4198,974,1566,1562
23/5/2020 18:30,3230,2394,2676,4208,4127,4167,978,1733,1491
23/5/2020 19:00,3179,2416,2593,4091,4020,4065,912,1604,1472
23/5/2020 19:30,3123,2431,2594,3955,3907,3956,832,1476,1362
23/5/2020 20:00,3070,2442,2605,3822,3811,3849,752,1369,1244
23/5/2020 20:30,3020,2642,2550,3718,3743,3750,698,1101,1200
23/5/2020 21:00,2968,2633,2589,3650,3707,3714,682,1074,1125
23/5/2020 21:30,2913,2570,2548,3618,3685,3685,705,1115,1137
23/5/2020 22:00,2861,2556,2440,3597,3657,3596,736,1101,1156
23/5/2020 22:30,2811,2519,2247,3487,3544,3471,676,1025,1224
23/5/2020 23:00,2563,2496,2124,3356,3354,3303,793,858,1179
23/5/2020 23:30,2515,2506,2182,3205,3201,3166,690,695,984
24/5/2020 0:00,2461,2470,2066,3102,3098,3060,641,628,994
24/5/2020 0:30,2400,2422,1923,2979,2974,2939,579,552,1016
24/5/2020 1:00,2350,2382,1938,2832,2826,2852,482,444,914
24/5/2020 1:30,2309,2294,1861,2721,2715,2756,412,421,895
24/5/2020 2:00,2266,2246,1706,2652,2648,2689,386,402,983
24/5/2020 2:30,2221,2056,1548,2595,2589,2638,374,533,1090
24/5/2020 3:00,2181,2025,1377,2544,2537,2606,363,512,1229
24/5/2020 3:30,2147,2019,1234,2511,2505,2579,364,486,1345
24/5/2020 4:00,2115,1992,1088,2496,2492,2565,381,500,1477
24/5/2020 4:30,2086,1969,1027,2488,2492,2557,402,523,1530
24/5/2020 5:00,2044,1932,979,2477,2469,2549,433,537,1570
24/5/2020 5:30,1989,1734,924,2429,2434,2511,440,700,1587
24/5/2020 6:00,1960,1724,910,2380,2410,2556,420,686,1646
24/5/2020 6:30,1958,1585,907,2506,2470,2603,548,885,1696
24/5/2020 7:00,1979,1627,886,2794,2618,2689,815,991,1803
24/5/2020 7:30,2024,1564,901,3010,2782,2792,986,1218,1891
24/5/2020 8:00,2055,1618,1084,3123,2942,2957,1068,1324,1873
24/5/2020 8:30,2071,1542,1215,3235,3106,3096,1164,1564,1881
24/5/2020 9:00,2063,1560,1280,3365,3262,3246,1302,1702,1966
24/5/2020 9:30,2033,1442,1392,3487,3400,3417,1454,1958,2025
24/5/2020 10:00,1992,1432,1466,3595,3504,3586,1603,2072,2120
24/5/2020 10:30,1939,1345,1509,3691,3602,3730,1752,2257,2221
24/5/2020 11:00,1871,1334,1584,3780,3687,3815,1909,2353,2231
24/5/2020 11:30,1788,1266,1650,3874,3783,3883,2086,2517,2233
24/5/2020 12:00,1709,1269,1720,3963,3879,3967,2254,2610,2247
24/5/2020 12:30,1633,1310,1790,3992,3925,4044,2359,2615,2254
24/5/2020 13:00,1554,1293,1726,3955,3911,4024,2401,2618,2298
24/5/2020 13:30,1470,1338,1629,3889,3847,3914,2419,2509,2285
24/5/2020 14:00,1388,1299,1430,3809,3750,3830,2421,2451,2400
24/5/2020 14:30,1307,1314,1342,3738,3676,3736,2431,2362,2394
24/5/2020 15:00,1226,1255,1307,3690,3642,3665,2464,2387,2358
24/5/2020 15:30,1144,1284,1408,3691,3649,3640,2547,2365,2232
24/5/2020 16:00,1066,1207,1462,3746,3696,3683,2680,2489,2221
24/5/2020 16:30,993,1179,1373,3834,3794,3741,2841,2615,2368
24/5/2020 17:00,922,1097,1262,3936,3918,3849,3014,2821,2587
24/5/2020 17:30,855,951,1166,3990,3987,3954,3135,3036,2788
24/5/2020 18:00,788,871,1096,3983,3981,3994,3195,3110,2898
24/5/2020 18:30,723,750,1009,3924,3927,3932,3201,3177,2923
24/5/2020 19:00,663,684,903,3827,3836,3836,3164,3152,2933
24/5/2020 19:30,608,797,793,3735,3748,3746,3127,2951,2953
24/5/2020 20:00,566,725,674,3663,3676,3692,3097,2951,3018
24/5/2020 20:30,536,674,556,3616,3617,3640,3080,2943,3084
24/5/2020 21:00,530,636,501,3597,3573,3584,3067,2937,3083
24/5/2020 21:30,547,624,488,3605,3546,3556,3058,2922,3068
24/5/2020 22:00,572,633,518,3613,3522,3616,3041,2889,3098
24/5/2020 22:30,603,673,577,3521,3428,3558,2918,2755,2981
24/5/2020 23:00,594,717,654,3256,3262,3381,2662,2545,2727
24/5/2020 23:30,641,753,735,3087,3087,3211,2446,2334,2476
25/5/2020 0:00,685,802,822,2934,2931,3091,2249,2129,2269
25/5/2020 0:30,725,782,892,2820,2816,2985,2095,2034,2093
25/5/2020 1:00,761,816,951,2746,2742,2887,1985,1926,1936
25/5/2020 1:30,792,846,934,2687,2683,2811,1895,1837,1877
25/5/2020 2:00,824,874,910,2639,2635,2768,1815,1761,1858
25/5/2020 2:30,856,856,840,2608,2605,2727,1752,1749,1887
25/5/2020 3:00,890,894,828,2593,2592,2681,1703,1698,1853
25/5/2020 3:30,929,987,883,2583,2585,2667,1654,1598,1784
25/5/2020 4:00,973,1043,900,2573,2578,2666,1600,1535,1766
25/5/2020 4:30,1023,1104,947,2556,2570,2660,1533,1466,1713
25/5/2020 5:00,1087,1179,1101,2544,2555,2637,1457,1376,1536
25/5/2020 5:30,1166,1274,1254,2597,2627,2668,1431,1353,1414
25/5/2020 6:00,1251,1351,1436,2736,2789,2819,1485,1438,1383
25/5/2020 6:30,1343,1355,1433,2984,2969,2948,1641,1614,1515
25/5/2020 7:00,1444,1440,1507,3316,3157,3175,1872,1717,1668
25/5/2020 7:30,1554,1541,1585,3596,3385,3414,2042,1844,1829
25/5/2020 8:00,1689,1675,1811,3794,3640,3681,2105,1965,1870
25/5/2020 8:30,1848,1869,2237,3924,3832,3891,2076,1963,1654
25/5/2020 9:00,1996,2014,2511,3993,3949,4054,1997,1935,1543
25/5/2020 9:30,2132,2149,2688,4009,4043,4115,1877,1894,1427
25/5/2020 10:00,2240,2240,2767,3988,4109,4122,1748,1869,1355
25/5/2020 10:30,2322,2249,2835,3988,4154,4143,1666,1905,1308
25/5/2020 11:00,2383,2311,2880,4020,4174,4173,1637,1863,1293
25/5/2020 11:30,2425,2398,2796,4069,4211,4190,1644,1813,1394
25/5/2020 12:00,2462,2420,2816,4123,4254,4210,1661,1834,1394
25/5/2020 12:30,2493,2656,2837,4147,4258,4305,1654,1602,1468
25/5/2020 13:00,2512,2616,2756,4135,4239,4283,1623,1623,1527
25/5/2020 13:30,2517,2598,2701,4094,4193,4223,1577,1595,1522
25/5/2020 14:00,2494,2524,2717,4035,4133,4168,1541,1609,1451
25/5/2020 14:30,2444,2522,2739,3992,4082,4142,1548,1560,1403
25/5/2020 15:00,2384,2420,2613,3976,4054,4098,1592,1634,1485
25/5/2020 15:30,2314,2324,2477,4002,4064,4149,1688,1740,1672
25/5/2020 16:00,2243,2219,2319,4079,4124,4221,1836,1905,1902
25/5/2020 16:30,2171,2126,2321,4227,4265,4386,2056,2139,2065
25/5/2020 17:00,2084,2028,2199,4415,4454,4586,2331,2426,2387
25/5/2020 17:30,1981,1984,2127,4498,4542,4715,2517,2558,2588
25/5/2020 18:00,1884,1854,1931,4454,4503,4629,2570,2649,2698
25/5/2020 18:30,1794,1710,1895,4353,4402,4497,2559,2692,2602
25/5/2020 19:00,1675,1548,1634,4223,4267,4364,2548,2719,2730
25/5/2020 19:30,1528,1373,1400,4112,4161,4245,2584,2788,2845
25/5/2020 20:00,1369,1205,1143,4031,4094,4119,2662,2889,2976
25/5/2020 20:30,1198,1074,948,3975,4033,4010,2777,2959,3062
25/5/2020 21:00,1044,921,852,3935,3973,3979,2891,3052,3127
25/5/2020 21:30,908,734,736,3877,3926,3932,2969,3192,3196
25/5/2020 22:00,794,627,584,3788,3875,3946,2994,3248,3362
25/5/2020 22:30,702,540,485,3647,3756,3815,2945,3216,3330
25/5/2020 23:00,536,476,472,3562,3562,3638,3026,3086,3166
25/5/2020 23:30,474,411,435,3343,3365,3457,2869,2954,3022
26/5/2020 0:00,418,378,393,3127,3146,3317,2709,2768,2924
26/5/2020 0:30,370,356,387,2980,2998,3226,2610,2642,2839
26/5/2020 1:00,333,337,381,2904,2921,3118,2571,2584,2737
26/5/2020 1:30,307,313,346,2846,2861,3038,2539,2548,2692
26/5/2020 2:00,285,298,341,2793,2809,2993,2508,2511,2652
26/5/2020 2:30,267,288,291,2756,2770,2941,2489,2482,2650
26/5/2020 3:00,250,269,255,2735,2748,2911,2485,2479,2656
26/5/2020 3:30,234,232,217,2730,2741,2894,2496,2509,2677
26/5/2020 4:00,216,211,207,2740,2750,2890,2524,2539,2683
26/5/2020 4:30,198,187,193,2754,2760,2886,2556,2573,2693
26/5/2020 5:00,181,170,183,2774,2777,2875,2593,2607,2692
26/5/2020 5:30,167,174,150,2827,2843,2879,2660,2669,2729
26/5/2020 6:00,153,157,114,2934,2966,3028,2781,2809,2914
26/5/2020 6:30,140,124,95,3163,3148,3191,3023,3024,3096
26/5/2020 7:00,131,114,42,3493,3379,3437,3362,3265,3395
26/5/2020 7:30,124,102,0,3783,3644,3662,3659,3542,3662
26/5/2020 8:00,119,97,0,3995,3914,3939,3876,3817,3939
26/5/2020 8:30,115,102,0,4135,4111,4164,4020,4009,4164
26/5/2020 9:00,111,101,0,4210,4217,4298,4099,4116,4298
26/5/2020 9:30,106,84,43,4254,4278,4343,4148,4194,4300
26/5/2020 10:00,102,83,86,4280,4296,4349,4178,4213,4263
26/5/2020 10:30,98,73,92,4300,4307,4359,4202,4234,4267
26/5/2020 11:00,96,72,91,4320,4316,4374,4224,4244,4283
26/5/2020 11:30,95,74,41,4363,4362,4374,4268,4288,4333
26/5/2020 12:00,94,73,0,4418,4421,4418,4324,4348,4418
26/5/2020 12:30,92,72,0,4430,4438,4466,4338,4366,4466
26/5/2020 13:00,90,73,0,4391,4402,4467,4301,4329,4467
26/5/2020 13:30,89,81,0,4325,4342,4341,4236,4261,4341
26/5/2020 14:00,89,84,0,4247,4275,4277,4158,4191,4277
26/5/2020 14:30,90,85,0,4192,4236,4223,4102,4151,4223
26/5/2020 15:00,92,89,0,4167,4235,4193,4075,4146,4193
26/5/2020 15:30,95,94,0,4170,4262,4199,4075,4168,4199
26/5/2020 16:00,97,97,60,4211,4323,4243,4114,4226,4183
26/5/2020 16:30,98,95,80,4322,4450,4353,4224,4355,4273
26/5/2020 17:00,99,96,74,4480,4613,4525,4381,4517,4451
26/5/2020 17:30,102,95,62,4554,4665,4634,4452,4570,4572
26/5/2020 18:00,106,97,0,4521,4588,4583,4415,4491,4583
26/5/2020 18:30,110,103,0,4418,4468,4481,4308,4365,4481
26/5/2020 19:00,114,105,0,4273,4331,4342,4159,4226,4342
26/5/2020 19:30,118,93,0,4158,4201,4227,4040,4108,4227
26/5/2020 20:00,122,98,29,4082,4091,4150,3960,3993,4121
26/5/2020 20:30,126,102,0,4008,4005,4066,3882,3903,4066
26/5/2020 21:00,133,112,47,3937,3948,4008,3804,3836,3961
26/5/2020 21:30,141,145,122,3916,3938,3960,3775,3793,3838
26/5/2020 22:00,144,159,129,3925,3948,4010,3781,3789,3881
26/5/2020 22:30,141,164,118,3833,3849,3896,3692,3685,3778
26/5/2020 23:00,159,162,138,3637,3638,3684,3478,3476,3546
26/5/2020 23:30,149,155,127,3440,3448,3492,3291,3293,3365
27/5/2020 0:00,140,143,108,3284,3291,3345,3144,3148,3237
27/5/2020 0:30,132,117,83,3165,3171,3223,3033,3054,3140
27/5/2020 1:00,124,106,0,3079,3085,3123,2955,2979,3123
27/5/2020 1:30,116,91,0,3012,3018,3037,2896,2927,3037
27/5/2020 2:00,108,86,0,2960,2966,2985,2852,2880,2985
27/5/2020 2:30,102,67,0,2917,2921,2940,2815,2854,2940
27/5/2020 3:00,95,66,29,2885,2891,2926,2790,2825,2897
27/5/2020 3:30,88,65,0,2872,2880,2902,2784,2815,2902
27/5/2020 4:00,85,66,45,2876,2888,2903,2791,2822,2858
27/5/2020 4:30,84,67,0,2873,2878,2906,2789,2811,2906
27/5/2020 5:00,83,70,0,2869,2875,2880,2786,2805,2880
27/5/2020 5:30,84,68,0,2913,2933,2885,2829,2865,2885
27/5/2020 6:00,84,71,26,3031,3067,3026,2947,2996,3000
27/5/2020 6:30,83,73,0,3282,3264,3194,3199,3191,3194
27/5/2020 7:00,82,74,0,3641,3511,3451,3559,3437,3451
27/5/2020 7:30,81,64,0,3949,3776,3705,3868,3712,3705
27/5/2020 8:00,79,65,0,4169,4032,3980,4090,3967,3980
27/5/2020 8:30,75,65,0,4312,4225,4217,4237,4160,4217
27/5/2020 9:00,73,67,0,4385,4339,4357,4312,4272,4357
27/5/2020 9:30,71,66,0,4406,4406,4420,4335,4340,4420
27/5/2020 10:00,72,67,0,4390,4424,4414,4318,4357,4414
27/5/2020 10:30,75,63,0,4379,4430,4430,4304,4367,4430
27/5/2020 11:00,78,65,0,4385,4428,4464,4307,4363,4464
27/5/2020 11:30,81,66,0,4417,4459,4441,4336,4393,4441
27/5/2020 12:00,84,68,27,4465,4501,4466,4381,4433,4439
27/5/2020 12:30,88,69,64,4475,4504,4506,4387,4435,4442
27/5/2020 13:00,92,72,86,4440,4460,4494,4348,4388,4408
27/5/2020 13:30,97,83,97,4381,4391,4370,4284,4308,4273
27/5/2020 14:00,102,84,101,4313,4314,4317,4211,4230,4216
27/5/2020 14:30,106,95,102,4275,4262,4262,4169,4167,4160
27/5/2020 15:00,110,95,105,4273,4248,4218,4163,4153,4113
27/5/2020 15:30,113,97,113,4301,4260,4201,4188,4163,4088
27/5/2020 16:00,116,99,115,4362,4305,4239,4246,4206,4124
27/5/2020 16:30,120,101,108,4481,4413,4344,4361,4312,4236
27/5/2020 17:00,126,108,99,4631,4557,4522,4505,4449,4423
27/5/2020 17:30,134,116,106,4677,4610,4653,4543,4494,4547
27/5/2020 18:00,138,124,116,4605,4552,4625,4467,4428,4509
27/5/2020 18:30,138,138,123,4490,4449,4525,4352,4311,4402
27/5/2020 19:00,145,148,133,4357,4325,4395,4212,4177,4262
27/5/2020 19:30,158,167,150,4231,4219,4295,4073,4052,4145
27/5/2020 20:00,177,192,204,4120,4137,4177,3943,3945,3973
27/5/2020 20:30,201,216,260,4030,4059,4086,3829,3843,3826
27/5/2020 21:00,231,263,336,3966,3989,4023,3735,3726,3687
27/5/2020 21:30,268,354,370,3948,3964,3958,3680,3610,3588
27/5/2020 22:00,299,407,441,3950,3963,3986,3651,3556,3545
27/5/2020 22:30,324,453,492,3849,3857,3880,3525,3404,3388
27/5/2020 23:00,365,487,522,3639,3641,3696,3274,3154,3174
27/5/2020 23:30,382,507,552,3432,3425,3489,3050,2918,2937
28/5/2020 0:00,401,533,575,3265,3260,3354,2864,2727,2779
28/5/2020 0:30,420,579,608,3136,3133,3221,2716,2554,2613
28/5/2020 1:00,448,617,664,3042,3043,3103,2594,2426,2439
28/5/2020 1:30,487,664,711,2970,2973,3034,2483,2309,2323
28/5/2020 2:00,522,699,775,2916,2920,2983,2394,2221,2208
28/5/2020 2:30,556,725,825,2876,2878,2933,2320,2153,2108
28/5/2020 3:00,591,759,828,2848,2851,2888,2257,2092,2060
28/5/2020 3:30,630,784,880,2835,2838,2852,2205,2054,1972
28/5/2020 4:00,665,822,934,2830,2837,2859,2165,2015,1925
28/5/2020 4:30,697,855,978,2819,2822,2853,2122,1967,1875
28/5/2020 5:00,723,888,977,2808,2807,2831,2085,1919,1854
28/5/2020 5:30,744,957,983,2847,2858,2846,2103,1901,1863
28/5/2020 6:00,746,960,988,2963,2988,3012,2217,2028,2024
28/5/2020 6:30,728,952,971,3215,3189,3189,2487,2237,2218
28/5/2020 7:00,689,900,925,3578,3448,3427,2889,2548,2502
28/5/2020 7:30,628,825,829,3894,3724,3659,3266,2899,2830
28/5/2020 8:00,576,751,719,4124,3990,3938,3548,3239,3219
28/5/2020 8:30,532,690,625,4279,4193,4169,3747,3503,3544
28/5/2020 9:00,520,659,588,4365,4316,4294,3845,3657,3706
28/5/2020 9:30,541,651,614,4398,4381,4358,3857,3730,3744
28/5/2020 10:00,583,688,664,4391,4389,4354,3808,3701,3690
28/5/2020 10:30,645,749,812,4384,4395,4353,3739,3646,3541
28/5/2020 11:00,720,829,940,4388,4402,4357,3668,3573,3417
28/5/2020 11:30,807,909,1112,4414,4419,4355,3607,3510,3243
28/5/2020 12:00,903,1011,1306,4454,4450,4392,3551,3439,3086
28/5/2020 12:30,1008,1113,1489,4457,4450,4421,3449,3337,2932
28/5/2020 13:00,1101,1214,1586,4419,4412,4397,3318,3198,2811
28/5/2020 13:30,1182,1306,1647,4357,4355,4286,3175,3049,2639
28/5/2020 14:00,1251,1379,1744,4286,4292,4235,3035,2913,2491
28/5/2020 14:30,1307,1498,1820,4238,4237,4184,2931,2739,2364
28/5/2020 15:00,1356,1531,1870,4221,4203,4148,2865,2672,2278
28/5/2020 15:30,1397,1661,1887,4230,4205,4134,2833,2544,2247
28/5/2020 16:00,1432,1663,1946,4272,4254,4161,2840,2591,2215
28/5/2020 16:30,1461,1716,2017,4375,4371,4275,2914,2655,2258
28/5/2020 17:00,1489,1709,2047,4514,4528,4407,3025,2819,2360
28/5/2020 17:30,1517,1728,2015,4563,4592,4507,3046,2864,2492
28/5/2020 18:00,1546,1714,2066,4506,4544,4486,2960,2830,2420
28/5/2020 18:30,1576,1715,2070,4405,4443,4402,2829,2728,2332
28/5/2020 19:00,1612,1727,1990,4284,4313,4276,2672,2586,2286
28/5/2020 19:30,1656,1841,1909,4174,4190,4173,2518,2349,2264
28/5/2020 20:00,1703,1886,1863,4079,4087,4095,2376,2201,2232
28/5/2020 20:30,1752,2001,1867,3988,3994,4006,2236,1993,2139
28/5/2020 21:00,1800,2037,1864,3909,3922,3931,2109,1885,2067
28/5/2020 21:30,1847,2065,1814,3890,3899,3869,2043,1834,2055
28/5/2020 22:00,1871,2072,1862,3906,3905,3912,2035,1833,2050
28/5/2020 22:30,1871,2076,1946,3809,3809,3843,1938,1733,1897
28/5/2020 23:00,1940,2067,2104,3610,3611,3676,1670,1544,1572
28/5/2020 23:30,1920,1972,2150,3429,3427,3485,1509,1455,1335
29/5/2020 0:00,1902,1956,2198,3291,3290,3333,1389,1334,1135
29/5/2020 0:30,1886,1898,2231,3171,3171,3201,1285,1273,970
29/5/2020 1:00,1887,1892,2208,3066,3069,3084,1179,1177,876
29/5/2020 1:30,1902,1867,2126,2986,2990,2988,1084,1123,862
29/5/2020 2:00,1916,1879,2134,2929,2933,2940,1013,1054,806
29/5/2020 2:30,1927,1951,2137,2877,2878,2893,950,927,756
29/5/2020 3:00,1935,1958,2186,2830,2831,2847,895,873,661
29/5/2020 3:30,1940,2043,2226,2809,2810,2816,869,767,590
29/5/2020 4:00,1952,2055,2219,2812,2816,2813,860,761,594
29/5/2020 4:30,1970,2066,2296,2808,2807,2802,838,741,506
29/5/2020 5:00,1988,2078,2306,2803,2799,2776,815,721,470
29/5/2020 5:30,2004,2108,2260,2841,2849,2788,837,741,528
29/5/2020 6:00,2013,2114,2193,2951,2974,2918,938,860,725
29/5/2020 6:30,2015,2148,2167,3198,3170,3080,1183,1022,913
29/5/2020 7:00,2013,2145,2232,3557,3425,3349,1544,1280,1117
29/5/2020 7:30,2009,2145,2200,3865,3693,3624,1856,1548,1424
29/5/2020 8:00,2022,2147,2212,4086,3948,3820,2064,1801,1608
29/5/2020 8:30,2053,2213,2199,4234,4142,4034,2181,1929,1835
29/5/2020 9:00,2100,2245,2237,4316,4259,4133,2216,2014,1896
29/5/2020 9:30,2163,2224,2419,4341,4314,4212,2178,2090,1793
29/5/2020 10:00,2225,2273,2585,4323,4309,4210,2098,2036,1625
29/5/2020 10:30,2286,2340,2711,4312,4296,4207,2026,1956,1496
29/5/2020 11:00,2337,2383,2647,4316,4286,4214,1979,1903,1567
29/5/2020 11:30,2378,2438,2603,4329,4295,4199,1951,1857,1596
29/5/2020 12:00,2414,2452,2588,4342,4310,4225,1928,1858,1637
29/5/2020 12:30,2444,2434,2575,4330,4293,4238,1886,1859,1663
29/5/2020 13:00,2463,2423,2596,4286,4236,4252,1823,1813,1656
29/5/2020 13:30,2471,2541,2583,4213,4155,4138,1742,1614,1555
29/5/2020 14:00,2465,2500,2563,4120,4064,4087,1655,1564,1524
29/5/2020 14:30,2444,2458,2536,4046,3995,4022,1602,1537,1486
29/5/2020 15:00,2414,2396,2463,4001,3959,3972,1587,1563,1509
29/5/2020 15:30,2375,2326,2473,3992,3951,3966,1617,1625,1493
29/5/2020 16:00,2322,2259,2528,4024,3980,3994,1702,1721,1466
29/5/2020 16:30,2255,2208,2454,4122,4070,4065,1867,1862,1611
29/5/2020 17:00,2186,2145,2397,4263,4202,4197,2077,2057,1800
29/5/2020 17:30,2114,2081,2364,4328,4266,4313,2214,2185,1949
29/5/2020 18:00,2033,2013,2290,4300,4243,4335,2267,2230,2045
29/5/2020 18:30,1945,2008,2260,4226,4170,4263,2281,2162,2003
29/5/2020 19:00,1884,1953,2218,4123,4067,4152,2239,2114,1934
29/5/2020 19:30,1852,1964,2103,4014,3969,4039,2162,2005,1936
29/5/2020 20:00,1831,1913,1995,3908,3885,3922,2077,1972,1927
29/5/2020 20:30,1822,1903,2002,3813,3800,3830,1991,1897,1828
29/5/2020 21:00,1822,1867,1976,3738,3724,3734,1916,1857,1758
29/5/2020 21:30,1830,1840,2006,3723,3705,3665,1893,1865,1659
29/5/2020 22:00,1821,1802,1977,3745,3728,3717,1924,1926,1740
29/5/2020 22:30,1794,1812,1905,3682,3673,3685,1888,1861,1780
29/5/2020 23:00,1642,1768,1834,3532,3531,3549,1890,1763,1715
29/5/2020 23:30,1607,1672,1804,3383,3387,3401,1776,1715,1597
30/5/2020 0:00,1573,1619,1778,3245,3248,3250,1672,1629,1472
30/5/2020 0:30,1540,1578,1761,3109,3111,3115,1569,1533,1354
30/5/2020 1:00,1500,1521,1680,2978,2979,2998,1478,1458,1318
30/5/2020 1:30,1454,1469,1632,2879,2879,2901,1425,1410,1269
30/5/2020 2:00,1409,1420,1565,2813,2812,2842,1404,1392,1277
30/5/2020 2:30,1364,1376,1454,2756,2755,2800,1392,1379,1346
30/5/2020 3:00,1328,1327,1419,2707,2706,2756,1379,1379,1337
30/5/2020 3:30,1300,1276,1431,2677,2678,2738,1377,1402,1307
30/5/2020 4:00,1271,1242,1469,2663,2666,2733,1392,1424,1264
30/5/2020 4:30,1240,1228,1435,2641,2640,2696,1401,1412,1261
30/5/2020 5:00,1218,1214,1418,2611,2605,2632,1393,1391,1214
30/5/2020 5:30,1205,1202,1386,2600,2607,2619,1395,1405,1233
30/5/2020 6:00,1175,1185,1416,2636,2662,2709,1461,1477,1293
30/5/2020 6:30,1130,1161,1445,2800,2782,2795,1670,1621,1350
30/5/2020 7:00,1076,1123,1429,3073,2956,2949,1997,1833,1520
30/5/2020 7:30,1012,1070,1376,3293,3125,3112,2281,2055,1736
30/5/2020 8:00,971,1038,1251,3434,3277,3281,2463,2239,2030
30/5/2020 8:30,953,1029,1177,3556,3415,3471,2603,2386,2294
30/5/2020 9:00,958,1046,1193,3669,3539,3634,2711,2493,2441
30/5/2020 9:30,986,1088,1210,3749,3640,3738,2763,2552,2528
30/5/2020 10:00,1033,1131,1253,3796,3717,3808,2763,2586,2555
30/5/2020 10:30,1100,1177,1347,3830,3767,3850,2730,2590,2503
30/5/2020 11:00,1161,1239,1464,3855,3795,3867,2694,2556,2403
30/5/2020 11:30,1215,1317,1653,3875,3816,3863,2660,2499,2210
30/5/2020 12:00,1274,1390,1766,3885,3832,3867,2611,2442,2101
30/5/2020 12:30,1336,1457,1859,3869,3829,3865,2533,2372,2006
30/5/2020 13:00,1381,1507,1853,3825,3804,3812,2444,2297,1959
30/5/2020 13:30,1409,1537,1837,3758,3758,3725,2349,2221,1888
30/5/2020 14:00,1430,1549,1805,3680,3696,3618,2250,2147,1813
30/5/2020 14:30,1444,1542,1723,3619,3645,3557,2175,2103,1834
30/5/2020 15:00,1441,1524,1666,3583,3614,3508,2142,2090,1842
30/5/2020 15:30,1419,1495,1674,3572,3607,3477,2153,2112,1803
30/5/2020 16:00,1394,1466,1729,3596,3634,3501,2202,2168,1772
30/5/2020 16:30,1364,1436,1652,3688,3725,3594,2324,2289,1942
30/5/2020 17:00,1333,1396,1582,3831,3865,3732,2498,2469,2150
30/5/2020 17:30,1299,1345,1539,3930,3972,3870,2631,2627,2331
30/5/2020 18:00,1259,1293,1496,3962,4021,3912,2703,2728,2416
30/5/2020 18:30,1210,1241,1415,3931,3995,3880,2721,2754,2465
30/5/2020 19:00,1179,1198,1307,3850,3905,3809,2671,2707,2502
30/5/2020 19:30,1166,1166,1229,3761,3804,3726,2595,2638,2497
30/5/2020 20:00,1164,1146,1121,3674,3704,3647,2510,2558,2526
30/5/2020 20:30,1173,1137,1102,3582,3604,3561,2409,2467,2459
30/5/2020 21:00,1193,1146,1148,3498,3518,3512,2305,2372,2364
30/5/2020 21:30,1223,1171,1171,3490,3506,3458,2267,2335,2287
30/5/2020 22:00,1242,1183,1284,3536,3546,3505,2294,2363,2221
30/5/2020 22:30,1252,1180,1290,3480,3488,3479,2228,2308,2189
30/5/2020 23:00,1170,1170,1294,3329,3329,3351,2159,2159,2057
30/5/2020 23:30,1153,1153,1266,3209,3209,3180,2056,2056,1914
31/5/2020 0:00,1130,1130,1224,3140,3140,3054,2010,2010,1830
31/5/2020 0:30,1102,1102,1193,3036,3036,2939,1934,1934,1746
31/5/2020 1:00,1075,1075,1234,2895,2895,2846,1820,1820,1612
31/5/2020 1:30,1050,1050,1203,2786,2786,2754,1736,1736,1551
31/5/2020 2:00,1027,1027,1082,2719,2719,2689,1692,1692,1607
31/5/2020 2:30,1007,1007,976,2664,2664,2635,1657,1657,1659
31/5/2020 3:00,990,990,892,2614,2614,2604,1624,1624,1712
31/5/2020 3:30,978,978,824,2584,2584,2591,1606,1606,1767
31/5/2020 4:00,981,981,735,2570,2570,2580,1589,1589,1845
31/5/2020 4:30,999,999,726,2554,2554,2536,1555,1555,1810
31/5/2020 5:00,1018,1018,710,2532,2532,2470,1514,1514,1760
31/5/2020 5:30,1037,1037,756,2516,2516,2445,1479,1479,1689
31/5/2020 6:00,1041,1041,916,2522,2522,2501,1481,1481,1585
31/5/2020 6:30,1028,1028,1071,2607,2607,2566,1579,1579,1495
31/5/2020 7:00,997,997,1100,2764,2764,2673,1767,1767,1573
31/5/2020 7:30,947,947,1015,2916,2916,2787,1969,1969,1772
31/5/2020 8:00,901,901,935,3050,3050,2947,2149,2149,2012
31/5/2020 8:30,858,858,891,3184,3184,3131,2326,2326,2240
31/5/2020 9:00,843,843,845,3321,3321,3301,2478,2478,2456
31/5/2020 9:30,855,855,859,3448,3448,3466,2593,2593,2607
31/5/2020 10:00,881,881,902,3560,3560,3597,2679,2679,2695
31/5/2020 10:30,920,920,912,3645,3645,3700,2725,2725,2788
31/5/2020 11:00,965,965,1031,3707,3707,3770,2742,2742,2739
31/5/2020 11:30,1017,1017,1120,3771,3771,3797,2754,2754,2677
31/5/2020 12:00,1065,1065,1202,3832,3832,3853,2767,2767,2651
31/5/2020 12:30,1112,1112,1286,3856,3856,3882,2744,2744,2596
31/5/2020 13:00,1146,1146,1408,3836,3836,3855,2690,2690,2447
31/5/2020 13:30,1168,1168,1460,3788,3788,3753,2620,2620,2293
31/5/2020 14:00,1172,1172,1463,3721,3721,3672,2549,2549,2209
31/5/2020 14:30,1157,1157,1390,3667,3667,3582,2510,2510,2192
31/5/2020 15:00,1132,1132,1258,3634,3634,3493,2502,2502,2235
31/5/2020 15:30,1095,1095,1251,3631,3631,3475,2536,2536,2224
31/5/2020 16:00,1051,1051,1167,3661,3661,3501,2610,2610,2334
31/5/2020 16:30,998,998,1162,3724,3724,3581,2726,2726,2419
31/5/2020 17:00,936,936,1068,3808,3808,3686,2872,2872,2618
31/5/2020 17:30,863,863,938,3863,3863,3783,3000,3000,2845
31/5/2020 18:00,798,798,890,3873,3873,3823,3075,3075,2933
31/5/2020 18:30,741,741,847,3838,3838,3792,3097,3097,2945
31/5/2020 19:00,695,695,776,3765,3765,3730,3070,3070,2954
31/5/2020 19:30,661,661,663,3695,3695,3667,3034,3034,3004
31/5/2020 20:00,646,646,526,3636,3636,3604,2990,2990,3078
31/5/2020 20:30,650,650,512,3574,3574,3538,2924,2924,3026
31/5/2020 21:00,660,660,556,3519,3519,3485,2859,2859,2929
31/5/2020 21:30,675,675,593,3516,3516,3430,2841,2841,2837
31/5/2020 22:00,680,680,628,3545,3545,3478,2865,2865,2850
31/5/2020 22:30,676,676,628,3488,3488,3480,2812,2812,2852
31/5/2020 23:00,663,663,584,3338,3338,3335,2675,2675,2751
31/5/2020 23:30,640,640,551,3181,3181,3174,2541,2541,2623
1/6/2020 0:00,618,618,535,3042,3042,3045,2424,2424,2510
1/6/2020 0:30,594,594,512,2928,2928,2941,2334,2334,2429
1/6/2020 1:00,566,566,484,2842,2842,2842,2276,2276,2358
1/6/2020 1:30,534,534,452,2780,2780,2763,2246,2246,2311
1/6/2020 2:00,508,508,445,2735,2735,2726,2227,2227,2281
1/6/2020 2:30,489,489,449,2689,2689,2688,2200,2200,2239
1/6/2020 3:00,472,472,453,2642,2642,2661,2170,2170,2208
1/6/2020 3:30,457,457,401,2617,2617,2641,2160,2160,2240
1/6/2020 4:00,443,443,393,2610,2610,2631,2167,2167,2238
1/6/2020 4:30,430,430,352,2572,2572,2606,2142,2142,2254
1/6/2020 5:00,416,416,303,2517,2517,2566,2101,2101,2263
1/6/2020 5:30,400,400,250,2543,2543,2584,2143,2143,2334
1/6/2020 6:00,377,377,237,2661,2661,2687,2284,2284,2450
1/6/2020 6:30,347,347,204,2818,2818,2792,2471,2471,2588
1/6/2020 7:00,311,311,161,2991,2991,2939,2680,2680,2778
1/6/2020 7:30,269,269,118,3153,3153,3107,2884,2884,2989
1/6/2020 8:00,234,234,86,3300,3300,3300,3066,3066,3214
1/6/2020 8:30,205,205,0,3438,3438,3474,3233,3233,3474
1/6/2020 9:00,185,185,0,3564,3564,3626,3379,3379,3626
1/6/2020 9:30,174,65,0,3671,3740,3749,3497,3675,3749
1/6/2020 10:00,169,62,0,3756,3831,3828,3587,3769,3828
1/6/2020 10:30,170,53,0,3822,3900,3888,3652,3847,3888
1/6/2020 11:00,174,57,0,3873,3942,3936,3699,3885,3936
1/6/2020 11:30,179,58,0,3922,3985,3937,3743,3927,3937
1/6/2020 12:00,186,67,61,3965,4011,3957,3779,3944,3896
1/6/2020 12:30,192,74,83,3976,4004,3970,3784,3930,3887
1/6/2020 13:00,196,83,96,3952,3964,3950,3756,3881,3854
1/6/2020 13:30,197,93,101,3910,3900,3859,3713,3807,3758
1/6/2020 14:00,198,102,127,3860,3823,3780,3662,3721,3653
1/6/2020 14:30,200,113,141,3815,3757,3720,3615,3644,3579
1/6/2020 15:00,205,121,137,3783,3716,3675,3578,3595,3538
1/6/2020 15:30,211,130,162,3787,3718,3656,3576,3588,3494
1/6/2020 16:00,220,144,193,3832,3769,3704,3612,3625,3511
1/6/2020 16:30,230,170,219,3924,3879,3806,3694,3709,3587
1/6/2020 17:00,243,193,247,4045,4022,3955,3802,3829,3708
1/6/2020 17:30,260,223,292,4120,4107,4081,3860,3884,3789
1/6/2020 18:00,275,255,299,4132,4111,4097,3857,3856,3798
1/6/2020 18:30,289,324,334,4079,4057,4030,3790,3733,3696
1/6/2020 19:00,304,359,355,3977,3959,3929,3673,3600,3574
1/6/2020 19:30,322,378,344,3887,3864,3853,3565,3486,3509
1/6/2020 20:00,336,385,329,3818,3783,3787,3482,3398,3458
1/6/2020 20:30,347,393,316,3740,3693,3748,3393,3300,3432
1/6/2020 21:00,356,377,309,3661,3610,3701,3305,3233,3392
1/6/2020 21:30,364,345,272,3641,3597,3641,3277,3252,3369
1/6/2020 22:00,365,332,258,3662,3636,3663,3297,3304,3405
1/6/2020 22:30,359,304,242,3585,3572,3640,3226,3268,3398
1/6/2020 23:00,282,290,220,3395,3396,3478,3113,3106,3258
1/6/2020 23:30,264,261,234,3238,3240,3285,2974,2979,3051
2/6/2020 0:00,247,243,223,3121,3124,3134,2874,2881,2911
2/6/2020 0:30,232,217,210,3013,3017,3011,2781,2800,2801
2/6/2020 1:00,214,193,202,2910,2915,2929,2696,2722,2727
2/6/2020 1:30,193,150,201,2833,2839,2857,2640,2689,2656
2/6/2020 2:00,176,131,186,2785,2791,2817,2609,2660,2631
2/6/2020 2:30,163,90,144,2752,2758,2766,2589,2668,2622
2/6/2020 3:00,157,92,136,2732,2737,2749,2575,2645,2613
2/6/2020 3:30,159,126,151,2722,2727,2722,2563,2601,2571
2/6/2020 4:00,163,130,161,2723,2730,2724,2560,2600,2563
2/6/2020 4:30,167,137,172,2736,2747,2712,2569,2610,2540
2/6/2020 5:00,171,142,176,2763,2771,2680,2592,2629,2504
2/6/2020 5:30,175,168,178,2806,2826,2705,2631,2658,2527
2/6/2020 6:00,175,169,182,2892,2929,2844,2717,2760,2662
2/6/2020 6:30,171,151,206,3124,3114,3010,2953,2963,2804
2/6/2020 7:00,161,145,215,3485,3380,3268,3324,3235,3053
2/6/2020 7:30,145,160,200,3804,3677,3524,3659,3517,3324
2/6/2020 8:00,132,151,168,4041,3975,3805,3909,3824,3637
2/6/2020 8:30,123,146,124,4211,4201,4045,4088,4055,3921
2/6/2020 9:00,120,145,138,4321,4336,4193,4201,4191,4055
2/6/2020 9:30,123,160,162,4375,4405,4280,4252,4245,4118
2/6/2020 10:00,130,166,193,4386,4413,4290,4256,4247,4097
2/6/2020 10:30,139,178,225,4388,4405,4328,4249,4227,4103
2/6/2020 11:00,155,195,252,4394,4391,4325,4239,4196,4073
2/6/2020 11:30,178,196,314,4410,4407,4313,4232,4211,3999
2/6/2020 12:00,207,226,395,4430,4439,4344,4223,4213,3949
2/6/2020 12:30,242,264,450,4422,4444,4403,4180,4180,3953
2/6/2020 13:00,293,311,487,4383,4415,4388,4090,4104,3901
2/6/2020 13:30,360,390,557,4326,4360,4270,3966,3970,3713
2/6/2020 14:00,422,447,655,4259,4292,4215,3837,3845,3560
2/6/2020 14:30,480,505,737,4210,4239,4190,3730,3734,3453
2/6/2020 15:00,538,552,836,4188,4216,4163,3650,3664,3327
2/6/2020 15:30,594,633,930,4200,4229,4156,3606,3596,3226
2/6/2020 16:00,641,675,1105,4255,4285,4212,3614,3610,3107
2/6/2020 16:30,677,720,1177,4366,4392,4326,3689,3672,3149
2/6/2020 17:00,707,749,1202,4508,4526,4464,3801,3777,3262
2/6/2020 17:30,732,826,1123,4567,4577,4581,3835,3751,3458
2/6/2020 18:00,754,827,1051,4523,4528,4549,3769,3701,3498
2/6/2020 18:30,775,864,1033,4422,4421,4416,3647,3557,3383
2/6/2020 19:00,797,847,1027,4285,4281,4291,3488,3434,3264
2/6/2020 19:30,819,971,1078,4160,4164,4159,3341,3193,3081
2/6/2020 20:00,847,943,1079,4054,4083,4084,3207,3140,3005
2/6/2020 20:30,879,967,1097,3957,4011,4016,3078,3044,2919
2/6/2020 21:00,914,951,1148,3874,3950,3981,2960,2999,2833
2/6/2020 21:30,954,890,1049,3841,3912,3937,2887,3022,2888
2/6/2020 22:00,996,882,969,3839,3886,3944,2843,3004,2975
2/6/2020 22:30,1042,867,990,3752,3792,3815,2710,2925,2825
2/6/2020 23:00,852,875,1066,3616,3617,3622,2764,2742,2556
2/6/2020 23:30,906,940,1237,3394,3398,3407,2488,2458,2170
3/6/2020 0:00,966,972,1378,3157,3154,3251,2191,2182,1873
3/6/2020 0:30,1034,1090,1418,2998,2992,3138,1964,1902,1720
3/6/2020 1:00,1098,1147,1552,2924,2921,3061,1826,1774,1509
3/6/2020 1:30,1159,1177,1639,2862,2859,2980,1703,1682,1341
3/6/2020 2:00,1230,1268,1774,2798,2795,2918,1568,1527,1144
3/6/2020 2:30,1310,1464,1824,2749,2745,2867,1439,1281,1043
3/6/2020 3:00,1386,1537,1673,2719,2713,2799,1333,1176,1126
3/6/2020 3:30,1459,1737,1668,2701,2693,2772,1242,956,1104
3/6/2020 4:00,1529,1777,1833,2690,2684,2767,1161,907,934
3/6/2020 4:30,1599,1842,1910,2672,2668,2767,1073,826,857
3/6/2020 5:00,1678,1883,1950,2655,2646,2752,977,763,802
3/6/2020 5:30,1766,1971,2030,2688,2692,2775,922,721,745
3/6/2020 6:00,1848,2015,2174,2797,2819,2886,949,804,712
3/6/2020 6:30,1925,2033,2330,3037,3013,3039,1112,980,709
3/6/2020 7:00,2010,2089,2316,3385,3263,3293,1375,1174,977
3/6/2020 7:30,2103,2208,2551,3705,3537,3555,1602,1329,1004
3/6/2020 8:00,2175,2259,2628,3959,3808,3805,1784,1549,1177
3/6/2020 8:30,2226,2298,2673,4142,4013,3998,1916,1715,1325
3/6/2020 9:00,2263,2342,2659,4257,4138,4074,1994,1796,1415
3/6/2020 9:30,2285,2403,2731,4315,4215,4152,2030,1812,1421
3/6/2020 10:00,2302,2416,2677,4326,4244,4167,2024,1828,1490
3/6/2020 10:30,2313,2454,2753,4318,4250,4203,2005,1796,1450
3/6/2020 11:00,2322,2458,2749,4304,4238,4221,1982,1780,1472
3/6/2020 11:30,2329,2546,2717,4317,4251,4247,1988,1705,1530
3/6/2020 12:00,2330,2531,2743,4350,4304,4283,2020,1773,1540
3/6/2020 12:30,2327,2526,2813,4353,4317,4372,2026,1791,1559
3/6/2020 13:00,2313,2516,2834,4318,4278,4373,2005,1762,1539
3/6/2020 13:30,2288,2509,2787,4259,4219,4241,1971,1710,1454
3/6/2020 14:00,2272,2511,2736,4190,4154,4171,1918,1643,1435
3/6/2020 14:30,2265,2548,2735,4143,4107,4130,1878,1559,1395
3/6/2020 15:00,2255,2549,2727,4126,4091,4106,1871,1542,1379
3/6/2020 15:30,2244,2480,2748,4139,4112,4108,1895,1632,1360
3/6/2020 16:00,2240,2486,2780,4187,4177,4152,1947,1691,1372
3/6/2020 16:30,2244,2556,2815,4289,4290,4253,2045,1734,1438
3/6/2020 17:00,2244,2536,2872,4421,4426,4412,2177,1890,1540
3/6/2020 17:30,2240,2531,2889,4474,4481,4541,2234,1950,1652
3/6/2020 18:00,2227,2480,2840,4432,4435,4493,2205,1955,1653
3/6/2020 18:30,2206,2446,2812,4332,4327,4355,2126,1881,1543
3/6/2020 19:00,2182,2372,2699,4199,4182,4231,2017,1810,1532
3/6/2020 19:30,2156,2343,2547,4086,4064,4111,1930,1721,1564
3/6/2020 20:00,2107,2244,2388,4001,3986,4009,1894,1742,1621
3/6/2020 20:30,2033,2171,2230,3925,3922,3943,1892,1751,1713
3/6/2020 21:00,1956,2046,2020,3860,3872,3886,1904,1826,1866
3/6/2020 21:30,1876,2008,1969,3836,3853,3820,1960,1845,1851
3/6/2020 22:00,1793,1889,1749,3831,3840,3794,2038,1951,2045
3/6/2020 22:30,1707,1819,1619,3735,3715,3706,2028,1896,2087
3/6/2020 23:00,1774,1708,1493,3484,3485,3535,1710,1777,2042
3/6/2020 23:30,1682,1488,1501,3290,3293,3346,1608,1805,1845
4/6/2020 0:00,1588,1386,1417,3160,3162,3219,1572,1776,1802
4/6/2020 0:30,1492,1272,1263,3061,3063,3085,1569,1791,1822
4/6/2020 1:00,1398,1191,1163,2986,2988,3002,1588,1797,1839
4/6/2020 1:30,1306,1115,1214,2923,2926,2937,1617,1811,1723
4/6/2020 2:00,1222,1068,1258,2871,2873,2911,1649,1805,1653
4/6/2020 2:30,1146,1053,1262,2821,2820,2857,1675,1767,1595
4/6/2020 3:00,1082,1030,1188,2777,2778,2814,1695,1748,1626
4/6/2020 3:30,1030,1032,1159,2761,2761,2780,1731,1729,1621
4/6/2020 4:00,996,1015,1125,2769,2772,2765,1773,1757,1640
4/6/2020 4:30,978,1005,1181,2772,2771,2774,1794,1766,1593
4/6/2020 5:00,978,1013,1195,2775,2768,2764,1797,1755,1569
4/6/2020 5:30,997,1089,1230,2826,2826,2775,1829,1737,1545
4/6/2020 6:00,1039,1132,1274,2948,2959,2956,1909,1827,1682
4/6/2020 6:30,1103,1208,1287,3185,3157,3129,2082,1949,1842
4/6/2020 7:00,1170,1271,1350,3514,3407,3360,2344,2136,2010
4/6/2020 7:30,1240,1294,1311,3805,3667,3621,2565,2373,2310
4/6/2020 8:00,1286,1357,1325,4025,3909,3882,2739,2552,2557
4/6/2020 8:30,1308,1455,1411,4177,4079,4094,2869,2624,2683
4/6/2020 9:00,1313,1485,1411,4266,4170,4206,2953,2685,2795
4/6/2020 9:30,1300,1450,1418,4305,4229,4271,3005,2779,2853
4/6/2020 10:00,1301,1470,1512,4307,4262,4291,3006,2792,2779
4/6/2020 10:30,1315,1486,1546,4302,4284,4336,2987,2798,2790
4/6/2020 11:00,1322,1513,1572,4304,4296,4378,2982,2783,2806
4/6/2020 11:30,1322,1501,1580,4339,4342,4433,3017,2841,2853
4/6/2020 12:00,1324,1545,1647,4396,4403,4479,3072,2858,2832
4/6/2020 12:30,1328,1623,1671,4410,4425,4548,3082,2802,2877
4/6/2020 13:00,1352,1662,1721,4372,4396,4540,3020,2734,2819
4/6/2020 13:30,1398,1703,1797,4312,4337,4446,2914,2634,2649
4/6/2020 14:00,1448,1739,1843,4244,4264,4384,2796,2525,2541
4/6/2020 14:30,1503,1760,1907,4198,4218,4366,2695,2458,2459
4/6/2020 15:00,1555,1791,1944,4182,4206,4329,2627,2415,2385
4/6/2020 15:30,1604,1813,1962,4203,4217,4316,2599,2404,2354
4/6/2020 16:00,1648,1848,2061,4262,4255,4359,2614,2407,2298
4/6/2020 16:30,1689,1872,2126,4368,4359,4445,2679,2487,2319
4/6/2020 17:00,1721,1909,2174,4497,4500,4591,2776,2591,2417
4/6/2020 17:30,1745,1995,2205,4548,4551,4687,2803,2556,2482
4/6/2020 18:00,1757,2024,2164,4504,4491,4606,2747,2467,2442
4/6/2020 18:30,1757,2072,2152,4400,4385,4478,2643,2313,2326
4/6/2020 19:00,1743,2065,2235,4263,4255,4321,2520,2190,2086
4/6/2020 19:30,1715,2049,2338,4155,4145,4190,2440,2096,1852
4/6/2020 20:00,1665,1990,2334,4087,4062,4093,2422,2072,1759
4/6/2020 20:30,1594,1943,2238,4033,3991,3985,2439,2048,1747
4/6/2020 21:00,1527,1875,2137,3988,3929,3912,2461,2054,1775
4/6/2020 21:30,1465,1802,2039,3945,3879,3847,2480,2077,1808
4/6/2020 22:00,1411,1743,1990,3886,3823,3847,2475,2080,1857
4/6/2020 22:30,1366,1698,1947,3744,3699,3797,2378,2001,1850
4/6/2020 23:00,1684,1656,1978,3505,3507,3625,1821,1851,1647
4/6/2020 23:30,1666,1751,1984,3325,3333,3431,1659,1582,1447
5/6/2020 0:00,1641,1717,1876,3175,3183,3255,1534,1466,1379
5/6/2020 0:30,1610,1684,1833,3054,3063,3155,1444,1379,1322
5/6/2020 1:00,1574,1653,1788,2960,2969,3034,1386,1316,1246
5/6/2020 1:30,1532,1636,1780,2890,2899,2946,1358,1263,1166
5/6/2020 2:00,1492,1604,1789,2841,2849,2898,1349,1245,1109
5/6/2020 2:30,1454,1612,1743,2791,2796,2841,1337,1184,1098
5/6/2020 3:00,1411,1571,1738,2741,2745,2804,1330,1174,1066
5/6/2020 3:30,1363,1527,1631,2719,2721,2766,1356,1194,1135
5/6/2020 4:00,1322,1475,1482,2722,2725,2757,1400,1250,1275
5/6/2020 4:30,1288,1358,1343,2719,2716,2737,1431,1358,1394
5/6/2020 5:00,1258,1321,1228,2716,2709,2737,1458,1388,1509
5/6/2020 5:30,1233,1327,1142,2771,2774,2763,1538,1447,1621
5/6/2020 6:00,1227,1339,1409,2908,2921,2910,1681,1582,1501
5/6/2020 6:30,1242,1426,1551,3166,3137,3070,1924,1711,1519
5/6/2020 7:00,1300,1474,1523,3518,3407,3301,2218,1933,1778
5/6/2020 7:30,1403,1516,1531,3822,3687,3592,2419,2171,2061
5/6/2020 8:00,1506,1556,1549,4042,3948,3780,2536,2392,2231
5/6/2020 8:30,1607,1517,1715,4174,4129,3980,2567,2612,2265
5/6/2020 9:00,1695,1548,1782,4228,4220,4124,2533,2672,2342
5/6/2020 9:30,1770,1547,1748,4240,4266,4167,2470,2719,2419
5/6/2020 10:00,1837,1580,1762,4230,4278,4159,2393,2698,2397
5/6/2020 10:30,1898,1659,1762,4229,4295,4179,2331,2636,2417
5/6/2020 11:00,1973,1719,1939,4245,4317,4217,2272,2598,2278
5/6/2020 11:30,2063,1794,2013,4281,4334,4258,2218,2540,2245
5/6/2020 12:00,2181,1914,2137,4324,4359,4327,2143,2445,2190
5/6/2020 12:30,2326,2165,2148,4331,4353,4348,2005,2188,2200
5/6/2020 13:00,2463,2310,2464,4291,4311,4335,1828,2001,1871
5/6/2020 13:30,2591,2465,2558,4212,4234,4219,1621,1769,1661
5/6/2020 14:00,2704,2602,2514,4110,4141,4121,1406,1539,1607
5/6/2020 14:30,2804,2812,2525,4044,4076,4106,1240,1264,1581
5/6/2020 15:00,2878,2879,2547,4022,4052,4030,1144,1173,1483
5/6/2020 15:30,2926,2877,2692,4021,4045,4037,1095,1168,1345
5/6/2020 16:00,2972,2931,2791,4046,4068,4069,1074,1137,1278
5/6/2020 16:30,3014,2996,2890,4139,4164,4184,1125,1168,1294
5/6/2020 17:00,3051,3032,2990,4280,4314,4292,1229,1282,1302
5/6/2020 17:30,3083,3032,3106,4344,4380,4425,1261,1348,1319
5/6/2020 18:00,3100,3043,3099,4311,4341,4387,1211,1298,1288
5/6/2020 18:30,3104,2954,3048,4234,4253,4272,1130,1299,1224
5/6/2020 19:00,3101,2943,2948,4133,4136,4124,1032,1193,1176
5/6/2020 19:30,3091,2951,2961,4030,4017,4030,939,1066,1069
5/6/2020 20:00,3067,2910,2838,3932,3908,3921,865,998,1083
5/6/2020 20:30,3027,2884,2792,3841,3800,3818,814,916,1026
5/6/2020 21:00,2965,2832,2708,3765,3707,3729,800,875,1021
5/6/2020 21:30,2883,2887,2649,3727,3682,3662,844,795,1013
5/6/2020 22:00,2814,2826,2650,3711,3706,3649,897,880,999
5/6/2020 22:30,2758,2710,2603,3621,3643,3644,863,933,1041
5/6/2020 23:00,2567,2653,2570,3484,3483,3498,917,830,928
5/6/2020 23:30,2508,2542,2447,3326,3331,3334,818,789,887
6/6/2020 0:00,2463,2493,2346,3194,3199,3218,731,706,872
6/6/2020 0:30,2431,2445,2234,3070,3074,3084,639,629,850
6/6/2020 1:00,2420,2416,2279,2953,2956,2984,533,540,705
6/6/2020 1:30,2428,2385,2213,2863,2864,2881,435,479,668
6/6/2020 2:00,2434,2375,2153,2800,2799,2806,366,424,653
6/6/2020 2:30,2437,2379,2087,2747,2743,2743,310,364,656
6/6/2020 3:00,2438,2369,2008,2701,2699,2678,263,330,670
6/6/2020 3:30,2438,2328,1974,2671,2668,2652,233,340,678
6/6/2020 4:00,2438,2329,1940,2654,2653,2634,216,324,694
6/6/2020 4:30,2439,2339,1979,2636,2632,2615,197,293,636
6/6/2020 5:00,2453,2359,1978,2620,2613,2588,167,254,610
6/6/2020 5:30,2481,2323,1994,2637,2646,2594,156,323,600
6/6/2020 6:00,2540,2392,2035,2705,2736,2666,165,344,631
6/6/2020 6:30,2631,2422,2064,2865,2847,2733,234,425,669
6/6/2020 7:00,2728,2548,2190,3104,2975,2871,376,427,681
6/6/2020 7:30,2833,2642,2343,3319,3130,3003,486,488,660
6/6/2020 8:00,2912,2755,2320,3488,3306,3159,576,551,839
6/6/2020 8:30,2967,2808,2462,3629,3480,3331,662,672,869
6/6/2020 9:00,3016,2878,2594,3745,3637,3479,729,759,885
6/6/2020 9:30,3059,2886,2740,3838,3763,3649,779,877,909
6/6/2020 10:00,3082,2927,2815,3912,3850,3779,830,923,964
6/6/2020 10:30,3086,2880,2896,3979,3929,3887,893,1049,991
6/6/2020 11:00,3087,2895,2814,4041,3997,3948,954,1102,1134
6/6/2020 11:30,3084,2821,2726,4086,4052,4003,1002,1231,1277
6/6/2020 12:00,3075,2831,3001,4109,4090,4110,1034,1259,1109
6/6/2020 12:30,3058,2849,2996,4103,4089,4141,1045,1240,1145
6/6/2020 13:00,3048,2853,3024,4064,4049,4166,1016,1196,1142
6/6/2020 13:30,3044,2876,2975,3995,3984,4095,951,1108,1120
6/6/2020 14:00,3025,2861,2966,3908,3909,4021,883,1048,1055
6/6/2020 14:30,2991,2879,2973,3845,3847,4003,854,968,1030
6/6/2020 15:00,2958,2837,2947,3815,3813,3981,857,976,1034
6/6/2020 15:30,2928,2841,2935,3807,3807,3951,879,966,1016
6/6/2020 16:00,2897,2792,2937,3829,3843,3968,932,1051,1031
6/6/2020 16:30,2865,2739,2972,3927,3951,4067,1062,1212,1095
6/6/2020 17:00,2831,2716,3000,4081,4113,4216,1250,1397,1216
6/6/2020 17:30,2792,2705,3030,4171,4217,4355,1379,1512,1325
6/6/2020 18:00,2760,2689,2987,4173,4233,4398,1413,1544,1411
6/6/2020 18:30,2735,2685,2958,4113,4179,4342,1378,1494,1384
6/6/2020 19:00,2707,2654,2901,4008,4069,4238,1301,1415,1337
6/6/2020 19:30,2675,2682,2919,3899,3957,4113,1224,1275,1194
6/6/2020 20:00,2625,2638,2933,3797,3859,3983,1172,1221,1050
6/6/2020 20:30,2555,2645,2825,3699,3774,3848,1144,1129,1023
6/6/2020 21:00,2477,2578,2691,3613,3706,3756,1136,1128,1065
6/6/2020 21:30,2392,2524,2658,3576,3665,3713,1184,1141,1055
6/6/2020 22:00,2315,2472,2649,3569,3631,3699,1254,1159,1050
6/6/2020 22:30,2245,2471,2561,3475,3517,3586,1230,1046,1025
6/6/2020 23:00,2095,2426,2447,3329,3330,3410,1234,904,963
6/6/2020 23:30,2051,2414,2275,3207,3218,3260,1156,804,985
7/6/2020 0:00,2019,2365,2165,3156,3169,3125,1137,804,960
7/6/2020 0:30,1998,2304,1843,3070,3084,2947,1072,780,1104
7/6/2020 1:00,1974,2265,1755,2938,2952,2865,964,687,1110
7/6/2020 1:30,1949,2263,1729,2824,2838,2773,875,575,1044
7/6/2020 2:00,1909,2206,1606,2741,2755,2722,832,549,1116
7/6/2020 2:30,1854,2100,1599,2673,2683,2694,819,583,1095
7/6/2020 3:00,1807,2050,1536,2616,2626,2631,809,576,1095
7/6/2020 3:30,1767,1897,1497,2581,2591,2607,814,694,1110
7/6/2020 4:00,1735,1844,1468,2564,2576,2587,829,732,1119
7/6/2020 4:30,1710,1622,1470,2545,2573,2590,835,951,1120
7/6/2020 5:00,1694,1605,1446,2520,2547,2551,826,942,1105
7/6/2020 5:30,1687,1544,1363,2492,2532,2495,805,988,1132
7/6/2020 6:00,1692,1555,1325,2487,2543,2506,795,988,1181
7/6/2020 6:30,1709,1541,1306,2604,2607,2578,895,1066,1272
7/6/2020 7:00,1741,1570,1371,2832,2723,2674,1091,1153,1303
7/6/2020 7:30,1786,1610,1591,3022,2860,2791,1236,1250,1200
7/6/2020 8:00,1803,1623,1509,3152,3007,2944,1349,1384,1435
7/6/2020 8:30,1792,1597,1807,3274,3157,3100,1482,1560,1293
7/6/2020 9:00,1754,1571,2028,3398,3307,3280,1644,1736,1252
7/6/2020 9:30,1689,1497,2037,3510,3465,3488,1821,1968,1451
7/6/2020 10:00,1621,1439,1851,3610,3617,3645,1989,2178,1794
7/6/2020 10:30,1549,1320,1660,3716,3742,3755,2167,2422,2095
7/6/2020 11:00,1472,1252,1560,3830,3835,3874,2358,2583,2314
7/6/2020 11:30,1388,1234,1583,3932,3936,3976,2544,2702,2393
7/6/2020 12:00,1333,1184,1500,4011,4043,4088,2678,2859,2588
7/6/2020 12:30,1306,1311,1487,4035,4088,4152,2729,2777,2665
7/6/2020 13:00,1286,1276,1521,4000,4066,4166,2714,2790,2645
7/6/2020 13:30,1273,1291,1479,3934,4003,4066,2661,2712,2587
7/6/2020 14:00,1264,1278,1496,3849,3920,3984,2585,2642,2488
7/6/2020 14:30,1259,1310,1545,3780,3850,3890,2521,2540,2345
7/6/2020 15:00,1257,1299,1496,3735,3808,3822,2478,2509,2326
7/6/2020 15:30,1257,1344,1510,3726,3803,3812,2469,2459,2302
7/6/2020 16:00,1254,1320,1526,3758,3839,3843,2504,2519,2317
7/6/2020 16:30,1247,1361,1410,3837,3918,3891,2590,2557,2481
7/6/2020 17:00,1237,1326,1420,3945,4020,4006,2708,2694,2586
7/6/2020 17:30,1223,1266,1398,4002,4074,4096,2779,2808,2698
7/6/2020 18:00,1200,1217,1269,3993,4060,4099,2793,2843,2830
7/6/2020 18:30,1168,1168,1244,3939,3998,4048,2771,2830,2804
7/6/2020 19:00,1141,1107,1239,3854,3901,3980,2713,2794,2741
7/6/2020 19:30,1120,1100,1146,3780,3817,3890,2660,2717,2744
7/6/2020 20:00,1091,1048,1066,3723,3755,3820,2632,2707,2754
7/6/2020 20:30,1055,1005,975,3666,3694,3753,2611,2689,2778
7/6/2020 21:00,1023,959,957,3614,3640,3709,2591,2681,2752
7/6/2020 21:30,997,907,969,3606,3630,3668,2609,2723,2699
7/6/2020 22:00,963,857,982,3621,3643,3675,2658,2786,2693
7/6/2020 22:30,919,838,956,3533,3566,3657,2614,2728,2701
7/6/2020 23:00,752,787,943,3379,3386,3503,2627,2599,2560
7/6/2020 23:30,700,717,866,3177,3181,3294,2477,2464,2428
8/6/2020 0:00,655,663,779,2987,2988,3165,2332,2325,2386
8/6/2020 0:30,618,578,713,2858,2858,3052,2240,2280,2339
8/6/2020 1:00,577,529,655,2795,2795,2958,2218,2266,2303
8/6/2020 1:30,532,540,608,2758,2759,2873,2226,2219,2265
8/6/2020 2:00,494,507,570,2733,2736,2824,2239,2229,2254
8/6/2020 2:30,462,513,572,2707,2713,2793,2245,2200,2221
8/6/2020 3:00,438,482,511,2681,2687,2748,2243,2205,2237
8/6/2020 3:30,423,444,437,2674,2683,2731,2251,2239,2294
8/6/2020 4:00,407,417,416,2683,2695,2721,2276,2278,2305
8/6/2020 4:30,391,387,394,2672,2710,2712,2281,2323,2318
8/6/2020 5:00,372,354,353,2651,2685,2713,2279,2331,2360
8/6/2020 5:30,351,318,314,2699,2741,2748,2348,2423,2434
8/6/2020 6:00,326,286,278,2844,2897,2917,2518,2611,2639
8/6/2020 6:30,299,253,249,3126,3125,3097,2827,2872,2848
8/6/2020 7:00,278,239,238,3513,3406,3358,3235,3167,3120
8/6/2020 7:30,263,237,249,3837,3688,3604,3574,3451,3355
8/6/2020 8:00,248,223,240,4061,3946,3889,3813,3723,3649
8/6/2020 8:30,232,196,260,4203,4147,4112,3971,3951,3852
8/6/2020 9:00,217,182,232,4275,4277,4247,4058,4095,4015
8/6/2020 9:30,201,169,191,4310,4349,4345,4109,4180,4154
8/6/2020 10:00,185,157,150,4323,4367,4368,4138,4210,4218
8/6/2020 10:30,167,144,131,4339,4391,4401,4172,4247,4270
8/6/2020 11:00,150,128,82,4367,4422,4434,4217,4294,4352
8/6/2020 11:30,134,128,48,4424,4451,4435,4290,4323,4387
8/6/2020 12:00,122,115,0,4496,4496,4472,4374,4381,4472
8/6/2020 12:30,115,112,0,4518,4506,4534,4403,4394,4534
8/6/2020 13:00,111,108,0,4483,4476,4512,4372,4368,4512
8/6/2020 13:30,110,89,56,4429,4420,4417,4319,4331,4361
8/6/2020 14:00,115,97,87,4370,4356,4357,4255,4259,4270
8/6/2020 14:30,127,90,107,4330,4309,4305,4203,4219,4198
8/6/2020 15:00,146,104,118,4315,4293,4284,4169,4189,4166
8/6/2020 15:30,173,111,137,4329,4304,4265,4156,4193,4128
8/6/2020 16:00,197,127,183,4379,4351,4299,4182,4224,4116
8/6/2020 16:30,219,142,257,4491,4467,4397,4272,4325,4140
8/6/2020 17:00,242,160,347,4637,4624,4580,4395,4464,4233
8/6/2020 17:30,264,186,397,4690,4687,4710,4426,4501,4313
8/6/2020 18:00,286,206,388,4631,4633,4676,4345,4427,4288
8/6/2020 18:30,307,231,386,4514,4520,4563,4207,4289,4177
8/6/2020 19:00,325,249,356,4366,4373,4406,4041,4124,4050
8/6/2020 19:30,340,280,319,4243,4251,4278,3903,3971,3959
8/6/2020 20:00,346,284,269,4153,4164,4181,3807,3880,3912
8/6/2020 20:30,344,343,240,4074,4080,4101,3730,3737,3861
8/6/2020 21:00,344,339,229,4006,4005,4059,3662,3666,3830
8/6/2020 21:30,348,316,271,3969,3973,4003,3621,3657,3732
8/6/2020 22:00,337,299,284,3943,3963,3992,3606,3664,3708
8/6/2020 22:30,312,255,234,3823,3849,3928,3511,3594,3694
8/6/2020 23:00,239,242,221,3629,3626,3731,3390,3384,3510
8/6/2020 23:30,212,200,192,3417,3419,3527,3205,3219,3335
9/6/2020 0:00,187,191,158,3248,3251,3356,3061,3060,3198
9/6/2020 0:30,163,176,137,3125,3129,3223,2962,2953,3086
9/6/2020 1:00,142,163,124,3043,3048,3123,2901,2885,2999
9/6/2020 1:30,123,180,99,2976,2980,3048,2853,2800,2949
9/6/2020 2:00,111,161,74,2918,2922,2993,2807,2761,2919
9/6/2020 2:30,105,104,63,2875,2879,2963,2770,2775,2900
9/6/2020 3:00,101,90,21,2849,2854,2932,2748,2764,2911
9/6/2020 3:30,99,61,0,2838,2845,2909,2739,2784,2909
9/6/2020 4:00,97,60,0,2841,2850,2909,2744,2790,2909
9/6/2020 4:30,96,61,0,2843,2849,2886,2747,2788,2886
9/6/2020 5:00,95,62,21,2852,2855,2877,2757,2793,2856
9/6/2020 5:30,92,53,20,2912,2928,2910,2820,2875,2890
9/6/2020 6:00,88,54,45,3046,3081,3050,2958,3027,3005
9/6/2020 6:30,82,52,47,3312,3298,3226,3230,3246,3179
9/6/2020 7:00,79,53,23,3681,3565,3469,3602,3512,3446
9/6/2020 7:30,79,56,0,3987,3838,3721,3908,3782,3721
9/6/2020 8:00,82,59,0,4196,4092,3983,4114,4033,3983
9/6/2020 8:30,87,62,0,4336,4283,4226,4249,4221,4226
9/6/2020 9:00,95,66,53,4416,4400,4356,4321,4334,4303
9/6/2020 9:30,105,65,76,4443,4469,4424,4338,4404,4348
9/6/2020 10:00,117,72,80,4434,4490,4454,4317,4418,4374
9/6/2020 10:30,130,80,97,4441,4504,4493,4311,4424,4396
9/6/2020 11:00,143,87,110,4474,4511,4542,4331,4424,4432
9/6/2020 11:30,156,97,105,4517,4533,4570,4361,4436,4465
9/6/2020 12:00,168,107,105,4559,4568,4625,4391,4461,4520
9/6/2020 12:30,180,119,117,4569,4571,4683,4389,4452,4566
9/6/2020 13:00,195,137,150,4540,4538,4682,4345,4401,4532
9/6/2020 13:30,214,162,196,4488,4486,4582,4274,4324,4386
9/6/2020 14:00,234,188,219,4424,4429,4520,4190,4241,4301
9/6/2020 14:30,255,228,258,4380,4384,4482,4125,4156,4224
9/6/2020 15:00,277,258,311,4363,4362,4448,4086,4104,4137
9/6/2020 15:30,299,289,338,4375,4373,4463,4076,4084,4125
9/6/2020 16:00,323,317,367,4423,4426,4511,4100,4109,4144
9/6/2020 16:30,349,356,380,4534,4547,4630,4185,4191,4250
9/6/2020 17:00,375,389,420,4683,4707,4789,4308,4318,4369
9/6/2020 17:30,400,437,481,4740,4774,4918,4340,4337,4437
9/6/2020 18:00,427,473,520,4687,4724,4871,4260,4251,4351
9/6/2020 18:30,456,509,558,4582,4619,4735,4126,4110,4177
9/6/2020 19:00,475,543,576,4451,4483,4564,3976,3940,3988
9/6/2020 19:30,485,602,547,4344,4370,4405,3859,3768,3858
9/6/2020 20:00,493,622,553,4267,4291,4276,3774,3669,3723
9/6/2020 20:30,499,633,574,4197,4231,4190,3698,3598,3616
9/6/2020 21:00,498,633,632,4131,4183,4127,3633,3550,3495
9/6/2020 21:30,490,578,714,4083,4131,4038,3593,3553,3324
9/6/2020 22:00,481,562,711,4035,4057,4009,3554,3495,3298
9/6/2020 22:30,471,560,675,3905,3916,3895,3434,3356,3220
9/6/2020 23:00,504,544,708,3706,3708,3698,3202,3164,2990
9/6/2020 23:30,502,497,710,3504,3522,3497,3002,3025,2787
10/6/2020 0:00,495,488,697,3327,3349,3355,2832,2861,2658
10/6/2020 0:30,481,490,678,3188,3212,3227,2707,2722,2549
10/6/2020 1:00,462,481,638,3090,3113,3119,2628,2632,2481
10/6/2020 1:30,437,534,616,3019,3039,3052,2582,2505,2436
10/6/2020 2:00,428,516,566,2971,2990,3011,2543,2474,2445
10/6/2020 2:30,434,477,507,2933,2949,2977,2499,2472,2470
10/6/2020 3:00,445,456,487,2904,2921,2948,2459,2465,2461
10/6/2020 3:30,460,468,414,2886,2906,2914,2426,2438,2500
10/6/2020 4:00,461,451,392,2879,2905,2904,2418,2454,2512
10/6/2020 4:30,449,441,380,2876,2896,2895,2427,2455,2515
10/6/2020 5:00,440,418,366,2882,2898,2901,2442,2480,2535
10/6/2020 5:30,436,394,338,2935,2963,2927,2499,2569,2589
10/6/2020 6:00,443,358,298,3059,3103,3078,2616,2745,2780
10/6/2020 6:30,461,308,305,3320,3309,3271,2859,3001,2966
10/6/2020 7:00,482,286,289,3693,3568,3534,3211,3282,3245
10/6/2020 7:30,506,226,244,4009,3843,3778,3503,3617,3534
10/6/2020 8:00,529,224,206,4232,4107,4034,3703,3883,3828
10/6/2020 8:30,551,228,202,4380,4301,4254,3829,4073,4052
10/6/2020 9:00,579,238,200,4463,4414,4399,3884,4176,4199
10/6/2020 9:30,612,197,201,4501,4479,4465,3889,4282,4264
10/6/2020 10:00,633,221,246,4507,4501,4468,3874,4280,4222
10/6/2020 10:30,641,222,303,4509,4521,4502,3868,4299,4199
10/6/2020 11:00,663,254,340,4518,4542,4531,3855,4288,4191
10/6/2020 11:30,697,292,397,4545,4589,4552,3848,4297,4155
10/6/2020 12:00,734,340,434,4582,4626,4598,3848,4286,4164
10/6/2020 12:30,773,413,465,4584,4630,4654,3811,4217,4189
10/6/2020 13:00,830,476,537,4545,4599,4657,3715,4123,4120
10/6/2020 13:30,907,558,630,4491,4547,4549,3584,3989,3919
10/6/2020 14:00,990,630,675,4432,4492,4491,3442,3862,3816
10/6/2020 14:30,1080,752,712,4390,4455,4439,3310,3703,3727
10/6/2020 15:00,1166,836,894,4372,4447,4430,3206,3611,3536
10/6/2020 15:30,1247,1080,1047,4384,4463,4411,3137,3383,3364
10/6/2020 16:00,1325,1203,1180,4435,4513,4469,3110,3310,3289
10/6/2020 16:30,1400,1362,1436,4548,4621,4609,3148,3259,3173
10/6/2020 17:00,1463,1483,1522,4697,4763,4732,3234,3280,3210
10/6/2020 17:30,1514,1620,1564,4756,4814,4841,3242,3194,3277
10/6/2020 18:00,1546,1718,1715,4705,4752,4795,3159,3034,3080
10/6/2020 18:30,1559,1759,1739,4594,4625,4657,3035,2866,2918
10/6/2020 19:00,1561,1806,1767,4450,4457,4502,2889,2651,2735
10/6/2020 19:30,1550,1751,1857,4330,4312,4382,2780,2561,2525
10/6/2020 20:00,1538,1746,1894,4243,4204,4296,2705,2458,2402
10/6/2020 20:30,1524,1777,1862,4173,4109,4209,2649,2332,2347
10/6/2020 21:00,1520,1748,1814,4115,4031,4093,2595,2283,2279
10/6/2020 21:30,1526,1616,1767,4073,3993,3993,2547,2377,2226
10/6/2020 22:00,1540,1601,1824,4028,3970,3968,2488,2369,2144
10/6/2020 22:30,1563,1592,1890,3896,3851,3843,2333,2259,1953
10/6/2020 23:00,1494,1642,2038,3632,3633,3675,2138,1991,1637
10/6/2020 23:30,1558,1765,2144,3431,3431,3485,1873,1666,1341
11/6/2020 0:00,1634,1845,2225,3273,3276,3336,1639,1431,1111
11/6/2020 0:30,1724,1964,2108,3147,3152,3189,1423,1188,1081
11/6/2020 1:00,1819,2048,2085,3051,3056,3049,1232,1008,964
11/6/2020 1:30,1919,2178,2074,2984,2990,2952,1065,812,878
11/6/2020 2:00,2003,2239,2058,2940,2951,2885,937,712,827
11/6/2020 2:30,2069,2401,2115,2901,2913,2872,832,512,757
11/6/2020 3:00,2119,2430,2109,2865,2877,2822,746,447,713
11/6/2020 3:30,2154,2461,2120,2839,2851,2798,685,390,678
11/6/2020 4:00,2187,2468,2114,2826,2839,2796,639,371,682
11/6/2020 4:30,2218,2469,2094,2819,2826,2766,601,357,672
11/6/2020 5:00,2244,2478,2110,2827,2832,2773,583,354,663
11/6/2020 5:30,2264,2367,2122,2894,2907,2799,630,540,677
11/6/2020 6:00,2291,2398,2252,3042,3064,2963,751,666,711
11/6/2020 6:30,2325,2392,2386,3311,3292,3123,986,900,737
11/6/2020 7:00,2363,2441,2558,3676,3575,3408,1313,1134,850
11/6/2020 7:30,2407,2420,2683,3988,3857,3642,1581,1437,959
11/6/2020 8:00,2438,2468,2822,4214,4113,3909,1776,1645,1087
11/6/2020 8:30,2458,2490,2979,4360,4300,4170,1902,1810,1191
11/6/2020 9:00,2471,2502,3010,4435,4409,4299,1964,1907,1289
11/6/2020 9:30,2478,2460,2953,4469,4465,4404,1991,2005,1451
11/6/2020 10:00,2473,2444,2831,4474,4475,4426,2001,2031,1595
11/6/2020 10:30,2455,2540,2780,4480,4487,4446,2025,1947,1666
11/6/2020 11:00,2442,2504,2769,4497,4507,4478,2055,2003,1709
11/6/2020 11:30,2434,2530,2773,4528,4543,4487,2094,2013,1714
11/6/2020 12:00,2426,2495,2705,4566,4588,4517,2140,2093,1812
11/6/2020 12:30,2420,2549,2713,4569,4593,4584,2149,2044,1871
11/6/2020 13:00,2423,2524,2696,4532,4554,4563,2109,2030,1867
11/6/2020 13:30,2436,2493,2688,4475,4488,4454,2039,1995,1766
11/6/2020 14:00,2442,2486,2775,4413,4416,4409,1971,1930,1634
11/6/2020 14:30,2443,2515,2820,4375,4366,4382,1932,1851,1562
11/6/2020 15:00,2442,2510,2842,4366,4353,4380,1924,1843,1538
11/6/2020 15:30,2440,2551,2882,4380,4374,4375,1940,1823,1493
11/6/2020 16:00,2424,2536,2902,4422,4433,5490,1998,1897,2588
11/6/2020 16:30,2393,2509,2947,4524,4540,4574,2131,2031,1627
11/6/2020 17:00,2357,2487,2930,4661,4671,4760,2304,2184,1830
11/6/2020 17:30,2315,2499,2841,4714,4717,4851,2399,2218,2010
11/6/2020 18:00,2262,2445,2709,4663,4663,4810,2401,2218,2101
11/6/2020 18:30,2197,2455,2716,4549,4555,4683,2352,2100,1967
11/6/2020 19:00,2133,2386,2677,4396,4421,4509,2263,2035,1832
11/6/2020 19:30,2069,2395,2506,4266,4316,4365,2197,1921,1859
11/6/2020 20:00,2003,2305,2341,4166,4243,4257,2163,1938,1916
11/6/2020 20:30,1934,2262,2175,4070,4145,4147,2136,1883,1972
11/6/2020 21:00,1886,2186,2119,3983,4029,4100,2097,1843,1981
11/6/2020 21:30,1857,2060,2118,3953,3966,4029,2096,1906,1911
11/6/2020 22:00,1835,2002,2135,3957,3943,3984,2122,1941,1849
11/6/2020 22:30,1818,1985,2066,3854,3836,3906,2036,1851,1840
11/6/2020 23:00,1912,1925,2011,3637,3637,3704,1725,1712,1693
11/6/2020 23:30,1882,1853,1935,3453,3438,3486,1571,1585,1551
12/6/2020 0:00,1865,1824,1963,3305,3290,3329,1440,1466,1366
12/6/2020 0:30,1861,1778,1891,3164,3149,3200,1303,1371,1309
12/6/2020 1:00,1884,1790,1937,3032,3016,3100,1148,1226,1163
12/6/2020 1:30,1935,1880,2002,2938,2922,3014,1003,1042,1012
12/6/2020 2:00,1975,1910,2049,2881,2869,2956,906,959,907
12/6/2020 2:30,2003,1981,2023,2835,2825,2885,832,844,862
12/6/2020 3:00,2022,1998,2074,2794,2788,2856,772,790,782
12/6/2020 3:30,2032,2027,2152,2773,2770,2836,741,743,684
12/6/2020 4:00,2043,2033,2153,2768,2769,2839,725,736,686
12/6/2020 4:30,2053,2039,2124,2760,2753,2833,707,714,709
12/6/2020 5:00,2064,2044,2113,2755,2746,2842,691,702,729
12/6/2020 5:30,2078,2061,2100,2796,2802,2843,718,741,743
12/6/2020 6:00,2101,2070,2215,2909,2933,2982,808,863,767
12/6/2020 6:30,2133,2092,2196,3161,3136,3126,1028,1044,930
12/6/2020 7:00,2164,2116,2189,3530,3399,3390,1366,1283,1201
12/6/2020 7:30,2194,2195,2235,3856,3682,3638,1662,1487,1403
12/6/2020 8:00,2214,2213,2253,4105,3958,3922,1891,1745,1669
12/6/2020 8:30,2225,2208,2289,4284,4177,4164,2059,1969,1875
12/6/2020 9:00,2239,2215,2247,4398,4324,4344,2159,2109,2097
12/6/2020 9:30,2258,2382,2205,4460,4413,4446,2202,2031,2241
12/6/2020 10:00,2265,2374,2187,4481,4452,4482,2216,2078,2295
12/6/2020 10:30,2261,2304,2325,4498,4476,4521,2237,2172,2196
12/6/2020 11:00,2242,2269,2357,4522,4496,4564,2280,2227,2207
12/6/2020 11:30,2207,2101,2282,4558,4533,4607,2351,2432,2325
12/6/2020 12:00,2164,2054,2194,4597,4569,4624,2433,2515,2430
12/6/2020 12:30,2112,2053,2079,4600,4573,4694,2488,2520,2615
12/6/2020 13:00,2074,2000,1976,4557,4535,4663,2483,2535,2687
12/6/2020 13:30,2049,1913,1969,4479,4465,4548,2430,2552,2579
12/6/2020 14:00,2034,1875,1917,4380,4376,4470,2346,2501,2553
12/6/2020 14:30,2028,1927,1842,4311,4312,4395,2283,2385,2553
12/6/2020 15:00,2029,1899,1881,4284,4279,4355,2255,2380,2474
12/6/2020 15:30,2038,1919,1850,4288,4269,4304,2250,2350,2454
12/6/2020 16:00,2047,1900,1921,4325,4284,4331,2278,2384,2410
12/6/2020 16:30,2057,1854,2027,4409,4356,4422,2352,2502,2395
12/6/2020 17:00,2052,1855,2084,4520,4468,4565,2468,2613,2481
12/6/2020 17:30,2032,1849,2128,4561,4525,4692,2529,2676,2564
12/6/2020 18:00,2014,1861,2063,4517,4508,4702,2503,2647,2639
12/6/2020 18:30,1997,1929,1993,4426,4437,4599,2429,2508,2606
12/6/2020 19:00,1980,1933,1989,4308,4328,4467,2328,2395,2478
12/6/2020 19:30,1962,1913,1938,4204,4223,4324,2242,2310,2386
12/6/2020 20:00,1936,1895,1859,4117,4127,4209,2181,2232,2350
12/6/2020 20:30,1904,1930,1857,4017,4025,4103,2113,2095,2246
12/6/2020 21:00,1861,1891,1806,3910,3922,4049,2049,2031,2243
12/6/2020 21:30,1806,1822,1689,3851,3914,3946,2045,2092,2257
12/6/2020 22:00,1752,1758,1625,3830,3866,3891,2078,2108,2266
12/6/2020 22:30,1697,1658,1572,3744,3763,3790,2047,2105,2218
12/6/2020 23:00,1642,1591,1579,3601,3601,3658,1959,2010,2079
12/6/2020 23:30,1575,1508,1541,3455,3439,3502,1880,1931,1961
13/6/2020 0:00,1517,1459,1466,3323,3298,3370,1806,1839,1904
13/6/2020 0:30,1467,1427,1416,3185,3172,3263,1718,1745,1847
13/6/2020 1:00,1417,1374,1411,3044,3057,3152,1627,1683,1741
13/6/2020 1:30,1369,1259,1366,2934,2959,3059,1565,1700,1693
13/6/2020 2:00,1323,1211,1221,2857,2879,2979,1534,1668,1758
13/6/2020 2:30,1277,1162,1141,2792,2814,2946,1515,1652,1805
13/6/2020 3:00,1226,1112,1160,2736,2767,2893,1510,1655,1733
13/6/2020 3:30,1169,1067,1128,2706,2748,2857,1537,1681,1729
13/6/2020 4:00,1121,1031,1094,2694,2750,2840,1573,1719,1746
13/6/2020 4:30,1080,1004,1072,2666,2720,2835,1586,1716,1763
13/6/2020 5:00,1039,977,1058,2628,2681,2804,1589,1704,1746
13/6/2020 5:30,997,960,1013,2634,2689,2788,1637,1729,1775
13/6/2020 6:00,961,930,1002,2697,2755,2867,1736,1825,1865
13/6/2020 6:30,930,887,929,2814,2864,2954,1884,1977,2025
13/6/2020 7:00,897,842,830,2975,3007,3077,2078,2165,2247
13/6/2020 7:30,860,795,773,3149,3176,3264,2289,2381,2491
13/6/2020 8:00,822,735,748,3328,3361,3406,2506,2626,2658
13/6/2020 8:30,783,701,640,3500,3543,3576,2717,2842,2936
13/6/2020 9:00,736,650,587,3661,3708,3752,2925,3058,3165
13/6/2020 9:30,681,607,542,3802,3850,3899,3121,3243,3357
13/6/2020 10:00,625,571,488,3918,3953,4025,3293,3382,3537
13/6/2020 10:30,570,505,451,3996,4027,4114,3426,3522,3663
13/6/2020 11:00,520,487,447,4040,4070,4167,3520,3583,3720
13/6/2020 11:30,475,479,425,4081,4128,4203,3606,3649,3778
13/6/2020 12:00,439,458,421,4119,4172,4239,3680,3714,3818
13/6/2020 12:30,410,405,402,4130,4182,4268,3720,3777,3866
13/6/2020 13:00,389,382,423,4106,4152,4255,3717,3770,3832
13/6/2020 13:30,375,350,445,4052,4095,4162,3677,3745,3717
13/6/2020 14:00,364,334,413,3979,4024,4067,3615,3690,3654
13/6/2020 14:30,355,370,343,3921,3968,3996,3566,3598,3653
13/6/2020 15:00,349,359,315,3887,3938,3933,3538,3579,3618
13/6/2020 15:30,344,365,307,3879,3927,3895,3535,3562,3588
13/6/2020 16:00,339,357,341,3899,3945,3881,3560,3588,3540
13/6/2020 16:30,333,351,332,3970,4038,3932,3637,3687,3600
13/6/2020 17:00,324,336,385,4080,4188,4068,3756,3852,3683
13/6/2020 17:30,312,320,375,4167,4288,4194,3855,3968,3819
13/6/2020 18:00,295,292,417,4209,4308,4241,3914,4016,3824
13/6/2020 18:30,273,228,425,4180,4255,4207,3907,4027,3782
13/6/2020 19:00,261,209,414,4087,4143,4101,3826,3934,3687
13/6/2020 19:30,257,215,427,3990,4032,3996,3733,3817,3569
13/6/2020 20:00,253,210,367,3901,3938,3894,3648,3728,3527
13/6/2020 20:30,248,234,356,3800,3847,3813,3552,3613,3457
13/6/2020 21:00,253,242,346,3698,3769,3732,3445,3527,3386
13/6/2020 21:30,266,363,345,3657,3746,3662,3391,3383,3317
13/6/2020 22:00,289,376,382,3660,3757,3634,3371,3381,3252
13/6/2020 22:30,322,423,449,3581,3670,3634,3259,3247,3185
13/6/2020 23:00,334,424,503,3483,3489,3528,3149,3065,3025
13/6/2020 23:30,365,406,558,3352,3359,3397,2987,2953,2839
14/6/2020 0:00,384,406,560,3285,3289,3291,2901,2883,2731
14/6/2020 0:30,391,397,596,3190,3191,3160,2799,2794,2564
14/6/2020 1:00,403,410,642,3059,3062,3043,2656,2652,2401
14/6/2020 1:30,420,434,694,2949,2952,2943,2529,2518,2249
14/6/2020 2:00,432,455,691,2870,2875,2872,2438,2420,2181
14/6/2020 2:30,440,501,728,2808,2812,2818,2368,2311,2090
14/6/2020 3:00,450,503,619,2762,2767,2770,2312,2264,2151
14/6/2020 3:30,463,547,546,2738,2743,2734,2275,2196,2188
14/6/2020 4:00,476,550,550,2729,2736,2735,2253,2186,2185
14/6/2020 4:30,487,565,534,2705,2714,2695,2218,2149,2161
14/6/2020 5:00,488,559,539,2666,2672,2636,2178,2113,2097
14/6/2020 5:30,480,596,577,2643,2659,2616,2163,2063,2039
14/6/2020 6:00,458,561,577,2659,2689,2666,2201,2128,2089
14/6/2020 6:30,422,483,606,2773,2764,2716,2351,2281,2110
14/6/2020 7:00,389,441,618,2973,2883,2801,2584,2442,2183
14/6/2020 7:30,358,374,585,3148,3034,2940,2790,2660,2355
14/6/2020 8:00,336,345,555,3282,3206,3052,2946,2861,2497
14/6/2020 8:30,323,324,454,3420,3382,3203,3097,3058,2749
14/6/2020 9:00,319,325,413,3568,3553,3376,3249,3228,2963
14/6/2020 9:30,324,379,392,3705,3713,3542,3381,3334,3150
14/6/2020 10:00,323,393,411,3825,3850,3730,3502,3457,3319
14/6/2020 10:30,317,478,410,3926,3960,3865,3609,3482,3455
14/6/2020 11:00,317,485,412,4010,4040,3968,3693,3555,3556
14/6/2020 11:30,324,490,435,4090,4119,4021,3766,3629,3586
14/6/2020 12:00,337,484,428,4158,4193,4118,3821,3709,3690
14/6/2020 12:30,354,449,437,4179,4219,4151,3825,3770,3714
14/6/2020 13:00,378,450,480,4147,4192,4115,3769,3742,3635
14/6/2020 13:30,408,437,585,4084,4122,4020,3676,3685,3435
14/6/2020 14:00,430,427,602,4003,4027,3913,3573,3600,3311
14/6/2020 14:30,444,432,732,3934,3947,3850,3490,3515,3118
14/6/2020 15:00,438,424,704,3887,3900,3804,3449,3476,3100
14/6/2020 15:30,409,383,639,3873,3879,3764,3464,3496,3125
14/6/2020 16:00,367,350,527,3900,3890,3764,3533,3540,3237
14/6/2020 16:30,311,306,510,3977,3950,3841,3666,3644,3331
14/6/2020 17:00,266,270,521,4088,4042,3962,3822,3772,3441
14/6/2020 17:30,232,312,370,4148,4094,4060,3916,3782,3690
14/6/2020 18:00,210,281,253,4141,4088,4077,3931,3807,3824
14/6/2020 18:30,199,320,190,4090,4041,4035,3891,3721,3845
14/6/2020 19:00,191,299,153,4011,3965,3959,3820,3666,3806
14/6/2020 19:30,187,255,136,3938,3892,3887,3751,3637,3751
14/6/2020 20:00,191,245,143,3875,3830,3826,3684,3585,3683
14/6/2020 20:30,203,292,126,3806,3759,3770,3603,3467,3644
14/6/2020 21:00,214,286,102,3740,3689,3733,3526,3403,3631
14/6/2020 21:30,222,207,120,3725,3663,3665,3503,3456,3545
14/6/2020 22:00,219,211,157,3744,3671,3673,3525,3460,3516
14/6/2020 22:30,204,171,187,3674,3621,3643,3470,3450,3456
14/6/2020 23:00,218,178,185,3497,3498,3496,3279,3320,3311
14/6/2020 23:30,216,191,183,3334,3335,3324,3118,3144,3141
15/6/2020 0:00,214,197,183,3156,3156,3199,2942,2959,3016
15/6/2020 0:30,212,174,194,3024,3026,3091,2812,2852,2897
15/6/2020 1:00,203,173,192,2948,2952,2981,2745,2779,2789
15/6/2020 1:30,187,174,185,2892,2897,2895,2705,2723,2710
15/6/2020 2:00,174,161,164,2848,2855,2850,2674,2694,2686
15/6/2020 2:30,163,136,140,2811,2818,2811,2648,2682,2671
15/6/2020 3:00,154,131,143,2781,2789,2770,2627,2658,2627
15/6/2020 3:30,148,114,143,2760,2768,2752,2612,2654,2609
15/6/2020 4:00,140,109,144,2746,2755,2755,2606,2646,2611
15/6/2020 4:30,132,103,143,2726,2732,2745,2594,2629,2602
15/6/2020 5:00,123,96,118,2713,2716,2729,2590,2620,2611
15/6/2020 5:30,114,90,115,2767,2782,2779,2653,2692,2664
15/6/2020 6:00,106,83,116,2911,2939,2944,2805,2856,2828
15/6/2020 6:30,99,82,78,3175,3151,3117,3076,3069,3039
15/6/2020 7:00,94,80,58,3537,3403,3374,3443,3323,3316
15/6/2020 7:30,90,90,23,3869,3682,3708,3779,3592,3685
15/6/2020 8:00,87,88,0,4138,3963,3936,4051,3875,3936
15/6/2020 8:30,85,85,0,4326,4174,4188,4241,4089,4188
15/6/2020 9:00,84,85,0,4437,4303,4350,4353,4218,4350
15/6/2020 9:30,84,94,0,4493,4385,4447,4409,4291,4447
15/6/2020 10:00,83,93,0,4512,4424,4478,4429,4331,4478
15/6/2020 10:30,82,74,0,4532,4455,4515,4450,4381,4515
15/6/2020 11:00,82,74,0,4564,4481,4543,4482,4407,4543
15/6/2020 11:30,84,66,0,4608,4541,4562,4524,4475,4562
15/6/2020 12:00,85,66,0,4655,4585,4615,4570,4519,4615
15/6/2020 12:30,87,67,0,4664,4585,4677,4577,4518,4677
15/6/2020 13:00,91,71,0,4632,4538,4639,4541,4467,4639
15/6/2020 13:30,96,79,0,4582,4480,4524,4486,4401,4524
15/6/2020 14:00,105,86,0,4526,4427,4459,4421,4341,4459
15/6/2020 14:30,117,90,46,4490,4400,4396,4373,4310,4350
15/6/2020 15:00,127,96,86,4477,4400,4378,4350,4304,4292
15/6/2020 15:30,136,103,102,4474,4402,4360,4338,4299,4258
15/6/2020 16:00,149,114,117,4491,4418,4386,4342,4304,4269
15/6/2020 16:30,165,130,164,4575,4513,4492,4410,4383,4328
15/6/2020 17:00,177,137,206,4706,4665,4643,4529,4528,4437
15/6/2020 17:30,186,136,225,4753,4728,4761,4567,4592,4536
15/6/2020 18:00,181,139,270,4695,4673,4689,4514,4534,4419
15/6/2020 18:30,163,138,284,4577,4558,4554,4414,4420,4270
15/6/2020 19:00,154,146,301,4424,4408,4428,4270,4262,4127
15/6/2020 19:30,155,158,254,4294,4278,4312,4139,4120,4058
15/6/2020 20:00,160,166,266,4192,4180,4227,4032,4014,3961
15/6/2020 20:30,167,199,254,4096,4092,4148,3929,3893,3894
15/6/2020 21:00,172,208,254,4005,4013,4088,3833,3805,3834
15/6/2020 21:30,173,240,259,3955,3968,4001,3782,3728,3742
15/6/2020 22:00,176,245,216,3933,3941,3953,3757,3696,3737
15/6/2020 22:30,179,265,213,3851,3841,3917,3672,3576,3704
15/6/2020 23:00,168,269,188,3657,3658,3739,3489,3389,3551
15/6/2020 23:30,168,255,154,3441,3439,3545,3273,3184,3391
16/6/2020 0:00,166,248,148,3221,3219,3382,3055,2971,3234
16/6/2020 0:30,160,233,122,3068,3066,3256,2908,2833,3134
16/6/2020 1:00,155,222,117,2988,2984,3148,2833,2762,3031
16/6/2020 1:30,150,209,143,2929,2924,3068,2779,2715,2925
16/6/2020 2:00,145,204,185,2878,2874,3009,2733,2670,2824
16/6/2020 2:30,141,163,196,2837,2835,2966,2696,2672,2770
16/6/2020 3:00,139,163,207,2809,2807,2936,2670,2644,2729
16/6/2020 3:30,139,169,221,2796,2796,2920,2657,2627,2699
16/6/2020 4:00,141,181,212,2796,2802,2913,2655,2621,2701
16/6/2020 4:30,145,196,212,2796,2799,2887,2651,2603,2675
16/6/2020 5:00,149,205,215,2804,2804,2887,2655,2599,2672
16/6/2020 5:30,153,218,203,2869,2878,2923,2716,2660,2720
16/6/2020 6:00,158,226,183,3012,3031,3091,2854,2805,2908
16/6/2020 6:30,164,256,183,3261,3244,3256,3097,2988,3073
16/6/2020 7:00,169,263,167,3595,3502,3511,3426,3239,3344
16/6/2020 7:30,172,260,156,3899,3779,3823,3727,3519,3667
16/6/2020 8:00,176,266,150,4140,4052,4033,3964,3786,3883
16/6/2020 8:30,181,270,120,4309,4267,4259,4128,3997,4139
16/6/2020 9:00,183,273,121,4407,4409,4412,4224,4136,4291
16/6/2020 9:30,182,194,111,4455,4494,4485,4273,4300,4374
16/6/2020 10:00,183,186,110,4469,4524,4502,4286,4338,4392
16/6/2020 10:30,183,159,117,4486,4545,4555,4303,4386,4438
16/6/2020 11:00,187,156,115,4516,4564,4585,4329,4408,4470
16/6/2020 11:30,195,147,103,4559,4617,4603,4364,4470,4500
16/6/2020 12:00,204,148,107,4604,4671,4652,4400,4523,4545
16/6/2020 12:30,216,132,106,4605,4677,4706,4389,4545,4600
16/6/2020 13:00,243,143,101,4559,4627,4695,4316,4484,4594
16/6/2020 13:30,286,155,116,4500,4559,4595,4214,4404,4479
16/6/2020 14:00,329,179,120,4443,4491,4528,4114,4312,4408
16/6/2020 14:30,373,202,130,4414,4444,4486,4041,4242,4356
16/6/2020 15:00,413,233,151,4414,4428,4431,4001,4195,4280
16/6/2020 15:30,447,241,199,4417,4437,4422,3970,4196,4223
16/6/2020 16:00,484,276,239,4435,4477,4472,3951,4201,4233
16/6/2020 16:30,522,296,259,4526,4576,4595,4004,4280,4336
16/6/2020 17:00,561,341,276,4670,4708,4751,4109,4367,4475
16/6/2020 17:30,600,386,306,4722,4744,4876,4122,4358,4570
16/6/2020 18:00,635,433,326,4661,4666,4819,4026,4233,4493
16/6/2020 18:30,666,462,323,4546,4550,4676,3880,4088,4353
16/6/2020 19:00,684,494,327,4402,4422,4519,3718,3928,4192
16/6/2020 19:30,690,547,364,4278,4313,4385,3588,3766,4021
16/6/2020 20:00,696,562,380,4182,4229,4258,3486,3667,3878
16/6/2020 20:30,703,545,422,4097,4146,4164,3394,3601,3742
16/6/2020 21:00,705,545,447,4023,4066,4086,3318,3521,3639
16/6/2020 21:30,701,470,444,3979,4014,4027,3278,3544,3583
16/6/2020 22:00,699,464,452,3947,3975,3993,3248,3511,3541
16/6/2020 22:30,698,413,448,3843,3870,3930,3145,3457,3482
16/6/2020 23:00,548,413,452,3688,3691,3732,3140,3278,3280
16/6/2020 23:30,534,396,470,3498,3508,3537,2964,3112,3067
17/6/2020 0:00,521,392,455,3321,3331,3395,2800,2939,2940
17/6/2020 0:30,511,400,418,3184,3195,3267,2673,2795,2849
17/6/2020 1:00,493,395,393,3089,3101,3154,2596,2706,2761
17/6/2020 1:30,468,405,370,3015,3027,3071,2547,2622,2701
17/6/2020 2:00,447,393,353,2956,2970,3009,2509,2577,2656
17/6/2020 2:30,430,380,339,2914,2927,2965,2484,2547,2626
17/6/2020 3:00,419,365,315,2887,2902,2923,2468,2537,2608
17/6/2020 3:30,413,352,308,2869,2883,2897,2456,2531,2589
17/6/2020 4:00,407,334,322,2856,2871,2891,2449,2537,2569
17/6/2020 4:30,402,309,320,2845,2855,2888,2443,2546,2568
17/6/2020 5:00,401,291,314,2848,2856,2900,2447,2565,2586
17/6/2020 5:30,405,240,308,2911,2927,2915,2506,2687,2607
17/6/2020 6:00,405,233,280,3052,3080,3060,2647,2847,2780
17/6/2020 6:30,401,228,283,3297,3291,3234,2896,3063,2951
17/6/2020 7:00,398,231,295,3625,3546,3497,3227,3315,3202
17/6/2020 7:30,395,241,313,3923,3818,3746,3528,3577,3433
17/6/2020 8:00,397,245,323,4161,4084,4022,3764,3839,3699
17/6/2020 8:30,404,256,346,4335,4285,4269,3931,4029,3923
17/6/2020 9:00,407,262,328,4445,4410,4418,4038,4148,4090
17/6/2020 9:30,405,274,297,4502,4483,4506,4097,4209,4209
17/6/2020 10:00,391,265,264,4517,4510,4542,4126,4245,4278
17/6/2020 10:30,366,257,260,4532,4534,4579,4166,4277,4319
17/6/2020 11:00,347,244,265,4559,4559,4626,4212,4315,4361
17/6/2020 11:30,334,247,250,4605,4618,4638,4271,4371,4388
17/6/2020 12:00,321,241,234,4659,4667,4686,4338,4426,4452
17/6/2020 12:30,306,242,219,4666,4679,4741,4360,4437,4522
17/6/2020 13:00,292,242,207,4621,4646,4744,4329,4404,4537
17/6/2020 13:30,278,224,197,4558,4593,4635,4280,4369,4438
17/6/2020 14:00,269,231,175,4492,4534,4565,4223,4303,4390
17/6/2020 14:30,266,252,166,4451,4489,4533,4185,4237,4367
17/6/2020 15:00,267,260,173,4439,4467,4502,4172,4207,4329
17/6/2020 15:30,274,254,167,4452,4476,4496,4178,4222,4329
17/6/2020 16:00,280,260,189,4493,4525,4524,4213,4265,4335
17/6/2020 16:30,287,255,201,4589,4634,4637,4302,4379,4436
17/6/2020 17:00,294,266,229,4716,4774,4795,4422,4508,4566
17/6/2020 17:30,301,262,249,4750,4822,4896,4449,4560,4647
17/6/2020 18:00,310,275,268,4677,4756,4822,4367,4481,4554
17/6/2020 18:30,321,266,282,4565,4639,4678,4244,4373,4396
17/6/2020 19:00,327,267,299,4438,4493,4519,4111,4226,4220
17/6/2020 19:30,329,249,294,4331,4362,4367,4002,4113,4073
17/6/2020 20:00,329,249,286,4246,4256,4268,3917,4007,3982
17/6/2020 20:30,328,252,282,4162,4162,4177,3834,3910,3895
17/6/2020 21:00,326,251,291,4080,4083,4121,3754,3832,3830
17/6/2020 21:30,322,291,280,4028,4038,4036,3706,3747,3756
17/6/2020 22:00,315,293,295,3992,4009,4001,3677,3716,3706
17/6/2020 22:30,304,303,307,3888,3900,3978,3584,3597,3671
17/6/2020 23:00,295,302,318,3703,3706,3791,3408,3404,3473
17/6/2020 23:30,288,298,304,3513,3521,3590,3225,3223,3286
18/6/2020 0:00,277,288,286,3348,3358,3419,3071,3070,3133
18/6/2020 0:30,261,263,249,3214,3225,3288,2953,2962,3039
18/6/2020 1:00,245,244,220,3111,3121,3170,2866,2877,2950
18/6/2020 1:30,228,220,193,3032,3042,3084,2804,2822,2891
18/6/2020 2:00,210,199,182,2974,2984,3031,2764,2785,2849
18/6/2020 2:30,193,208,187,2927,2935,2978,2734,2727,2791
18/6/2020 3:00,180,194,173,2890,2899,2948,2710,2705,2775
18/6/2020 3:30,172,181,153,2872,2881,2934,2700,2700,2781
18/6/2020 4:00,163,169,139,2871,2880,2915,2708,2711,2776
18/6/2020 4:30,153,156,122,2869,2874,2903,2716,2718,2781
18/6/2020 5:00,141,144,106,2874,2877,2908,2733,2733,2802
18/6/2020 5:30,130,109,100,2932,2945,2933,2802,2836,2833
18/6/2020 6:00,121,102,104,3065,3089,3102,2944,2987,2998
18/6/2020 6:30,116,107,102,3314,3307,3280,3198,3200,3178
18/6/2020 7:00,112,101,87,3657,3582,3527,3545,3481,3440
18/6/2020 7:30,110,92,71,3970,3866,3788,3860,3774,3717
18/6/2020 8:00,107,91,48,4217,4132,4078,4110,4041,4030
18/6/2020 8:30,105,82,0,4390,4333,4310,4285,4251,4310
18/6/2020 9:00,105,84,0,4490,4460,4449,4385,4376,4449
18/6/2020 9:30,106,93,21,4536,4534,4532,4430,4441,4511
18/6/2020 10:00,104,96,0,4543,4561,4563,4439,4465,4563
18/6/2020 10:30,100,94,0,4554,4582,4599,4454,4488,4599
18/6/2020 11:00,97,99,42,4579,4603,4638,4482,4504,4596
18/6/2020 11:30,97,84,47,4617,4651,4636,4520,4567,4589
18/6/2020 12:00,98,92,50,4659,4696,4667,4561,4604,4617
18/6/2020 12:30,101,102,64,4664,4703,4736,4563,4601,4672
18/6/2020 13:00,108,111,78,4629,4664,4731,4521,4553,4653
18/6/2020 13:30,120,116,78,4576,4602,4650,4456,4486,4572
18/6/2020 14:00,135,131,91,4518,4533,4579,4383,4402,4488
18/6/2020 14:30,151,136,107,4472,4488,4527,4321,4352,4420
18/6/2020 15:00,174,159,129,4448,4474,4499,4274,4315,4370
18/6/2020 15:30,202,158,150,4456,4484,4494,4254,4326,4344
18/6/2020 16:00,236,186,200,4505,4524,4532,4269,4338,4332
18/6/2020 16:30,275,213,264,4610,4626,4623,4335,4413,4359
18/6/2020 17:00,311,261,310,4747,4763,4773,4436,4502,4463
18/6/2020 17:30,346,327,343,4793,4801,4883,4447,4474,4540
18/6/2020 18:00,380,396,394,4732,4720,4827,4352,4324,4433
18/6/2020 18:30,415,474,416,4622,4593,4724,4207,4119,4308
18/6/2020 19:00,448,557,490,4485,4445,4551,4037,3888,4061
18/6/2020 19:30,477,657,528,4365,4323,4382,3888,3666,3854
18/6/2020 20:00,488,716,599,4270,4234,4253,3782,3518,3654
18/6/2020 20:30,482,782,667,4188,4158,4214,3706,3376,3547
18/6/2020 21:00,475,798,678,4118,4090,4144,3643,3292,3466
18/6/2020 21:30,467,774,669,4066,4040,4091,3599,3266,3422
18/6/2020 22:00,456,769,659,4014,3993,4066,3558,3224,3407
18/6/2020 22:30,442,718,635,3890,3881,3963,3448,3163,3328
18/6/2020 23:00,719,706,594,3698,3700,3768,2979,2994,3174
18/6/2020 23:30,725,686,651,3518,3521,3579,2793,2835,2928
19/6/2020 0:00,735,684,641,3358,3360,3422,2623,2676,2781
19/6/2020 0:30,748,689,670,3222,3226,3281,2474,2537,2611
19/6/2020 1:00,761,690,678,3113,3118,3157,2352,2428,2479
19/6/2020 1:30,774,666,689,3027,3032,3071,2253,2366,2382
19/6/2020 2:00,794,672,647,2962,2969,3007,2168,2297,2360
19/6/2020 2:30,821,624,636,2915,2922,2979,2094,2298,2343
19/6/2020 3:00,838,638,648,2883,2892,2943,2045,2254,2295
19/6/2020 3:30,846,662,644,2863,2873,2918,2017,2211,2274
19/6/2020 4:00,849,659,635,2853,2865,2915,2004,2206,2280
19/6/2020 4:30,845,642,639,2848,2863,2902,2003,2221,2263
19/6/2020 5:00,831,622,628,2854,2866,2893,2023,2244,2265
19/6/2020 5:30,806,605,620,2911,2933,2906,2105,2328,2286
19/6/2020 6:00,776,586,632,3037,3074,3053,2261,2488,2421
19/6/2020 6:30,738,572,620,3277,3279,3230,2539,2707,2610
19/6/2020 7:00,700,563,593,3611,3538,3487,2911,2975,2894
19/6/2020 7:30,660,528,544,3920,3820,3746,3260,3292,3202
19/6/2020 8:00,635,526,520,4171,4101,4025,3536,3575,3505
19/6/2020 8:30,622,526,492,4346,4308,4258,3724,3782,3766
19/6/2020 9:00,620,532,498,4447,4430,4395,3827,3898,3897
19/6/2020 9:30,627,583,512,4497,4504,4487,3870,3921,3975
19/6/2020 10:00,645,585,542,4510,4539,4523,3865,3954,3981
19/6/2020 10:30,676,570,576,4526,4560,4567,3850,3990,3991
19/6/2020 11:00,705,574,579,4552,4572,4586,3847,3998,4007
19/6/2020 11:30,734,557,614,4587,4603,4607,3853,4046,3993
19/6/2020 12:00,760,572,700,4622,4630,4636,3862,4058,3936
19/6/2020 12:30,785,582,773,4625,4636,4694,3840,4054,3921
19/6/2020 13:00,817,611,819,4589,4612,4674,3772,4001,3855
19/6/2020 13:30,856,656,853,4518,4549,4573,3662,3893,3720
19/6/2020 14:00,890,678,911,4426,4460,4496,3536,3782,3585
19/6/2020 14:30,916,718,885,4359,4393,4448,3443,3675,3563
19/6/2020 15:00,928,726,949,4325,4359,4403,3397,3633,3454
19/6/2020 15:30,925,789,874,4313,4351,4377,3388,3562,3503
19/6/2020 16:00,927,788,842,4328,4375,4387,3401,3587,3545
19/6/2020 16:30,935,804,807,4407,4458,4462,3472,3654,3655
19/6/2020 17:00,919,801,700,4529,4578,4582,3610,3777,3882
19/6/2020 17:30,878,825,657,4569,4630,4673,3691,3805,4016
19/6/2020 18:00,841,796,597,4510,4590,4631,3669,3794,4034
19/6/2020 18:30,807,785,604,4405,4484,4515,3598,3699,3911
19/6/2020 19:00,766,746,551,4277,4333,4379,3511,3587,3828
19/6/2020 19:30,718,592,568,4158,4199,4234,3440,3607,3666
19/6/2020 20:00,664,566,486,4056,4096,4126,3392,3530,3640
19/6/2020 20:30,606,540,433,3965,4011,4013,3359,3471,3580
19/6/2020 21:00,552,510,442,3891,3947,3930,3339,3437,3488
19/6/2020 21:30,505,409,387,3855,3913,3843,3350,3504,3456
19/6/2020 22:00,468,378,367,3840,3892,3817,3372,3514,3450
19/6/2020 22:30,442,313,349,3760,3800,3794,3318,3487,3445
19/6/2020 23:00,338,289,337,3633,3634,3655,3295,3345,3318
19/6/2020 23:30,324,284,387,3473,3468,3489,3149,3184,3102
20/6/2020 0:00,319,278,396,3334,3330,3357,3015,3052,2961
20/6/2020 0:30,325,298,367,3197,3194,3226,2872,2896,2859
20/6/2020 1:00,336,310,413,3062,3061,3111,2726,2751,2698
20/6/2020 1:30,351,318,436,2959,2959,3012,2608,2641,2576
20/6/2020 2:00,383,353,469,2889,2889,2947,2506,2536,2478
20/6/2020 2:30,432,449,552,2831,2831,2883,2399,2382,2331
20/6/2020 3:00,497,508,640,2785,2785,2824,2288,2277,2184
20/6/2020 3:30,579,611,690,2759,2757,2793,2180,2146,2103
20/6/2020 4:00,657,689,754,2746,2745,2777,2089,2056,2023
20/6/2020 4:30,731,766,853,2718,2704,2715,1987,1938,1862
20/6/2020 5:00,818,858,919,2680,2661,2683,1862,1803,1764
20/6/2020 5:30,918,966,1014,2679,2669,2685,1761,1703,1671
20/6/2020 6:00,1024,1049,1188,2740,2743,2778,1716,1694,1590
20/6/2020 6:30,1135,1155,1330,2902,2876,2874,1767,1721,1544
20/6/2020 7:00,1263,1263,1404,3149,3056,3016,1886,1793,1612
20/6/2020 7:30,1410,1392,1637,3372,3247,3197,1962,1855,1560
20/6/2020 8:00,1590,1562,1831,3546,3433,3392,1956,1871,1561
20/6/2020 8:30,1804,1783,2163,3691,3602,3565,1887,1819,1402
20/6/2020 9:00,2010,1972,2379,3811,3749,3703,1801,1777,1324
20/6/2020 9:30,2209,2254,2718,3908,3872,3834,1699,1618,1116
20/6/2020 10:00,2378,2400,2938,3982,3961,3967,1604,1561,1029
20/6/2020 10:30,2516,2536,2958,4031,4017,3981,1515,1481,1023
20/6/2020 11:00,2632,2643,2901,4059,4041,3989,1427,1398,1088
20/6/2020 11:30,2725,2812,2878,4082,4062,3970,1357,1250,1092
20/6/2020 12:00,2806,2877,2911,4102,4102,3988,1296,1225,1077
20/6/2020 12:30,2875,2961,2917,4105,4107,4003,1230,1146,1086
20/6/2020 13:00,2930,3006,2871,4086,4071,3969,1156,1065,1098
20/6/2020 13:30,2972,3225,2866,4036,4010,3875,1064,785,1009
20/6/2020 14:00,3008,3239,2769,3962,3935,3776,954,696,1007
20/6/2020 14:30,3038,3165,2716,3901,3873,3729,863,708,1013
20/6/2020 15:00,3067,3179,2694,3865,3835,3697,798,656,1003
20/6/2020 15:30,3095,3127,2695,3869,3839,3689,774,712,994
20/6/2020 16:00,3117,3148,2737,3918,3891,3743,801,743,1006
20/6/2020 16:30,3133,3107,2773,4024,4001,3838,891,894,1065
20/6/2020 17:00,3137,3129,2828,4168,4147,4008,1031,1018,1180
20/6/2020 17:30,3130,3065,2960,4261,4235,4176,1131,1170,1216
20/6/2020 18:00,3110,3082,3035,4285,4249,4256,1175,1167,1221
20/6/2020 18:30,3078,3004,2967,4244,4211,4202,1166,1207,1235
20/6/2020 19:00,3025,2994,2948,4151,4140,4099,1126,1146,1151
20/6/2020 19:30,2950,2920,2986,4057,4064,3994,1107,1144,1008
20/6/2020 20:00,2851,2855,2902,3974,3996,3868,1123,1141,966
20/6/2020 20:30,2729,2760,2826,3899,3921,3764,1170,1161,938
20/6/2020 21:00,2627,2668,2746,3830,3842,3678,1203,1174,932
20/6/2020 21:30,2543,2721,2584,3759,3768,3584,1216,1047,1000
20/6/2020 22:00,2467,2618,2509,3673,3692,3543,1206,1074,1034
20/6/2020 22:30,2401,2494,2413,3532,3566,3471,1131,1072,1058
20/6/2020 23:00,2503,2397,2385,3400,3398,3350,897,1001,965
20/6/2020 23:30,2417,2293,2247,3277,3274,3234,860,981,987
21/6/2020 0:00,2340,2220,2279,3204,3202,3143,864,982,864
21/6/2020 0:30,2273,2149,2289,3109,3108,3028,836,959,739
21/6/2020 1:00,2222,2113,2171,2985,2990,2906,763,877,735
21/6/2020 1:30,2187,2074,2233,2885,2892,2812,698,818,579
21/6/2020 2:00,2159,2062,2201,2818,2829,2767,659,767,566
21/6/2020 2:30,2137,2067,2165,2771,2779,2717,634,712,552
21/6/2020 3:00,2116,2062,2153,2738,2744,2697,622,682,544
21/6/2020 3:30,2096,2010,2134,2718,2721,2673,622,711,539
21/6/2020 4:00,2088,2020,2112,2705,2707,2667,617,687,555
21/6/2020 4:30,2091,2024,2053,2676,2654,2621,585,630,568
21/6/2020 5:00,2096,2036,2017,2637,2606,2559,541,570,542
21/6/2020 5:30,2101,2137,2027,2620,2597,2552,519,460,525
21/6/2020 6:00,2125,2150,2038,2646,2639,2585,521,489,547
21/6/2020 6:30,2169,2163,2071,2755,2708,2634,586,545,563
21/6/2020 7:00,2208,2189,2120,2937,2805,2731,729,616,611
21/6/2020 7:30,2242,2212,2078,3112,2949,2822,870,737,744
21/6/2020 8:00,2255,2212,2227,3263,3133,2993,1008,921,766
21/6/2020 8:30,2248,2139,2404,3409,3316,3149,1161,1177,745
21/6/2020 9:00,2258,2146,2463,3553,3486,3339,1295,1340,876
21/6/2020 9:30,2285,2136,2640,3697,3656,3504,1412,1520,864
21/6/2020 10:00,2314,2153,2590,3833,3809,3664,1519,1656,1074
21/6/2020 10:30,2343,2176,2654,3942,3912,3815,1599,1736,1161
21/6/2020 11:00,2375,2193,2705,4022,3962,3926,1647,1769,1221
21/6/2020 11:30,2409,2256,2800,4100,4027,4006,1691,1771,1206
21/6/2020 12:00,2435,2284,2699,4170,4084,4069,1735,1800,1370
21/6/2020 12:30,2452,2432,2526,4189,4094,4103,1737,1662,1577
21/6/2020 13:00,2466,2454,2567,4152,4050,4090,1686,1596,1523
21/6/2020 13:30,2476,2568,2361,4081,3965,3975,1605,1397,1614
21/6/2020 14:00,2480,2574,2531,3990,3859,3897,1510,1285,1366
21/6/2020 14:30,2477,2592,2468,3915,3780,3777,1438,1188,1309
21/6/2020 15:00,2475,2556,2551,3868,3742,3724,1393,1186,1173
21/6/2020 15:30,2474,2540,2728,3856,3734,3733,1382,1194,1005
21/6/2020 16:00,2454,2468,2794,3882,3756,3759,1428,1288,965
21/6/2020 16:30,2415,2353,2704,3943,3824,3772,1528,1471,1068
21/6/2020 17:00,2345,2266,2712,4024,3922,3865,1679,1656,1153
21/6/2020 17:30,2242,2120,2693,4068,3988,3957,1826,1868,1264
21/6/2020 18:00,2132,2012,2542,4061,4002,3957,1929,1990,1415
21/6/2020 18:30,2015,1879,2352,4012,3953,3895,1997,2074,1543
21/6/2020 19:00,1874,1734,2338,3930,3855,3837,2056,2121,1499
21/6/2020 19:30,1711,1762,2148,3858,3772,3753,2147,2010,1605
21/6/2020 20:00,1544,1589,1838,3801,3715,3674,2257,2126,1836
21/6/2020 20:30,1376,1535,1549,3735,3647,3597,2359,2112,2048
21/6/2020 21:00,1230,1395,1402,3670,3577,3544,2440,2182,2142
21/6/2020 21:30,1106,1300,1268,3661,3564,3521,2555,2264,2253
21/6/2020 22:00,1037,1250,1220,3690,3593,3498,2653,2343,2278
21/6/2020 22:30,1024,1278,1241,3625,3539,3516,2601,2261,2275
21/6/2020 23:00,1041,1326,1431,3391,3391,3389,2350,2065,1958
21/6/2020 23:30,1160,1401,1575,3222,3210,3244,2062,1809,1669
22/6/2020 0:00,1304,1508,1784,3059,3051,3117,1755,1543,1333
22/6/2020 0:30,1474,1601,1945,2931,2925,2975,1457,1324,1030
22/6/2020 1:00,1636,1736,2165,2842,2837,2883,1206,1101,718
22/6/2020 1:30,1790,1882,2219,2781,2778,2809,991,896,590
22/6/2020 2:00,1916,1999,2399,2743,2742,2788,827,743,389
22/6/2020 2:30,2013,2134,2435,2714,2714,2743,701,580,308
22/6/2020 3:00,2096,2207,2267,2692,2694,2693,596,487,426
22/6/2020 3:30,2166,2314,2226,2675,2677,2629,509,363,403
22/6/2020 4:00,2226,2348,2216,2662,2665,2642,436,317,426
22/6/2020 4:30,2276,2370,2124,2646,2649,2599,370,279,475
22/6/2020 5:00,2309,2392,2165,2638,2640,2622,329,248,457
22/6/2020 5:30,2325,2538,2183,2696,2709,2644,371,171,461
22/6/2020 6:00,2369,2566,2244,2841,2868,2779,472,302,535
22/6/2020 6:30,2439,2542,2305,3106,3092,2955,667,550,650
22/6/2020 7:00,2518,2630,2485,3468,3365,3231,950,735,746
22/6/2020 7:30,2606,2680,2559,3799,3650,3501,1193,970,942
22/6/2020 8:00,2649,2732,2645,4063,3923,3782,1414,1191,1137
22/6/2020 8:30,2648,2659,2732,4245,4127,4060,1597,1468,1328
22/6/2020 9:00,2629,2642,2746,4350,4253,4214,1721,1611,1468
22/6/2020 9:30,2592,2576,2774,4414,4339,4339,1822,1763,1565
22/6/2020 10:00,2515,2521,2880,4448,4388,4432,1933,1867,1552
22/6/2020 10:30,2399,2422,2743,4459,4427,4481,2060,2005,1738
22/6/2020 11:00,2297,2352,2679,4458,4456,4534,2161,2104,1855
22/6/2020 11:30,2210,2309,2567,4480,4499,4591,2270,2190,2024
22/6/2020 12:00,2129,2278,2357,4521,4550,4633,2392,2272,2276
22/6/2020 12:30,2053,2322,2184,4527,4558,4665,2474,2236,2481
22/6/2020 13:00,2010,2329,2170,4494,4520,4690,2484,2191,2520
22/6/2020 13:30,2002,2457,2153,4448,4470,4639,2446,2013,2486
22/6/2020 14:00,1991,2433,2224,4402,4428,4601,2411,1995,2377
22/6/2020 14:30,1979,2391,2185,4383,4407,4590,2404,2016,2405
22/6/2020 15:00,1978,2379,2251,4393,4415,4615,2415,2036,2364
22/6/2020 15:30,1991,2324,2332,4422,4457,4608,2431,2133,2276
22/6/2020 16:00,2025,2376,2493,4474,4531,4638,2449,2155,2145
22/6/2020 16:30,2081,2373,2654,4585,4640,4742,2504,2267,2088
22/6/2020 17:00,2159,2474,2916,4732,4755,4896,2573,2281,1980
22/6/2020 17:30,2259,2597,3144,4785,4785,4959,2526,2188,1815
22/6/2020 18:00,2348,2672,3294,4726,4714,4855,2378,2042,1561
22/6/2020 18:30,2426,2724,3249,4603,4595,4677,2177,1871,1428
22/6/2020 19:00,2479,2732,3140,4446,4448,4497,1967,1716,1357
22/6/2020 19:30,2505,2884,3006,4323,4327,4359,1818,1443,1353
22/6/2020 20:00,2527,2790,2709,4239,4233,4230,1712,1443,1521
22/6/2020 20:30,2546,2725,2419,4155,4141,4112,1609,1416,1693
22/6/2020 21:00,2525,2568,2185,4065,4046,4063,1540,1478,1878
22/6/2020 21:30,2464,2520,2109,3989,3972,3991,1525,1452,1882
22/6/2020 22:00,2369,2329,1811,3916,3905,3960,1547,1576,2149
22/6/2020 22:30,2239,2065,1691,3781,3785,3887,1542,1720,2196
22/6/2020 23:00,1890,1872,1567,3597,3601,3713,1707,1729,2146
22/6/2020 23:30,1725,1543,1473,3391,3398,3537,1666,1855,2064
23/6/2020 0:00,1556,1381,1283,3188,3198,3383,1632,1817,2100
23/6/2020 0:30,1383,1088,1166,3049,3060,3255,1666,1972,2089
23/6/2020 1:00,1250,984,1108,2977,2988,3154,1727,2004,2046
23/6/2020 1:30,1158,885,1011,2925,2933,3083,1767,2048,2072
23/6/2020 2:00,1057,801,973,2882,2891,3035,1825,2090,2062
23/6/2020 2:30,946,717,903,2849,2857,2987,1903,2140,2084
23/6/2020 3:00,872,668,904,2825,2834,2955,1953,2166,2051
23/6/2020 3:30,834,774,889,2813,2821,2942,1979,2047,2053
23/6/2020 4:00,809,744,867,2810,2819,2953,2001,2075,2086
23/6/2020 4:30,796,747,795,2806,2810,2957,2010,2063,2162
23/6/2020 5:00,793,726,756,2808,2810,2951,2015,2084,2195
23/6/2020 5:30,801,708,693,2859,2871,2977,2058,2163,2284
23/6/2020 6:00,808,697,639,2979,3003,3129,2171,2306,2490
23/6/2020 6:30,814,718,594,3223,3207,3303,2409,2489,2709
23/6/2020 7:00,817,721,547,3569,3471,3543,2752,2750,2996
23/6/2020 7:30,816,766,508,3885,3753,3797,3069,2987,3289
23/6/2020 8:00,838,775,495,4135,4027,4076,3297,3252,3581
23/6/2020 8:30,881,770,515,4309,4246,4307,3428,3476,3792
23/6/2020 9:00,907,810,543,4410,4397,4449,3503,3587,3906
23/6/2020 9:30,913,652,563,4467,4499,4532,3554,3847,3969
23/6/2020 10:00,916,699,550,4494,4554,4531,3578,3855,3981
23/6/2020 10:30,915,656,570,4520,4601,4569,3605,3945,3999
23/6/2020 11:00,933,704,660,4552,4640,4599,3619,3936,3939
23/6/2020 11:30,968,746,727,4595,4683,4619,3627,3937,3892
23/6/2020 12:00,994,801,907,4640,4716,4674,3646,3915,3767
23/6/2020 12:30,1010,872,1089,4643,4730,4771,3633,3858,3682
23/6/2020 13:00,1010,926,1178,4603,4719,4787,3593,3793,3609
23/6/2020 13:30,995,958,1237,4548,4679,4676,3553,3721,3439
23/6/2020 14:00,980,1018,1318,4494,4625,4648,3514,3607,3330
23/6/2020 14:30,966,1050,1388,4462,4604,4624,3496,3554,3236
23/6/2020 15:00,954,1067,1377,4459,4621,4598,3505,3554,3221
23/6/2020 15:30,942,1099,1237,4486,4635,4592,3544,3536,3355
23/6/2020 16:00,930,1058,1210,4546,4656,4630,3616,3598,3420
23/6/2020 16:30,918,1080,1249,4639,4749,4761,3721,3669,3512
23/6/2020 17:00,888,1040,1236,4744,4891,4909,3856,3851,3673
23/6/2020 17:30,840,1048,1276,4770,4915,5010,3930,3867,3734
23/6/2020 18:00,790,1016,1244,4707,4805,4933,3917,3789,3689
23/6/2020 18:30,738,1025,1176,4597,4664,4790,3859,3639,3614
23/6/2020 19:00,686,991,1098,4461,4519,4601,3775,3528,3503
23/6/2020 19:30,635,988,1073,4344,4389,4461,3709,3401,3388
23/6/2020 20:00,595,932,954,4252,4280,4366,3657,3348,3412
23/6/2020 20:30,566,916,819,4169,4191,4254,3603,3275,3435
23/6/2020 21:00,549,849,746,4092,4121,4183,3543,3272,3437
23/6/2020 21:30,545,684,689,4034,4077,4094,3489,3393,3405
23/6/2020 22:00,538,622,567,3984,4038,4061,3446,3416,3494
23/6/2020 22:30,526,550,500,3877,3930,3955,3351,3380,3455
23/6/2020 23:00,663,502,510,3741,3745,3766,3078,3243,3256
23/6/2020 23:30,626,488,522,3546,3550,3560,2920,3062,3038
24/6/2020 0:00,588,446,512,3365,3373,3402,2777,2927,2890
24/6/2020 0:30,549,394,504,3229,3240,3280,2680,2846,2776
24/6/2020 1:00,510,366,494,3139,3151,3166,2629,2785,2672
24/6/2020 1:30,472,323,411,3070,3082,3092,2598,2759,2681
24/6/2020 2:00,446,306,406,3016,3030,3041,2570,2724,2635
24/6/2020 2:30,430,342,412,2973,2986,2999,2543,2644,2587
24/6/2020 3:00,414,323,370,2942,2956,2963,2528,2633,2593
24/6/2020 3:30,397,333,350,2930,2944,2930,2533,2611,2580
24/6/2020 4:00,381,313,332,2933,2948,2943,2552,2635,2611
24/6/2020 4:30,366,292,290,2930,2937,2937,2564,2645,2647
24/6/2020 5:00,349,275,277,2929,2936,2936,2580,2661,2659
24/6/2020 5:30,330,263,291,2982,3001,2953,2652,2738,2662
24/6/2020 6:00,304,248,290,3113,3145,3106,2809,2897,2816
24/6/2020 6:30,272,238,287,3355,3358,3288,3083,3120,3001
24/6/2020 7:00,248,219,307,3689,3627,3560,3441,3408,3253
24/6/2020 7:30,233,189,274,3994,3915,3902,3761,3726,3628
24/6/2020 8:00,218,170,216,4237,4195,4128,4019,4025,3912
24/6/2020 8:30,205,149,168,4409,4400,4385,4204,4251,4217
24/6/2020 9:00,191,137,151,4512,4518,4549,4321,4381,4398
24/6/2020 9:30,179,164,137,4569,4579,4630,4390,4415,4493
24/6/2020 10:00,167,152,125,4592,4594,4650,4425,4442,4525
24/6/2020 10:30,158,153,117,4617,4606,4670,4459,4453,4553
24/6/2020 11:00,149,143,93,4650,4624,4696,4501,4481,4603
24/6/2020 11:30,141,123,77,4685,4665,4697,4544,4542,4620
24/6/2020 12:00,133,117,77,4718,4725,4734,4585,4608,4657
24/6/2020 12:30,126,101,70,4728,4744,4779,4602,4643,4709
24/6/2020 13:00,119,96,56,4710,4713,4762,4591,4617,4706
24/6/2020 13:30,113,83,19,4663,4663,4653,4550,4580,4634
24/6/2020 14:00,106,80,42,4601,4609,4606,4495,4529,4564
24/6/2020 14:30,99,81,39,4576,4572,4567,4477,4491,4528
24/6/2020 15:00,95,83,42,4589,4559,4543,4494,4476,4501
24/6/2020 15:30,94,76,46,4597,4569,4525,4503,4493,4479
24/6/2020 16:00,94,79,55,4605,4611,4549,4511,4532,4494
24/6/2020 16:30,96,81,86,4689,4720,4646,4593,4639,4560
24/6/2020 17:00,100,91,97,4827,4867,4781,4727,4776,4684
24/6/2020 17:30,106,95,111,4858,4914,4885,4752,4819,4774
24/6/2020 18:00,116,116,143,4763,4840,4812,4647,4724,4669
24/6/2020 18:30,129,140,188,4627,4707,4680,4498,4567,4492
24/6/2020 19:00,143,164,204,4477,4543,4551,4334,4379,4347
24/6/2020 19:30,157,187,216,4341,4403,4416,4184,4216,4200
24/6/2020 20:00,177,212,244,4222,4295,4320,4045,4083,4076
24/6/2020 20:30,201,246,283,4113,4185,4232,3912,3939,3949
24/6/2020 21:00,236,280,335,4025,4080,4177,3789,3800,3842
24/6/2020 21:30,283,359,396,4004,4040,4088,3721,3681,3692
24/6/2020 22:00,325,400,443,4028,4045,4050,3703,3645,3607
24/6/2020 22:30,362,450,477,3956,3954,4032,3594,3504,3555
24/6/2020 23:00,507,458,469,3753,3755,3845,3246,3297,3376
24/6/2020 23:30,509,446,431,3547,3545,3635,3038,3099,3204
25/6/2020 0:00,501,433,419,3364,3363,3457,2863,2930,3038
25/6/2020 0:30,483,426,398,3220,3220,3323,2737,2794,2925
25/6/2020 1:00,465,408,390,3117,3119,3199,2652,2711,2809
25/6/2020 1:30,447,389,385,3040,3044,3111,2593,2655,2726
25/6/2020 2:00,431,373,378,2985,2989,3042,2554,2616,2664
25/6/2020 2:30,419,376,376,2936,2939,2999,2517,2563,2623
25/6/2020 3:00,407,366,351,2897,2900,2956,2490,2534,2605
25/6/2020 3:30,394,334,338,2883,2886,2938,2489,2552,2600
25/6/2020 4:00,387,330,318,2891,2896,2933,2504,2566,2615
25/6/2020 4:30,385,324,305,2890,2890,2901,2505,2566,2596
25/6/2020 5:00,376,323,316,2885,2882,2890,2509,2559,2574
25/6/2020 5:30,359,327,326,2938,2944,2923,2579,2617,2597
25/6/2020 6:00,340,322,362,3074,3091,3079,2734,2769,2717
25/6/2020 6:30,318,319,378,3334,3323,3271,3016,3004,2893
25/6/2020 7:00,293,303,344,3694,3622,3544,3401,3319,3200
25/6/2020 7:30,265,274,324,4018,3924,3837,3753,3650,3513
25/6/2020 8:00,244,252,288,4271,4200,4138,4027,3948,3850
25/6/2020 8:30,229,223,220,4447,4405,4375,4218,4182,4155
25/6/2020 9:00,219,210,194,4549,4532,4521,4330,4322,4327
25/6/2020 9:30,214,217,183,4592,4607,4589,4378,4390,4406
25/6/2020 10:00,212,207,184,4591,4637,4603,4379,4430,4419
25/6/2020 10:30,211,204,167,4597,4658,4617,4386,4454,4450
25/6/2020 11:00,211,191,148,4622,4676,4643,4411,4485,4495
25/6/2020 11:30,213,177,125,4668,4729,4632,4455,4552,4507
25/6/2020 12:00,213,165,119,4725,4773,4674,4512,4608,4555
25/6/2020 12:30,213,134,94,4744,4779,4710,4531,4645,4616
25/6/2020 13:00,208,130,97,4719,4744,4687,4511,4614,4590
25/6/2020 13:30,198,128,96,4676,4693,4594,4478,4565,4498
25/6/2020 14:00,191,127,79,4625,4641,4560,4434,4514,4481
25/6/2020 14:30,186,127,66,4590,4603,4524,4404,4476,4458
25/6/2020 15:00,183,127,62,4576,4586,4495,4393,4459,4433
25/6/2020 15:30,182,117,69,4586,4586,4493,4404,4469,4424
25/6/2020 16:00,184,120,75,4628,4614,4524,4444,4494,4449
25/6/2020 16:30,189,116,95,4732,4701,4608,4543,4585,4513
25/6/2020 17:00,197,122,101,4872,4825,4726,4675,4703,4625
25/6/2020 17:30,208,121,119,4917,4864,4812,4709,4743,4693
25/6/2020 18:00,220,125,131,4849,4801,4777,4629,4676,4646
25/6/2020 18:30,234,118,141,4727,4692,4653,4493,4574,4512
25/6/2020 19:00,246,122,154,4578,4563,4523,4332,4441,4369
25/6/2020 19:30,257,133,128,4457,4456,4408,4200,4323,4280
25/6/2020 20:00,262,140,124,4366,4377,4325,4104,4237,4201
25/6/2020 20:30,262,149,99,4274,4300,4251,4012,4151,4152
25/6/2020 21:00,262,152,77,4182,4224,4196,3920,4072,4119
25/6/2020 21:30,262,155,69,4132,4177,4113,3870,4022,4044
25/6/2020 22:00,259,149,27,4108,4144,4056,3849,3995,4029
25/6/2020 22:30,255,143,0,4006,4041,4029,3751,3898,4029
25/6/2020 23:00,184,138,27,3863,3863,3860,3679,3725,3833
25/6/2020 23:30,182,124,51,3674,3678,3654,3492,3554,3603
26/6/2020 0:00,180,131,50,3496,3501,3474,3316,3370,3424
26/6/2020 0:30,178,116,22,3351,3356,3339,3173,3240,3317
26/6/2020 1:00,178,128,53,3241,3245,3225,3063,3117,3172
26/6/2020 1:30,182,124,73,3152,3156,3144,2970,3032,3071
26/6/2020 2:00,185,137,94,3084,3088,3073,2899,2951,2979
26/6/2020 2:30,186,168,140,3033,3036,3025,2847,2868,2885
26/6/2020 3:00,187,172,167,2999,3005,2987,2812,2833,2820
26/6/2020 3:30,187,149,156,2975,2981,2956,2788,2832,2800
26/6/2020 4:00,189,146,126,2958,2967,2940,2769,2821,2814
26/6/2020 4:30,192,141,137,2942,2948,2936,2750,2807,2799
26/6/2020 5:00,191,139,141,2939,2943,2929,2748,2804,2788
26/6/2020 5:30,186,129,180,2993,3005,2947,2807,2876,2767
26/6/2020 6:00,181,129,185,3126,3148,3091,2945,3019,2906
26/6/2020 6:30,176,144,183,3372,3365,3258,3196,3221,3075
26/6/2020 7:00,173,142,157,3712,3643,3516,3539,3501,3359
26/6/2020 7:30,173,129,128,4027,3931,3852,3854,3802,3724
26/6/2020 8:00,172,138,136,4286,4204,4083,4114,4066,3947
26/6/2020 8:30,172,165,130,4473,4414,4321,4301,4249,4191
26/6/2020 9:00,173,193,124,4587,4552,4478,4414,4359,4354
26/6/2020 9:30,173,230,164,4644,4624,4554,4471,4394,4390
26/6/2020 10:00,181,258,200,4658,4637,4569,4477,4379,4369
26/6/2020 10:30,196,287,257,4668,4641,4602,4472,4354,4345
26/6/2020 11:00,216,329,318,4685,4644,4628,4469,4315,4310
26/6/2020 11:30,241,365,364,4710,4664,4632,4469,4299,4268
26/6/2020 12:00,268,412,409,4735,4676,4656,4467,4264,4247
26/6/2020 12:30,296,439,473,4727,4656,4681,4431,4217,4208
26/6/2020 13:00,333,496,540,4679,4602,4632,4346,4106,4092
26/6/2020 13:30,381,555,657,4606,4527,4512,4225,3972,3855
26/6/2020 14:00,433,634,791,4519,4446,4441,4086,3812,3650
26/6/2020 14:30,491,855,872,4456,4384,4374,3965,3529,3502
26/6/2020 15:00,548,931,979,4423,4348,4329,3875,3417,3350
26/6/2020 15:30,605,1004,1045,4405,4337,4317,3800,3333,3272
26/6/2020 16:00,658,1056,1100,4408,4355,4331,3750,3299,3231
26/6/2020 16:30,708,1106,1141,4470,4424,4392,3762,3318,3251
26/6/2020 17:00,736,1135,1195,4574,4523,4508,3838,3388,3313
26/6/2020 17:30,742,1213,1243,4609,4554,4592,3867,3341,3349
26/6/2020 18:00,741,1225,1231,4562,4503,4563,3821,3278,3332
26/6/2020 18:30,734,1218,1190,4475,4415,4450,3741,3197,3260
26/6/2020 19:00,714,1205,1133,4367,4309,4348,3653,3104,3215
26/6/2020 19:30,681,1193,1058,4269,4208,4211,3588,3015,3153
26/6/2020 20:00,643,1134,1039,4185,4119,4093,3542,2985,3054
26/6/2020 20:30,599,1061,954,4109,4039,3973,3510,2978,3019
26/6/2020 21:00,561,984,833,4041,3967,3893,3480,2983,3060
26/6/2020 21:30,528,1000,747,3989,3914,3827,3461,2914,3080
26/6/2020 22:00,507,937,781,3941,3869,3797,3434,2932,3016
26/6/2020 22:30,496,792,765,3845,3782,3744,3349,2990,2979
26/6/2020 23:00,666,719,735,3651,3646,3611,2985,2927,2876
26/6/2020 23:30,594,624,694,3495,3471,3471,2901,2847,2777
27/6/2020 0:00,537,561,625,3334,3316,3346,2797,2755,2721
27/6/2020 0:30,494,440,554,3197,3184,3218,2703,2744,2664
27/6/2020 1:00,458,419,513,3087,3079,3095,2629,2660,2582
27/6/2020 1:30,429,447,464,2995,2990,3010,2566,2543,2546
27/6/2020 2:00,396,442,455,2920,2918,2951,2524,2476,2496
27/6/2020 2:30,359,416,410,2861,2859,2902,2502,2443,2492
27/6/2020 3:00,331,416,385,2821,2817,2851,2490,2401,2466
27/6/2020 3:30,312,457,373,2796,2791,2828,2484,2334,2455
27/6/2020 4:00,332,482,391,2783,2777,2827,2451,2295,2436
27/6/2020 4:30,389,519,413,2761,2741,2810,2372,2222,2397
27/6/2020 5:00,462,598,516,2732,2708,2780,2270,2110,2264
27/6/2020 5:30,548,722,581,2729,2719,2755,2181,1997,2174
27/6/2020 6:00,671,851,638,2772,2781,2845,2101,1930,2207
27/6/2020 6:30,830,976,804,2903,2886,2951,2073,1910,2147
27/6/2020 7:00,959,1100,982,3114,3030,3102,2155,1930,2120
27/6/2020 7:30,1059,1217,1225,3325,3209,3272,2266,1992,2047
27/6/2020 8:00,1160,1306,1231,3515,3413,3449,2355,2107,2218
27/6/2020 8:30,1263,1355,1210,3683,3600,3628,2420,2245,2418
27/6/2020 9:00,1358,1428,1260,3830,3759,3814,2472,2331,2554
27/6/2020 9:30,1447,1458,1444,3954,3898,3942,2507,2440,2498
27/6/2020 10:00,1518,1547,1714,4051,4007,4050,2533,2460,2336
27/6/2020 10:30,1571,1648,1884,4107,4072,4102,2536,2424,2218
27/6/2020 11:00,1644,1761,1941,4128,4095,4162,2484,2334,2221
27/6/2020 11:30,1735,1956,1874,4148,4111,4171,2413,2155,2297
27/6/2020 12:00,1815,2057,2062,4168,4140,4193,2353,2083,2131
27/6/2020 12:30,1884,2041,2291,4163,4138,4203,2279,2097,1912
27/6/2020 13:00,1953,2130,2407,4127,4099,4167,2174,1969,1760
27/6/2020 13:30,2023,2362,2564,4072,4045,4102,2049,1683,1538
27/6/2020 14:00,2107,2441,2674,4005,3985,4017,1898,1544,1343
27/6/2020 14:30,2204,2563,2691,3945,3938,3956,1741,1375,1265
27/6/2020 15:00,2276,2615,2685,3899,3909,3927,1623,1294,1242
27/6/2020 15:30,2323,2685,2708,3880,3900,3898,1557,1215,1190
27/6/2020 16:00,2365,2731,2712,3895,3918,3945,1530,1187,1233
27/6/2020 16:30,2401,2794,2719,3961,3984,3987,1560,1190,1268
27/6/2020 17:00,2433,2822,2838,4062,4083,4114,1629,1261,1276
27/6/2020 17:30,2461,2905,2944,4120,4142,4219,1659,1237,1275
27/6/2020 18:00,2480,2925,3008,4116,4142,4206,1636,1217,1198
27/6/2020 18:30,2491,2925,2931,4062,4089,4142,1571,1164,1211
27/6/2020 19:00,2517,2954,2819,3967,3992,4007,1450,1038,1188
27/6/2020 19:30,2558,2934,2765,3870,3887,3904,1312,953,1139
27/6/2020 20:00,2582,2944,2752,3778,3787,3775,1196,843,1023
27/6/2020 20:30,2590,2966,2710,3691,3697,3670,1101,731,960
27/6/2020 21:00,2573,2948,2585,3615,3625,3564,1042,677,979
27/6/2020 21:30,2534,2992,2514,3580,3598,3488,1046,606,974
27/6/2020 22:00,2505,2948,2473,3568,3597,3469,1063,649,996
27/6/2020 22:30,2485,2791,2449,3486,3516,3432,1001,725,983
27/6/2020 23:00,2751,2729,2324,3350,3355,3300,599,626,976
27/6/2020 23:30,2670,2557,2164,3224,3232,3154,554,675,990
28/6/2020 0:00,2601,2493,2073,3144,3148,3037,543,655,964
28/6/2020 0:30,2546,2372,2128,3040,3040,2930,494,668,802
28/6/2020 1:00,2507,2340,2085,2908,2907,2838,401,567,753
28/6/2020 1:30,2483,2261,1990,2803,2801,2735,320,540,745
28/6/2020 2:00,2458,2249,1900,2733,2732,2662,275,483,762
28/6/2020 2:30,2431,2157,1866,2675,2672,2602,244,515,736
28/6/2020 3:00,2413,2151,1802,2625,2623,2559,212,472,757
28/6/2020 3:30,2406,2104,1767,2603,2599,2531,197,495,764
28/6/2020 4:00,2404,2117,1740,2602,2599,2507,198,482,767
28/6/2020 4:30,2409,2137,1731,2587,2583,2481,178,446,750
28/6/2020 5:00,2418,2159,1749,2556,2542,2437,138,383,688
28/6/2020 5:30,2431,2117,1632,2546,2531,2403,115,414,771
28/6/2020 6:00,2475,2183,1668,2574,2567,2438,99,384,770
28/6/2020 6:30,2551,2229,1763,2669,2645,2498,118,416,735
28/6/2020 7:00,2643,2352,1750,2824,2767,2596,181,415,846
28/6/2020 7:30,2750,2426,1759,2989,2920,2725,239,494,966
28/6/2020 8:00,2837,2543,1851,3151,3098,2847,314,555,996
28/6/2020 8:30,2903,2578,2064,3309,3285,3006,406,707,942
28/6/2020 9:00,2970,2674,2212,3462,3472,3192,492,798,980
28/6/2020 9:30,3035,2659,2390,3608,3640,3379,573,981,989
28/6/2020 10:00,3088,2739,2556,3744,3784,3559,656,1045,1003
28/6/2020 10:30,3127,2735,2684,3862,3905,3721,735,1170,1037
28/6/2020 11:00,3159,2798,2741,3960,4004,3856,801,1206,1115
28/6/2020 11:30,3184,2700,2762,4047,4099,3947,863,1399,1185
28/6/2020 12:00,3207,2768,2711,4116,4153,4044,909,1385,1333
28/6/2020 12:30,3226,2864,2704,4132,4159,4117,906,1295,1413
28/6/2020 13:00,3242,2913,2685,4095,4120,4112,853,1207,1427
28/6/2020 13:30,3254,2999,2688,4035,4046,4041,781,1047,1353
28/6/2020 14:00,3265,3027,2683,3966,3958,3957,701,931,1274
28/6/2020 14:30,3275,3084,2670,3915,3893,3874,640,809,1204
28/6/2020 15:00,3282,3103,2737,3886,3861,3849,604,758,1112
28/6/2020 15:30,3285,3027,2713,3868,3842,3837,583,815,1124
28/6/2020 16:00,3293,3055,2744,3867,3848,3869,574,793,1125
28/6/2020 16:30,3306,3021,2788,3927,3922,3938,621,901,1150
28/6/2020 17:00,3314,3052,2901,4034,4046,4025,720,994,1124
28/6/2020 17:30,3317,3029,2907,4090,4097,4094,773,1068,1187
28/6/2020 18:00,3319,3058,2903,4081,4061,4097,762,1003,1194
28/6/2020 18:30,3320,3063,2865,4041,4000,4019,721,937,1154
28/6/2020 19:00,3322,3087,2827,3982,3934,3930,660,847,1103
28/6/2020 19:30,3322,3063,2734,3912,3865,3834,590,802,1100
28/6/2020 20:00,3314,3080,2689,3836,3796,3735,522,716,1046
28/6/2020 20:30,3296,3111,2581,3767,3726,3658,471,615,1077
28/6/2020 21:00,3269,3098,2540,3711,3657,3585,442,559,1045
28/6/2020 21:30,3230,3046,2504,3677,3611,3514,447,565,1010
28/6/2020 22:00,3172,3002,2458,3648,3575,3514,476,573,1056
28/6/2020 22:30,3094,2872,2465,3555,3490,3448,461,618,983
28/6/2020 23:00,2874,2794,2394,3349,3346,3290,475,552,896
28/6/2020 23:30,2763,2590,2331,3182,3181,3133,419,591,802
29/6/2020 0:00,2666,2512,2230,3011,3010,3007,345,498,777
29/6/2020 0:30,2584,2345,2099,2885,2883,2871,301,538,772
29/6/2020 1:00,2524,2312,2065,2808,2806,2780,284,494,715
29/6/2020 1:30,2488,2236,2063,2752,2749,2712,264,513,649
29/6/2020 2:00,2464,2227,2033,2708,2706,2661,244,479,628
29/6/2020 2:30,2451,2209,2032,2667,2665,2628,216,456,596
29/6/2020 3:00,2439,2202,1802,2631,2631,2587,192,429,785
29/6/2020 3:30,2428,2179,1636,2609,2608,2551,181,429,915
29/6/2020 4:00,2428,2188,1799,2599,2600,2597,171,412,798
29/6/2020 4:30,2439,2206,1828,2590,2591,2580,151,385,752
29/6/2020 5:00,2453,2227,1986,2594,2593,2624,141,366,638
29/6/2020 5:30,2471,2195,2047,2660,2672,2647,189,477,600
29/6/2020 6:00,2515,2258,2180,2812,2839,2820,297,581,640
29/6/2020 6:30,2586,2192,2296,3086,3072,3021,500,880,725
29/6/2020 7:00,2677,2320,2328,3458,3356,3300,781,1036,972
29/6/2020 7:30,2786,2432,2539,3796,3649,3564,1010,1217,1025
29/6/2020 8:00,2861,2532,2856,4064,3925,3899,1203,1393,1043
29/6/2020 8:30,2902,2669,2946,4256,4126,4145,1354,1457,1199
29/6/2020 9:00,2943,2722,2917,4375,4246,4299,1432,1524,1382
29/6/2020 9:30,2983,2728,2952,4442,4324,4399,1459,1596,1447
29/6/2020 10:00,3010,2759,3004,4468,4366,4450,1458,1607,1446
29/6/2020 10:30,3022,2771,3019,4491,4398,4498,1469,1627,1479
29/6/2020 11:00,3021,2784,3057,4517,4422,4581,1496,1638,1524
29/6/2020 11:30,3007,2976,2970,4546,4469,4579,1539,1493,1609
29/6/2020 12:00,2986,2965,2976,4568,4512,4631,1582,1547,1655
29/6/2020 12:30,2958,2972,2972,4556,4519,4679,1598,1547,1707
29/6/2020 13:00,2932,2960,3118,4507,4488,4724,1575,1528,1606
29/6/2020 13:30,2908,2929,3061,4455,4442,4643,1547,1513,1582
29/6/2020 14:00,2871,2907,2997,4408,4394,4584,1537,1487,1587
29/6/2020 14:30,2822,2884,3009,4383,4369,4560,1561,1485,1551
29/6/2020 15:00,2758,2847,2953,4380,4372,4543,1622,1525,1590
29/6/2020 15:30,2679,2800,2952,4398,4392,4529,1719,1592,1577
29/6/2020 16:00,2613,2746,2905,4441,4434,4592,1828,1688,1687
29/6/2020 16:30,2559,2734,2843,4544,4535,4669,1985,1801,1826
29/6/2020 17:00,2496,2649,2722,4680,4668,4782,2184,2019,2060
29/6/2020 17:30,2426,2538,2663,4712,4710,4872,2286,2172,2209
29/6/2020 18:00,2340,2439,2564,4624,4639,4781,2284,2200,2217
29/6/2020 18:30,2239,2338,2531,4493,4510,4632,2254,2172,2101
29/6/2020 19:00,2126,2225,2305,4349,4349,4475,2223,2124,2170
29/6/2020 19:30,2000,2145,2152,4234,4223,4358,2234,2078,2206
29/6/2020 20:00,1856,2011,2085,4153,4137,4269,2297,2126,2184
29/6/2020 20:30,1693,1844,1850,4069,4059,4162,2376,2215,2312
29/6/2020 21:00,1551,1692,1670,3981,3979,4119,2430,2287,2449
29/6/2020 21:30,1432,1491,1556,3922,3923,4066,2490,2432,2510
29/6/2020 22:00,1332,1368,1402,3877,3871,4018,2545,2503,2616
29/6/2020 22:30,1252,1270,1256,3764,3757,3901,2512,2487,2645
29/6/2020 23:00,1222,1183,1136,3565,3570,3701,2343,2387,2565
29/6/2020 23:30,1151,1116,1002,3362,3371,3501,2211,2255,2499
30/6/2020 0:00,1080,1035,899,3165,3176,3335,2085,2141,2436
30/6/2020 0:30,1008,915,807,3027,3039,3206,2019,2124,2399
30/6/2020 1:00,932,855,802,2950,2960,3117,2018,2105,2315
30/6/2020 1:30,854,839,801,2892,2902,3040,2038,2063,2239
30/6/2020 2:00,783,781,757,2845,2854,2982,2062,2073,2225
30/6/2020 2:30,719,683,728,2807,2816,2942,2088,2133,2214
30/6/2020 3:00,657,628,658,2779,2788,2910,2122,2160,2252
30/6/2020 3:30,595,515,594,2764,2772,2897,2169,2257,2303
30/6/2020 4:00,541,469,564,2760,2769,2889,2219,2300,2325
30/6/2020 4:30,496,426,503,2761,2773,2903,2265,2347,2400
30/6/2020 5:00,455,390,444,2775,2785,2910,2320,2395,2466
30/6/2020 5:30,418,399,390,2838,2856,2924,2420,2457,2534
30/6/2020 6:00,383,370,330,2971,3000,3076,2588,2630,2746
30/6/2020 6:30,350,351,316,3219,3225,3268,2869,2874,2952
30/6/2020 7:00,324,331,306,3561,3515,3547,3237,3184,3241
30/6/2020 7:30,303,311,303,3877,3824,3845,3574,3513,3542
30/6/2020 8:00,287,296,292,4131,4117,4149,3844,3821,3857
30/6/2020 8:30,276,274,262,4302,4332,4393,4026,4058,4131
30/6/2020 9:00,264,258,232,4395,4457,4563,4131,4199,4331
30/6/2020 9:30,252,218,205,4447,4540,4651,4195,4322,4446
30/6/2020 10:00,240,205,189,4473,4588,4691,4233,4383,4502
30/6/2020 10:30,227,198,160,4500,4628,4719,4273,4430,4559
30/6/2020 11:00,218,182,129,4536,4660,4766,4318,4478,4637
30/6/2020 11:30,213,172,117,4580,4709,4786,4367,4537,4669
30/6/2020 12:00,210,161,101,4624,4754,4820,4414,4593,4719
30/6/2020 12:30,208,143,100,4637,4764,4861,4429,4621,4761
30/6/2020 13:00,205,141,100,4613,4734,4858,4408,4593,4758
30/6/2020 13:30,203,135,104,4571,4685,4745,4368,4550,4641
30/6/2020 14:00,201,142,90,4521,4634,4694,4320,4492,4604
30/6/2020 14:30,199,137,86,4498,4616,4666,4299,4479,4580
30/6/2020 15:00,198,148,84,4505,4633,4663,4307,4485,4579
30/6/2020 15:30,197,148,90,4526,4644,4666,4329,4496,4576
30/6/2020 16:00,197,155,90,4565,4658,4711,4368,4503,4621
30/6/2020 16:30,199,162,105,4654,4745,4815,4455,4583,4710
30/6/2020 17:00,199,168,113,4773,4885,4956,4574,4717,4843
30/6/2020 17:30,195,165,136,4810,4923,5056,4615,4758,4920
30/6/2020 18:00,191,175,144,4746,4841,4982,4555,4666,4838
30/6/2020 18:30,186,169,151,4627,4721,4834,4441,4552,4683
30/6/2020 19:00,182,182,155,4478,4589,4689,4296,4407,4534
30/6/2020 19:30,179,154,156,4359,4477,4559,4180,4323,4403
30/6/2020 20:00,181,169,176,4277,4391,4451,4096,4222,4275
30/6/2020 20:30,189,187,212,4202,4321,4363,4013,4134,4151
30/6/2020 21:00,203,207,236,4130,4261,4301,3927,4054,4065
30/6/2020 21:30,225,258,267,4075,4207,4249,3850,3949,3982
30/6/2020 22:00,240,267,272,4025,4141,4182,3785,3874,3910
30/6/2020 22:30,249,256,282,3910,4005,4074,3661,3749,3792
30/6/2020 23:00,232,253,280,3792,3797,3872,3560,3544,3592
30/6/2020 23:30,231,257,257,3579,3590,3651,3348,3333,3394
1/7/2020 0:00,233,256,247,3385,3395,3481,3152,3139,3234
1/7/2020 0:30,238,258,235,3244,3253,3337,3006,2995,3102
1/7/2020 1:00,244,255,251,3153,3164,3230,2909,2909,2979
1/7/2020 1:30,249,250,255,3080,3092,3144,2831,2842,2889
1/7/2020 2:00,250,254,246,3018,3029,3092,2768,2775,2846
1/7/2020 2:30,247,270,241,2971,2981,3053,2724,2711,2812
1/7/2020 3:00,243,272,236,2941,2951,3010,2698,2679,2774
1/7/2020 3:30,241,259,208,2926,2937,2990,2685,2678,2782
1/7/2020 4:00,236,265,201,2923,2935,2986,2687,2670,2785
1/7/2020 4:30,229,280,216,2921,2927,2990,2692,2647,2774
1/7/2020 5:00,228,285,208,2929,2932,2991,2701,2647,2783
1/7/2020 5:30,232,279,206,2994,3004,3028,2762,2725,2822
1/7/2020 6:00,235,269,201,3135,3155,3193,2900,2886,2992
1/7/2020 6:30,236,243,199,3388,3387,3371,3152,3144,3172
1/7/2020 7:00,239,234,187,3732,3683,3637,3493,3449,3450
1/7/2020 7:30,244,207,138,4046,3978,3986,3802,3771,3848
1/7/2020 8:00,246,209,120,4298,4244,4201,4052,4035,4081
1/7/2020 8:30,246,208,110,4473,4443,4439,4227,4235,4329
1/7/2020 9:00,249,218,113,4573,4567,4603,4324,4349,4490
1/7/2020 9:30,256,226,123,4623,4635,4680,4367,4409,4557
1/7/2020 10:00,261,235,137,4640,4654,4709,4379,4419,4572
1/7/2020 10:30,265,237,155,4656,4670,4757,4391,4433,4602
1/7/2020 11:00,271,236,186,4681,4689,4785,4410,4453,4599
1/7/2020 11:30,279,205,194,4716,4732,4787,4437,4527,4593
1/7/2020 12:00,282,219,206,4753,4771,4828,4471,4552,4622
1/7/2020 12:30,282,224,260,4758,4779,4888,4476,4555,4628
1/7/2020 13:00,289,246,280,4727,4751,4888,4438,4505,4608
1/7/2020 13:30,302,260,273,4679,4703,4771,4377,4443,4498
1/7/2020 14:00,321,278,277,4627,4651,4735,4306,4373,4458
1/7/2020 14:30,346,304,336,4610,4634,4700,4264,4330,4364
1/7/2020 15:00,373,324,399,4625,4654,4675,4252,4330,4276
1/7/2020 15:30,401,346,414,4636,4672,4670,4235,4326,4256
1/7/2020 16:00,433,392,492,4649,4693,4711,4216,4301,4219
1/7/2020 16:30,467,452,610,4730,4780,4824,4263,4328,4214
1/7/2020 17:00,499,515,645,4859,4912,4962,4360,4397,4317
1/7/2020 17:30,529,578,676,4892,4954,5030,4363,4376,4354
1/7/2020 18:00,559,630,766,4813,4885,4955,4254,4255,4189
1/7/2020 18:30,590,722,897,4699,4768,4834,4109,4046,3937
1/7/2020 19:00,626,751,909,4573,4626,4684,3947,3875,3775
1/7/2020 19:30,668,828,899,4461,4505,4550,3793,3677,3651
1/7/2020 20:00,695,833,937,4367,4412,4448,3672,3579,3511
1/7/2020 20:30,708,842,926,4284,4332,4346,3576,3490,3420
1/7/2020 21:00,715,827,906,4213,4259,4277,3498,3432,3371
1/7/2020 21:30,715,847,887,4163,4201,4192,3448,3354,3305
1/7/2020 22:00,716,840,909,4114,4139,4107,3398,3299,3198
1/7/2020 22:30,716,869,887,3985,4003,4016,3269,3134,3129
1/7/2020 23:00,759,861,846,3786,3790,3792,3027,2929,2946
1/7/2020 23:30,754,867,871,3578,3583,3583,2824,2716,2712
2/7/2020 0:00,746,852,848,3396,3404,3403,2650,2552,2555
2/7/2020 0:30,735,818,793,3256,3265,3287,2521,2447,2494
2/7/2020 1:00,735,816,812,3156,3163,3187,2421,2347,2375
2/7/2020 1:30,747,830,822,3079,3085,3105,2332,2255,2283
2/7/2020 2:00,749,828,808,3021,3028,3052,2272,2200,2244
2/7/2020 2:30,741,756,806,2975,2982,3000,2234,2226,2194
2/7/2020 3:00,732,747,810,2940,2948,2967,2208,2201,2157
2/7/2020 3:30,721,725,815,2923,2932,2960,2202,2207,2145
2/7/2020 4:00,711,703,787,2922,2934,2973,2211,2231,2186
2/7/2020 4:30,701,715,779,2921,2931,2967,2220,2216,2188
2/7/2020 5:00,690,684,740,2929,2938,2944,2239,2254,2204
2/7/2020 5:30,680,648,704,2993,3008,2972,2313,2360,2268
2/7/2020 6:00,663,613,657,3136,3158,3138,2473,2545,2481
2/7/2020 6:30,640,578,667,3396,3391,3324,2756,2813,2657
2/7/2020 7:00,616,548,609,3751,3693,3590,3135,3145,2981
2/7/2020 7:30,593,577,545,4074,3996,3942,3481,3419,3397
2/7/2020 8:00,564,552,458,4331,4271,4163,3767,3719,3705
2/7/2020 8:30,531,513,398,4508,4469,4387,3977,3956,3989
2/7/2020 9:00,494,485,358,4606,4583,4525,4112,4098,4167
2/7/2020 9:30,453,443,365,4647,4640,4582,4194,4197,4217
2/7/2020 10:00,418,417,353,4647,4650,4604,4229,4233,4251
2/7/2020 10:30,388,398,326,4647,4657,4635,4259,4259,4309
2/7/2020 11:00,367,379,341,4659,4669,4675,4292,4290,4334
2/7/2020 11:30,355,316,351,4686,4684,4682,4331,4368,4331
2/7/2020 12:00,346,312,305,4718,4716,4706,4372,4404,4401
2/7/2020 12:30,339,305,281,4719,4718,4757,4380,4413,4476
2/7/2020 13:00,343,316,266,4684,4686,4742,4341,4370,4476
2/7/2020 13:30,358,329,241,4631,4633,4643,4273,4304,4402
2/7/2020 14:00,372,360,223,4573,4576,4601,4201,4216,4378
2/7/2020 14:30,385,413,254,4551,4549,4543,4166,4136,4289
2/7/2020 15:00,402,448,361,4565,4558,4505,4163,4110,4144
2/7/2020 15:30,423,478,465,4578,4571,4506,4155,4093,4041
2/7/2020 16:00,451,537,525,4595,4593,4534,4144,4056,4009
2/7/2020 16:30,484,571,568,4672,4679,4641,4188,4108,4073
2/7/2020 17:00,513,634,569,4793,4809,4772,4280,4175,4203
2/7/2020 17:30,537,652,614,4832,4850,4855,4295,4198,4241
2/7/2020 18:00,557,700,674,4772,4784,4791,4215,4084,4117
2/7/2020 18:30,572,732,776,4662,4671,4699,4090,3939,3923
2/7/2020 19:00,586,758,801,4526,4537,4559,3940,3779,3758
2/7/2020 19:30,599,820,787,4409,4426,4452,3810,3606,3665
2/7/2020 20:00,606,837,813,4317,4345,4382,3711,3508,3569
2/7/2020 20:30,607,808,869,4231,4266,4296,3624,3458,3427
2/7/2020 21:00,621,839,983,4154,4186,4210,3533,3347,3227
2/7/2020 21:30,649,915,1122,4116,4125,4141,3467,3210,3019
2/7/2020 22:00,700,1011,1281,4096,4068,4096,3396,3057,2815
2/7/2020 22:30,774,1189,1471,3980,3933,3970,3206,2744,2499
2/7/2020 23:00,1247,1379,1776,3720,3721,3759,2473,2342,1983
2/7/2020 23:30,1428,1599,2077,3521,3520,3574,2093,1921,1497
3/7/2020 0:00,1614,1815,2388,3356,3358,3444,1742,1543,1056
3/7/2020 0:30,1803,2082,2551,3227,3233,3304,1424,1151,753
3/7/2020 1:00,1970,2222,2621,3131,3136,3174,1161,914,553
3/7/2020 1:30,2117,2410,2642,3050,3057,3071,933,647,429
3/7/2020 2:00,2217,2456,2669,2983,2990,3001,766,534,332
3/7/2020 2:30,2272,2552,2514,2936,2942,2930,664,390,416
3/7/2020 3:00,2307,2546,2360,2910,2916,2874,603,370,514
3/7/2020 3:30,2320,2592,2304,2903,2908,2836,583,316,532
3/7/2020 4:00,2327,2573,2303,2910,2917,2834,583,344,531
3/7/2020 4:30,2326,2553,2305,2911,2915,2840,585,362,535
3/7/2020 5:00,2332,2533,2313,2914,2916,2847,582,383,534
3/7/2020 5:30,2345,2524,2326,2965,2975,2862,620,451,536
3/7/2020 6:00,2366,2530,2445,3087,3109,3028,721,579,583
3/7/2020 6:30,2396,2410,2588,3336,3333,3206,940,923,618
3/7/2020 7:00,2429,2462,2701,3689,3633,3500,1260,1171,799
3/7/2020 7:30,2464,2466,2851,4011,3934,3759,1547,1468,908
3/7/2020 8:00,2463,2483,2921,4266,4204,4067,1803,1721,1146
3/7/2020 8:30,2425,2467,2788,4447,4400,4342,2022,1933,1554
3/7/2020 9:00,2390,2461,2710,4560,4518,4493,2170,2057,1783
3/7/2020 9:30,2359,2430,2713,4626,4597,4578,2267,2167,1865
3/7/2020 10:00,2330,2397,2618,4659,4644,4621,2329,2247,2003
3/7/2020 10:30,2303,2452,2599,4682,4680,4699,2379,2228,2100
3/7/2020 11:00,2275,2411,2514,4705,4707,4737,2430,2296,2223
3/7/2020 11:30,2247,2492,2416,4733,4738,4774,2486,2246,2358
3/7/2020 12:00,2207,2408,2231,4762,4767,4810,2555,2359,2579
3/7/2020 12:30,2155,2248,2201,4767,4772,4868,2612,2524,2667
3/7/2020 13:00,2102,2144,2088,4740,4750,4861,2638,2606,2773
3/7/2020 13:30,2048,2049,1887,4685,4700,4767,2637,2651,2880
3/7/2020 14:00,2001,1939,1859,4611,4633,4690,2610,2694,2831
3/7/2020 14:30,1960,1828,1818,4569,4576,4647,2609,2748,2829
3/7/2020 15:00,1919,1720,1687,4561,4540,4594,2642,2820,2907
3/7/2020 15:30,1877,1571,1513,4556,4530,4569,2679,2959,3056
3/7/2020 16:00,1845,1481,1474,4560,4554,4566,2715,3073,3092
3/7/2020 16:30,1823,1404,1414,4627,4627,4640,2804,3223,3226
3/7/2020 17:00,1801,1315,1354,4740,4728,4753,2939,3413,3399
3/7/2020 17:30,1781,1210,1313,4779,4767,4870,2998,3557,3557
3/7/2020 18:00,1758,1138,1302,4728,4727,4865,2970,3589,3563
3/7/2020 18:30,1733,1099,1308,4636,4642,4758,2903,3543,3450
3/7/2020 19:00,1709,1033,1296,4522,4527,4623,2813,3494,3327
3/7/2020 19:30,1686,964,1288,4413,4413,4489,2727,3449,3201
3/7/2020 20:00,1658,899,1287,4316,4307,4374,2658,3408,3087
3/7/2020 20:30,1626,883,1215,4227,4211,4269,2601,3328,3054
3/7/2020 21:00,1598,833,1158,4146,4126,4175,2548,3293,3017
3/7/2020 21:30,1575,854,1132,4072,4058,4087,2497,3204,2955
3/7/2020 22:00,1550,831,1118,3995,3996,4055,2445,3165,2937
3/7/2020 22:30,1524,936,1157,3868,3883,3964,2344,2947,2807
3/7/2020 23:00,727,950,1165,3716,3717,3796,2989,2767,2631
3/7/2020 23:30,754,1016,1169,3553,3550,3618,2799,2534,2449
4/7/2020 0:00,777,1039,1111,3405,3406,3478,2628,2367,2367
4/7/2020 0:30,797,1073,1054,3266,3270,3347,2469,2197,2293
4/7/2020 1:00,813,1081,1072,3137,3140,3229,2324,2059,2157
4/7/2020 1:30,827,1128,1114,3031,3034,3115,2204,1906,2001
4/7/2020 2:00,846,1111,1158,2947,2952,3062,2101,1841,1904
4/7/2020 2:30,871,1123,1110,2883,2887,3008,2012,1764,1898
4/7/2020 3:00,891,1097,1048,2835,2840,2966,1944,1743,1918
4/7/2020 3:30,907,1066,986,2807,2812,2937,1900,1746,1951
4/7/2020 4:00,910,1025,975,2795,2801,2923,1885,1776,1948
4/7/2020 4:30,900,977,924,2783,2780,2898,1883,1803,1974
4/7/2020 5:00,902,937,874,2772,2767,2873,1870,1830,1999
4/7/2020 5:30,915,915,851,2776,2780,2842,1861,1865,1991
4/7/2020 6:00,931,891,812,2811,2828,2912,1880,1937,2100
4/7/2020 6:30,950,836,764,2937,2934,3008,1987,2098,2244
4/7/2020 7:00,976,825,698,3146,3093,3169,2170,2268,2471
4/7/2020 7:30,1010,812,660,3360,3290,3393,2350,2478,2733
4/7/2020 8:00,1053,807,622,3558,3505,3558,2505,2698,2936
4/7/2020 8:30,1105,783,678,3731,3700,3758,2626,2917,3080
4/7/2020 9:00,1156,804,750,3878,3862,3952,2722,3058,3202
4/7/2020 9:30,1206,809,868,4008,4003,4105,2802,3194,3237
4/7/2020 10:00,1246,831,920,4118,4112,4208,2872,3281,3288
4/7/2020 10:30,1278,811,984,4191,4185,4300,2913,3374,3316
4/7/2020 11:00,1312,861,1024,4230,4221,4347,2918,3360,3323
4/7/2020 11:30,1348,910,1059,4262,4271,4366,2914,3361,3307
4/7/2020 12:00,1381,982,1237,4288,4300,4417,2907,3318,3180
4/7/2020 12:30,1413,1057,1395,4289,4300,4442,2876,3243,3047
4/7/2020 13:00,1443,1148,1535,4260,4267,4410,2817,3119,2875
4/7/2020 13:30,1472,1366,1629,4206,4212,4341,2734,2846,2712
4/7/2020 14:00,1492,1430,1643,4135,4147,4208,2643,2717,2565
4/7/2020 14:30,1503,1528,1712,4077,4095,4149,2574,2567,2437
4/7/2020 15:00,1516,1592,1819,4041,4066,4129,2525,2474,2310
4/7/2020 15:30,1532,1743,1868,4034,4061,4099,2502,2318,2231
4/7/2020 16:00,1572,1834,2040,4058,4085,4144,2486,2251,2104
4/7/2020 16:30,1637,1999,2116,4124,4162,4166,2487,2163,2050
4/7/2020 17:00,1723,2085,2193,4216,4276,4256,2493,2191,2063
4/7/2020 17:30,1828,2166,2344,4271,4354,4371,2443,2188,2027
4/7/2020 18:00,1917,2274,2630,4271,4371,4406,2354,2097,1776
4/7/2020 18:30,1990,2450,2947,4218,4320,4366,2228,1870,1419
4/7/2020 19:00,2079,2599,3001,4119,4210,4295,2040,1611,1294
4/7/2020 19:30,2185,2853,2980,4019,4107,4145,1834,1254,1165
4/7/2020 20:00,2311,2957,2890,3926,4023,3995,1615,1066,1105
4/7/2020 20:30,2458,2996,2797,3836,3944,3878,1378,948,1081
4/7/2020 21:00,2588,3032,2655,3756,3869,3759,1168,837,1104
4/7/2020 21:30,2701,3174,2637,3719,3815,3663,1018,641,1026
4/7/2020 22:00,2778,3143,2576,3706,3769,3632,928,626,1056
4/7/2020 22:30,2819,3113,2512,3614,3663,3571,795,550,1059
4/7/2020 23:00,2839,3022,2491,3491,3504,3448,652,482,957
4/7/2020 23:30,2751,2744,2418,3371,3373,3294,620,629,876
5/7/2020 0:00,2667,2655,2346,3296,3289,3162,629,634,816
5/7/2020 0:30,2586,2579,2326,3191,3174,3041,605,595,715
5/7/2020 1:00,2524,2517,2357,3051,3023,2947,527,506,590
5/7/2020 1:30,2482,2285,2291,2933,2900,2858,451,615,567
5/7/2020 2:00,2445,2252,2260,2847,2817,2806,402,565,546
5/7/2020 2:30,2411,2187,2202,2777,2747,2732,366,560,530
5/7/2020 3:00,2374,2160,2141,2719,2692,2693,345,532,552
5/7/2020 3:30,2333,2142,2134,2683,2657,2683,350,515,549
5/7/2020 4:00,2308,2125,2087,2664,2642,2670,356,517,583
5/7/2020 4:30,2297,2120,1979,2643,2610,2635,346,490,656
5/7/2020 5:00,2293,2120,1905,2614,2583,2604,321,463,699
5/7/2020 5:30,2298,2162,1874,2574,2553,2546,276,391,672
5/7/2020 6:00,2334,2208,1895,2543,2538,2600,209,330,705
5/7/2020 6:30,2403,2249,1743,2611,2595,2647,208,346,904
5/7/2020 7:00,2483,2352,1723,2779,2728,2732,296,376,1009
5/7/2020 7:30,2574,2472,1869,2958,2895,2883,384,423,1014
5/7/2020 8:00,2666,2577,1995,3130,3080,2998,464,503,1003
5/7/2020 8:30,2758,2559,2111,3299,3271,3149,541,712,1038
5/7/2020 9:00,2842,2667,2370,3465,3456,3345,623,789,975
5/7/2020 9:30,2916,2761,2536,3622,3627,3521,706,866,985
5/7/2020 10:00,2977,2836,2627,3766,3776,3672,789,940,1045
5/7/2020 10:30,3024,2888,2680,3886,3900,3775,862,1012,1095
5/7/2020 11:00,3062,2933,2718,3983,3996,3882,921,1063,1164
5/7/2020 11:30,3092,2944,2710,4066,4076,3931,974,1132,1221
5/7/2020 12:00,3113,2976,2708,4130,4147,4021,1017,1171,1313
5/7/2020 12:30,3126,2940,2703,4147,4170,4077,1021,1230,1374
5/7/2020 13:00,3141,2961,2625,4112,4140,4067,971,1179,1442
5/7/2020 13:30,3155,2944,2253,4044,4071,3955,889,1127,1702
5/7/2020 14:00,3167,2963,2140,3958,3982,3875,791,1019,1735
5/7/2020 14:30,3176,2980,2079,3893,3919,3794,717,939,1715
5/7/2020 15:00,3179,2996,2043,3857,3896,3748,678,900,1705
5/7/2020 15:30,3178,3001,2184,3848,3890,3752,670,889,1568
5/7/2020 16:00,3181,3014,2450,3866,3902,3815,685,888,1365
5/7/2020 16:30,3186,3032,2678,3925,3952,3906,739,920,1228
5/7/2020 17:00,3189,3037,2876,4012,4031,4012,823,994,1136
5/7/2020 17:30,3191,2654,2942,4070,4079,4114,879,1425,1172
5/7/2020 18:00,3184,2687,2935,4083,4084,4106,899,1397,1171
5/7/2020 18:30,3168,2573,2981,4048,4049,4045,880,1476,1064
5/7/2020 19:00,3146,2607,2879,3973,3980,3961,827,1373,1082
5/7/2020 19:30,3118,2711,2798,3890,3888,3862,772,1177,1064
5/7/2020 20:00,3069,2718,2764,3809,3784,3804,740,1066,1040
5/7/2020 20:30,3001,2895,2736,3728,3681,3735,727,786,999
5/7/2020 21:00,2907,2844,2694,3657,3598,3666,750,754,972
5/7/2020 21:30,2789,2776,2642,3645,3582,3589,856,806,947
5/7/2020 22:00,2682,2692,2560,3669,3612,3561,987,920,1001
5/7/2020 22:30,2585,2587,2558,3597,3551,3575,1012,964,1017
5/7/2020 23:00,2604,2498,2517,3384,3383,3396,780,885,879
5/7/2020 23:30,2492,2341,2293,3192,3192,3215,700,851,922
6/7/2020 0:00,2397,2270,2019,3010,3011,3058,613,741,1039
6/7/2020 0:30,2319,2203,1874,2884,2887,2913,565,684,1039
6/7/2020 1:00,2263,2162,2020,2817,2821,2824,554,659,804
6/7/2020 1:30,2229,2138,2023,2769,2774,2781,540,636,758
6/7/2020 2:00,2193,2114,1912,2729,2736,2729,536,622,817
6/7/2020 2:30,2155,2139,1885,2702,2710,2676,547,571,791
6/7/2020 3:00,2110,2114,1780,2687,2695,2640,577,581,860
6/7/2020 3:30,2058,1973,1659,2679,2686,2619,621,713,960
6/7/2020 4:00,2005,1951,1602,2677,2684,2628,672,733,1026
6/7/2020 4:30,1953,1914,1536,2674,2692,2640,721,778,1104
6/7/2020 5:00,1886,1869,1594,2684,2702,2645,798,833,1051
6/7/2020 5:30,1804,1817,1782,2755,2782,2666,951,965,884
6/7/2020 6:00,1727,1756,1958,2911,2948,2852,1184,1192,894
6/7/2020 6:30,1656,1621,1956,3183,3188,3040,1527,1567,1084
6/7/2020 7:00,1599,1584,1973,3552,3488,3351,1953,1904,1378
6/7/2020 7:30,1557,1495,1900,3890,3793,3671,2333,2298,1771
6/7/2020 8:00,1525,1472,1729,4163,4077,3957,2638,2605,2228
6/7/2020 8:30,1501,1384,1613,4346,4283,4206,2845,2899,2593
6/7/2020 9:00,1462,1336,1599,4444,4402,4365,2982,3066,2766
6/7/2020 9:30,1406,1419,1510,4497,4469,4463,3091,3050,2953
6/7/2020 10:00,1345,1338,1406,4521,4493,4495,3176,3155,3089
6/7/2020 10:30,1279,1350,1303,4544,4509,4536,3265,3159,3233
6/7/2020 11:00,1222,1278,1238,4573,4525,4576,3351,3247,3338
6/7/2020 11:30,1173,1209,1189,4610,4564,4594,3437,3355,3405
6/7/2020 12:00,1136,1166,1076,4649,4598,4617,3513,3432,3541
6/7/2020 12:30,1111,1129,1001,4655,4602,4688,3544,3473,3687
6/7/2020 13:00,1102,1113,1015,4626,4571,4645,3524,3458,3630
6/7/2020 13:30,1109,1111,1036,4582,4526,4578,3473,3415,3542
6/7/2020 14:00,1109,1114,1027,4536,4477,4526,3427,3363,3499
6/7/2020 14:30,1102,1097,981,4515,4445,4477,3413,3348,3496
6/7/2020 15:00,1094,1088,977,4522,4437,4488,3428,3349,3511
6/7/2020 15:30,1086,1036,986,4534,4462,4496,3448,3426,3510
6/7/2020 16:00,1070,1042,1026,4558,4523,4523,3488,3481,3497
6/7/2020 16:30,1045,1033,1124,4634,4637,4634,3589,3604,3510
6/7/2020 17:00,1008,1026,1120,4746,4773,4743,3738,3747,3623
6/7/2020 17:30,959,1007,1125,4782,4815,4834,3823,3808,3709
6/7/2020 18:00,914,975,1071,4724,4744,4753,3810,3769,3682
6/7/2020 18:30,873,908,977,4613,4615,4643,3740,3707,3666
6/7/2020 19:00,821,854,925,4471,4456,4536,3650,3602,3611
6/7/2020 19:30,757,822,867,4338,4329,4434,3581,3507,3567
6/7/2020 20:00,695,740,736,4223,4242,4331,3528,3502,3595
6/7/2020 20:30,637,690,661,4115,4158,4252,3478,3468,3591
6/7/2020 21:00,589,620,597,4023,4076,4176,3434,3456,3579
6/7/2020 21:30,551,560,556,3984,4027,4100,3433,3467,3544
6/7/2020 22:00,522,524,549,3976,3995,4075,3454,3471,3526
6/7/2020 22:30,502,469,477,3873,3883,4009,3371,3414,3532
6/7/2020 23:00,469,452,435,3681,3682,3800,3212,3230,3365
6/7/2020 23:30,461,437,409,3462,3461,3577,3001,3024,3168
7/7/2020 0:00,453,424,395,3256,3254,3394,2803,2830,2999
7/7/2020 0:30,446,416,372,3111,3109,3271,2665,2693,2899
7/7/2020 1:00,444,404,370,3027,3026,3164,2583,2622,2794
7/7/2020 1:30,445,420,423,2962,2962,3070,2517,2542,2647
7/7/2020 2:00,446,409,426,2904,2906,3015,2458,2497,2589
7/7/2020 2:30,444,388,458,2858,2862,2982,2414,2474,2524
7/7/2020 3:00,448,393,466,2825,2830,2941,2377,2437,2475
7/7/2020 3:30,455,397,512,2808,2813,2926,2353,2416,2414
7/7/2020 4:00,462,403,532,2805,2812,2925,2343,2409,2393
7/7/2020 4:30,469,419,576,2810,2817,2940,2341,2398,2364
7/7/2020 5:00,498,432,642,2828,2834,2964,2330,2402,2322
7/7/2020 5:30,551,462,678,2889,2901,3003,2338,2439,2325
7/7/2020 6:00,630,507,755,3014,3034,3178,2384,2527,2423
7/7/2020 6:30,733,595,867,3267,3264,3355,2534,2669,2488
7/7/2020 7:00,842,689,999,3628,3574,3614,2786,2885,2615
7/7/2020 7:30,956,830,1082,3953,3880,3872,2997,3050,2790
7/7/2020 8:00,1080,916,1145,4207,4151,4165,3127,3235,3020
7/7/2020 8:30,1216,1055,1294,4393,4361,4400,3177,3306,3106
7/7/2020 9:00,1329,1132,1284,4515,4501,4533,3186,3369,3249
7/7/2020 9:30,1420,1279,1315,4586,4591,4596,3166,3312,3281
7/7/2020 10:00,1496,1339,1441,4617,4635,4616,3121,3296,3175
7/7/2020 10:30,1557,1429,1594,4640,4670,4682,3083,3241,3088
7/7/2020 11:00,1606,1476,1704,4665,4701,4726,3059,3225,3022
7/7/2020 11:30,1643,1541,1766,4703,4744,4761,3060,3203,2995
7/7/2020 12:00,1682,1576,1821,4746,4785,4815,3064,3209,2994
7/7/2020 12:30,1725,1616,1781,4754,4792,4869,3029,3176,3088
7/7/2020 13:00,1768,1629,1784,4726,4763,4893,2958,3134,3109
7/7/2020 13:30,1813,1649,1738,4689,4723,4805,2876,3074,3067
7/7/2020 14:00,1828,1633,1680,4652,4684,4752,2824,3051,3072
7/7/2020 14:30,1815,1747,1651,4626,4664,4740,2811,2917,3089
7/7/2020 15:00,1792,1700,1562,4618,4665,4711,2826,2965,3149
7/7/2020 15:30,1760,1634,1504,4642,4681,4693,2882,3047,3189
7/7/2020 16:00,1718,1577,1466,4704,4717,4750,2986,3140,3284
7/7/2020 16:30,1666,1539,1464,4811,4799,4865,3145,3260,3401
7/7/2020 17:00,1604,1487,1453,4938,4907,5005,3334,3420,3552
7/7/2020 17:30,1532,1385,1407,4973,4934,5111,3441,3549,3704
7/7/2020 18:00,1473,1330,1326,4902,4867,5054,3429,3537,3728
7/7/2020 18:30,1429,1241,1257,4781,4774,4904,3352,3533,3647
7/7/2020 19:00,1374,1197,1122,4636,4673,4731,3262,3476,3609
7/7/2020 19:30,1309,1139,1073,4517,4575,4608,3208,3436,3535
7/7/2020 20:00,1251,1111,985,4431,4484,4510,3180,3373,3525
7/7/2020 20:30,1200,1114,998,4351,4405,4423,3151,3291,3425
7/7/2020 21:00,1141,1065,959,4271,4334,4337,3130,3269,3378
7/7/2020 21:30,1073,946,923,4192,4264,4249,3119,3318,3326
7/7/2020 22:00,1003,887,915,4102,4180,4183,3099,3293,3268
7/7/2020 22:30,931,788,818,3958,4036,4067,3027,3248,3249
7/7/2020 23:00,819,733,905,3828,3832,3850,3009,3099,2945
7/7/2020 23:30,756,650,876,3619,3637,3646,2863,2987,2770
8/7/2020 0:00,698,591,795,3426,3447,3458,2728,2856,2663
8/7/2020 0:30,646,546,720,3281,3303,3303,2635,2757,2583
8/7/2020 1:00,592,483,676,3186,3206,3204,2594,2723,2528
8/7/2020 1:30,538,455,577,3114,3131,3102,2576,2676,2525
8/7/2020 2:00,485,404,592,3057,3073,3058,2572,2669,2466
8/7/2020 2:30,434,439,527,3013,3026,3021,2579,2587,2494
8/7/2020 3:00,391,393,495,2983,2994,2981,2592,2601,2486
8/7/2020 3:30,354,381,494,2973,2981,2975,2619,2600,2481
8/7/2020 4:00,322,343,412,2979,2988,2969,2657,2645,2557
8/7/2020 4:30,295,317,369,2984,2990,2964,2689,2673,2595
8/7/2020 5:00,272,288,304,2992,2998,2967,2720,2710,2663
8/7/2020 5:30,253,290,270,3044,3060,2974,2791,2770,2704
8/7/2020 6:00,231,265,233,3165,3194,3129,2934,2929,2896
8/7/2020 6:30,206,233,181,3410,3417,3314,3204,3184,3133
8/7/2020 7:00,187,217,146,3760,3719,3606,3573,3502,3460
8/7/2020 7:30,176,202,121,4078,4022,3957,3902,3820,3836
8/7/2020 8:00,169,196,116,4328,4296,4180,4159,4100,4064
8/7/2020 8:30,164,195,119,4498,4490,4401,4334,4295,4282
8/7/2020 9:00,166,201,119,4594,4600,4560,4428,4399,4441
8/7/2020 9:30,173,209,166,4641,4659,4640,4468,4450,4474
8/7/2020 10:00,181,225,185,4655,4680,4657,4474,4455,4472
8/7/2020 10:30,190,231,225,4669,4701,4703,4479,4470,4478
8/7/2020 11:00,207,261,280,4692,4727,4739,4485,4466,4459
8/7/2020 11:30,232,280,299,4722,4772,4759,4490,4492,4460
8/7/2020 12:00,257,310,295,4753,4810,4801,4496,4500,4506
8/7/2020 12:30,283,334,315,4754,4820,4876,4471,4486,4561
8/7/2020 13:00,318,367,353,4725,4799,4890,4407,4432,4537
8/7/2020 13:30,361,411,383,4685,4763,4820,4324,4352,4437
8/7/2020 14:00,397,445,494,4644,4721,4799,4247,4276,4305
8/7/2020 14:30,426,536,671,4624,4693,4789,4198,4157,4118
8/7/2020 15:00,446,576,754,4626,4685,4777,4180,4109,4023
8/7/2020 15:30,457,671,878,4644,4699,4796,4187,4028,3918
8/7/2020 16:00,461,728,1020,4681,4742,4854,4220,4014,3834
8/7/2020 16:30,458,767,1164,4763,4841,4968,4305,4074,3804
8/7/2020 17:00,453,800,1238,4870,4973,5092,4417,4173,3854
8/7/2020 17:30,445,828,1253,4899,5017,5184,4454,4189,3931
8/7/2020 18:00,435,846,1262,4838,4953,5092,4403,4107,3830
8/7/2020 18:30,423,943,1192,4748,4843,4911,4325,3900,3719
8/7/2020 19:00,406,937,1124,4645,4710,4734,4239,3773,3610
8/7/2020 19:30,385,1050,1096,4546,4599,4589,4161,3549,3493
8/7/2020 20:00,366,1011,1081,4455,4516,4479,4089,3505,3398
8/7/2020 20:30,351,1002,1015,4374,4434,4375,4023,3432,3360
8/7/2020 21:00,342,943,1015,4305,4348,4313,3963,3405,3298
8/7/2020 21:30,341,904,965,4244,4267,4217,3903,3363,3252
8/7/2020 22:00,340,847,945,4175,4179,4143,3835,3332,3198
8/7/2020 22:30,338,779,946,4036,4027,4017,3698,3248,3071
8/7/2020 23:00,507,741,914,3807,3810,3809,3300,3069,2895
8/7/2020 23:30,497,701,866,3592,3588,3595,3095,2887,2729
9/7/2020 0:00,490,668,834,3401,3397,3421,2911,2729,2587
9/7/2020 0:30,488,660,827,3255,3251,3278,2767,2591,2451
9/7/2020 1:00,487,651,848,3153,3149,3161,2666,2498,2313
9/7/2020 1:30,489,693,822,3077,3073,3082,2588,2380,2260
9/7/2020 2:00,502,693,838,3019,3019,3021,2517,2326,2183
9/7/2020 2:30,526,721,870,2977,2978,2984,2451,2257,2114
9/7/2020 3:00,555,722,921,2948,2952,2951,2393,2230,2030
9/7/2020 3:30,587,761,972,2936,2942,2928,2349,2181,1956
9/7/2020 4:00,617,761,974,2937,2947,2922,2320,2186,1948
9/7/2020 4:30,646,779,1013,2935,2944,2925,2289,2165,1912
9/7/2020 5:00,664,798,1068,2938,2946,2937,2274,2148,1869
9/7/2020 5:30,673,873,1092,2997,3014,2959,2324,2141,1867
9/7/2020 6:00,674,897,1103,3134,3163,3097,2460,2266,1994
9/7/2020 6:30,667,930,1055,3391,3398,3287,2724,2468,2232
9/7/2020 7:00,658,946,1036,3748,3703,3573,3090,2757,2537
9/7/2020 7:30,648,1016,1063,4079,4011,3854,3431,2995,2791
9/7/2020 8:00,642,1004,1114,4345,4292,4161,3703,3288,3047
9/7/2020 8:30,641,1021,1111,4524,4493,4377,3883,3472,3266
9/7/2020 9:00,638,1002,1100,4618,4610,4506,3980,3608,3406
9/7/2020 9:30,631,980,1057,4663,4671,4583,4032,3691,3526
9/7/2020 10:00,630,958,1068,4676,4689,4599,4046,3731,3531
9/7/2020 10:30,633,915,1029,4688,4700,4627,4055,3785,3598
9/7/2020 11:00,638,895,1017,4708,4716,4649,4070,3821,3632
9/7/2020 11:30,646,909,1002,4740,4738,4667,4094,3829,3665
9/7/2020 12:00,650,876,1037,4774,4777,4697,4124,3901,3660
9/7/2020 12:30,652,865,991,4778,4782,4730,4126,3917,3739
9/7/2020 13:00,645,845,994,4747,4749,4710,4102,3904,3716
9/7/2020 13:30,630,843,931,4700,4703,4619,4070,3860,3688
9/7/2020 14:00,621,846,977,4648,4657,4562,4027,3811,3585
9/7/2020 14:30,619,890,973,4616,4626,4534,3997,3736,3561
9/7/2020 15:00,636,923,934,4609,4617,4498,3973,3694,3564
9/7/2020 15:30,670,982,946,4620,4625,4481,3950,3643,3535
9/7/2020 16:00,721,1042,1043,4653,4659,4500,3932,3617,3457
9/7/2020 16:30,788,1162,1141,4735,4743,4586,3947,3581,3445
9/7/2020 17:00,865,1233,1278,4848,4859,4680,3983,3626,3402
9/7/2020 17:30,950,1307,1506,4882,4891,4759,3932,3584,3253
9/7/2020 18:00,1027,1361,1623,4821,4821,4707,3794,3460,3084
9/7/2020 18:30,1098,1382,1730,4708,4692,4581,3610,3310,2851
9/7/2020 19:00,1159,1415,1722,4566,4530,4457,3407,3115,2735
9/7/2020 19:30,1213,1439,1646,4443,4390,4356,3230,2951,2710
9/7/2020 20:00,1244,1451,1548,4345,4283,4289,3101,2832,2741
9/7/2020 20:30,1252,1467,1482,4246,4185,4222,2994,2718,2740
9/7/2020 21:00,1253,1430,1378,4151,4101,4183,2898,2671,2805
9/7/2020 21:30,1247,1417,1413,4109,4065,4133,2862,2648,2720
9/7/2020 22:00,1229,1328,1354,4097,4054,4094,2868,2726,2740
9/7/2020 22:30,1199,1319,1220,3980,3941,4028,2781,2622,2808
9/7/2020 23:00,1099,1240,1186,3726,3723,3816,2627,2483,2630
9/7/2020 23:30,1056,1118,1157,3521,3516,3590,2465,2398,2433
10/7/2020 0:00,1014,1064,1144,3355,3351,3389,2341,2287,2245
10/7/2020 0:30,974,942,1130,3220,3217,3248,2246,2275,2118
10/7/2020 1:00,937,924,1130,3114,3110,3132,2177,2186,2002
10/7/2020 1:30,903,971,1141,3030,3027,3042,2127,2056,1901
10/7/2020 2:00,877,952,1151,2967,2964,2991,2090,2012,1840
10/7/2020 2:30,860,933,1122,2917,2915,2946,2057,1982,1824
10/7/2020 3:00,840,911,1057,2881,2880,2912,2041,1969,1855
10/7/2020 3:30,817,925,1012,2866,2866,2891,2049,1941,1879
10/7/2020 4:00,798,893,994,2869,2869,2892,2071,1976,1898
10/7/2020 4:30,782,865,908,2872,2869,2883,2090,2004,1975
10/7/2020 5:00,769,836,896,2881,2877,2874,2112,2041,1978
10/7/2020 5:30,759,861,900,2939,2941,2896,2180,2080,1996
10/7/2020 6:00,753,841,848,3071,3081,3065,2318,2240,2217
10/7/2020 6:30,753,823,765,3328,3320,3250,2575,2497,2485
10/7/2020 7:00,774,841,713,3689,3642,3539,2915,2801,2826
10/7/2020 7:30,817,899,696,4014,3950,3832,3197,3051,3136
10/7/2020 8:00,858,936,809,4268,4212,4106,3410,3276,3297
10/7/2020 8:30,896,943,914,4443,4395,4310,3547,3452,3396
10/7/2020 9:00,920,951,953,4545,4496,4448,3625,3545,3495
10/7/2020 9:30,931,941,1009,4594,4547,4497,3663,3606,3488
10/7/2020 10:00,929,930,1070,4604,4557,4539,3675,3627,3469
10/7/2020 10:30,912,887,1108,4608,4563,4556,3696,3676,3448
10/7/2020 11:00,902,880,1059,4616,4570,4554,3714,3690,3495
10/7/2020 11:30,897,898,1112,4637,4583,4564,3740,3685,3452
10/7/2020 12:00,904,910,1102,4667,4602,4583,3763,3692,3481
10/7/2020 12:30,920,972,1158,4669,4596,4640,3749,3624,3482
10/7/2020 13:00,931,1001,1121,4637,4560,4607,3706,3559,3486
10/7/2020 13:30,934,1050,1150,4579,4499,4517,3645,3449,3367
10/7/2020 14:00,951,1075,1188,4508,4425,4436,3557,3350,3248
10/7/2020 14:30,981,1103,1283,4460,4370,4370,3479,3267,3087
10/7/2020 15:00,1006,1106,1398,4440,4340,4344,3434,3234,2946
10/7/2020 15:30,1025,1098,1382,4432,4328,4300,3407,3230,2918
10/7/2020 16:00,1037,1062,1279,4443,4339,4315,3406,3277,3036
10/7/2020 16:30,1041,996,1170,4509,4402,4386,3468,3406,3216
10/7/2020 17:00,1036,978,1090,4613,4500,4478,3577,3522,3388
10/7/2020 17:30,1023,999,1047,4651,4537,4550,3628,3538,3503
10/7/2020 18:00,1006,1021,1015,4603,4499,4526,3597,3478,3511
10/7/2020 18:30,983,1138,990,4503,4418,4441,3520,3280,3451
10/7/2020 19:00,948,1119,1005,4370,4312,4327,3422,3193,3322
10/7/2020 19:30,901,1064,982,4243,4216,4253,3342,3152,3271
10/7/2020 20:00,847,997,871,4131,4137,4141,3284,3140,3270
10/7/2020 20:30,786,885,766,4027,4064,4058,3241,3179,3292
10/7/2020 21:00,725,800,668,3939,3997,4000,3214,3197,3332
10/7/2020 21:30,667,699,598,3908,3965,3910,3241,3266,3312
10/7/2020 22:00,617,640,532,3913,3950,3877,3296,3310,3345
10/7/2020 22:30,575,570,502,3828,3852,3864,3253,3282,3362
10/7/2020 23:00,541,524,492,3670,3670,3729,3129,3146,3237
10/7/2020 23:30,523,468,484,3490,3486,3547,2967,3018,3063
11/7/2020 0:00,504,449,492,3332,3331,3383,2828,2882,2891
11/7/2020 0:30,483,424,474,3196,3197,3244,2713,2773,2770
11/7/2020 1:00,468,428,446,3082,3082,3136,2614,2654,2690
11/7/2020 1:30,461,409,445,2993,2993,3038,2532,2584,2593
11/7/2020 2:00,443,398,431,2927,2929,2980,2484,2531,2549
11/7/2020 2:30,416,362,373,2877,2879,2924,2461,2517,2551
11/7/2020 3:00,383,330,354,2840,2843,2875,2457,2513,2521
11/7/2020 3:30,343,341,345,2819,2823,2843,2476,2482,2498
11/7/2020 4:00,310,317,350,2809,2814,2833,2499,2497,2483
11/7/2020 4:30,283,301,291,2795,2797,2837,2512,2496,2546
11/7/2020 5:00,260,285,269,2779,2776,2783,2519,2491,2514
11/7/2020 5:30,239,266,240,2777,2782,2766,2538,2516,2526
11/7/2020 6:00,219,249,199,2814,2829,2857,2595,2580,2658
11/7/2020 6:30,199,215,176,2957,2956,2967,2758,2741,2791
11/7/2020 7:00,188,209,150,3199,3157,3133,3011,2948,2983
11/7/2020 7:30,186,230,71,3437,3377,3357,3251,3147,3286
11/7/2020 8:00,189,232,49,3644,3594,3522,3455,3362,3473
11/7/2020 8:30,198,213,0,3816,3780,3726,3618,3567,3726
11/7/2020 9:00,204,212,0,3951,3927,3902,3747,3715,3902
11/7/2020 9:30,207,188,131,4047,4040,4035,3840,3852,3904
11/7/2020 10:00,207,185,133,4106,4115,4117,3899,3930,3984
11/7/2020 10:30,203,174,129,4143,4156,4161,3940,3982,4032
11/7/2020 11:00,204,174,127,4164,4167,4184,3960,3993,4057
11/7/2020 11:30,211,144,146,4179,4187,4204,3968,4043,4058
11/7/2020 12:00,215,147,176,4188,4204,4208,3973,4057,4032
11/7/2020 12:30,218,147,184,4174,4193,4236,3956,4046,4052
11/7/2020 13:00,222,153,192,4132,4150,4201,3910,3997,4009
11/7/2020 13:30,227,163,176,4066,4083,4125,3839,3920,3949
11/7/2020 14:00,226,169,190,3984,4003,4050,3758,3834,3860
11/7/2020 14:30,220,161,181,3922,3944,3991,3702,3783,3810
11/7/2020 15:00,214,162,201,3888,3913,3965,3674,3751,3764
11/7/2020 15:30,210,184,203,3873,3899,3935,3663,3715,3732
11/7/2020 16:00,204,181,189,3881,3906,3965,3677,3725,3776
11/7/2020 16:30,196,184,180,3936,3960,4012,3740,3776,3832
11/7/2020 17:00,189,178,174,4029,4051,4119,3840,3873,3945
11/7/2020 17:30,184,170,151,4090,4113,4207,3906,3943,4056
11/7/2020 18:00,178,162,143,4101,4127,4235,3923,3965,4092
11/7/2020 18:30,173,155,134,4056,4088,4179,3883,3933,4045
11/7/2020 19:00,162,147,132,3967,4004,4091,3805,3857,3959
11/7/2020 19:30,144,138,130,3881,3916,4000,3737,3778,3870
11/7/2020 20:00,132,138,138,3807,3832,3895,3675,3694,3757
11/7/2020 20:30,124,147,144,3732,3745,3818,3608,3598,3674
11/7/2020 21:00,120,158,163,3664,3667,3745,3544,3509,3582
11/7/2020 21:30,119,223,206,3657,3660,3702,3538,3437,3496
11/7/2020 22:00,118,238,219,3690,3703,3714,3572,3465,3495
11/7/2020 22:30,117,238,211,3631,3655,3675,3514,3417,3464
11/7/2020 23:00,154,225,206,3504,3508,3552,3350,3283,3346
11/7/2020 23:30,151,205,208,3375,3385,3400,3224,3180,3192
12/7/2020 0:00,150,200,220,3281,3291,3287,3131,3091,3067
12/7/2020 0:30,152,198,229,3173,3183,3162,3021,2985,2933
12/7/2020 1:00,155,210,246,3048,3056,3058,2893,2846,2812
12/7/2020 1:30,162,222,275,2941,2950,2963,2779,2728,2688
12/7/2020 2:00,176,245,318,2860,2868,2895,2684,2623,2577
12/7/2020 2:30,198,285,370,2794,2800,2845,2596,2515,2475
12/7/2020 3:00,227,319,401,2743,2746,2789,2516,2427,2388
12/7/2020 3:30,262,369,419,2713,2715,2748,2451,2346,2329
12/7/2020 4:00,299,398,453,2701,2701,2734,2402,2303,2281
12/7/2020 4:30,336,413,504,2683,2684,2713,2347,2271,2209
12/7/2020 5:00,370,437,537,2655,2653,2646,2285,2216,2109
12/7/2020 5:30,401,485,611,2622,2627,2612,2221,2142,2001
12/7/2020 6:00,421,508,664,2603,2619,2662,2182,2111,1998
12/7/2020 6:30,431,554,685,2670,2661,2722,2239,2107,2037
12/7/2020 7:00,435,579,664,2821,2759,2811,2386,2180,2147
12/7/2020 7:30,435,628,660,2986,2902,2921,2551,2274,2261
12/7/2020 8:00,475,676,687,3145,3079,3097,2670,2403,2410
12/7/2020 8:30,556,761,788,3298,3258,3248,2742,2497,2460
12/7/2020 9:00,632,831,845,3446,3430,3417,2814,2599,2572
12/7/2020 9:30,703,902,984,3592,3592,3554,2889,2690,2570
12/7/2020 10:00,781,978,1190,3733,3737,3702,2952,2759,2512
12/7/2020 10:30,867,1074,1326,3842,3855,3803,2975,2781,2477
12/7/2020 11:00,941,1159,1386,3918,3942,3861,2977,2783,2475
12/7/2020 11:30,1004,1236,1459,3975,3979,3930,2971,2743,2471
12/7/2020 12:00,1067,1308,1512,4015,4016,4011,2948,2708,2499
12/7/2020 12:30,1129,1386,1607,4021,4024,4062,2892,2638,2455
12/7/2020 13:00,1186,1445,1706,3994,4000,4057,2808,2555,2351
12/7/2020 13:30,1240,1575,1776,3944,3956,3973,2704,2381,2197
12/7/2020 14:00,1290,1614,1782,3880,3898,3868,2590,2284,2086
12/7/2020 14:30,1335,1591,1837,3825,3847,3808,2490,2256,1971
12/7/2020 15:00,1385,1622,1867,3789,3813,3778,2404,2191,1911
12/7/2020 15:30,1440,1642,1863,3783,3809,3762,2343,2167,1899
12/7/2020 16:00,1463,1666,1907,3810,3841,3821,2347,2175,1914
12/7/2020 16:30,1456,1749,1870,3874,3913,3884,2418,2164,2014
12/7/2020 17:00,1459,1752,1877,3962,4011,3986,2503,2259,2109
12/7/2020 17:30,1472,1814,1789,4013,4063,4080,2541,2249,2291
12/7/2020 18:00,1474,1801,1755,4016,4055,4094,2542,2254,2339
12/7/2020 18:30,1465,1812,1715,3987,4016,4032,2522,2204,2317
12/7/2020 19:00,1473,1802,1769,3935,3957,3998,2462,2155,2229
12/7/2020 19:30,1497,1786,1760,3883,3904,3914,2386,2118,2154
12/7/2020 20:00,1522,1786,1791,3833,3860,3861,2311,2074,2070
12/7/2020 20:30,1546,1790,1849,3781,3809,3786,2235,2019,1937
12/7/2020 21:00,1575,1789,1865,3731,3752,3728,2156,1963,1863
12/7/2020 21:30,1608,1711,1939,3706,3720,3656,2098,2009,1717
12/7/2020 22:00,1639,1696,1967,3691,3700,3644,2052,2004,1677
12/7/2020 22:30,1668,1697,2013,3604,3616,3568,1936,1919,1555
12/7/2020 23:00,1636,1658,2024,3460,3463,3380,1824,1805,1356
12/7/2020 23:30,1587,1622,2051,3292,3295,3235,1705,1673,1184
13/7/2020 0:00,1546,1571,2000,3131,3132,3097,1585,1561,1097
13/7/2020 0:30,1513,1543,1949,3007,3009,3008,1494,1466,1059
13/7/2020 1:00,1469,1474,1898,2923,2928,2935,1454,1454,1037
13/7/2020 1:30,1414,1455,1785,2863,2871,2836,1449,1416,1051
13/7/2020 2:00,1358,1372,1777,2819,2829,2797,1461,1457,1020
13/7/2020 2:30,1301,1416,1810,2781,2792,2770,1480,1376,960
13/7/2020 3:00,1252,1325,1816,2751,2760,2744,1499,1435,928
13/7/2020 3:30,1212,1297,1595,2740,2749,2707,1528,1452,1112
13/7/2020 4:00,1164,1230,1426,2744,2755,2715,1580,1525,1289
13/7/2020 4:30,1109,1164,1329,2735,2755,2728,1626,1591,1399
13/7/2020 5:00,1048,1125,1352,2723,2741,2780,1675,1616,1428
13/7/2020 5:30,981,1189,1303,2784,2808,2778,1803,1619,1475
13/7/2020 6:00,922,1142,1175,2934,2970,2917,2012,1828,1742
13/7/2020 6:30,869,1190,1110,3167,3182,3074,2298,1992,1964
13/7/2020 7:00,840,1128,1079,3463,3433,3311,2623,2305,2232
13/7/2020 7:30,834,1054,990,3747,3704,3571,2913,2650,2581
13/7/2020 8:00,831,1015,846,3995,3975,3827,3164,2960,2981
13/7/2020 8:30,830,992,882,4182,4180,4063,3352,3188,3181
13/7/2020 9:00,841,959,892,4308,4313,4223,3467,3354,3331
13/7/2020 9:30,864,887,871,4387,4398,4325,3523,3511,3454
13/7/2020 10:00,889,882,867,4430,4444,4377,3541,3562,3510
13/7/2020 10:30,917,894,846,4460,4469,4422,3543,3575,3576
13/7/2020 11:00,936,906,871,4484,4483,4455,3548,3577,3584
13/7/2020 11:30,945,850,943,4514,4536,4488,3569,3686,3545
13/7/2020 12:00,957,872,1009,4547,4588,4543,3590,3716,3534
13/7/2020 12:30,971,924,1073,4551,4604,4584,3580,3680,3511
13/7/2020 13:00,995,943,1079,4524,4575,4580,3529,3632,3501
13/7/2020 13:30,1028,966,1049,4488,4523,4478,3460,3557,3429
13/7/2020 14:00,1045,986,987,4451,4463,4435,3406,3477,3448
13/7/2020 14:30,1046,1028,938,4425,4429,4407,3379,3401,3469
13/7/2020 15:00,1049,1033,923,4415,4422,4375,3366,3389,3452
13/7/2020 15:30,1054,1029,1003,4424,4430,4376,3370,3401,3373
13/7/2020 16:00,1052,1024,1006,4458,4456,4425,3406,3432,3419
13/7/2020 16:30,1043,1017,1054,4535,4533,4532,3492,3516,3478
13/7/2020 17:00,1027,1022,1048,4635,4644,4665,3608,3622,3617
13/7/2020 17:30,1003,1007,1043,4668,4685,4753,3665,3678,3710
13/7/2020 18:00,996,1016,998,4619,4639,4694,3623,3623,3696
13/7/2020 18:30,1004,972,1014,4521,4546,4580,3517,3574,3566
13/7/2020 19:00,976,958,974,4397,4423,4444,3421,3465,3470
13/7/2020 19:30,910,966,903,4293,4313,4329,3383,3347,3426
13/7/2020 20:00,855,934,827,4218,4224,4254,3363,3290,3427
13/7/2020 20:30,811,910,684,4149,4145,4159,3338,3235,3475
13/7/2020 21:00,771,873,657,4085,4076,4098,3314,3203,3441
13/7/2020 21:30,736,822,681,4036,4020,4010,3300,3198,3329
13/7/2020 22:00,706,795,725,3988,3962,3994,3282,3167,3269
13/7/2020 22:30,681,762,789,3873,3834,3885,3192,3072,3096
13/7/2020 23:00,772,751,872,3636,3635,3674,2864,2884,2802
13/7/2020 23:30,764,722,838,3435,3449,3485,2671,2727,2647
14/7/2020 0:00,753,717,798,3257,3270,3309,2504,2553,2511
14/7/2020 0:30,738,641,778,3120,3133,3180,2382,2492,2402
14/7/2020 1:00,728,641,719,3025,3039,3083,2297,2398,2364
14/7/2020 1:30,721,681,683,2952,2967,2994,2231,2286,2311
14/7/2020 2:00,713,669,714,2894,2908,2954,2181,2239,2240
14/7/2020 2:30,703,742,715,2848,2861,2931,2145,2119,2216
14/7/2020 3:00,695,725,735,2815,2826,2877,2120,2101,2142
14/7/2020 3:30,688,690,710,2796,2805,2862,2108,2115,2152
14/7/2020 4:00,690,682,695,2792,2799,2865,2102,2117,2170
14/7/2020 4:30,699,677,749,2798,2799,2864,2099,2122,2115
14/7/2020 5:00,710,688,779,2821,2823,2852,2111,2135,2073
14/7/2020 5:30,724,691,772,2890,2899,2875,2166,2208,2103
14/7/2020 6:00,750,718,750,3022,3039,3018,2272,2321,2268
14/7/2020 6:30,790,775,762,3262,3257,3201,2472,2482,2439
14/7/2020 7:00,862,813,771,3594,3540,3453,2732,2727,2682
14/7/2020 7:30,968,878,862,3905,3826,3700,2937,2948,2838
14/7/2020 8:00,1039,926,985,4164,4089,4002,3125,3163,3017
14/7/2020 8:30,1075,1001,1014,4353,4291,4221,3278,3290,3207
14/7/2020 9:00,1101,1029,1115,4470,4423,4360,3369,3394,3245
14/7/2020 9:30,1118,1002,1192,4535,4498,4419,3417,3496,3227
14/7/2020 10:00,1142,1033,1243,4558,4525,4453,3416,3492,3210
14/7/2020 10:30,1171,1050,1335,4571,4547,4509,3400,3497,3174
14/7/2020 11:00,1217,1092,1301,4588,4571,4559,3371,3479,3258
14/7/2020 11:30,1279,1166,1356,4629,4612,4609,3350,3446,3253
14/7/2020 12:00,1338,1211,1398,4686,4659,4686,3348,3448,3288
14/7/2020 12:30,1396,1319,1415,4704,4668,4744,3308,3349,3329
14/7/2020 13:00,1456,1388,1560,4676,4635,4757,3220,3247,3197
14/7/2020 13:30,1520,1511,1596,4632,4599,4646,3112,3088,3050
14/7/2020 14:00,1572,1594,1686,4586,4570,4586,3014,2976,2900
14/7/2020 14:30,1613,1734,1849,4562,4549,4558,2949,2815,2709
14/7/2020 15:00,1642,1790,2004,4564,4542,4552,2922,2752,2548
14/7/2020 15:30,1657,1822,2188,4577,4557,4556,2920,2735,2368
14/7/2020 16:00,1675,1826,2270,4608,4601,4651,2933,2775,2381
14/7/2020 16:30,1696,1832,2237,4697,4703,4780,3001,2871,2543
14/7/2020 17:00,1710,1824,2184,4824,4837,4892,3114,3013,2708
14/7/2020 17:30,1718,1851,2192,4864,4875,5012,3146,3024,2820
14/7/2020 18:00,1715,1829,1990,4802,4802,4943,3087,2973,2953
14/7/2020 18:30,1700,1909,2048,4700,4693,4804,3000,2784,2756
14/7/2020 19:00,1673,1872,2021,4582,4572,4643,2909,2700,2622
14/7/2020 19:30,1634,1913,1889,4482,4473,4515,2848,2560,2626
14/7/2020 20:00,1602,1843,1829,4405,4400,4403,2803,2557,2574
14/7/2020 20:30,1577,1738,1758,4337,4331,4296,2760,2593,2538
14/7/2020 21:00,1547,1673,1792,4273,4260,4245,2726,2587,2453
14/7/2020 21:30,1511,1608,1835,4203,4190,4175,2692,2582,2340
14/7/2020 22:00,1488,1592,1865,4113,4108,4129,2625,2516,2264
14/7/2020 22:30,1477,1701,1868,3954,3955,3963,2477,2254,2095
14/7/2020 23:00,1511,1689,1892,3732,3733,3726,2221,2044,1834
14/7/2020 23:30,1530,1657,1922,3523,3525,3508,1993,1868,1586
15/7/2020 0:00,1534,1651,1969,3347,3352,3359,1813,1701,1390
15/7/2020 0:30,1525,1639,1961,3211,3219,3245,1686,1580,1284
15/7/2020 1:00,1518,1630,2033,3114,3122,3137,1596,1492,1104
15/7/2020 1:30,1513,1686,1982,3043,3051,3047,1530,1365,1065
15/7/2020 2:00,1510,1668,1960,2992,3002,3003,1482,1334,1043
15/7/2020 2:30,1509,1690,1970,2950,2960,2942,1441,1270,972
15/7/2020 3:00,1513,1673,1991,2916,2927,2916,1403,1254,925
15/7/2020 3:30,1523,1688,1946,2900,2911,2895,1377,1223,949
15/7/2020 4:00,1540,1680,1972,2899,2911,2904,1359,1231,932
15/7/2020 4:30,1564,1697,1957,2899,2908,2927,1335,1211,970
15/7/2020 5:00,1576,1708,1940,2905,2913,2924,1329,1205,984
15/7/2020 5:30,1577,1794,1890,2958,2971,2912,1381,1177,1022
15/7/2020 6:00,1599,1817,1866,3083,3101,3054,1484,1284,1188
15/7/2020 6:30,1644,1906,1816,3339,3333,3233,1695,1427,1417
15/7/2020 7:00,1700,1929,1729,3704,3653,3522,2004,1724,1793
15/7/2020 7:30,1767,2030,1831,4027,3967,3877,2260,1937,2046
15/7/2020 8:00,1778,2030,1790,4273,4240,4109,2495,2210,2319
15/7/2020 8:30,1730,1986,1798,4449,4430,4340,2719,2444,2542
15/7/2020 9:00,1700,1975,1850,4560,4535,4478,2860,2560,2628
15/7/2020 9:30,1689,1893,1901,4615,4594,4554,2926,2701,2653
15/7/2020 10:00,1654,1861,1842,4628,4622,4575,2974,2761,2733
15/7/2020 10:30,1595,1738,1855,4638,4648,4596,3043,2910,2741
15/7/2020 11:00,1561,1706,1947,4658,4679,4634,3097,2973,2687
15/7/2020 11:30,1552,1684,1962,4689,4731,4642,3137,3047,2680
15/7/2020 12:00,1561,1653,2021,4726,4776,4698,3165,3123,2677
15/7/2020 12:30,1585,1640,2104,4729,4783,4741,3144,3143,2637
15/7/2020 13:00,1599,1633,2054,4698,4748,4739,3099,3115,2685
15/7/2020 13:30,1600,1642,1921,4659,4697,4644,3059,3055,2723
15/7/2020 14:00,1611,1657,1888,4622,4644,4588,3011,2987,2700
15/7/2020 14:30,1632,1752,1923,4600,4613,4572,2968,2861,2649
15/7/2020 15:00,1635,1741,1971,4596,4614,4590,2961,2873,2619
15/7/2020 15:30,1622,1713,2007,4613,4643,4585,2991,2930,2578
15/7/2020 16:00,1609,1691,1974,4657,4703,4630,3048,3012,2656
15/7/2020 16:30,1596,1764,2034,4744,4792,4738,3148,3028,2704
15/7/2020 17:00,1570,1734,2064,4855,4891,4906,3285,3157,2842
15/7/2020 17:30,1531,1637,2084,4883,4916,4931,3352,3279,2847
15/7/2020 18:00,1485,1590,2016,4817,4856,4864,3332,3266,2848
15/7/2020 18:30,1433,1637,1893,4710,4743,4714,3277,3106,2821
15/7/2020 19:00,1389,1574,1796,4585,4598,4577,3196,3024,2781
15/7/2020 19:30,1352,1562,1748,4477,4466,4461,3125,2904,2713
15/7/2020 20:00,1294,1503,1673,4390,4358,4362,3096,2855,2689
15/7/2020 20:30,1217,1492,1624,4308,4271,4281,3091,2779,2657
15/7/2020 21:00,1139,1422,1569,4232,4205,4199,3093,2783,2630
15/7/2020 21:30,1059,1359,1521,4179,4164,4166,3120,2805,2645
15/7/2020 22:00,1002,1278,1474,4131,4124,4174,3129,2846,2700
15/7/2020 22:30,965,1187,1463,4000,3993,4050,3035,2806,2587
15/7/2020 23:00,952,1131,1517,3772,3770,3850,2820,2639,2333
15/7/2020 23:30,933,1100,1500,3556,3558,3629,2623,2458,2129
16/7/2020 0:00,917,1053,1425,3372,3375,3438,2455,2322,2013
16/7/2020 0:30,902,1041,1391,3232,3235,3295,2330,2194,1904
16/7/2020 1:00,893,1003,1358,3133,3136,3189,2240,2133,1831
16/7/2020 1:30,889,1015,1300,3057,3060,3095,2168,2045,1795
16/7/2020 2:00,876,1000,1272,2997,3000,3032,2121,2000,1760
16/7/2020 2:30,855,1082,1293,2951,2953,3012,2096,1871,1719
16/7/2020 3:00,845,1068,1255,2919,2922,2976,2074,1854,1721
16/7/2020 3:30,847,1113,1153,2911,2914,2951,2064,1801,1798
16/7/2020 4:00,849,1090,1119,2922,2926,2936,2073,1836,1817
16/7/2020 4:30,851,1058,1041,2923,2924,2945,2072,1866,1904
16/7/2020 5:00,850,1042,969,2920,2919,2954,2070,1877,1985
16/7/2020 5:30,845,1058,917,2967,2972,2958,2122,1914,2041
16/7/2020 6:00,850,1052,921,3088,3103,3091,2238,2051,2170
16/7/2020 6:30,865,1074,865,3331,3323,3268,2466,2249,2403
16/7/2020 7:00,891,1081,895,3676,3619,3561,2785,2538,2666
16/7/2020 7:30,927,1109,872,3997,3923,3828,3070,2814,2956
16/7/2020 8:00,958,1129,831,4259,4204,4145,3301,3075,3314
16/7/2020 8:30,984,1091,767,4445,4413,4376,3461,3322,3609
16/7/2020 9:00,1006,1088,794,4557,4540,4526,3551,3452,3732
16/7/2020 9:30,1023,983,820,4617,4611,4585,3594,3628,3765
16/7/2020 10:00,1031,995,834,4641,4637,4610,3610,3642,3776
16/7/2020 10:30,1028,977,943,4664,4653,4629,3636,3676,3686
16/7/2020 11:00,1030,1003,992,4695,4668,4651,3665,3665,3659
16/7/2020 11:30,1038,1011,1018,4736,4698,4666,3698,3687,3648
16/7/2020 12:00,1051,1052,1062,4779,4732,4692,3728,3680,3630
16/7/2020 12:30,1069,1054,1268,4782,4735,4730,3713,3681,3462
16/7/2020 13:00,1085,1121,1434,4743,4700,4750,3658,3579,3316
16/7/2020 13:30,1101,1200,1576,4690,4651,4610,3589,3451,3034
16/7/2020 14:00,1127,1274,1685,4634,4599,4550,3507,3325,2865
16/7/2020 14:30,1164,1322,1794,4602,4569,4510,3438,3247,2716
16/7/2020 15:00,1202,1360,1910,4599,4571,4480,3397,3211,2570
16/7/2020 15:30,1241,1418,1973,4625,4588,4487,3384,3170,2514
16/7/2020 16:00,1278,1447,1946,4679,4621,4501,3401,3174,2555
16/7/2020 16:30,1313,1611,1912,4763,4705,4584,3450,3094,2672
16/7/2020 17:00,1321,1602,1849,4859,4817,4689,3538,3215,2840
16/7/2020 17:30,1301,1651,1874,4885,4841,4769,3584,3190,2895
16/7/2020 18:00,1269,1617,1882,4829,4762,4723,3560,3145,2841
16/7/2020 18:30,1224,1692,1799,4723,4651,4605,3499,2959,2806
16/7/2020 19:00,1172,1625,1636,4586,4529,4473,3414,2904,2837
16/7/2020 19:30,1111,1578,1511,4460,4420,4380,3349,2842,2869
16/7/2020 20:00,1064,1510,1483,4355,4328,4282,3291,2818,2799
16/7/2020 20:30,1030,1461,1484,4269,4247,4222,3239,2786,2738
16/7/2020 21:00,997,1429,1501,4203,4179,4150,3206,2750,2649
16/7/2020 21:30,965,1480,1630,4165,4147,4100,3200,2667,2470
16/7/2020 22:00,957,1467,1661,4133,4129,4079,3176,2662,2418
16/7/2020 22:30,972,1441,1706,4010,4014,3977,3038,2573,2271
16/7/2020 23:00,1327,1441,1803,3799,3798,3756,2472,2357,1953
16/7/2020 23:30,1336,1418,1881,3588,3578,3524,2252,2160,1643
17/7/2020 0:00,1338,1416,1963,3408,3400,3330,2070,1984,1367
17/7/2020 0:30,1332,1414,2029,3265,3259,3196,1933,1845,1167
17/7/2020 1:00,1329,1406,2028,3160,3155,3083,1831,1749,1055
17/7/2020 1:30,1331,1494,1859,3078,3073,2984,1747,1579,1125
17/7/2020 2:00,1336,1479,1802,3015,3012,2933,1679,1533,1131
17/7/2020 2:30,1345,1572,1778,2968,2965,2892,1623,1393,1114
17/7/2020 3:00,1347,1533,1773,2937,2933,2878,1590,1400,1105
17/7/2020 3:30,1343,1612,1770,2921,2917,2859,1578,1305,1089
17/7/2020 4:00,1330,1553,1703,2920,2917,2849,1590,1364,1146
17/7/2020 4:30,1308,1478,1706,2921,2915,2871,1613,1437,1165
17/7/2020 5:00,1267,1411,1669,2930,2923,2886,1663,1512,1217
17/7/2020 5:30,1206,1348,1628,2977,2974,2909,1771,1626,1281
17/7/2020 6:00,1162,1301,1529,3087,3089,3046,1925,1788,1517
17/7/2020 6:30,1134,1294,1600,3319,3305,3245,2185,2011,1645
17/7/2020 7:00,1113,1255,1603,3658,3611,3511,2545,2356,1908
17/7/2020 7:30,1101,1264,1569,3971,3918,3804,2870,2654,2235
17/7/2020 8:00,1093,1237,1462,4225,4194,4124,3132,2957,2662
17/7/2020 8:30,1091,1259,1355,4413,4396,4357,3322,3137,3002
17/7/2020 9:00,1085,1256,1350,4537,4522,4520,3452,3266,3170
17/7/2020 9:30,1076,1373,1402,4603,4594,4592,3527,3221,3190
17/7/2020 10:00,1070,1374,1385,4625,4622,4640,3555,3248,3255
17/7/2020 10:30,1067,1379,1377,4641,4643,4665,3574,3264,3288
17/7/2020 11:00,1079,1375,1429,4663,4664,4696,3584,3289,3267
17/7/2020 11:30,1106,1354,1508,4693,4702,4755,3587,3348,3247
17/7/2020 12:00,1122,1356,1583,4724,4729,4831,3602,3373,3248
17/7/2020 12:30,1126,1339,1606,4726,4728,4861,3600,3389,3255
17/7/2020 13:00,1134,1344,1651,4695,4693,4830,3561,3349,3179
17/7/2020 13:30,1146,1362,1685,4640,4632,4729,3494,3270,3044
17/7/2020 14:00,1148,1343,1664,4572,4556,4667,3424,3213,3003
17/7/2020 14:30,1141,1324,1626,4529,4504,4614,3388,3180,2988
17/7/2020 15:00,1137,1297,1646,4517,4483,4577,3380,3186,2931
17/7/2020 15:30,1136,1347,1627,4516,4475,4551,3380,3128,2924
17/7/2020 16:00,1124,1324,1658,4530,4484,4564,3406,3160,2906
17/7/2020 16:30,1101,1345,1684,4594,4544,4641,3493,3199,2957
17/7/2020 17:00,1078,1324,1669,4692,4636,4740,3614,3312,3071
17/7/2020 17:30,1055,1349,1653,4718,4670,4794,3663,3321,3141
17/7/2020 18:00,1021,1311,1532,4658,4625,4760,3637,3314,3228
17/7/2020 18:30,976,1345,1448,4563,4538,4669,3587,3193,3221
17/7/2020 19:00,946,1307,1401,4451,4421,4539,3505,3114,3138
17/7/2020 19:30,929,1318,1343,4344,4313,4426,3415,2995,3083
17/7/2020 20:00,901,1278,1319,4250,4222,4329,3349,2944,3010
17/7/2020 20:30,859,1275,1369,4169,4148,4232,3310,2873,2863
17/7/2020 21:00,820,1228,1303,4102,4087,4152,3282,2859,2849
17/7/2020 21:30,783,1167,1220,4058,4034,4085,3275,2867,2865
17/7/2020 22:00,747,1120,1156,4020,3975,4060,3273,2855,2904
17/7/2020 22:30,712,1049,1172,3915,3867,3948,3203,2818,2776
17/7/2020 23:00,959,1016,1070,3704,3705,3764,2745,2689,2694
17/7/2020 23:30,920,1003,1028,3530,3535,3577,2610,2532,2549
18/7/2020 0:00,889,963,974,3360,3365,3448,2471,2402,2474
18/7/2020 0:30,865,947,930,3221,3226,3311,2356,2279,2381
18/7/2020 1:00,837,892,920,3117,3120,3194,2280,2228,2274
18/7/2020 1:30,804,823,864,3032,3034,3096,2228,2211,2232
18/7/2020 2:00,761,783,878,2964,2965,3023,2203,2182,2145
18/7/2020 2:30,709,714,850,2911,2911,2980,2202,2197,2130
18/7/2020 3:00,662,677,820,2873,2873,2929,2211,2196,2109
18/7/2020 3:30,620,635,787,2852,2853,2908,2232,2218,2121
18/7/2020 4:00,587,599,748,2844,2846,2903,2257,2247,2155
18/7/2020 4:30,561,532,665,2832,2833,2890,2271,2301,2225
18/7/2020 5:00,533,489,589,2816,2816,2871,2283,2327,2282
18/7/2020 5:30,503,485,597,2818,2826,2829,2315,2341,2232
18/7/2020 6:00,488,460,574,2854,2873,2891,2366,2413,2317
18/7/2020 6:30,491,496,570,2972,2980,2988,2481,2484,2418
18/7/2020 7:00,498,485,565,3169,3148,3132,2671,2663,2567
18/7/2020 7:30,510,490,533,3393,3362,3286,2883,2872,2753
18/7/2020 8:00,529,489,540,3620,3600,3501,3091,3111,2961
18/7/2020 8:30,556,474,554,3806,3801,3706,3250,3327,3152
18/7/2020 9:00,572,475,569,3943,3951,3906,3371,3476,3337
18/7/2020 9:30,578,558,576,4048,4068,4022,3470,3510,3446
18/7/2020 10:00,581,560,632,4124,4150,4123,3543,3590,3491
18/7/2020 10:30,583,560,624,4169,4201,4187,3586,3641,3563
18/7/2020 11:00,581,560,595,4188,4228,4203,3607,3668,3608
18/7/2020 11:30,573,558,572,4204,4263,4219,3631,3705,3647
18/7/2020 12:00,574,557,612,4217,4289,4227,3643,3732,3615
18/7/2020 12:30,582,572,617,4203,4275,4245,3621,3703,3628
18/7/2020 13:00,585,580,694,4157,4218,4204,3572,3638,3510
18/7/2020 13:30,584,622,735,4083,4139,4100,3499,3517,3365
18/7/2020 14:00,586,636,812,3995,4056,4027,3409,3420,3215
18/7/2020 14:30,590,666,795,3937,3999,3949,3347,3333,3154
18/7/2020 15:00,586,677,788,3915,3974,3894,3329,3297,3106
18/7/2020 15:30,573,721,832,3907,3961,3864,3334,3240,3032
18/7/2020 16:00,563,735,885,3915,3965,3893,3352,3230,3008
18/7/2020 16:30,555,773,833,3972,4017,3940,3417,3244,3107
18/7/2020 17:00,544,771,804,4069,4108,4039,3525,3337,3235
18/7/2020 17:30,529,799,789,4129,4165,4134,3600,3366,3345
18/7/2020 18:00,518,798,799,4135,4170,4154,3617,3372,3355
18/7/2020 18:30,513,803,764,4088,4124,4093,3575,3321,3329
18/7/2020 19:00,509,809,719,3998,4034,4017,3489,3225,3298
18/7/2020 19:30,507,840,697,3897,3933,3926,3390,3093,3229
18/7/2020 20:00,506,825,667,3797,3833,3841,3291,3008,3174
18/7/2020 20:30,506,783,651,3712,3738,3765,3206,2955,3114
18/7/2020 21:00,505,762,647,3653,3663,3720,3148,2901,3073
18/7/2020 21:30,505,731,691,3643,3656,3687,3138,2925,2996
18/7/2020 22:00,501,713,690,3661,3696,3713,3160,2983,3023
18/7/2020 22:30,495,646,680,3599,3645,3672,3104,2999,2992
18/7/2020 23:00,636,631,710,3498,3497,3527,2862,2866,2817
18/7/2020 23:30,618,599,724,3357,3354,3380,2739,2755,2656
19/7/2020 0:00,615,604,787,3243,3239,3250,2628,2635,2463
19/7/2020 0:30,628,618,740,3126,3122,3122,2498,2504,2382
19/7/2020 1:00,637,625,759,3004,3001,2999,2367,2376,2240
19/7/2020 1:30,642,650,767,2900,2899,2899,2258,2249,2132
19/7/2020 2:00,642,638,759,2818,2818,2842,2176,2180,2083
19/7/2020 2:30,635,697,753,2754,2755,2796,2119,2058,2043
19/7/2020 3:00,634,671,746,2708,2710,2750,2074,2039,2004
19/7/2020 3:30,638,660,687,2680,2684,2732,2042,2024,2045
19/7/2020 4:00,637,642,635,2669,2674,2721,2032,2032,2086
19/7/2020 4:30,632,628,606,2660,2654,2714,2028,2026,2108
19/7/2020 5:00,616,596,556,2644,2635,2681,2028,2039,2125
19/7/2020 5:30,590,560,546,2603,2602,2630,2013,2042,2084
19/7/2020 6:00,557,515,531,2559,2571,2678,2002,2056,2147
19/7/2020 6:30,520,487,496,2620,2614,2709,2100,2127,2213
19/7/2020 7:00,489,452,436,2787,2737,2829,2298,2285,2393
19/7/2020 7:30,467,403,382,2968,2894,2970,2501,2491,2588
19/7/2020 8:00,497,411,350,3139,3069,3125,2642,2658,2775
19/7/2020 8:30,580,425,436,3308,3251,3295,2728,2826,2859
19/7/2020 9:00,635,456,489,3470,3430,3463,2835,2974,2974
19/7/2020 9:30,663,455,537,3610,3584,3639,2947,3129,3102
19/7/2020 10:00,692,459,549,3724,3706,3792,3032,3247,3243
19/7/2020 10:30,721,469,600,3820,3802,3883,3099,3333,3283
19/7/2020 11:00,746,482,609,3901,3872,3953,3155,3390,3344
19/7/2020 11:30,767,473,687,3979,3939,3994,3212,3466,3307
19/7/2020 12:00,782,492,716,4046,3998,4053,3264,3506,3337
19/7/2020 12:30,790,529,679,4064,4017,4085,3274,3488,3406
19/7/2020 13:00,797,541,659,4027,3986,4070,3230,3445,3411
19/7/2020 13:30,804,589,609,3956,3918,3968,3152,3329,3359
19/7/2020 14:00,815,615,639,3867,3823,3882,3052,3208,3243
19/7/2020 14:30,831,698,646,3806,3753,3789,2975,3055,3143
19/7/2020 15:00,847,735,612,3779,3715,3718,2932,2980,3106
19/7/2020 15:30,863,807,658,3771,3709,3707,2908,2902,3049
19/7/2020 16:00,879,823,589,3780,3732,3719,2901,2909,3130
19/7/2020 16:30,895,826,649,3825,3788,3801,2930,2962,3152
19/7/2020 17:00,906,828,608,3898,3864,3880,2992,3036,3272
19/7/2020 17:30,913,786,565,3942,3907,3954,3029,3121,3389
19/7/2020 18:00,911,789,557,3946,3904,3947,3035,3115,3390
19/7/2020 18:30,899,706,715,3915,3869,3911,3016,3163,3196
19/7/2020 19:00,875,710,703,3857,3812,3857,2982,3102,3154
19/7/2020 19:30,839,678,708,3797,3758,3791,2958,3080,3083
19/7/2020 20:00,801,660,676,3740,3714,3752,2939,3054,3076
19/7/2020 20:30,758,614,576,3682,3675,3708,2924,3061,3132
19/7/2020 21:00,716,590,570,3633,3645,3677,2917,3055,3107
19/7/2020 21:30,673,508,589,3633,3648,3621,2960,3140,3032
19/7/2020 22:00,634,483,601,3660,3664,3651,3026,3181,3050
19/7/2020 22:30,598,455,607,3593,3594,3616,2995,3139,3009
19/7/2020 23:00,535,430,584,3428,3432,3441,2893,3002,2857
19/7/2020 23:30,514,453,559,3256,3254,3266,2742,2801,2707
20/7/2020 0:00,493,428,516,3099,3098,3140,2606,2670,2624
20/7/2020 0:30,473,373,494,2976,2976,3025,2503,2603,2531
20/7/2020 1:00,446,349,464,2889,2890,2924,2443,2541,2460
20/7/2020 1:30,411,366,398,2829,2832,2849,2418,2466,2451
20/7/2020 2:00,383,345,343,2790,2795,2810,2407,2450,2467
20/7/2020 2:30,362,352,310,2758,2765,2770,2396,2413,2460
20/7/2020 3:00,345,326,292,2733,2740,2740,2388,2414,2448
20/7/2020 3:30,331,304,277,2727,2734,2731,2396,2430,2454
20/7/2020 4:00,320,285,248,2739,2747,2730,2419,2462,2482
20/7/2020 4:30,309,262,232,2744,2746,2758,2435,2484,2526
20/7/2020 5:00,296,246,195,2753,2758,2765,2457,2512,2570
20/7/2020 5:30,281,213,176,2824,2836,2770,2543,2623,2594
20/7/2020 6:00,260,201,159,2980,2997,2933,2720,2796,2774
20/7/2020 6:30,232,178,148,3248,3247,3123,3016,3069,2975
20/7/2020 7:00,217,169,127,3606,3570,3421,3389,3401,3294
20/7/2020 7:30,216,160,114,3934,3893,3711,3718,3733,3597
20/7/2020 8:00,231,163,91,4196,4185,4009,3965,4022,3918
20/7/2020 8:30,262,164,97,4379,4388,4276,4117,4224,4179
20/7/2020 9:00,283,173,130,4483,4497,4414,4200,4324,4284
20/7/2020 9:30,293,167,131,4537,4558,4496,4244,4391,4365
20/7/2020 10:00,299,169,135,4553,4585,4535,4254,4416,4400
20/7/2020 10:30,301,163,129,4566,4609,4559,4265,4446,4430
20/7/2020 11:00,306,168,150,4585,4634,4592,4279,4466,4442
20/7/2020 11:30,314,159,165,4615,4650,4598,4301,4491,4433
20/7/2020 12:00,323,174,161,4648,4670,4628,4325,4496,4467
20/7/2020 12:30,331,196,184,4648,4660,4662,4317,4464,4478
20/7/2020 13:00,342,215,195,4612,4623,4660,4270,4408,4465
20/7/2020 13:30,355,237,209,4572,4583,4573,4217,4346,4364
20/7/2020 14:00,367,259,229,4535,4550,4529,4168,4291,4300
20/7/2020 14:30,378,285,241,4511,4523,4491,4133,4238,4250
20/7/2020 15:00,389,299,253,4502,4508,4468,4113,4209,4215
20/7/2020 15:30,399,286,280,4516,4518,4458,4117,4232,4178
20/7/2020 16:00,406,298,314,4558,4560,4491,4152,4262,4177
20/7/2020 16:30,411,307,331,4642,4647,4591,4231,4340,4260
20/7/2020 17:00,408,314,336,4745,4758,4715,4337,4444,4379
20/7/2020 17:30,397,314,351,4773,4788,4789,4376,4474,4438
20/7/2020 18:00,383,308,348,4711,4721,4718,4328,4413,4370
20/7/2020 18:30,367,303,346,4602,4609,4592,4235,4306,4246
20/7/2020 19:00,347,287,343,4467,4475,4458,4120,4188,4115
20/7/2020 19:30,323,271,328,4357,4363,4343,4034,4092,4015
20/7/2020 20:00,302,254,337,4279,4283,4247,3977,4029,3910
20/7/2020 20:30,285,236,324,4217,4216,4177,3932,3980,3853
20/7/2020 21:00,265,221,306,4169,4160,4111,3904,3939,3805
20/7/2020 21:30,242,235,304,4137,4122,4064,3895,3887,3760
20/7/2020 22:00,222,225,302,4100,4086,4078,3878,3861,3776
20/7/2020 22:30,205,228,268,3969,3959,3941,3764,3731,3673
20/7/2020 23:00,214,211,233,3743,3742,3733,3529,3531,3500
20/7/2020 23:30,198,209,193,3520,3527,3505,3322,3318,3312
21/7/2020 0:00,182,192,164,3321,3328,3328,3139,3136,3164
21/7/2020 0:30,164,177,156,3176,3182,3203,3012,3005,3047
21/7/2020 1:00,155,171,140,3083,3089,3097,2928,2918,2957
21/7/2020 1:30,155,187,143,3009,3014,3020,2854,2827,2877
21/7/2020 2:00,150,182,134,2947,2952,2966,2797,2770,2832
21/7/2020 2:30,141,174,121,2899,2904,2929,2758,2730,2808
21/7/2020 3:00,132,161,117,2868,2873,2901,2736,2712,2784
21/7/2020 3:30,122,128,101,2858,2862,2882,2736,2734,2781
21/7/2020 4:00,116,121,83,2864,2870,2883,2748,2749,2800
21/7/2020 4:30,113,117,83,2869,2870,2899,2756,2753,2816
21/7/2020 5:00,112,110,80,2880,2878,2907,2768,2768,2827
21/7/2020 5:30,113,85,69,2944,2946,2899,2831,2861,2830
21/7/2020 6:00,114,81,29,3084,3092,3062,2970,3011,3033
21/7/2020 6:30,116,84,0,3342,3328,3248,3226,3244,3248
21/7/2020 7:00,113,81,0,3699,3641,3531,3586,3560,3531
21/7/2020 7:30,108,72,0,4033,3957,3815,3925,3885,3815
21/7/2020 8:00,105,72,0,4308,4243,4110,4203,4171,4110
21/7/2020 8:30,103,72,0,4496,4446,4355,4393,4374,4355
21/7/2020 9:00,107,76,0,4600,4561,4495,4493,4485,4495
21/7/2020 9:30,117,74,0,4652,4622,4549,4535,4548,4549
21/7/2020 10:00,129,82,33,4669,4642,4568,4540,4560,4535
21/7/2020 10:30,144,86,82,4680,4655,4571,4536,4569,4489
21/7/2020 11:00,156,100,94,4693,4666,4601,4537,4566,4507
21/7/2020 11:30,166,115,109,4710,4677,4612,4544,4562,4503
21/7/2020 12:00,174,132,150,4725,4695,4631,4551,4563,4481
21/7/2020 12:30,182,149,160,4714,4691,4685,4532,4542,4525
21/7/2020 13:00,189,167,167,4678,4662,4660,4489,4495,4493
21/7/2020 13:30,196,198,195,4637,4620,4563,4441,4422,4368
21/7/2020 14:00,207,213,214,4599,4575,4511,4392,4362,4297
21/7/2020 14:30,222,225,204,4573,4546,4459,4351,4321,4255
21/7/2020 15:00,240,228,222,4561,4540,4435,4321,4312,4213
21/7/2020 15:30,260,238,224,4574,4553,4438,4314,4315,4214
21/7/2020 16:00,274,239,238,4616,4591,4486,4342,4352,4248
21/7/2020 16:30,283,230,289,4700,4676,4605,4417,4446,4316
21/7/2020 17:00,291,232,356,4804,4788,4756,4513,4556,4400
21/7/2020 17:30,298,243,370,4833,4822,4864,4535,4579,4494
21/7/2020 18:00,310,246,361,4774,4762,4778,4464,4516,4417
21/7/2020 18:30,326,255,424,4672,4657,4643,4346,4402,4219
21/7/2020 19:00,349,267,386,4548,4529,4494,4199,4262,4108
21/7/2020 19:30,379,285,393,4442,4413,4385,4063,4128,3992
21/7/2020 20:00,408,307,388,4362,4320,4291,3954,4013,3903
21/7/2020 20:30,434,396,417,4293,4247,4208,3859,3851,3791
21/7/2020 21:00,460,433,468,4235,4191,4155,3775,3758,3687
21/7/2020 21:30,484,501,556,4191,4152,4119,3707,3651,3563
21/7/2020 22:00,522,543,660,4143,4107,4090,3621,3564,3430
21/7/2020 22:30,575,608,778,4013,3973,3912,3438,3365,3134
21/7/2020 23:00,546,661,975,3752,3748,3680,3206,3087,2705
21/7/2020 23:30,602,714,1056,3526,3525,3458,2924,2811,2402
22/7/2020 0:00,666,781,1191,3327,3325,3280,2661,2544,2089
22/7/2020 0:30,740,843,1234,3181,3178,3151,2441,2335,1917
22/7/2020 1:00,811,923,1269,3088,3083,3063,2277,2160,1794
22/7/2020 1:30,880,1063,1277,3016,3011,2984,2136,1948,1707
22/7/2020 2:00,946,1147,1361,2959,2956,2934,2013,1809,1573
22/7/2020 2:30,1010,1274,1473,2915,2913,2889,1905,1639,1416
22/7/2020 3:00,1066,1330,1656,2885,2885,2880,1819,1555,1224
22/7/2020 3:30,1115,1448,1772,2873,2873,2859,1758,1425,1087
22/7/2020 4:00,1158,1497,1786,2875,2876,2864,1717,1379,1078
22/7/2020 4:30,1196,1546,1806,2877,2876,2849,1681,1330,1043
22/7/2020 5:00,1247,1602,1820,2885,2882,2869,1638,1280,1049
22/7/2020 5:30,1311,1673,1850,2938,2937,2899,1627,1264,1049
22/7/2020 6:00,1359,1722,1787,3061,3062,2991,1702,1340,1204
22/7/2020 6:30,1391,1850,1790,3309,3291,3064,1918,1441,1274
22/7/2020 7:00,1430,1861,1821,3662,3611,3455,2232,1750,1634
22/7/2020 7:30,1474,1877,1752,3989,3923,3714,2515,2046,1962
22/7/2020 8:00,1509,1843,1688,4253,4196,3985,2744,2353,2297
22/7/2020 8:30,1535,1831,1618,4442,4397,4238,2907,2566,2620
22/7/2020 9:00,1547,1766,1559,4558,4523,4375,3011,2757,2816
22/7/2020 9:30,1545,1640,1656,4625,4596,4471,3080,2956,2815
22/7/2020 10:00,1537,1628,1689,4656,4626,4502,3119,2998,2813
22/7/2020 10:30,1523,1619,1618,4677,4649,4533,3154,3030,2915
22/7/2020 11:00,1502,1595,1711,4697,4673,4592,3195,3078,2881
22/7/2020 11:30,1474,1520,1819,4723,4713,4615,3249,3193,2796
22/7/2020 12:00,1458,1495,1770,4750,4750,4642,3292,3255,2872
22/7/2020 12:30,1457,1459,1747,4750,4752,4697,3293,3293,2950
22/7/2020 13:00,1448,1452,1733,4722,4719,4690,3274,3267,2957
22/7/2020 13:30,1433,1492,1635,4683,4673,4603,3250,3181,2968
22/7/2020 14:00,1407,1472,1487,4643,4628,4556,3236,3156,3069
22/7/2020 14:30,1371,1555,1464,4620,4599,4528,3249,3044,3064
22/7/2020 15:00,1335,1515,1457,4619,4594,4522,3284,3079,3065
22/7/2020 15:30,1300,1568,1393,4635,4608,4522,3335,3040,3129
22/7/2020 16:00,1255,1511,1359,4673,4648,4572,3418,3137,3213
22/7/2020 16:30,1198,1446,1390,4752,4734,4670,3554,3288,3280
22/7/2020 17:00,1156,1386,1378,4854,4845,4793,3698,3459,3415
22/7/2020 17:30,1130,1199,1298,4881,4873,4867,3751,3674,3569
22/7/2020 18:00,1105,1136,1286,4819,4804,4799,3714,3668,3513
22/7/2020 18:30,1083,1098,1183,4716,4697,4650,3633,3599,3467
22/7/2020 19:00,1056,1047,1212,4592,4574,4523,3536,3527,3311
22/7/2020 19:30,1023,985,1204,4484,4459,4403,3461,3474,3199
22/7/2020 20:00,991,957,1216,4399,4364,4326,3408,3407,3110
22/7/2020 20:30,959,1024,1226,4331,4290,4234,3372,3266,3008
22/7/2020 21:00,928,1019,1258,4276,4235,4169,3348,3216,2911
22/7/2020 21:30,898,1034,1316,4219,4179,4133,3321,3145,2817
22/7/2020 22:00,874,1035,1385,4145,4106,4101,3271,3071,2716
22/7/2020 22:30,856,1041,1366,4002,3970,3906,3146,2929,2540
22/7/2020 23:00,836,1023,1344,3781,3770,3694,2945,2747,2350
22/7/2020 23:30,798,1046,1327,3554,3541,3495,2756,2495,2168
23/7/2020 0:00,771,1019,1283,3328,3315,3317,2557,2296,2034
23/7/2020 0:30,755,1047,1199,3171,3158,3175,2416,2111,1976
23/7/2020 1:00,744,1021,1144,3087,3072,3073,2343,2051,1929
23/7/2020 1:30,737,1061,1072,3020,3003,2990,2283,1942,1918
23/7/2020 2:00,726,1022,1057,2961,2943,2929,2235,1921,1872
23/7/2020 2:30,710,1056,1012,2917,2900,2881,2207,1844,1869
23/7/2020 3:00,690,1022,1005,2892,2876,2854,2202,1854,1849
23/7/2020 3:30,668,984,1006,2880,2863,2854,2212,1879,1848
23/7/2020 4:00,645,941,954,2879,2863,2858,2234,1922,1904
23/7/2020 4:30,621,893,915,2887,2870,2877,2266,1977,1962
23/7/2020 5:00,601,858,881,2906,2890,2926,2305,2032,2045
23/7/2020 5:30,585,779,789,2953,2939,2942,2368,2160,2153
23/7/2020 6:00,579,754,768,3052,3039,3082,2473,2285,2314
23/7/2020 6:30,584,737,734,3289,3254,3266,2705,2517,2532
23/7/2020 7:00,597,735,714,3649,3573,3538,3052,2838,2824
23/7/2020 7:30,617,790,701,3981,3884,3830,3364,3094,3129
23/7/2020 8:00,625,788,727,4247,4152,4120,3622,3364,3393
23/7/2020 8:30,622,783,683,4442,4358,4374,3820,3575,3691
23/7/2020 9:00,626,761,683,4567,4498,4522,3941,3737,3839
23/7/2020 9:30,637,691,710,4638,4587,4602,4001,3896,3892
23/7/2020 10:00,646,676,707,4666,4630,4622,4020,3954,3915
23/7/2020 10:30,653,664,685,4683,4659,4667,4030,3995,3982
23/7/2020 11:00,665,667,707,4701,4680,4694,4036,4013,3987
23/7/2020 11:30,680,673,724,4726,4718,4720,4046,4045,3996
23/7/2020 12:00,693,681,720,4753,4751,4756,4060,4070,4036
23/7/2020 12:30,702,666,743,4747,4750,4793,4045,4084,4050
23/7/2020 13:00,707,669,768,4706,4711,4797,3999,4042,4029
23/7/2020 13:30,709,702,786,4655,4659,4704,3946,3957,3918
23/7/2020 14:00,704,693,763,4606,4605,4653,3902,3912,3890
23/7/2020 14:30,691,669,735,4578,4573,4617,3887,3904,3882
23/7/2020 15:00,680,650,722,4574,4566,4592,3894,3916,3870
23/7/2020 15:30,671,619,710,4587,4575,4583,3916,3956,3873
23/7/2020 16:00,662,599,711,4621,4606,4602,3959,4007,3891
23/7/2020 16:30,651,606,689,4696,4681,4686,4045,4075,3997
23/7/2020 17:00,623,580,611,4794,4783,4820,4171,4203,4209
23/7/2020 17:30,580,568,499,4820,4811,4884,4240,4243,4385
23/7/2020 18:00,535,530,399,4761,4750,4826,4226,4220,4427
23/7/2020 18:30,488,483,301,4658,4646,4708,4170,4163,4407
23/7/2020 19:00,445,443,226,4529,4516,4574,4084,4073,4348
23/7/2020 19:30,407,434,185,4408,4398,4472,4001,3964,4287
23/7/2020 20:00,383,409,173,4304,4300,4358,3921,3891,4185
23/7/2020 20:30,374,379,166,4219,4217,4291,3845,3838,4125
23/7/2020 21:00,374,370,185,4156,4148,4225,3782,3778,4040
23/7/2020 21:30,382,297,210,4121,4106,4178,3739,3809,3968
23/7/2020 22:00,378,291,229,4090,4069,4184,3712,3778,3955
23/7/2020 22:30,363,216,186,3972,3947,4041,3609,3731,3855
23/7/2020 23:00,303,205,147,3742,3740,3822,3439,3535,3675
23/7/2020 23:30,287,175,140,3535,3542,3610,3248,3367,3470
24/7/2020 0:00,264,156,114,3353,3358,3424,3089,3202,3310
24/7/2020 0:30,235,129,80,3215,3218,3283,2980,3089,3203
24/7/2020 1:00,213,110,33,3119,3120,3173,2906,3010,3140
24/7/2020 1:30,196,118,0,3042,3043,3089,2846,2925,3089
24/7/2020 2:00,179,108,67,2981,2981,3024,2802,2873,2957
24/7/2020 2:30,161,75,61,2933,2934,2983,2772,2859,2922
24/7/2020 3:00,150,77,0,2902,2902,2958,2752,2825,2958
24/7/2020 3:30,144,69,0,2890,2892,2938,2746,2823,2938
24/7/2020 4:00,135,70,20,2896,2901,2931,2761,2831,2911
24/7/2020 4:30,123,71,64,2906,2911,2943,2783,2840,2879
24/7/2020 5:00,117,73,56,2924,2928,2965,2807,2855,2909
24/7/2020 5:30,117,76,59,2977,2985,2959,2860,2909,2900
24/7/2020 6:00,120,84,86,3087,3102,3099,2967,3018,3013
24/7/2020 6:30,126,96,146,3320,3319,3287,3194,3223,3141
24/7/2020 7:00,141,114,163,3658,3624,3564,3517,3510,3401
24/7/2020 7:30,165,137,182,3971,3931,3830,3806,3794,3648
24/7/2020 8:00,205,185,244,4225,4208,4126,4020,4023,3882
24/7/2020 8:30,263,255,285,4407,4410,4361,4144,4155,4076
24/7/2020 9:00,344,363,333,4517,4531,4505,4173,4168,4172
24/7/2020 9:30,448,525,466,4570,4591,4551,4122,4066,4085
24/7/2020 10:00,573,667,610,4579,4602,4574,4006,3935,3964
24/7/2020 10:30,722,792,735,4584,4611,4578,3862,3819,3843
24/7/2020 11:00,852,926,891,4594,4624,4607,3742,3698,3716
24/7/2020 11:30,963,1061,1048,4612,4646,4596,3649,3585,3548
24/7/2020 12:00,1071,1163,1247,4632,4667,4620,3561,3504,3373
24/7/2020 12:30,1174,1213,1264,4630,4673,4657,3456,3460,3393
24/7/2020 13:00,1256,1308,1421,4600,4646,4647,3344,3338,3226
24/7/2020 13:30,1317,1434,1702,4545,4593,4588,3228,3159,2886
24/7/2020 14:00,1390,1534,1866,4476,4523,4529,3086,2989,2663
24/7/2020 14:30,1476,1658,1973,4426,4474,4517,2950,2816,2544
24/7/2020 15:00,1549,1708,2004,4404,4453,4482,2855,2745,2478
24/7/2020 15:30,1609,1757,1957,4404,4448,4485,2795,2691,2528
24/7/2020 16:00,1650,1812,1944,4430,4465,4503,2780,2653,2559
24/7/2020 16:30,1670,1852,2072,4500,4533,4581,2830,2681,2509
24/7/2020 17:00,1659,1902,2172,4594,4635,4683,2935,2733,2511
24/7/2020 17:30,1615,2051,2013,4626,4669,4748,3011,2618,2735
24/7/2020 18:00,1598,2032,1948,4583,4622,4699,2985,2590,2751
24/7/2020 18:30,1607,2011,1994,4504,4540,4585,2897,2529,2591
24/7/2020 19:00,1603,1969,2091,4406,4439,4465,2803,2470,2374
24/7/2020 19:30,1586,1994,2123,4312,4344,4335,2726,2350,2212
24/7/2020 20:00,1544,1946,2083,4227,4260,4224,2683,2314,2141
24/7/2020 20:30,1476,1853,1953,4158,4190,4105,2682,2337,2152
24/7/2020 21:00,1407,1782,1959,4103,4131,4021,2696,2349,2062
24/7/2020 21:30,1338,1565,1901,4042,4071,4019,2704,2506,2118
24/7/2020 22:00,1275,1497,1949,3966,3996,3984,2691,2499,2035
24/7/2020 22:30,1218,1519,1908,3842,3865,3819,2624,2346,1911
24/7/2020 23:00,1357,1447,1832,3691,3678,3640,2334,2231,1808
24/7/2020 23:30,1275,1442,1615,3510,3498,3448,2235,2056,1833
25/7/2020 0:00,1208,1379,1496,3346,3338,3312,2138,1959,1816
25/7/2020 0:30,1156,1326,1434,3208,3203,3196,2052,1877,1762
25/7/2020 1:00,1121,1283,1474,3097,3094,3089,1976,1811,1615
25/7/2020 1:30,1102,1350,1530,3008,3005,2991,1906,1655,1461
25/7/2020 2:00,1096,1333,1501,2939,2937,2929,1843,1604,1428
25/7/2020 2:30,1101,1353,1539,2889,2887,2868,1788,1534,1329
25/7/2020 3:00,1118,1350,1561,2856,2854,2813,1738,1504,1252
25/7/2020 3:30,1146,1373,1598,2840,2835,2780,1694,1462,1182
25/7/2020 4:00,1158,1364,1684,2835,2826,2795,1677,1462,1111
25/7/2020 4:30,1156,1342,1706,2824,2798,2803,1668,1456,1097
25/7/2020 5:00,1142,1304,1583,2810,2779,2781,1668,1475,1198
25/7/2020 5:30,1115,1292,1496,2814,2785,2723,1699,1493,1227
25/7/2020 6:00,1079,1235,1512,2854,2828,2806,1775,1593,1294
25/7/2020 6:30,1034,1217,1398,2969,2931,2886,1935,1714,1488
25/7/2020 7:00,1001,1161,1289,3159,3094,3024,2158,1933,1735
25/7/2020 7:30,981,1237,1252,3378,3301,3233,2397,2064,1981
25/7/2020 8:00,960,1177,1176,3608,3535,3467,2648,2358,2291
25/7/2020 8:30,938,1127,1124,3808,3739,3678,2870,2612,2554
25/7/2020 9:00,913,1065,1070,3969,3901,3871,3056,2836,2801
25/7/2020 9:30,885,997,920,4081,4021,4001,3196,3024,3081
25/7/2020 10:00,884,921,826,4148,4098,4072,3264,3177,3246
25/7/2020 10:30,909,796,742,4185,4140,4156,3276,3344,3414
25/7/2020 11:00,933,745,662,4202,4155,4205,3269,3410,3543
25/7/2020 11:30,956,689,641,4216,4179,4229,3260,3490,3588
25/7/2020 12:00,959,684,633,4227,4201,4245,3268,3517,3612
25/7/2020 12:30,942,736,626,4217,4194,4277,3275,3458,3651
25/7/2020 13:00,939,766,643,4180,4155,4279,3241,3389,3636
25/7/2020 13:30,949,772,644,4119,4104,4204,3170,3332,3560
25/7/2020 14:00,975,827,718,4043,4049,4130,3068,3222,3412
25/7/2020 14:30,1018,858,877,3991,4013,4061,2973,3155,3184
25/7/2020 15:00,1081,938,1086,3968,3999,4028,2887,3061,2942
25/7/2020 15:30,1165,1031,1186,3961,3998,4006,2796,2967,2820
25/7/2020 16:00,1235,1118,1407,3975,4013,4024,2740,2895,2617
25/7/2020 16:30,1293,1153,1540,4033,4070,4091,2740,2917,2551
25/7/2020 17:00,1347,1218,1595,4123,4158,4215,2776,2940,2620
25/7/2020 17:30,1396,1264,1589,4171,4203,4305,2775,2939,2716
25/7/2020 18:00,1435,1293,1595,4162,4189,4309,2727,2896,2714
25/7/2020 18:30,1465,1399,1577,4111,4134,4230,2646,2735,2653
25/7/2020 19:00,1460,1386,1448,4028,4042,4116,2568,2656,2668
25/7/2020 19:30,1421,1464,1360,3933,3932,4001,2512,2468,2641
25/7/2020 20:00,1366,1441,1323,3835,3815,3880,2469,2374,2557
25/7/2020 20:30,1294,1452,1241,3756,3725,3802,2462,2273,2561
25/7/2020 21:00,1230,1393,1149,3703,3670,3736,2473,2277,2587
25/7/2020 21:30,1172,1317,1178,3689,3655,3698,2517,2338,2520
25/7/2020 22:00,1145,1282,1192,3691,3656,3735,2546,2374,2543
25/7/2020 22:30,1148,1214,1285,3612,3583,3625,2464,2369,2340
25/7/2020 23:00,1212,1227,1569,3430,3431,3488,2218,2204,1919
25/7/2020 23:30,1223,1181,1653,3288,3287,3317,2065,2106,1664
26/7/2020 0:00,1251,1207,1624,3172,3172,3179,1921,1965,1555
26/7/2020 0:30,1294,1205,1528,3057,3058,3056,1763,1853,1528
26/7/2020 1:00,1336,1242,1504,2940,2942,2951,1604,1700,1447
26/7/2020 1:30,1375,1343,1396,2839,2843,2847,1464,1500,1451
26/7/2020 2:00,1406,1375,1535,2757,2762,2802,1351,1387,1267
26/7/2020 2:30,1429,1550,1623,2689,2695,2740,1260,1145,1117
26/7/2020 3:00,1455,1564,1529,2638,2644,2681,1183,1080,1152
26/7/2020 3:30,1486,1611,1506,2620,2628,2630,1134,1017,1124
26/7/2020 4:00,1517,1626,1518,2628,2639,2629,1111,1013,1111
26/7/2020 4:30,1547,1637,1550,2626,2627,2629,1079,990,1079
26/7/2020 5:00,1559,1642,1448,2606,2603,2625,1047,961,1177
26/7/2020 5:30,1553,1573,1262,2571,2572,2568,1018,999,1306
26/7/2020 6:00,1538,1550,1265,2539,2549,2605,1001,999,1340
26/7/2020 6:30,1512,1525,1110,2585,2580,2658,1073,1055,1548
26/7/2020 7:00,1502,1500,1182,2718,2679,2745,1216,1179,1563
26/7/2020 7:30,1508,1424,1299,2889,2838,2881,1381,1414,1582
26/7/2020 8:00,1499,1377,1269,3080,3042,3071,1581,1665,1802
26/7/2020 8:30,1477,1301,1213,3262,3239,3263,1785,1938,2050
26/7/2020 9:00,1478,1264,1261,3428,3418,3455,1950,2154,2194
26/7/2020 9:30,1503,1161,1175,3577,3578,3630,2074,2417,2455
26/7/2020 10:00,1526,1160,1206,3707,3716,3783,2181,2556,2577
26/7/2020 10:30,1548,1079,1244,3800,3822,3894,2252,2743,2650
26/7/2020 11:00,1585,1094,1266,3861,3896,3993,2276,2802,2727
26/7/2020 11:30,1637,1176,1220,3920,3963,4011,2283,2787,2791
26/7/2020 12:00,1677,1202,1275,3976,4016,4109,2299,2814,2834
26/7/2020 12:30,1704,1287,1345,3991,4036,4159,2287,2749,2814
26/7/2020 13:00,1720,1329,1407,3959,4012,4122,2239,2683,2715
26/7/2020 13:30,1725,1364,1417,3896,3945,4012,2171,2581,2595
26/7/2020 14:00,1712,1396,1426,3816,3847,3925,2104,2451,2499
26/7/2020 14:30,1681,1442,1386,3761,3776,3831,2080,2334,2445
26/7/2020 15:00,1642,1451,1528,3737,3743,3795,2095,2292,2267
26/7/2020 15:30,1594,1558,1561,3731,3736,3805,2137,2178,2244
26/7/2020 16:00,1550,1520,1605,3744,3754,3805,2194,2234,2200
26/7/2020 16:30,1509,1472,1533,3792,3818,3886,2283,2346,2353
26/7/2020 17:00,1445,1400,1431,3864,3910,3997,2419,2510,2566
26/7/2020 17:30,1358,1254,1372,3907,3959,4058,2549,2705,2686
26/7/2020 18:00,1273,1159,1326,3909,3949,4089,2636,2790,2763
26/7/2020 18:30,1190,1039,1219,3878,3906,4091,2688,2867,2872
26/7/2020 19:00,1078,934,1053,3823,3843,4027,2745,2909,2974
26/7/2020 19:30,940,912,914,3764,3789,3963,2824,2877,3049
26/7/2020 20:00,819,839,881,3709,3751,3910,2890,2912,3029
26/7/2020 20:30,715,763,977,3671,3726,3861,2956,2963,2884
26/7/2020 21:00,639,741,1024,3650,3711,3820,3011,2970,2796
26/7/2020 21:30,591,750,964,3650,3700,3803,3059,2950,2839
26/7/2020 22:00,563,781,966,3649,3676,3756,3086,2895,2790
26/7/2020 22:30,556,838,900,3570,3581,3591,3014,2743,2691
26/7/2020 23:00,743,908,882,3408,3414,3426,2665,2506,2544
26/7/2020 23:30,821,1032,979,3232,3249,3264,2411,2217,2285
27/7/2020 0:00,869,1093,1194,3069,3080,3144,2200,1987,1950
27/7/2020 0:30,886,1217,1227,2945,2952,3028,2059,1735,1801
27/7/2020 1:00,877,1239,1117,2860,2864,2907,1983,1625,1790
27/7/2020 1:30,842,1248,1126,2793,2803,2851,1951,1555,1725
27/7/2020 2:00,800,1246,1156,2740,2758,2816,1940,1512,1660
27/7/2020 2:30,751,1224,1271,2702,2721,2793,1951,1497,1522
27/7/2020 3:00,709,1184,1198,2678,2692,2738,1969,1508,1540
27/7/2020 3:30,675,1239,1148,2670,2679,2746,1995,1440,1598
27/7/2020 4:00,648,1200,1149,2674,2683,2750,2026,1483,1601
27/7/2020 4:30,630,1167,1090,2685,2692,2765,2055,1525,1675
27/7/2020 5:00,613,1129,968,2708,2710,2822,2095,1581,1854
27/7/2020 5:30,597,1004,901,2779,2773,2866,2182,1769,1965
27/7/2020 6:00,573,981,899,2920,2902,2965,2347,1921,2066
27/7/2020 6:30,541,1004,921,3179,3141,3120,2638,2137,2199
27/7/2020 7:00,536,1013,1011,3537,3477,3404,3001,2464,2393
27/7/2020 7:30,560,1081,1179,3871,3811,3679,3311,2730,2500
27/7/2020 8:00,615,1240,1492,4147,4108,3970,3532,2868,2478
27/7/2020 8:30,702,1435,1635,4344,4328,4222,3642,2893,2587
27/7/2020 9:00,806,1680,1753,4467,4467,4406,3661,2787,2653
27/7/2020 9:30,928,1996,1932,4550,4558,4487,3622,2562,2555
27/7/2020 10:00,1070,2167,2127,4604,4612,4531,3534,2445,2404
27/7/2020 10:30,1230,2293,2248,4648,4651,4515,3418,2358,2267
27/7/2020 11:00,1364,2373,2404,4688,4682,4520,3324,2309,2116
27/7/2020 11:30,1470,2440,2594,4724,4700,4524,3254,2260,1930
27/7/2020 12:00,1585,2471,2700,4751,4729,4574,3166,2258,1874
27/7/2020 12:30,1709,2423,2724,4746,4714,4620,3037,2291,1896
27/7/2020 13:00,1825,2491,2635,4708,4656,4589,2883,2165,1954
27/7/2020 13:30,1934,2569,2635,4656,4594,4501,2722,2025,1866
27/7/2020 14:00,2029,2624,2684,4601,4542,4431,2572,1918,1747
27/7/2020 14:30,2113,2633,2679,4565,4513,4404,2452,1880,1725
27/7/2020 15:00,2179,2663,2656,4553,4510,4391,2374,1847,1735
27/7/2020 15:30,2230,2768,2636,4559,4522,4367,2329,1754,1731
27/7/2020 16:00,2255,2751,2636,4587,4555,4412,2332,1804,1776
27/7/2020 16:30,2257,2711,2663,4662,4634,4541,2405,1923,1878
27/7/2020 17:00,2229,2647,2719,4764,4743,4708,2535,2096,1989
27/7/2020 17:30,2174,2575,2656,4788,4778,4751,2614,2203,2095
27/7/2020 18:00,2117,2492,2690,4719,4726,4671,2602,2234,1981
27/7/2020 18:30,2059,2371,2765,4603,4614,4545,2544,2243,1780
27/7/2020 19:00,1976,2251,2732,4460,4466,4424,2484,2215,1692
27/7/2020 19:30,1870,2059,2602,4332,4331,4314,2462,2272,1712
27/7/2020 20:00,1756,1926,2397,4229,4225,4195,2473,2299,1798
27/7/2020 20:30,1633,1863,2202,4153,4149,4162,2520,2286,1960
27/7/2020 21:00,1533,1740,2019,4100,4100,4117,2567,2360,2098
27/7/2020 21:30,1457,1714,1860,4059,4050,4030,2602,2336,2170
27/7/2020 22:00,1404,1626,1751,4006,3982,4017,2602,2356,2266
27/7/2020 22:30,1376,1700,1700,3862,3830,3844,2486,2130,2144
27/7/2020 23:00,1429,1629,1765,3605,3601,3616,2176,1972,1851
27/7/2020 23:30,1371,1568,1773,3379,3361,3406,2008,1793,1633
28/7/2020 0:00,1325,1511,1815,3182,3164,3246,1857,1653,1431
28/7/2020 0:30,1292,1446,1793,3039,3022,3098,1747,1576,1305
28/7/2020 1:00,1267,1404,1738,2949,2932,2992,1682,1528,1254
28/7/2020 1:30,1251,1333,1570,2879,2862,2920,1628,1529,1350
28/7/2020 2:00,1240,1310,1567,2822,2805,2855,1582,1495,1288
28/7/2020 2:30,1236,1387,1422,2779,2764,2833,1543,1377,1411
28/7/2020 3:00,1229,1357,1491,2751,2738,2799,1522,1381,1308
28/7/2020 3:30,1220,1365,1467,2740,2729,2786,1520,1364,1319
28/7/2020 4:00,1210,1324,1525,2745,2737,2802,1535,1413,1277
28/7/2020 4:30,1199,1287,1606,2760,2749,2839,1561,1462,1233
28/7/2020 5:00,1188,1245,1526,2789,2777,2860,1601,1532,1334
28/7/2020 5:30,1177,1186,1477,2850,2845,2862,1673,1659,1385
28/7/2020 6:00,1175,1156,1471,2967,2969,3009,1792,1813,1538
28/7/2020 6:30,1182,1129,1467,3211,3196,3206,2029,2067,1739
28/7/2020 7:00,1213,1151,1453,3567,3514,3482,2354,2363,2029
28/7/2020 7:30,1266,1260,1458,3903,3831,3776,2637,2571,2318
28/7/2020 8:00,1336,1329,1533,4180,4115,4048,2844,2786,2515
28/7/2020 8:30,1423,1487,1652,4374,4320,4261,2951,2833,2609
28/7/2020 9:00,1496,1546,1768,4486,4441,4393,2990,2895,2625
28/7/2020 9:30,1554,1602,1891,4540,4502,4441,2986,2900,2550
28/7/2020 10:00,1601,1617,1982,4552,4515,4459,2951,2898,2477
28/7/2020 10:30,1635,1650,1988,4561,4520,4476,2926,2870,2488
28/7/2020 11:00,1645,1610,2032,4576,4527,4482,2931,2917,2450
28/7/2020 11:30,1630,1544,1851,4605,4549,4462,2975,3005,2611
28/7/2020 12:00,1621,1481,1806,4638,4572,4506,3017,3091,2700
28/7/2020 12:30,1619,1465,1745,4636,4568,4548,3017,3103,2803
28/7/2020 13:00,1637,1421,1680,4597,4534,4509,2960,3113,2829
28/7/2020 13:30,1675,1474,1575,4550,4491,4421,2875,3017,2846
28/7/2020 14:00,1704,1465,1549,4508,4450,4390,2804,2985,2841
28/7/2020 14:30,1724,1567,1621,4488,4425,4359,2764,2858,2738
28/7/2020 15:00,1730,1548,1588,4492,4422,4361,2762,2874,2773
28/7/2020 15:30,1722,1536,1557,4509,4441,4377,2787,2905,2820
28/7/2020 16:00,1721,1492,1483,4543,4487,4424,2822,2995,2941
28/7/2020 16:30,1729,1437,1410,4619,4574,4534,2890,3137,3124
28/7/2020 17:00,1702,1391,1360,4721,4683,4668,3019,3292,3308
28/7/2020 17:30,1642,1277,1342,4756,4707,4751,3114,3430,3409
28/7/2020 18:00,1557,1240,1358,4706,4633,4691,3149,3393,3333
28/7/2020 18:30,1449,1244,1264,4603,4524,4570,3154,3280,3306
28/7/2020 19:00,1330,1172,1200,4466,4405,4412,3136,3233,3212
28/7/2020 19:30,1199,1034,1015,4345,4304,4311,3146,3270,3296
28/7/2020 20:00,1064,928,931,4253,4232,4233,3189,3304,3302
28/7/2020 20:30,927,808,810,4193,4183,4167,3266,3375,3357
28/7/2020 21:00,811,709,722,4159,4150,4139,3348,3441,3417
28/7/2020 21:30,718,626,646,4122,4111,4138,3404,3485,3492
28/7/2020 22:00,642,565,597,4060,4047,4112,3418,3482,3515
28/7/2020 22:30,583,515,520,3918,3905,3902,3335,3390,3382
28/7/2020 23:00,502,470,489,3689,3687,3684,3187,3217,3195
28/7/2020 23:30,463,408,470,3468,3470,3486,3005,3062,3016
29/7/2020 0:00,419,364,426,3269,3271,3325,2850,2907,2899
29/7/2020 0:30,372,300,377,3123,3125,3198,2751,2825,2821
29/7/2020 1:00,332,265,335,3030,3032,3084,2698,2767,2749
29/7/2020 1:30,298,243,286,2960,2962,3012,2662,2719,2726
29/7/2020 2:00,265,214,230,2906,2908,2965,2641,2694,2735
29/7/2020 2:30,231,155,190,2865,2866,2929,2634,2711,2739
29/7/2020 3:00,203,131,151,2840,2840,2901,2637,2709,2750
29/7/2020 3:30,180,127,156,2834,2834,2887,2654,2707,2731
29/7/2020 4:00,158,110,132,2846,2847,2884,2688,2737,2752
29/7/2020 4:30,139,99,126,2856,2853,2897,2717,2754,2771
29/7/2020 5:00,125,97,119,2869,2864,2941,2744,2767,2822
29/7/2020 5:30,117,88,135,2926,2928,2939,2809,2840,2804
29/7/2020 6:00,117,105,133,3051,3063,3069,2934,2958,2936
29/7/2020 6:30,125,113,117,3299,3236,3250,3174,3123,3133
29/7/2020 7:00,144,143,131,3649,3548,3531,3505,3405,3400
29/7/2020 7:30,173,176,139,3972,3854,3806,3799,3678,3667
29/7/2020 8:00,215,209,181,4230,4121,4107,4015,3912,3926
29/7/2020 8:30,271,246,191,4406,4308,4347,4135,4062,4156
29/7/2020 9:00,339,302,210,4501,4415,4494,4162,4113,4284
29/7/2020 9:30,420,339,287,4545,4480,4571,4125,4141,4284
29/7/2020 10:00,510,433,335,4553,4514,4576,4043,4081,4241
29/7/2020 10:30,611,515,437,4559,4533,4569,3948,4018,4132
29/7/2020 11:00,700,617,543,4571,4543,4568,3871,3926,4025
29/7/2020 11:30,777,693,655,4591,4572,4584,3814,3879,3929
29/7/2020 12:00,861,783,771,4612,4597,4645,3751,3814,3874
29/7/2020 12:30,952,862,809,4609,4592,4686,3657,3730,3877
29/7/2020 13:00,1019,952,863,4582,4553,4657,3563,3601,3794
29/7/2020 13:30,1062,1027,961,4550,4513,4572,3488,3486,3611
29/7/2020 14:00,1120,1112,1088,4520,4480,4515,3400,3368,3427
29/7/2020 14:30,1192,1168,1160,4501,4466,4484,3309,3298,3324
29/7/2020 15:00,1257,1240,1230,4496,4472,4486,3239,3232,3256
29/7/2020 15:30,1313,1352,1255,4516,4496,4502,3203,3144,3247
29/7/2020 16:00,1358,1402,1311,4566,4542,4551,3208,3140,3240
29/7/2020 16:30,1391,1395,1388,4660,4638,4645,3269,3243,3257
29/7/2020 17:00,1416,1419,1369,4775,4763,4769,3359,3344,3400
29/7/2020 17:30,1430,1425,1334,4805,4804,4844,3375,3379,3510
29/7/2020 18:00,1458,1425,1357,4740,4746,4782,3282,3321,3425
29/7/2020 18:30,1499,1429,1374,4647,4646,4661,3148,3217,3287
29/7/2020 19:00,1541,1439,1424,4547,4527,4527,3006,3088,3103
29/7/2020 19:30,1583,1420,1419,4465,4430,4430,2882,3010,3011
29/7/2020 20:00,1634,1457,1425,4402,4364,4325,2768,2907,2900
29/7/2020 20:30,1693,1496,1471,4351,4316,4253,2658,2820,2782
29/7/2020 21:00,1754,1551,1529,4302,4270,4208,2548,2719,2679
29/7/2020 21:30,1816,1653,1686,4217,4185,4190,2401,2532,2504
29/7/2020 22:00,1864,1733,1751,4088,4050,4071,2224,2317,2320
29/7/2020 22:30,1899,1857,1871,3909,3868,3853,2010,2011,1982
29/7/2020 23:00,1778,1907,1980,3647,3649,3629,1869,1742,1649
29/7/2020 23:30,1785,1934,2092,3435,3440,3432,1650,1506,1340
30/7/2020 0:00,1788,1955,2184,3245,3251,3286,1457,1296,1102
30/7/2020 0:30,1788,1938,2220,3105,3112,3182,1317,1174,962
30/7/2020 1:00,1787,1950,2228,3012,3019,3074,1225,1069,846
30/7/2020 1:30,1785,1978,2229,2943,2949,3008,1158,971,779
30/7/2020 2:00,1787,1976,2229,2890,2896,2953,1103,920,724
30/7/2020 2:30,1791,2018,2137,2851,2856,2899,1060,838,762
30/7/2020 3:00,1794,1993,2174,2826,2830,2859,1032,837,685
30/7/2020 3:30,1796,1931,2190,2816,2818,2872,1020,887,682
30/7/2020 4:00,1809,1889,2132,2820,2821,2857,1011,932,725
30/7/2020 4:30,1833,1834,2148,2827,2828,2874,994,994,726
30/7/2020 5:00,1860,1827,2126,2844,2845,2938,984,1018,812
30/7/2020 5:30,1890,1884,2069,2902,2910,2935,1012,1026,866
30/7/2020 6:00,1931,1894,2105,3024,3040,3052,1093,1146,947
30/7/2020 6:30,1985,1968,2086,3260,3265,3219,1275,1297,1133
30/7/2020 7:00,2051,1986,2035,3593,3573,3489,1542,1587,1454
30/7/2020 7:30,2129,2084,2044,3914,3888,3771,1785,1804,1727
30/7/2020 8:00,2225,2133,2065,4188,4175,4072,1963,2042,2007
30/7/2020 8:30,2339,2261,2132,4383,4383,4292,2044,2122,2160
30/7/2020 9:00,2448,2317,2134,4501,4507,4447,2053,2190,2313
30/7/2020 9:30,2550,2425,2080,4567,4583,4520,2017,2158,2440
30/7/2020 10:00,2623,2448,2160,4594,4619,4552,1971,2171,2392
30/7/2020 10:30,2665,2410,2229,4604,4632,4614,1939,2222,2385
30/7/2020 11:00,2705,2459,2301,4606,4632,4667,1901,2173,2366
30/7/2020 11:30,2742,2535,2321,4620,4659,4665,1878,2124,2344
30/7/2020 12:00,2752,2579,2439,4642,4697,4703,1890,2118,2264
30/7/2020 12:30,2735,2528,2551,4632,4701,4771,1897,2173,2220
30/7/2020 13:00,2728,2549,2528,4589,4666,4742,1861,2117,2214
30/7/2020 13:30,2733,2518,2480,4538,4620,4628,1805,2102,2148
30/7/2020 14:00,2733,2531,2519,4492,4576,4596,1759,2045,2077
30/7/2020 14:30,2728,2620,2514,4470,4551,4573,1742,1931,2059
30/7/2020 15:00,2733,2621,2521,4474,4552,4524,1741,1931,2003
30/7/2020 15:30,2748,2635,2629,4491,4568,4517,1743,1933,1888
30/7/2020 16:00,2759,2659,2675,4526,4601,4567,1767,1942,1892
30/7/2020 16:30,2768,2719,2740,4605,4671,4673,1837,1952,1933
30/7/2020 17:00,2759,2741,2733,4712,4761,4762,1953,2020,2029
30/7/2020 17:30,2734,2713,2745,4747,4784,4811,2013,2071,2066
30/7/2020 18:00,2719,2729,2751,4696,4727,4742,1977,1998,1991
30/7/2020 18:30,2715,2723,2726,4591,4619,4611,1876,1896,1885
30/7/2020 19:00,2715,2757,2578,4455,4478,4458,1740,1721,1880
30/7/2020 19:30,2719,2855,2476,4335,4346,4355,1616,1491,1879
30/7/2020 20:00,2731,2898,2466,4241,4236,4256,1510,1338,1790
30/7/2020 20:30,2752,2958,2484,4175,4163,4182,1423,1205,1698
30/7/2020 21:00,2767,2984,2535,4131,4119,4153,1364,1135,1618
30/7/2020 21:30,2776,2968,2585,4084,4070,4163,1308,1102,1578
30/7/2020 22:00,2775,2952,2648,4015,3994,4118,1240,1042,1470
30/7/2020 22:30,2763,2834,2658,3867,3841,3949,1104,1007,1291
30/7/2020 23:00,2893,2796,2680,3622,3622,3672,729,826,992
30/7/2020 23:30,2843,2629,2525,3428,3417,3449,585,788,924
31/7/2020 0:00,2781,2588,2425,3277,3267,3267,496,679,842
31/7/2020 0:30,2708,2518,2498,3153,3144,3139,445,626,641
31/7/2020 1:00,2641,2468,2458,3054,3043,3023,413,575,565
31/7/2020 1:30,2582,2424,2403,2976,2966,2950,394,542,547
31/7/2020 2:00,2525,2369,2290,2919,2910,2908,394,541,618
31/7/2020 2:30,2470,2331,2189,2876,2867,2841,406,536,652
31/7/2020 3:00,2414,2268,2270,2846,2837,2822,432,569,552
31/7/2020 3:30,2357,2082,2222,2834,2826,2831,477,744,609
31/7/2020 4:00,2284,2009,2239,2836,2830,2829,552,821,590
31/7/2020 4:30,2196,1904,2162,2843,2837,2862,647,933,700
31/7/2020 5:00,2117,1826,2102,2858,2853,2895,741,1027,793
31/7/2020 5:30,2046,1781,2037,2908,2911,2901,862,1130,864
31/7/2020 6:00,1971,1714,1946,3016,3030,3016,1045,1316,1070
31/7/2020 6:30,1890,1673,1816,3244,3244,3187,1354,1571,1371
31/7/2020 7:00,1811,1585,1728,3578,3544,3484,1767,1959,1756
31/7/2020 7:30,1733,1490,1527,3892,3844,3756,2159,2354,2229
31/7/2020 8:00,1647,1383,1428,4152,4112,4058,2505,2729,2630
31/7/2020 8:30,1551,1330,1370,4340,4305,4287,2789,2975,2917
31/7/2020 9:00,1469,1241,1300,4459,4422,4465,2990,3181,3165
31/7/2020 9:30,1400,1158,1206,4531,4499,4553,3131,3341,3347
31/7/2020 10:00,1347,1121,1159,4568,4544,4592,3221,3423,3433
31/7/2020 10:30,1310,1109,1170,4585,4577,4618,3275,3468,3448
31/7/2020 11:00,1303,1127,1182,4594,4600,4642,3291,3473,3460
31/7/2020 11:30,1326,1110,1161,4617,4636,4667,3291,3526,3506
31/7/2020 12:00,1347,1146,1167,4650,4665,4716,3303,3519,3549
31/7/2020 12:30,1366,1250,1268,4653,4664,4758,3287,3414,3490
31/7/2020 13:00,1366,1283,1275,4621,4629,4739,3255,3346,3464
31/7/2020 13:30,1347,1294,1220,4567,4576,4663,3220,3282,3443
31/7/2020 14:00,1319,1321,1307,4501,4515,4594,3182,3194,3287
31/7/2020 14:30,1281,1307,1357,4459,4466,4558,3178,3159,3201
31/7/2020 15:00,1221,1315,1284,4445,4436,4501,3224,3121,3217
31/7/2020 15:30,1139,1167,1275,4444,4432,4438,3305,3265,3163
31/7/2020 16:00,1080,1158,1336,4457,4455,4471,3377,3297,3135
31/7/2020 16:30,1042,1188,1188,4510,4513,4550,3468,3325,3362
31/7/2020 17:00,1005,1177,1236,4589,4587,4610,3584,3410,3374
31/7/2020 17:30,969,1180,1273,4616,4608,4685,3647,3428,3412
31/7/2020 18:00,937,1152,1152,4578,4562,4614,3641,3410,3462
31/7/2020 18:30,911,1102,1081,4495,4475,4521,3584,3373,3440
31/7/2020 19:00,870,1049,1077,4378,4362,4407,3508,3313,3330
31/7/2020 19:30,814,997,953,4263,4255,4299,3449,3258,3346
31/7/2020 20:00,750,909,840,4162,4165,4186,3412,3256,3346
31/7/2020 20:30,678,778,793,4094,4103,4116,3416,3325,3323
31/7/2020 21:00,621,698,743,4059,4066,4056,3438,3368,3313
31/7/2020 21:30,577,624,744,4026,4039,4049,3449,3415,3305
31/7/2020 22:00,559,596,820,3976,4000,4022,3417,3404,3202
31/7/2020 22:30,565,606,815,3860,3885,3846,3295,3279,3031
31/7/2020 23:00,616,600,816,3693,3694,3653,3077,3094,2837
31/7/2020 23:30,617,549,826,3509,3506,3484,2892,2957,2658
1/8/2020 0:00,613,548,835,3349,3348,3333,2736,2800,2498
1/8/2020 0:30,604,552,783,3214,3214,3189,2610,2662,2406
1/8/2020 1:00,598,526,746,3100,3102,3095,2502,2576,2349
1/8/2020 1:30,596,563,705,3004,3007,3003,2408,2444,2298
1/8/2020 2:00,592,539,742,2924,2928,2945,2332,2389,2203
1/8/2020 2:30,587,556,714,2862,2866,2885,2275,2310,2171
1/8/2020 3:00,581,544,696,2820,2824,2840,2239,2280,2144
1/8/2020 3:30,573,520,654,2803,2806,2819,2230,2286,2165
1/8/2020 4:00,558,505,614,2803,2807,2805,2245,2302,2191
1/8/2020 4:30,537,488,609,2794,2796,2819,2257,2308,2210
1/8/2020 5:00,508,480,575,2776,2776,2834,2268,2296,2259
1/8/2020 5:30,470,485,596,2780,2783,2796,2310,2298,2200
1/8/2020 6:00,438,474,547,2822,2832,2840,2384,2358,2293
1/8/2020 6:30,412,474,530,2927,2927,2939,2515,2453,2409
1/8/2020 7:00,418,476,477,3095,3075,3092,2677,2599,2615
1/8/2020 7:30,458,479,436,3304,3279,3267,2846,2800,2831
1/8/2020 8:00,498,496,395,3533,3521,3485,3035,3025,3090
1/8/2020 8:30,540,506,401,3725,3732,3686,3185,3226,3285
1/8/2020 9:00,577,523,433,3868,3896,3878,3291,3373,3445
1/8/2020 9:30,608,529,515,3973,4015,4015,3365,3486,3500
1/8/2020 10:00,640,570,553,4046,4089,4097,3406,3519,3544
1/8/2020 10:30,674,593,604,4092,4131,4128,3418,3538,3524
1/8/2020 11:00,713,636,716,4119,4145,4133,3406,3509,3417
1/8/2020 11:30,758,599,796,4139,4162,4122,3381,3563,3326
1/8/2020 12:00,805,647,839,4153,4179,4152,3348,3532,3313
1/8/2020 12:30,855,706,800,4141,4169,4156,3286,3463,3356
1/8/2020 13:00,916,758,813,4102,4127,4112,3186,3369,3299
1/8/2020 13:30,989,825,968,4042,4064,4032,3053,3239,3064
1/8/2020 14:00,1041,874,991,3969,3988,3977,2928,3114,2986
1/8/2020 14:30,1072,1055,1028,3912,3930,3926,2840,2875,2898
1/8/2020 15:00,1082,1068,966,3879,3898,3888,2797,2830,2922
1/8/2020 15:30,1069,1053,968,3876,3897,3916,2807,2844,2948
1/8/2020 16:00,1055,1018,1003,3904,3928,3963,2849,2910,2960
1/8/2020 16:30,1040,902,949,3965,3994,4018,2925,3092,3069
1/8/2020 17:00,1031,866,972,4045,4082,4158,3014,3216,3186
1/8/2020 17:30,1026,875,914,4091,4136,4276,3065,3261,3362
1/8/2020 18:00,1014,840,963,4090,4140,4314,3076,3300,3351
1/8/2020 18:30,995,749,968,4040,4090,4263,3045,3341,3295
1/8/2020 19:00,999,733,889,3951,3998,4149,2952,3265,3260
1/8/2020 19:30,1025,773,807,3863,3905,4044,2838,3132,3237
1/8/2020 20:00,1022,771,738,3791,3828,3956,2769,3057,3218
1/8/2020 20:30,992,759,701,3749,3781,3859,2757,3022,3158
1/8/2020 21:00,962,738,742,3732,3759,3811,2770,3021,3069
1/8/2020 21:30,932,752,743,3715,3733,3808,2783,2981,3065
1/8/2020 22:00,915,746,725,3678,3685,3782,2763,2939,3057
1/8/2020 22:30,909,750,666,3578,3588,3648,2669,2838,2982
1/8/2020 23:00,668,747,691,3440,3443,3486,2772,2696,2795
1/8/2020 23:30,678,692,720,3299,3290,3330,2621,2598,2610
2/8/2020 0:00,685,686,753,3173,3164,3197,2488,2478,2444
2/8/2020 0:30,690,687,803,3058,3051,3079,2368,2364,2276
2/8/2020 1:00,701,677,848,2955,2949,2989,2254,2272,2141
2/8/2020 1:30,717,651,822,2865,2862,2888,2148,2211,2066
2/8/2020 2:00,725,644,785,2790,2787,2819,2065,2143,2034
2/8/2020 2:30,724,588,798,2730,2729,2750,2006,2141,1952
2/8/2020 3:00,710,585,764,2686,2685,2714,1976,2100,1950
2/8/2020 3:30,682,620,746,2664,2663,2701,1982,2043,1955
2/8/2020 4:00,653,606,765,2658,2658,2683,2005,2052,1918
2/8/2020 4:30,624,564,771,2651,2659,2676,2027,2095,1905
2/8/2020 5:00,587,527,714,2639,2645,2675,2052,2118,1961
2/8/2020 5:30,543,516,644,2626,2635,2624,2083,2119,1980
2/8/2020 6:00,499,475,597,2624,2638,2651,2125,2163,2054
2/8/2020 6:30,456,454,540,2670,2679,2712,2214,2225,2172
2/8/2020 7:00,446,447,468,2773,2768,2823,2327,2321,2355
2/8/2020 7:30,468,470,381,2929,2917,2945,2461,2447,2564
2/8/2020 8:00,476,457,311,3127,3117,3113,2651,2660,2802
2/8/2020 8:30,468,425,320,3318,3314,3300,2850,2889,2980
2/8/2020 9:00,472,403,340,3490,3492,3473,3018,3089,3133
2/8/2020 9:30,486,342,396,3639,3647,3620,3153,3305,3224
2/8/2020 10:00,503,350,344,3764,3774,3774,3261,3424,3430
2/8/2020 10:30,523,359,386,3856,3865,3872,3333,3506,3486
2/8/2020 11:00,554,390,418,3919,3925,3945,3365,3535,3527
2/8/2020 11:30,597,371,465,3979,3996,3991,3382,3625,3526
2/8/2020 12:00,637,429,527,4034,4049,4073,3397,3620,3546
2/8/2020 12:30,673,485,645,4046,4059,4123,3373,3574,3478
2/8/2020 13:00,711,556,745,4011,4018,4080,3300,3462,3335
2/8/2020 13:30,751,640,807,3946,3948,3999,3195,3308,3192
2/8/2020 14:00,782,694,842,3863,3863,3915,3081,3169,3073
2/8/2020 14:30,803,743,901,3800,3805,3847,2997,3062,2946
2/8/2020 15:00,810,770,933,3765,3783,3807,2955,3013,2874
2/8/2020 15:30,801,811,957,3759,3785,3813,2958,2974,2856
2/8/2020 16:00,784,815,994,3783,3811,3830,2999,2996,2836
2/8/2020 16:30,758,833,1003,3837,3873,3904,3079,3040,2901
2/8/2020 17:00,722,806,1040,3911,3961,3981,3189,3155,2941
2/8/2020 17:30,676,792,975,3954,4012,4057,3278,3220,3082
2/8/2020 18:00,634,749,942,3958,4014,4056,3324,3265,3114
2/8/2020 18:30,594,745,900,3926,3979,3995,3332,3234,3095
2/8/2020 19:00,544,672,901,3868,3916,3913,3324,3244,3012
2/8/2020 19:30,485,565,748,3803,3847,3819,3318,3282,3071
2/8/2020 20:00,429,485,556,3743,3782,3749,3314,3297,3193
2/8/2020 20:30,376,447,436,3705,3742,3690,3329,3295,3254
2/8/2020 21:00,335,396,345,3689,3725,3657,3354,3329,3312
2/8/2020 21:30,307,375,355,3675,3711,3702,3368,3336,3347
2/8/2020 22:00,289,357,343,3645,3679,3688,3356,3322,3345
2/8/2020 22:30,281,406,328,3545,3572,3549,3264,3166,3221
2/8/2020 23:00,303,403,332,3389,3393,3397,3086,2990,3065
2/8/2020 23:30,323,336,326,3221,3223,3250,2898,2887,2924
3/8/2020 0:00,339,341,355,3083,3085,3128,2744,2744,2773
3/8/2020 0:30,353,293,346,2967,2971,3010,2614,2678,2664
3/8/2020 1:00,363,293,334,2872,2877,2911,2509,2584,2577
3/8/2020 1:30,370,296,331,2796,2802,2822,2426,2506,2491
3/8/2020 2:00,374,286,320,2739,2746,2781,2365,2460,2461
3/8/2020 2:30,376,247,302,2697,2704,2742,2321,2457,2440
3/8/2020 3:00,377,247,301,2667,2676,2721,2290,2429,2420
3/8/2020 3:30,378,273,288,2651,2662,2698,2273,2389,2410
3/8/2020 4:00,377,279,337,2649,2661,2692,2272,2382,2355
3/8/2020 4:30,375,284,327,2652,2663,2707,2277,2379,2380
3/8/2020 5:00,374,282,332,2661,2672,2740,2287,2390,2408
3/8/2020 5:30,374,261,323,2683,2695,2745,2309,2434,2422
3/8/2020 6:00,367,259,296,2730,2744,2796,2363,2485,2500
3/8/2020 6:30,352,245,318,2846,2858,2897,2494,2613,2579
3/8/2020 7:00,335,232,307,3029,3034,3068,2694,2802,2761
3/8/2020 7:30,316,204,242,3222,3225,3232,2906,3021,2990
3/8/2020 8:00,325,209,207,3410,3416,3441,3085,3207,3234
3/8/2020 8:30,363,234,206,3582,3590,3624,3219,3356,3418
3/8/2020 9:00,385,255,246,3735,3741,3791,3350,3486,3545
3/8/2020 9:30,391,228,271,3861,3867,3909,3470,3639,3638
3/8/2020 10:00,402,241,275,3956,3965,4001,3554,3724,3726
3/8/2020 10:30,417,273,251,4020,4033,4075,3603,3760,3824
3/8/2020 11:00,434,291,296,4058,4074,4112,3624,3783,3816
3/8/2020 11:30,451,288,315,4097,4118,4125,3646,3830,3810
3/8/2020 12:00,473,303,322,4133,4156,4163,3660,3853,3841
3/8/2020 12:30,498,283,350,4141,4167,4196,3643,3884,3846
3/8/2020 13:00,527,301,365,4116,4145,4154,3589,3844,3789
3/8/2020 13:30,558,339,420,4068,4101,4089,3510,3762,3669
3/8/2020 14:00,576,360,488,4008,4043,4012,3432,3683,3524
3/8/2020 14:30,580,376,520,3968,4002,3968,3388,3626,3448
3/8/2020 15:00,580,394,514,3954,3983,3950,3374,3589,3436
3/8/2020 15:30,577,400,518,3965,3989,3956,3388,3589,3438
3/8/2020 16:00,576,416,539,4004,4025,4017,3428,3609,3478
3/8/2020 16:30,579,422,551,4095,4113,4127,3516,3691,3576
3/8/2020 17:00,572,423,527,4217,4233,4263,3645,3810,3736
3/8/2020 17:30,557,438,503,4273,4284,4345,3716,3846,3842
3/8/2020 18:00,520,414,493,4250,4252,4323,3730,3838,3830
3/8/2020 18:30,463,394,400,4189,4182,4247,3726,3788,3847
3/8/2020 19:00,413,354,356,4105,4090,4142,3692,3736,3786
3/8/2020 19:30,368,304,359,4010,3986,4047,3642,3682,3688
3/8/2020 20:00,338,283,317,3919,3890,3993,3581,3607,3676
3/8/2020 20:30,323,274,353,3883,3857,3934,3560,3583,3581
3/8/2020 21:00,326,300,431,3895,3880,3919,3569,3580,3488
3/8/2020 21:30,347,355,559,3888,3880,3972,3541,3525,3413
3/8/2020 22:00,394,443,610,3832,3826,3865,3438,3383,3255
3/8/2020 22:30,468,516,736,3677,3680,3678,3209,3164,2942
3/8/2020 23:00,604,665,871,3458,3460,3447,2854,2795,2576
3/8/2020 23:30,754,848,1093,3291,3295,3223,2537,2447,2130
4/8/2020 0:00,918,1033,1331,3193,3197,3075,2275,2164,1744
4/8/2020 0:30,1095,1283,1561,3095,3098,2938,2000,1815,1377
4/8/2020 1:00,1273,1459,1789,2987,2987,2829,1714,1528,1040
4/8/2020 1:30,1451,1649,1923,2902,2902,2759,1451,1253,836
4/8/2020 2:00,1614,1798,2091,2846,2845,2743,1232,1047,652
4/8/2020 2:30,1763,1918,2210,2806,2806,2690,1043,888,480
4/8/2020 3:00,1895,2052,2245,2782,2782,2662,887,730,417
4/8/2020 3:30,2011,2221,2264,2773,2775,2651,762,554,387
4/8/2020 4:00,2115,2305,2251,2777,2781,2647,662,476,396
4/8/2020 4:30,2206,2340,2231,2782,2785,2653,576,445,422
4/8/2020 5:00,2288,2388,2332,2796,2801,2719,508,413,387
4/8/2020 5:30,2361,2567,2355,2863,2875,2740,502,308,385
4/8/2020 6:00,2433,2611,2476,3002,3023,2866,569,412,390
4/8/2020 6:30,2502,2629,2581,3240,3248,3049,738,619,468
4/8/2020 7:00,2584,2687,2670,3559,3538,3326,975,851,656
4/8/2020 7:30,2676,2658,2833,3863,3836,3635,1187,1178,802
4/8/2020 8:00,2766,2737,2888,4123,4114,3953,1357,1377,1065
4/8/2020 8:30,2852,2812,2972,4316,4320,4182,1464,1508,1210
4/8/2020 9:00,2933,2914,3004,4441,4451,4340,1508,1537,1336
4/8/2020 9:30,3007,3114,3066,4515,4533,4430,1508,1419,1364
4/8/2020 10:00,3100,3196,3158,4552,4582,4467,1452,1386,1309
4/8/2020 10:30,3212,3313,3186,4580,4615,4498,1368,1302,1312
4/8/2020 11:00,3308,3376,3310,4608,4643,4535,1300,1267,1225
4/8/2020 11:30,3388,3466,3364,4644,4687,4549,1256,1221,1185
4/8/2020 12:00,3448,3475,3313,4681,4717,4580,1233,1242,1267
4/8/2020 12:30,3488,3422,3342,4687,4710,4644,1199,1288,1302
4/8/2020 13:00,3506,3438,3317,4662,4667,4637,1156,1229,1320
4/8/2020 13:30,3504,3490,3342,4627,4618,4565,1123,1128,1223
4/8/2020 14:00,3505,3507,3254,4592,4576,4519,1087,1069,1265
4/8/2020 14:30,3509,3531,3247,4574,4555,4508,1065,1024,1261
4/8/2020 15:00,3503,3551,3218,4574,4560,4484,1071,1009,1266
4/8/2020 15:30,3486,3538,3239,4592,4590,4504,1106,1052,1265
4/8/2020 16:00,3471,3560,3234,4632,4646,4543,1161,1086,1309
4/8/2020 16:30,3460,3544,3263,4710,4732,4662,1250,1188,1399
4/8/2020 17:00,3428,3529,3246,4807,4831,4768,1379,1302,1522
4/8/2020 17:30,3376,3471,3335,4831,4854,4829,1455,1383,1494
4/8/2020 18:00,3314,3427,3331,4771,4794,4765,1457,1367,1434
4/8/2020 18:30,3242,3324,3328,4661,4686,4620,1419,1362,1292
4/8/2020 19:00,3180,3275,3268,4525,4552,4502,1345,1277,1234
4/8/2020 19:30,3126,3180,3252,4406,4441,4394,1280,1261,1142
4/8/2020 20:00,3043,3115,3161,4321,4363,4307,1278,1248,1146
4/8/2020 20:30,2930,3008,3101,4278,4324,4233,1348,1316,1132
4/8/2020 21:00,2816,2895,3064,4262,4302,4215,1446,1407,1151
4/8/2020 21:30,2701,2831,2980,4197,4222,4178,1496,1391,1198
4/8/2020 22:00,2596,2677,2873,4069,4071,4066,1473,1394,1193
4/8/2020 22:30,2501,2528,2741,3895,3877,3869,1394,1349,1128
4/8/2020 23:00,2489,2396,2569,3659,3655,3646,1170,1259,1077
4/8/2020 23:30,2373,2288,2435,3438,3435,3480,1065,1147,1045
5/8/2020 0:00,2259,2176,2310,3236,3232,3317,977,1056,1007
5/8/2020 0:30,2145,2103,2202,3094,3090,3189,949,987,987
5/8/2020 1:00,2047,1997,2104,3013,3009,3083,966,1012,979
5/8/2020 1:30,1965,1957,2097,2950,2945,3017,985,988,920
5/8/2020 2:00,1886,1853,2006,2898,2891,2985,1012,1038,979
5/8/2020 2:30,1810,1748,1956,2865,2857,2961,1055,1109,1005
5/8/2020 3:00,1724,1664,1828,2851,2845,2921,1127,1181,1093
5/8/2020 3:30,1629,1534,1762,2852,2845,2916,1223,1311,1154
5/8/2020 4:00,1541,1459,1691,2862,2856,2922,1321,1397,1231
5/8/2020 4:30,1460,1449,1505,2873,2870,2926,1413,1421,1421
5/8/2020 5:00,1393,1391,1438,2895,2892,2966,1502,1501,1528
5/8/2020 5:30,1341,1355,1382,2967,2967,2998,1626,1612,1616
5/8/2020 6:00,1297,1308,1379,3107,3111,3131,1810,1803,1752
5/8/2020 6:30,1263,1280,1369,3341,3308,3305,2078,2028,1936
5/8/2020 7:00,1232,1243,1404,3654,3615,3603,2422,2372,2199
5/8/2020 7:30,1205,1272,1367,3963,3923,3884,2758,2651,2517
5/8/2020 8:00,1166,1208,1342,4236,4199,4169,3070,2991,2827
5/8/2020 8:30,1115,1052,1261,4438,4408,4402,3323,3356,3141
5/8/2020 9:00,1069,964,1051,4566,4541,4575,3497,3577,3524
5/8/2020 9:30,1030,851,898,4645,4625,4684,3615,3774,3786
5/8/2020 10:00,980,856,752,4688,4669,4718,3708,3813,3966
5/8/2020 10:30,920,922,667,4718,4701,4777,3798,3779,4110
5/8/2020 11:00,865,924,628,4745,4724,4806,3880,3800,4178
5/8/2020 11:30,814,865,766,4772,4741,4841,3958,3876,4075
5/8/2020 12:00,788,863,877,4796,4766,4867,4008,3903,3990
5/8/2020 12:30,788,960,861,4790,4761,4901,4002,3801,4040
5/8/2020 13:00,789,998,926,4753,4722,4870,3964,3724,3944
5/8/2020 13:30,792,870,1052,4710,4676,4770,3918,3806,3718
5/8/2020 14:00,786,904,1133,4669,4631,4717,3883,3727,3584
5/8/2020 14:30,771,882,1141,4647,4605,4669,3876,3723,3528
5/8/2020 15:00,771,883,1075,4648,4599,4662,3877,3716,3587
5/8/2020 15:30,786,900,1026,4665,4607,4660,3879,3707,3634
5/8/2020 16:00,796,851,959,4702,4629,4691,3906,3778,3732
5/8/2020 16:30,802,743,816,4772,4691,4760,3970,3948,3944
5/8/2020 17:00,785,670,834,4856,4775,4837,4071,4105,4003
5/8/2020 17:30,744,584,808,4874,4796,4889,4130,4212,4081
5/8/2020 18:00,700,511,695,4813,4739,4813,4113,4228,4118
5/8/2020 18:30,654,519,684,4703,4639,4665,4049,4120,3981
5/8/2020 19:00,600,457,632,4563,4512,4517,3963,4055,3885
5/8/2020 19:30,538,372,579,4442,4391,4392,3904,4019,3813
5/8/2020 20:00,478,323,497,4354,4291,4297,3876,3968,3800
5/8/2020 20:30,420,312,399,4310,4242,4241,3890,3930,3842
5/8/2020 21:00,369,275,336,4294,4229,4219,3925,3954,3883
5/8/2020 21:30,325,230,274,4236,4189,4273,3911,3959,3999
5/8/2020 22:00,290,202,233,4118,4100,4178,3828,3898,3945
5/8/2020 22:30,264,182,210,3949,3951,3973,3685,3769,3763
5/8/2020 23:00,201,159,180,3746,3751,3725,3545,3592,3545
5/8/2020 23:30,184,146,174,3543,3561,3528,3359,3415,3354
6/8/2020 0:00,178,138,159,3356,3374,3363,3178,3236,3204
6/8/2020 0:30,183,122,181,3215,3233,3223,3032,3111,3042
6/8/2020 1:00,195,135,197,3121,3140,3103,2926,3005,2906
6/8/2020 1:30,212,157,223,3050,3068,3016,2838,2911,2793
6/8/2020 2:00,239,202,294,2994,3010,2953,2755,2808,2659
6/8/2020 2:30,274,273,399,2951,2966,2898,2677,2693,2499
6/8/2020 3:00,318,347,478,2922,2936,2855,2604,2589,2377
6/8/2020 3:30,369,428,559,2906,2918,2839,2537,2490,2280
6/8/2020 4:00,413,501,594,2902,2910,2828,2489,2409,2234
6/8/2020 4:30,451,574,647,2902,2909,2845,2451,2335,2198
6/8/2020 5:00,492,641,740,2913,2920,2897,2421,2279,2157
6/8/2020 5:30,537,709,830,2971,2979,2909,2434,2270,2079
6/8/2020 6:00,586,760,886,3093,3103,3026,2507,2343,2140
6/8/2020 6:30,640,838,911,3316,3318,3214,2676,2480,2303
6/8/2020 7:00,683,860,989,3626,3615,3506,2943,2755,2517
6/8/2020 7:30,717,836,999,3932,3919,3785,3215,3083,2786
6/8/2020 8:00,771,887,1007,4201,4202,4079,3430,3315,3072
6/8/2020 8:30,848,973,1115,4394,4410,4301,3546,3437,3186
6/8/2020 9:00,965,1104,1164,4507,4537,4442,3542,3433,3278
6/8/2020 9:30,1122,1214,1271,4563,4604,4521,3441,3390,3250
6/8/2020 10:00,1248,1374,1412,4577,4624,4515,3329,3250,3103
6/8/2020 10:30,1342,1573,1581,4579,4632,4523,3237,3059,2942
6/8/2020 11:00,1461,1746,1747,4580,4641,4576,3119,2895,2829
6/8/2020 11:30,1603,1887,1966,4590,4656,4610,2987,2769,2644
6/8/2020 12:00,1717,2020,1970,4607,4674,4624,2890,2654,2654
6/8/2020 12:30,1802,2171,2066,4599,4667,4654,2797,2496,2588
6/8/2020 13:00,1870,2255,2191,4564,4635,4642,2694,2380,2451
6/8/2020 13:30,1921,2295,2160,4520,4592,4553,2599,2297,2393
6/8/2020 14:00,1963,2315,2141,4476,4551,4476,2513,2236,2335
6/8/2020 14:30,1997,2309,2073,4451,4527,4459,2454,2218,2386
6/8/2020 15:00,1990,2276,2108,4451,4527,4473,2461,2251,2365
6/8/2020 15:30,1942,2128,2127,4472,4545,4462,2530,2417,2335
6/8/2020 16:00,1909,2087,2060,4517,4586,4498,2608,2499,2438
6/8/2020 16:30,1891,2038,2146,4596,4658,4623,2705,2620,2477
6/8/2020 17:00,1832,2002,2146,4692,4745,4726,2860,2743,2580
6/8/2020 17:30,1731,1961,1918,4722,4764,4789,2991,2803,2871
6/8/2020 18:00,1634,1935,1865,4673,4704,4740,3039,2769,2875
6/8/2020 18:30,1539,1883,1731,4581,4603,4605,3042,2720,2874
6/8/2020 19:00,1465,1813,1626,4464,4478,4474,2999,2665,2848
6/8/2020 19:30,1413,1684,1485,4349,4357,4384,2936,2673,2899
6/8/2020 20:00,1385,1608,1383,4254,4260,4280,2869,2652,2897
6/8/2020 20:30,1381,1608,1447,4220,4227,4235,2839,2619,2788
6/8/2020 21:00,1393,1571,1429,4232,4244,4219,2839,2673,2790
6/8/2020 21:30,1421,1470,1418,4191,4205,4281,2770,2735,2863
6/8/2020 22:00,1444,1458,1338,4078,4090,4155,2634,2632,2817
6/8/2020 22:30,1463,1401,1330,3914,3915,3923,2451,2514,2593
6/8/2020 23:00,1585,1423,1421,3696,3695,3701,2111,2272,2280
6/8/2020 23:30,1590,1394,1405,3488,3487,3485,1898,2093,2080
7/8/2020 0:00,1594,1433,1452,3307,3306,3329,1713,1873,1877
7/8/2020 0:30,1595,1506,1518,3166,3165,3189,1571,1659,1671
7/8/2020 1:00,1594,1507,1571,3063,3062,3088,1469,1555,1517
7/8/2020 1:30,1590,1481,1594,2983,2981,2997,1393,1500,1403
7/8/2020 2:00,1581,1481,1597,2921,2918,2928,1340,1437,1331
7/8/2020 2:30,1568,1543,1601,2878,2875,2876,1310,1332,1275
7/8/2020 3:00,1541,1536,1635,2854,2850,2850,1313,1314,1215
7/8/2020 3:30,1500,1486,1601,2845,2842,2850,1345,1356,1249
7/8/2020 4:00,1466,1461,1514,2851,2847,2823,1385,1386,1309
7/8/2020 4:30,1441,1446,1539,2856,2851,2856,1415,1405,1317
7/8/2020 5:00,1420,1425,1518,2869,2865,2905,1449,1440,1387
7/8/2020 5:30,1404,1404,1424,2931,2929,2895,1527,1525,1471
7/8/2020 6:00,1390,1395,1383,3059,3059,3025,1669,1664,1642
7/8/2020 6:30,1378,1421,1417,3281,3275,3208,1903,1854,1791
7/8/2020 7:00,1385,1421,1468,3584,3564,3541,2199,2143,2073
7/8/2020 7:30,1411,1390,1463,3889,3860,3759,2478,2470,2296
7/8/2020 8:00,1407,1403,1409,4164,4135,4066,2757,2732,2657
7/8/2020 8:30,1375,1433,1277,4368,4339,4291,2993,2906,3014
7/8/2020 9:00,1315,1395,1189,4497,4466,4461,3182,3071,3272
7/8/2020 9:30,1227,1229,1177,4578,4540,4567,3351,3311,3390
7/8/2020 10:00,1123,1142,1135,4623,4572,4612,3500,3430,3477
7/8/2020 10:30,1004,1075,1057,4651,4598,4633,3647,3523,3576
7/8/2020 11:00,892,996,1007,4670,4623,4661,3778,3627,3654
7/8/2020 11:30,785,953,1001,4697,4665,4686,3912,3712,3685
7/8/2020 12:00,694,886,926,4729,4688,4725,4035,3802,3799
7/8/2020 12:30,618,709,867,4730,4684,4763,4112,3975,3896
7/8/2020 13:00,548,643,779,4694,4647,4744,4146,4004,3965
7/8/2020 13:30,486,586,717,4633,4583,4633,4147,3997,3916
7/8/2020 14:00,446,531,679,4561,4504,4578,4115,3973,3899
7/8/2020 14:30,429,517,648,4515,4457,4529,4086,3940,3881
7/8/2020 15:00,406,485,636,4502,4447,4494,4096,3962,3858
7/8/2020 15:30,377,516,597,4497,4445,4497,4120,3929,3900
7/8/2020 16:00,359,493,551,4503,4451,4511,4144,3958,3960
7/8/2020 16:30,353,474,489,4547,4497,4553,4194,4023,4064
7/8/2020 17:00,348,451,500,4618,4570,4624,4270,4119,4124
7/8/2020 17:30,344,422,491,4639,4598,4701,4295,4176,4210
7/8/2020 18:00,335,397,468,4598,4566,4628,4263,4169,4160
7/8/2020 18:30,322,393,437,4515,4490,4545,4193,4097,4108
7/8/2020 19:00,312,362,416,4400,4379,4429,4088,4017,4013
7/8/2020 19:30,306,311,377,4279,4260,4318,3973,3949,3941
7/8/2020 20:00,302,305,357,4171,4154,4225,3869,3849,3868
7/8/2020 20:30,297,323,347,4141,4120,4164,3844,3797,3817
7/8/2020 21:00,290,330,354,4172,4144,4130,3882,3814,3776
7/8/2020 21:30,279,340,367,4143,4118,4174,3864,3778,3807
7/8/2020 22:00,265,319,370,4033,4020,4117,3768,3701,3747
7/8/2020 22:30,248,275,339,3878,3876,3940,3630,3601,3601
7/8/2020 23:00,186,245,292,3699,3701,3744,3513,3456,3452
7/8/2020 23:30,168,199,231,3535,3534,3559,3367,3335,3328
8/8/2020 0:00,151,176,194,3392,3389,3404,3241,3213,3210
8/8/2020 0:30,135,145,154,3261,3259,3264,3126,3114,3110
8/8/2020 1:00,123,132,127,3144,3141,3154,3021,3009,3027
8/8/2020 1:30,114,141,125,3043,3040,3061,2929,2899,2936
8/8/2020 2:00,108,129,110,2959,2957,3000,2851,2828,2890
8/8/2020 2:30,103,106,100,2895,2893,2935,2792,2787,2835
8/8/2020 3:00,95,94,94,2851,2849,2889,2756,2755,2795
8/8/2020 3:30,86,67,92,2830,2829,2875,2744,2762,2783
8/8/2020 4:00,77,58,88,2827,2825,2865,2750,2767,2777
8/8/2020 4:30,71,50,70,2816,2812,2877,2745,2762,2807
8/8/2020 5:00,66,44,53,2800,2796,2893,2734,2752,2840
8/8/2020 5:30,64,31,45,2815,2811,2874,2751,2780,2829
8/8/2020 6:00,63,29,0,2869,2868,2900,2806,2839,2900
8/8/2020 6:30,65,28,45,2971,2966,3005,2906,2938,2960
8/8/2020 7:00,62,26,50,3122,3109,3171,3060,3083,3121
8/8/2020 7:30,56,24,47,3327,3315,3348,3271,3291,3301
8/8/2020 8:00,50,20,23,3569,3567,3574,3519,3547,3551
8/8/2020 8:30,44,14,0,3780,3788,3794,3736,3774,3794
8/8/2020 9:00,40,13,0,3942,3959,3995,3902,3946,3995
8/8/2020 9:30,39,13,0,4053,4084,4126,4014,4071,4126
8/8/2020 10:00,39,15,0,4118,4161,4212,4079,4146,4212
8/8/2020 10:30,41,16,0,4158,4201,4236,4117,4185,4236
8/8/2020 11:00,43,19,0,4179,4208,4244,4136,4189,4244
8/8/2020 11:30,46,20,0,4192,4217,4229,4146,4197,4229
8/8/2020 12:00,48,22,0,4198,4229,4214,4150,4207,4214
8/8/2020 12:30,50,23,0,4182,4215,4204,4132,4192,4204
8/8/2020 13:00,53,24,0,4140,4168,4157,4087,4144,4157
8/8/2020 13:30,57,26,0,4068,4099,4081,4011,4073,4081
8/8/2020 14:00,62,28,0,3977,4020,4004,3915,3992,4004
8/8/2020 14:30,68,32,0,3919,3966,3941,3851,3934,3941
8/8/2020 15:00,73,37,0,3899,3940,3898,3826,3903,3898
8/8/2020 15:30,77,49,0,3894,3929,3881,3817,3880,3881
8/8/2020 16:00,82,56,0,3906,3934,3904,3824,3878,3904
8/8/2020 16:30,87,62,66,3959,3981,3967,3872,3919,3901
8/8/2020 17:00,94,71,91,4045,4061,4071,3951,3990,3980
8/8/2020 17:30,102,82,91,4101,4114,4167,3999,4032,4076
8/8/2020 18:00,118,91,94,4110,4121,4187,3992,4030,4093
8/8/2020 18:30,140,96,104,4068,4079,4150,3928,3983,4046
8/8/2020 19:00,161,111,100,3982,3994,4085,3821,3883,3985
8/8/2020 19:30,181,145,98,3882,3897,3982,3701,3752,3884
8/8/2020 20:00,203,169,104,3793,3810,3905,3590,3641,3801
8/8/2020 20:30,228,190,135,3786,3795,3847,3558,3605,3712
8/8/2020 21:00,250,210,163,3847,3839,3822,3597,3629,3659
8/8/2020 21:30,271,226,170,3844,3833,3909,3573,3607,3739
8/8/2020 22:00,278,225,168,3756,3757,3851,3478,3532,3683
8/8/2020 22:30,270,195,177,3627,3642,3706,3357,3447,3529
8/8/2020 23:00,212,178,181,3499,3503,3520,3287,3325,3339
8/8/2020 23:30,192,129,176,3370,3374,3345,3178,3245,3169
9/8/2020 0:00,176,118,162,3258,3261,3224,3082,3143,3062
9/8/2020 0:30,163,95,145,3148,3151,3111,2985,3056,2966
9/8/2020 1:00,156,91,137,3042,3045,2999,2886,2954,2862
9/8/2020 1:30,153,81,146,2950,2953,2918,2797,2872,2772
9/8/2020 2:00,148,86,164,2877,2879,2856,2729,2793,2692
9/8/2020 2:30,143,98,173,2823,2824,2805,2680,2726,2632
9/8/2020 3:00,139,101,150,2786,2788,2767,2647,2687,2617
9/8/2020 3:30,137,89,0,2767,2770,2748,2630,2681,2748
9/8/2020 4:00,139,95,162,2761,2764,2738,2622,2669,2576
9/8/2020 4:30,146,105,170,2749,2751,2743,2603,2646,2573
9/8/2020 5:00,153,112,180,2732,2738,2758,2579,2626,2578
9/8/2020 5:30,160,131,196,2731,2738,2717,2571,2607,2521
9/8/2020 6:00,165,134,200,2750,2759,2709,2585,2625,2509
9/8/2020 6:30,166,137,198,2791,2792,2758,2625,2655,2560
9/8/2020 7:00,163,133,199,2861,2853,2872,2698,2720,2673
9/8/2020 7:30,156,122,184,3003,2992,3036,2847,2870,2852
9/8/2020 8:00,136,105,82,3208,3203,3174,3072,3098,3092
9/8/2020 8:30,102,85,0,3403,3408,3365,3301,3323,3365
9/8/2020 9:00,80,72,0,3574,3587,3564,3494,3515,3564
9/8/2020 9:30,68,70,0,3730,3747,3733,3662,3677,3733
9/8/2020 10:00,61,62,0,3868,3884,3874,3807,3822,3874
9/8/2020 10:30,59,58,0,3964,3981,3965,3905,3923,3965
9/8/2020 11:00,58,54,0,4020,4039,4017,3962,3985,4017
9/8/2020 11:30,60,51,0,4076,4103,4060,4016,4052,4060
9/8/2020 12:00,61,51,0,4130,4153,4116,4069,4102,4116
9/8/2020 12:30,61,41,0,4145,4163,4142,4084,4122,4142
9/8/2020 13:00,62,44,0,4112,4128,4124,4050,4084,4124
9/8/2020 13:30,64,36,0,4045,4059,4055,3981,4023,4055
9/8/2020 14:00,65,37,0,3960,3971,3979,3895,3934,3979
9/8/2020 14:30,67,35,52,3901,3910,3897,3834,3875,3845
9/8/2020 15:00,69,38,59,3877,3884,3866,3808,3846,3807
9/8/2020 15:30,72,42,57,3870,3878,3848,3798,3836,3791
9/8/2020 16:00,76,45,50,3878,3890,3881,3802,3845,3831
9/8/2020 16:30,83,42,48,3920,3935,3935,3837,3893,3887
9/8/2020 17:00,96,46,51,3988,4006,4034,3892,3960,3983
9/8/2020 17:30,116,52,53,4031,4049,4126,3915,3997,4073
9/8/2020 18:00,129,61,59,4038,4056,4145,3909,3995,4086
9/8/2020 18:30,136,87,53,4015,4032,4101,3879,3945,4048
9/8/2020 19:00,147,93,52,3966,3980,4041,3819,3887,3989
9/8/2020 19:30,164,83,62,3896,3910,3977,3732,3827,3915
9/8/2020 20:00,185,95,66,3826,3844,3923,3641,3749,3857
9/8/2020 20:30,210,106,81,3833,3853,3882,3623,3747,3801
9/8/2020 21:00,229,126,91,3901,3919,3878,3672,3793,3787
9/8/2020 21:30,242,118,96,3887,3906,3962,3645,3788,3866
9/8/2020 22:00,243,138,117,3772,3794,3868,3529,3656,3751
9/8/2020 22:30,233,136,120,3630,3646,3695,3397,3510,3575
9/8/2020 23:00,179,142,113,3477,3480,3507,3298,3338,3394
9/8/2020 23:30,168,138,104,3320,3324,3336,3152,3186,3232
10/8/2020 0:00,161,132,102,3179,3185,3201,3018,3053,3099
10/8/2020 0:30,157,122,112,3062,3071,3076,2905,2949,2964
10/8/2020 1:00,154,114,123,2971,2979,2986,2817,2865,2863
10/8/2020 1:30,153,79,131,2897,2907,2914,2744,2828,2783
10/8/2020 2:00,152,78,123,2841,2850,2877,2689,2772,2754
10/8/2020 2:30,151,69,115,2804,2813,2843,2653,2744,2728
10/8/2020 3:00,148,68,101,2786,2793,2807,2638,2725,2706
10/8/2020 3:30,144,50,89,2778,2785,2792,2634,2735,2703
10/8/2020 4:00,142,47,87,2777,2783,2793,2635,2736,2706
10/8/2020 4:30,143,46,39,2779,2783,2815,2636,2737,2776
10/8/2020 5:00,145,51,0,2793,2793,2882,2648,2742,2882
10/8/2020 5:30,149,56,0,2858,2858,2930,2709,2802,2930
10/8/2020 6:00,151,65,0,2990,2994,3032,2839,2929,3032
10/8/2020 6:30,150,78,82,3216,3217,3195,3066,3139,3113
10/8/2020 7:00,141,81,100,3523,3516,3481,3382,3435,3381
10/8/2020 7:30,123,76,114,3841,3830,3744,3718,3754,3630
10/8/2020 8:00,108,63,100,4139,4129,4043,4031,4066,3943
10/8/2020 8:30,94,44,69,4358,4352,4293,4264,4308,4224
10/8/2020 9:00,86,35,51,4493,4491,4463,4407,4456,4412
10/8/2020 9:30,84,33,0,4583,4579,4556,4499,4546,4556
10/8/2020 10:00,84,36,0,4640,4627,4586,4556,4591,4586
10/8/2020 10:30,86,35,0,4676,4658,4623,4590,4623,4623
10/8/2020 11:00,88,49,0,4699,4679,4636,4611,4630,4636
10/8/2020 11:30,92,68,0,4725,4696,4646,4633,4628,4646
10/8/2020 12:00,100,80,0,4752,4722,4669,4652,4642,4669
10/8/2020 12:30,112,90,22,4750,4721,4717,4638,4631,4695
10/8/2020 13:00,128,93,69,4719,4690,4713,4591,4597,4644
10/8/2020 13:30,147,90,105,4683,4654,4638,4536,4564,4533
10/8/2020 14:00,152,89,121,4652,4622,4633,4500,4533,4512
10/8/2020 14:30,142,83,139,4635,4603,4611,4493,4520,4472
10/8/2020 15:00,143,88,147,4635,4601,4600,4492,4513,4453
10/8/2020 15:30,153,95,127,4654,4623,4621,4501,4528,4494
10/8/2020 16:00,168,98,98,4696,4673,4673,4528,4575,4575
10/8/2020 16:30,189,78,95,4771,4757,4795,4582,4679,4700
10/8/2020 17:00,211,88,88,4861,4856,4907,4650,4768,4819
10/8/2020 17:30,236,105,105,4880,4881,4964,4644,4776,4859
10/8/2020 18:00,251,114,115,4817,4819,4892,4566,4705,4777
10/8/2020 18:30,256,138,112,4709,4711,4743,4453,4573,4631
10/8/2020 19:00,260,142,124,4573,4578,4586,4313,4436,4462
10/8/2020 19:30,263,141,145,4444,4453,4480,4181,4312,4335
10/8/2020 20:00,274,150,201,4345,4358,4378,4071,4208,4177
10/8/2020 20:30,292,134,224,4331,4346,4315,4039,4212,4091
10/8/2020 21:00,301,137,211,4378,4390,4332,4077,4253,4121
10/8/2020 21:30,300,137,171,4324,4330,4330,4024,4193,4159
10/8/2020 22:00,293,127,150,4151,4150,4188,3858,4023,4038
10/8/2020 22:30,280,93,96,3942,3942,3974,3662,3849,3878
10/8/2020 23:00,212,92,67,3728,3728,3747,3516,3636,3680
10/8/2020 23:30,197,86,58,3520,3529,3531,3323,3443,3473
11/8/2020 0:00,189,93,0,3329,3340,3371,3140,3247,3371
11/8/2020 0:30,190,107,25,3192,3201,3244,3002,3094,3219
11/8/2020 1:00,189,114,62,3107,3114,3144,2918,3000,3082
11/8/2020 1:30,187,114,73,3041,3046,3061,2854,2932,2988
11/8/2020 2:00,181,117,80,2985,2990,3005,2804,2873,2925
11/8/2020 2:30,170,88,86,2946,2950,2970,2776,2862,2884
11/8/2020 3:00,166,96,77,2924,2928,2935,2758,2832,2858
11/8/2020 3:30,167,88,92,2917,2921,2917,2750,2833,2825
11/8/2020 4:00,164,87,111,2923,2927,2915,2759,2840,2804
11/8/2020 4:30,157,83,117,2934,2936,2939,2777,2853,2822
11/8/2020 5:00,150,77,114,2959,2961,2980,2809,2884,2866
11/8/2020 5:30,145,56,106,3038,3042,3035,2893,2986,2929
11/8/2020 6:00,135,52,99,3183,3190,3154,3048,3138,3055
11/8/2020 6:30,121,41,78,3404,3407,3327,3283,3366,3249
11/8/2020 7:00,105,34,52,3691,3684,3610,3586,3650,3558
11/8/2020 7:30,88,21,22,3996,3980,3884,3908,3959,3862
11/8/2020 8:00,72,16,0,4290,4268,4181,4218,4252,4181
11/8/2020 8:30,57,11,0,4504,4483,4434,4447,4472,4434
11/8/2020 9:00,48,9,0,4629,4617,4590,4581,4608,4590
11/8/2020 9:30,43,8,0,4700,4695,4672,4657,4687,4672
11/8/2020 10:00,42,8,0,4734,4731,4698,4692,4723,4698
11/8/2020 10:30,42,6,0,4755,4750,4723,4713,4744,4723
11/8/2020 11:00,41,6,0,4772,4761,4757,4731,4755,4757
11/8/2020 11:30,38,6,0,4797,4784,4765,4759,4778,4765
11/8/2020 12:00,38,7,0,4824,4813,4801,4786,4806,4801
11/8/2020 12:30,41,8,0,4827,4815,4848,4786,4807,4848
11/8/2020 13:00,42,9,0,4800,4787,4802,4758,4778,4802
11/8/2020 13:30,40,9,0,4765,4748,4688,4725,4739,4688
11/8/2020 14:00,42,10,0,4728,4707,4696,4686,4697,4696
11/8/2020 14:30,46,13,0,4707,4686,4682,4661,4673,4682
11/8/2020 15:00,53,16,0,4705,4688,4660,4652,4672,4660
11/8/2020 15:30,62,19,0,4722,4706,4654,4660,4687,4654
11/8/2020 16:00,72,24,0,4761,4741,4693,4689,4717,4693
11/8/2020 16:30,83,27,43,4836,4813,4783,4753,4786,4740
11/8/2020 17:00,92,35,48,4929,4903,4888,4837,4868,4840
11/8/2020 17:30,101,44,54,4952,4925,4956,4851,4881,4902
11/8/2020 18:00,109,53,50,4891,4867,4885,4782,4814,4835
11/8/2020 18:30,118,58,49,4786,4764,4754,4668,4706,4705
11/8/2020 19:00,126,69,56,4653,4632,4623,4527,4563,4567
11/8/2020 19:30,133,92,81,4523,4496,4502,4390,4404,4421
11/8/2020 20:00,144,109,92,4421,4383,4419,4277,4274,4327
11/8/2020 20:30,160,122,117,4418,4379,4355,4258,4257,4238
11/8/2020 21:00,169,130,143,4486,4456,4379,4317,4326,4236
11/8/2020 21:30,173,123,160,4438,4414,4454,4265,4291,4294
11/8/2020 22:00,170,131,162,4254,4232,4331,4084,4101,4169
11/8/2020 22:30,161,122,150,4047,4027,4089,3886,3905,3939
11/8/2020 23:00,126,123,158,3824,3824,3842,3698,3701,3684
11/8/2020 23:30,124,118,146,3618,3613,3626,3494,3495,3480
12/8/2020 0:00,122,117,131,3419,3412,3457,3297,3295,3326
12/8/2020 0:30,120,120,137,3272,3265,3322,3152,3145,3185
12/8/2020 1:00,120,123,158,3180,3175,3220,3060,3052,3062
12/8/2020 1:30,121,124,164,3108,3104,3135,2987,2980,2971
12/8/2020 2:00,122,133,171,3049,3045,3084,2927,2912,2913
12/8/2020 2:30,123,129,176,3004,3000,3034,2881,2871,2858
12/8/2020 3:00,125,140,189,2975,2971,3002,2850,2831,2813
12/8/2020 3:30,128,128,186,2962,2958,2986,2834,2830,2800
12/8/2020 4:00,132,140,179,2962,2959,2986,2830,2819,2807
12/8/2020 4:30,136,147,169,2967,2964,2994,2831,2817,2825
12/8/2020 5:00,140,156,175,2984,2981,3040,2844,2825,2865
12/8/2020 5:30,142,160,187,3057,3055,3087,2915,2895,2900
12/8/2020 6:00,139,169,193,3198,3198,3194,3059,3029,3001
12/8/2020 6:30,130,192,199,3420,3383,3361,3290,3191,3162
12/8/2020 7:00,118,181,204,3713,3666,3643,3595,3485,3439
12/8/2020 7:30,103,132,191,4020,3964,3925,3917,3832,3734
12/8/2020 8:00,88,104,171,4309,4249,4242,4221,4145,4071
12/8/2020 8:30,73,62,137,4516,4460,4489,4443,4398,4352
12/8/2020 9:00,68,58,133,4634,4586,4648,4566,4528,4515
12/8/2020 9:30,72,81,149,4702,4658,4729,4630,4577,4580
12/8/2020 10:00,75,101,156,4734,4688,4738,4659,4587,4582
12/8/2020 10:30,78,110,166,4747,4704,4762,4669,4594,4596
12/8/2020 11:00,83,135,176,4750,4715,4755,4667,4580,4579
12/8/2020 11:30,91,173,181,4765,4759,4750,4674,4586,4569
12/8/2020 12:00,99,183,216,4790,4786,4781,4691,4603,4565
12/8/2020 12:30,109,191,227,4790,4780,4820,4681,4589,4593
12/8/2020 13:00,118,198,227,4761,4740,4822,4643,4542,4595
12/8/2020 13:30,127,210,231,4723,4699,4726,4596,4489,4495
12/8/2020 14:00,143,225,267,4683,4665,4695,4540,4440,4428
12/8/2020 14:30,167,233,284,4663,4647,4649,4496,4414,4365
12/8/2020 15:00,198,257,320,4666,4646,4623,4468,4389,4303
12/8/2020 15:30,236,251,329,4684,4656,4601,4448,4405,4272
12/8/2020 16:00,276,277,353,4720,4681,4648,4444,4404,4295
12/8/2020 16:30,318,304,346,4791,4745,4723,4473,4441,4377
12/8/2020 17:00,365,353,387,4881,4831,4815,4516,4478,4428
12/8/2020 17:30,418,412,454,4902,4852,4879,4484,4440,4425
12/8/2020 18:00,464,470,511,4843,4792,4806,4379,4322,4295
12/8/2020 18:30,505,535,553,4742,4692,4693,4237,4157,4140
12/8/2020 19:00,554,601,594,4612,4564,4575,4058,3963,3981
12/8/2020 19:30,613,683,666,4476,4429,4479,3863,3746,3813
12/8/2020 20:00,670,755,747,4361,4315,4377,3691,3560,3630
12/8/2020 20:30,725,808,809,4358,4318,4334,3633,3510,3525
12/8/2020 21:00,761,857,883,4439,4406,4335,3678,3549,3452
12/8/2020 21:30,777,845,986,4395,4363,4401,3618,3518,3415
12/8/2020 22:00,787,864,998,4207,4169,4247,3420,3305,3249
12/8/2020 22:30,792,871,1068,3999,3960,4035,3207,3089,2967
12/8/2020 23:00,939,886,1027,3764,3766,3783,2825,2880,2756
12/8/2020 23:30,957,919,1022,3563,3568,3550,2606,2649,2528
13/8/2020 0:00,978,954,1062,3364,3369,3387,2386,2415,2325
13/8/2020 0:30,1001,988,1085,3217,3223,3240,2216,2235,2155
13/8/2020 1:00,1020,1015,1009,3127,3135,3126,2107,2120,2117
13/8/2020 1:30,1036,1046,1007,3058,3068,3061,2022,2022,2054
13/8/2020 2:00,1041,1047,981,3002,3013,3001,1961,1966,2020
13/8/2020 2:30,1035,983,956,2961,2973,2958,1926,1990,2002
13/8/2020 3:00,1048,978,926,2935,2948,2929,1887,1970,2003
13/8/2020 3:30,1080,1046,900,2925,2939,2897,1845,1893,1997
13/8/2020 4:00,1103,1058,913,2927,2942,2907,1824,1884,1994
13/8/2020 4:30,1117,1080,889,2927,2940,2952,1810,1860,2063
13/8/2020 5:00,1124,1068,933,2934,2948,3004,1810,1880,2071
13/8/2020 5:30,1124,965,953,3002,3017,3078,1878,2052,2125
13/8/2020 6:00,1112,926,969,3146,3165,3188,2034,2239,2219
13/8/2020 6:30,1087,841,934,3379,3391,3345,2292,2550,2411
13/8/2020 7:00,1052,810,929,3684,3683,3627,2632,2873,2698
13/8/2020 7:30,1008,723,833,3980,3979,3890,2972,3256,3057
13/8/2020 8:00,955,686,748,4240,4252,4172,3285,3566,3424
13/8/2020 8:30,891,604,651,4435,4458,4415,3544,3854,3764
13/8/2020 9:00,809,542,608,4561,4592,4592,3752,4050,3984
13/8/2020 9:30,709,508,561,4637,4672,4695,3928,4164,4134
13/8/2020 10:00,648,463,481,4672,4709,4729,4024,4246,4248
13/8/2020 10:30,627,462,417,4695,4728,4752,4068,4266,4335
13/8/2020 11:00,607,434,347,4714,4738,4785,4107,4304,4438
13/8/2020 11:30,587,387,280,4741,4762,4810,4154,4375,4530
13/8/2020 12:00,568,384,223,4771,4785,4841,4203,4401,4618
13/8/2020 12:30,550,372,187,4769,4783,4865,4219,4411,4678
13/8/2020 13:00,540,371,146,4733,4754,4853,4193,4383,4707
13/8/2020 13:30,538,346,136,4695,4712,4753,4157,4366,4617
13/8/2020 14:00,538,333,163,4665,4666,4726,4127,4333,4563
13/8/2020 14:30,539,289,173,4648,4640,4706,4109,4351,4533
13/8/2020 15:00,532,284,194,4647,4637,4691,4115,4353,4497
13/8/2020 15:30,517,276,210,4657,4648,4698,4140,4372,4488
13/8/2020 16:00,514,280,229,4684,4676,4744,4170,4396,4515
13/8/2020 16:30,523,228,225,4747,4741,4817,4224,4513,4592
13/8/2020 17:00,531,235,246,4833,4826,4915,4302,4591,4669
13/8/2020 17:30,538,209,258,4857,4848,4978,4319,4639,4720
13/8/2020 18:00,539,220,251,4806,4795,4917,4267,4575,4666
13/8/2020 18:30,535,207,255,4715,4708,4798,4180,4501,4543
13/8/2020 19:00,550,228,264,4596,4597,4672,4046,4369,4408
13/8/2020 19:30,583,260,289,4470,4474,4574,3887,4214,4285
13/8/2020 20:00,614,283,293,4365,4363,4468,3751,4080,4175
13/8/2020 20:30,643,306,312,4368,4360,4416,3725,4054,4104
13/8/2020 21:00,670,329,353,4447,4435,4429,3777,4106,4076
13/8/2020 21:30,697,391,407,4394,4392,4448,3697,4001,4041
13/8/2020 22:00,709,406,433,4192,4206,4292,3483,3800,3859
13/8/2020 22:30,705,406,426,3980,3994,4076,3275,3588,3650
13/8/2020 23:00,532,409,425,3783,3785,3833,3251,3376,3408
13/8/2020 23:30,537,411,407,3587,3588,3624,3050,3177,3217
14/8/2020 0:00,533,409,388,3411,3409,3459,2878,3000,3071
14/8/2020 0:30,519,365,375,3272,3270,3326,2753,2905,2951
14/8/2020 1:00,499,350,371,3169,3170,3220,2670,2820,2849
14/8/2020 1:30,472,324,364,3091,3093,3134,2619,2769,2770
14/8/2020 2:00,446,304,338,3031,3030,3078,2585,2726,2740
14/8/2020 2:30,419,288,302,2984,2982,3037,2565,2694,2735
14/8/2020 3:00,398,276,301,2952,2949,2991,2554,2673,2690
14/8/2020 3:30,382,272,280,2943,2940,2982,2561,2668,2702
14/8/2020 4:00,375,268,260,2955,2953,2980,2580,2685,2720
14/8/2020 4:30,377,268,255,2971,2969,3000,2594,2701,2745
14/8/2020 5:00,388,274,263,2993,2992,3051,2605,2718,2788
14/8/2020 5:30,409,258,288,3057,3057,3093,2648,2799,2805
14/8/2020 6:00,423,264,307,3179,3180,3222,2756,2916,2915
14/8/2020 6:30,428,253,307,3399,3394,3374,2971,3141,3067
14/8/2020 7:00,421,250,293,3705,3686,3659,3284,3436,3366
14/8/2020 7:30,403,223,277,4003,3976,3946,3600,3753,3669
14/8/2020 8:00,387,218,256,4261,4235,4238,3874,4017,3982
14/8/2020 8:30,375,215,203,4452,4432,4480,4077,4217,4277
14/8/2020 9:00,357,218,179,4572,4560,4654,4215,4342,4475
14/8/2020 9:30,335,236,187,4643,4637,4725,4308,4401,4538
14/8/2020 10:00,319,230,188,4674,4670,4744,4355,4440,4556
14/8/2020 10:30,309,222,182,4687,4690,4758,4378,4468,4576
14/8/2020 11:00,303,224,186,4690,4703,4794,4387,4479,4608
14/8/2020 11:30,301,204,197,4703,4736,4791,4402,4532,4594
14/8/2020 12:00,294,211,195,4724,4757,4802,4430,4546,4607
14/8/2020 12:30,282,175,182,4720,4752,4812,4438,4577,4630
14/8/2020 13:00,276,177,168,4687,4715,4775,4411,4538,4607
14/8/2020 13:30,274,179,154,4632,4659,4682,4358,4480,4528
14/8/2020 14:00,271,172,137,4566,4593,4640,4295,4421,4503
14/8/2020 14:30,267,156,114,4518,4549,4604,4251,4393,4490
14/8/2020 15:00,267,148,97,4494,4532,4558,4227,4384,4461
14/8/2020 15:30,271,108,87,4484,4524,4535,4213,4416,4448
14/8/2020 16:00,270,101,69,4492,4527,4539,4222,4426,4470
14/8/2020 16:30,263,76,68,4541,4572,4598,4278,4496,4530
14/8/2020 17:00,259,80,66,4617,4646,4692,4358,4566,4626
14/8/2020 17:30,257,73,70,4644,4674,4770,4387,4601,4700
14/8/2020 18:00,248,79,75,4607,4640,4715,4359,4561,4640
14/8/2020 18:30,230,71,78,4540,4570,4643,4310,4499,4565
14/8/2020 19:00,222,76,73,4450,4473,4547,4228,4397,4474
14/8/2020 19:30,224,74,58,4342,4360,4441,4118,4286,4383
14/8/2020 20:00,232,83,59,4241,4258,4337,4009,4175,4278
14/8/2020 20:30,246,95,67,4250,4267,4264,4004,4172,4197
14/8/2020 21:00,252,112,69,4341,4357,4292,4089,4245,4223
14/8/2020 21:30,252,109,87,4298,4315,4312,4046,4206,4225
14/8/2020 22:00,253,111,80,4105,4123,4186,3852,4012,4106
14/8/2020 22:30,256,92,85,3912,3933,3985,3656,3841,3900
14/8/2020 23:00,163,93,90,3771,3773,3767,3608,3680,3677
14/8/2020 23:30,161,89,96,3618,3622,3593,3457,3533,3497
15/8/2020 0:00,162,90,98,3467,3468,3444,3305,3378,3346
15/8/2020 0:30,167,67,95,3331,3334,3303,3164,3267,3208
15/8/2020 1:00,171,66,111,3215,3222,3192,3044,3156,3081
15/8/2020 1:30,173,64,127,3120,3132,3090,2947,3068,2963
15/8/2020 2:00,173,65,143,3047,3061,3033,2874,2996,2890
15/8/2020 2:30,171,55,143,2987,3002,2977,2816,2947,2834
15/8/2020 3:00,171,54,149,2941,2957,2936,2770,2903,2787
15/8/2020 3:30,174,61,152,2921,2936,2915,2747,2875,2763
15/8/2020 4:00,179,68,148,2921,2934,2903,2742,2866,2755
15/8/2020 4:30,185,76,154,2916,2929,2906,2731,2853,2752
15/8/2020 5:00,190,85,141,2907,2919,2926,2717,2834,2785
15/8/2020 5:30,193,99,141,2932,2946,2943,2739,2847,2802
15/8/2020 6:00,200,107,150,3000,3016,2978,2800,2909,2828
15/8/2020 6:30,211,113,169,3105,3116,3051,2894,3003,2882
15/8/2020 7:00,212,116,176,3249,3249,3211,3037,3133,3035
15/8/2020 7:30,204,128,180,3444,3440,3385,3240,3312,3205
15/8/2020 8:00,194,129,173,3676,3679,3615,3482,3550,3442
15/8/2020 8:30,182,125,153,3883,3892,3835,3701,3767,3682
15/8/2020 9:00,178,139,140,4047,4063,4048,3869,3924,3908
15/8/2020 9:30,181,171,106,4166,4188,4191,3985,4017,4085
15/8/2020 10:00,190,188,109,4242,4270,4292,4052,4082,4183
15/8/2020 10:30,206,198,98,4284,4319,4330,4078,4121,4232
15/8/2020 11:00,217,209,93,4301,4341,4358,4084,4132,4265
15/8/2020 11:30,223,206,119,4313,4346,4370,4090,4140,4251
15/8/2020 12:00,226,208,136,4321,4353,4369,4095,4145,4233
15/8/2020 12:30,225,184,149,4308,4339,4361,4083,4155,4212
15/8/2020 13:00,231,186,140,4269,4301,4322,4038,4115,4182
15/8/2020 13:30,244,149,132,4207,4240,4240,3963,4091,4108
15/8/2020 14:00,255,151,144,4130,4166,4162,3875,4015,4018
15/8/2020 14:30,263,119,137,4076,4113,4100,3813,3994,3963
15/8/2020 15:00,263,121,137,4052,4087,4055,3789,3966,3918
15/8/2020 15:30,255,138,135,4044,4078,4045,3789,3940,3910
15/8/2020 16:00,249,140,151,4054,4088,4068,3805,3948,3917
15/8/2020 16:30,245,136,151,4104,4140,4131,3859,4004,3980
15/8/2020 17:00,241,141,145,4185,4222,4233,3944,4081,4088
15/8/2020 17:30,238,139,152,4233,4270,4328,3995,4131,4176
15/8/2020 18:00,243,147,172,4235,4269,4354,3992,4122,4182
15/8/2020 18:30,256,145,164,4193,4228,4295,3937,4083,4131
15/8/2020 19:00,268,157,152,4113,4152,4207,3845,3995,4055
15/8/2020 19:30,279,138,143,4011,4046,4123,3732,3908,3980
15/8/2020 20:00,292,170,135,3918,3943,4038,3626,3773,3903
15/8/2020 20:30,307,213,144,3936,3955,3970,3629,3742,3826
15/8/2020 21:00,323,240,164,4038,4056,4005,3715,3816,3841
15/8/2020 21:30,339,254,187,4013,4027,4007,3674,3773,3820
15/8/2020 22:00,347,254,214,3842,3851,3900,3495,3597,3686
15/8/2020 22:30,345,232,243,3668,3681,3723,3323,3449,3480
15/8/2020 23:00,258,226,214,3545,3548,3545,3287,3322,3331
15/8/2020 23:30,254,200,205,3424,3419,3395,3170,3219,3190
16/8/2020 0:00,252,201,202,3308,3303,3265,3056,3102,3063
16/8/2020 0:30,253,157,203,3191,3188,3144,2938,3031,2941
16/8/2020 1:00,247,160,210,3077,3074,3045,2830,2914,2835
16/8/2020 1:30,235,153,219,2983,2982,2956,2748,2829,2737
16/8/2020 2:00,226,153,238,2914,2913,2896,2688,2760,2658
16/8/2020 2:30,220,165,254,2861,2861,2849,2641,2696,2595
16/8/2020 3:00,217,166,212,2825,2825,2818,2608,2659,2606
16/8/2020 3:30,217,147,185,2806,2807,2804,2589,2660,2619
16/8/2020 4:00,216,144,180,2802,2804,2799,2586,2660,2619
16/8/2020 4:30,214,138,205,2798,2804,2808,2584,2666,2603
16/8/2020 5:00,210,133,233,2793,2796,2817,2583,2663,2584
16/8/2020 5:30,204,145,234,2800,2804,2818,2596,2659,2584
16/8/2020 6:00,199,148,246,2822,2833,2831,2623,2685,2585
16/8/2020 6:30,195,147,250,2866,2869,2827,2671,2722,2577
16/8/2020 7:00,189,153,226,2939,2926,2922,2750,2773,2696
16/8/2020 7:30,181,140,200,3073,3054,3048,2892,2914,2848
16/8/2020 8:00,177,142,191,3261,3253,3219,3084,3111,3028
16/8/2020 8:30,178,159,182,3453,3453,3397,3275,3294,3215
16/8/2020 9:00,184,161,184,3633,3635,3604,3449,3474,3420
16/8/2020 9:30,194,159,162,3788,3792,3776,3594,3633,3614
16/8/2020 10:00,206,179,158,3913,3919,3940,3707,3740,3782
16/8/2020 10:30,218,199,154,4007,4015,4068,3789,3816,3914
16/8/2020 11:00,230,217,168,4074,4082,4147,3844,3865,3979
16/8/2020 11:30,240,219,167,4135,4131,4202,3895,3912,4035
16/8/2020 12:00,247,222,184,4188,4187,4283,3941,3965,4099
16/8/2020 12:30,250,218,183,4202,4202,4342,3952,3984,4159
16/8/2020 13:00,259,223,190,4171,4171,4342,3912,3948,4152
16/8/2020 13:30,271,215,184,4108,4108,4278,3837,3893,4094
16/8/2020 14:00,282,231,186,4027,4026,4192,3745,3795,4006
16/8/2020 14:30,289,216,157,3973,3970,4123,3684,3754,3966
16/8/2020 15:00,292,223,153,3951,3947,4100,3659,3724,3947
16/8/2020 15:30,290,232,153,3944,3943,4083,3654,3711,3930
16/8/2020 16:00,287,240,139,3953,3955,4118,3666,3715,3979
16/8/2020 16:30,285,232,151,3997,4002,4176,3712,3770,4025
16/8/2020 17:00,279,230,139,4067,4072,4278,3788,3842,4139
16/8/2020 17:30,270,199,122,4110,4116,4362,3840,3917,4240
16/8/2020 18:00,261,186,114,4116,4119,4360,3855,3933,4246
16/8/2020 18:30,251,136,117,4090,4092,4304,3839,3956,4187
16/8/2020 19:00,244,129,105,4036,4036,4223,3792,3907,4118
16/8/2020 19:30,238,102,120,3961,3966,4147,3723,3864,4027
16/8/2020 20:00,238,107,111,3890,3903,4067,3652,3796,3956
16/8/2020 20:30,243,101,119,3915,3934,4032,3672,3833,3913
16/8/2020 21:00,246,108,131,4010,4028,4087,3764,3920,3956
16/8/2020 21:30,246,90,130,3974,3995,4016,3728,3905,3886
16/8/2020 22:00,239,94,134,3794,3819,3882,3555,3725,3748
16/8/2020 22:30,224,85,135,3620,3646,3704,3396,3561,3569
16/8/2020 23:00,184,88,116,3494,3501,3517,3310,3413,3401
16/8/2020 23:30,175,81,93,3345,3357,3345,3170,3276,3252
17/8/2020 0:00,166,83,94,3192,3202,3224,3026,3119,3130
17/8/2020 0:30,157,84,95,3073,3082,3119,2916,2998,3024
17/8/2020 1:00,150,85,97,2991,2998,3027,2841,2913,2930
17/8/2020 1:30,143,79,47,2928,2934,2961,2785,2855,2914
17/8/2020 2:00,139,80,0,2878,2883,2915,2739,2803,2915
17/8/2020 2:30,138,76,0,2842,2847,2876,2704,2771,2876
17/8/2020 3:00,136,82,0,2822,2826,2846,2686,2744,2846
17/8/2020 3:30,131,67,0,2814,2817,2834,2683,2750,2834
17/8/2020 4:00,132,71,0,2818,2820,2838,2686,2749,2838
17/8/2020 4:30,138,71,0,2826,2832,2867,2688,2761,2867
17/8/2020 5:00,144,78,0,2846,2850,2912,2702,2772,2912
17/8/2020 5:30,150,81,0,2918,2925,2990,2768,2844,2990
17/8/2020 6:00,156,88,0,3058,3069,3147,2902,2981,3147
17/8/2020 6:30,163,90,0,3296,3299,3303,3133,3209,3303
17/8/2020 7:00,163,93,0,3617,3600,3569,3454,3507,3569
17/8/2020 7:30,157,97,0,3920,3898,3848,3763,3801,3848
17/8/2020 8:00,152,98,49,4178,4168,4158,4026,4070,4109
17/8/2020 8:30,146,99,110,4377,4376,4428,4231,4277,4318
17/8/2020 9:00,141,99,94,4517,4517,4605,4376,4418,4511
17/8/2020 9:30,135,87,62,4607,4610,4714,4472,4523,4652
17/8/2020 10:00,132,95,58,4659,4664,4760,4527,4569,4702
17/8/2020 10:30,132,114,54,4696,4703,4809,4564,4589,4755
17/8/2020 11:00,135,125,61,4728,4733,4851,4593,4608,4790
17/8/2020 11:30,142,135,72,4761,4761,4884,4619,4626,4812
17/8/2020 12:00,143,149,82,4792,4792,4936,4649,4643,4854
17/8/2020 12:30,141,151,103,4792,4795,4996,4651,4644,4893
17/8/2020 13:00,142,176,148,4763,4767,4999,4621,4591,4851
17/8/2020 13:30,147,176,185,4727,4736,4915,4580,4560,4730
17/8/2020 14:00,164,204,229,4693,4710,4873,4529,4506,4644
17/8/2020 14:30,193,213,232,4674,4698,4851,4481,4485,4619
17/8/2020 15:00,226,246,255,4673,4699,4828,4447,4453,4573
17/8/2020 15:30,264,269,305,4687,4712,4847,4423,4443,4542
17/8/2020 16:00,296,277,344,4720,4741,4900,4424,4464,4556
17/8/2020 16:30,322,259,360,4793,4814,4989,4471,4555,4629
17/8/2020 17:00,339,273,366,4887,4911,5120,4548,4638,4754
17/8/2020 17:30,347,300,369,4907,4936,5171,4560,4636,4802
17/8/2020 18:00,345,326,338,4840,4873,5073,4495,4547,4735
17/8/2020 18:30,332,341,312,4732,4726,4923,4400,4385,4611
17/8/2020 19:00,320,354,282,4603,4606,4761,4283,4252,4479
17/8/2020 19:30,309,375,290,4483,4505,4655,4174,4130,4365
17/8/2020 20:00,300,385,290,4396,4435,4559,4096,4050,4269
17/8/2020 20:30,294,408,313,4399,4421,4539,4105,4013,4226
17/8/2020 21:00,295,439,341,4458,4431,4556,4163,3992,4215
17/8/2020 21:30,303,440,354,4385,4335,4417,4082,3895,4063
17/8/2020 22:00,313,469,355,4167,4124,4215,3854,3655,3860
17/8/2020 22:30,325,439,383,3939,3910,3970,3614,3471,3587
17/8/2020 23:00,562,465,372,3725,3693,3751,3163,3228,3379
17/8/2020 23:30,585,468,385,3512,3471,3547,2927,3003,3162
18/8/2020 0:00,600,502,413,3311,3280,3394,2711,2778,2981
18/8/2020 0:30,606,534,429,3170,3144,3268,2564,2610,2839
18/8/2020 1:00,615,559,457,3090,3062,3172,2475,2503,2715
18/8/2020 1:30,627,531,459,3029,2995,3089,2402,2464,2630
18/8/2020 2:00,627,528,485,2977,2936,3037,2350,2408,2552
18/8/2020 2:30,613,461,514,2939,2895,3007,2326,2434,2493
18/8/2020 3:00,590,438,545,2918,2873,2981,2328,2435,2436
18/8/2020 3:30,556,410,539,2911,2866,2956,2355,2456,2417
18/8/2020 4:00,523,379,537,2917,2874,2961,2394,2495,2424
18/8/2020 4:30,490,351,486,2928,2888,2977,2438,2537,2491
18/8/2020 5:00,454,327,473,2952,2918,3040,2498,2591,2567
18/8/2020 5:30,415,298,458,3030,3011,3107,2615,2713,2649
18/8/2020 6:00,379,279,431,3176,3173,3238,2797,2894,2807
18/8/2020 6:30,346,266,410,3404,3394,3384,3058,3128,2974
18/8/2020 7:00,326,255,386,3700,3663,3656,3374,3408,3270
18/8/2020 7:30,319,279,325,3997,3953,3940,3678,3674,3615
18/8/2020 8:00,311,276,265,4267,4240,4277,3956,3964,4012
18/8/2020 8:30,301,330,225,4472,4452,4533,4171,4122,4308
18/8/2020 9:00,299,333,205,4605,4577,4691,4306,4244,4486
18/8/2020 9:30,306,291,201,4684,4652,4769,4378,4361,4568
18/8/2020 10:00,319,305,197,4719,4686,4798,4400,4381,4601
18/8/2020 10:30,337,308,272,4741,4709,4824,4404,4401,4552
18/8/2020 11:00,363,331,288,4759,4727,4852,4396,4396,4564
18/8/2020 11:30,397,316,287,4783,4757,4878,4386,4441,4591
18/8/2020 12:00,430,350,310,4807,4786,4913,4377,4436,4603
18/8/2020 12:30,461,356,363,4804,4787,4963,4343,4431,4600
18/8/2020 13:00,489,394,381,4774,4756,4952,4285,4362,4571
18/8/2020 13:30,513,401,437,4732,4714,4853,4219,4313,4416
18/8/2020 14:00,537,435,488,4690,4673,4805,4153,4238,4317
18/8/2020 14:30,561,487,556,4668,4653,4783,4107,4166,4227
18/8/2020 15:00,571,497,562,4668,4655,4755,4097,4158,4193
18/8/2020 15:30,565,479,578,4680,4672,4769,4115,4193,4191
18/8/2020 16:00,561,471,597,4706,4704,4804,4145,4233,4207
18/8/2020 16:30,560,441,581,4772,4784,4902,4212,4343,4321
18/8/2020 17:00,537,409,546,4861,4889,5007,4324,4480,4461
18/8/2020 17:30,492,349,479,4886,4920,5078,4394,4571,4599
18/8/2020 18:00,446,301,434,4834,4859,4972,4388,4558,4538
18/8/2020 18:30,397,278,400,4740,4758,4852,4343,4480,4452
18/8/2020 19:00,354,230,357,4620,4632,4706,4266,4402,4349
18/8/2020 19:30,319,188,304,4497,4499,4586,4178,4311,4282
18/8/2020 20:00,291,164,248,4398,4390,4500,4107,4226,4252
18/8/2020 20:30,270,152,229,4414,4415,4461,4144,4263,4232
18/8/2020 21:00,259,143,195,4508,4532,4562,4249,4389,4367
18/8/2020 21:30,259,147,178,4450,4479,4549,4191,4332,4371
18/8/2020 22:00,259,138,161,4224,4235,4366,3965,4097,4205
18/8/2020 22:30,258,157,153,3993,3998,4122,3735,3841,3969
18/8/2020 23:00,128,149,125,3799,3803,3877,3671,3654,3752
18/8/2020 23:30,119,141,106,3601,3604,3649,3482,3463,3543
19/8/2020 0:00,115,140,93,3400,3406,3475,3285,3266,3382
19/8/2020 0:30,118,131,94,3253,3262,3336,3135,3131,3242
19/8/2020 1:00,118,135,98,3165,3173,3233,3047,3038,3135
19/8/2020 1:30,116,119,136,3096,3106,3152,2980,2987,3016
19/8/2020 2:00,122,129,155,3038,3050,3096,2916,2921,2941
19/8/2020 2:30,137,170,213,2997,3010,3053,2860,2840,2840
19/8/2020 3:00,164,204,243,2973,2987,3022,2809,2783,2779
19/8/2020 3:30,202,278,227,2962,2976,3000,2760,2698,2773
19/8/2020 4:00,236,322,241,2962,2976,2999,2726,2654,2758
19/8/2020 4:30,265,356,251,2967,2982,3013,2702,2626,2762
19/8/2020 5:00,305,397,276,2987,3008,3053,2682,2611,2777
19/8/2020 5:30,357,432,299,3068,3092,3114,2711,2660,2815
19/8/2020 6:00,440,498,340,3221,3246,3234,2781,2748,2894
19/8/2020 6:30,554,551,427,3448,3463,3385,2894,2912,2958
19/8/2020 7:00,652,611,549,3735,3733,3670,3083,3122,3121
19/8/2020 7:30,733,613,699,4026,4018,3961,3293,3405,3262
19/8/2020 8:00,814,698,778,4295,4293,4251,3481,3595,3473
19/8/2020 8:30,893,788,963,4488,4494,4498,3595,3706,3535
19/8/2020 9:00,992,897,1065,4599,4614,4657,3607,3717,3592
19/8/2020 9:30,1111,1176,1173,4659,4679,4723,3548,3503,3550
19/8/2020 10:00,1212,1320,1303,4683,4702,4739,3471,3382,3436
19/8/2020 10:30,1295,1450,1308,4695,4715,4773,3400,3265,3465
19/8/2020 11:00,1394,1512,1400,4706,4726,4798,3312,3214,3398
19/8/2020 11:30,1509,1557,1445,4725,4742,4805,3216,3185,3360
19/8/2020 12:00,1625,1588,1530,4747,4765,4822,3122,3177,3292
19/8/2020 12:30,1741,1631,1670,4743,4762,4855,3002,3131,3185
19/8/2020 13:00,1830,1656,1728,4710,4732,4815,2880,3076,3087
19/8/2020 13:30,1891,1637,1865,4671,4699,4750,2780,3062,2885
19/8/2020 14:00,1935,1660,1947,4636,4671,4718,2701,3011,2771
19/8/2020 14:30,1961,1730,1935,4619,4659,4704,2658,2929,2769
19/8/2020 15:00,1969,1711,1809,4623,4663,4670,2654,2952,2861
19/8/2020 15:30,1960,1655,1813,4642,4684,4734,2682,3029,2921
19/8/2020 16:00,1928,1654,1791,4680,4725,4794,2752,3071,3003
19/8/2020 16:30,1875,1739,1906,4759,4809,4903,2884,3070,2997
19/8/2020 17:00,1857,1749,1999,4862,4915,5040,3005,3166,3041
19/8/2020 17:30,1874,1880,2077,4889,4937,5119,3015,3057,3042
19/8/2020 18:00,1929,1914,2217,4829,4862,5076,2900,2948,2859
19/8/2020 18:30,2020,1902,2153,4736,4761,4920,2716,2859,2767
19/8/2020 19:00,2119,2000,2217,4631,4657,4778,2512,2657,2561
19/8/2020 19:30,2227,2129,2227,4544,4573,4673,2317,2444,2446
19/8/2020 20:00,2361,2237,2355,4488,4518,4582,2127,2281,2227
19/8/2020 20:30,2520,2397,2579,4482,4506,4573,1962,2109,1994
19/8/2020 21:00,2645,2455,2985,4494,4506,4571,1849,2051,1586
19/8/2020 21:30,2736,2658,2887,4384,4394,4397,1648,1736,1510
19/8/2020 22:00,2768,2687,2887,4151,4165,4181,1383,1478,1294
19/8/2020 22:30,2742,2616,2746,3921,3934,3947,1179,1318,1201
19/8/2020 23:00,2308,2740,2541,3719,3722,3698,1411,982,1157
19/8/2020 23:30,2516,2912,2425,3513,3523,3451,997,611,1026
20/8/2020 0:00,2688,3087,2424,3319,3326,3279,631,239,855
20/8/2020 0:30,2826,3397,2263,3177,3186,3132,351,-211,869
20/8/2020 1:00,2926,3402,2125,3091,3104,3010,165,-298,885
20/8/2020 1:30,2988,3383,2062,3022,3038,2941,34,-345,879
20/8/2020 2:00,3021,3339,1952,2962,2975,2876,-59,-364,924
20/8/2020 2:30,3023,3192,1890,2909,2915,2854,-114,-277,964
20/8/2020 3:00,3013,3124,1858,2867,2862,2794,-146,-262,936
20/8/2020 3:30,2989,2681,1801,2848,2840,2738,-141,159,937
20/8/2020 4:00,2956,2687,1877,2851,2850,2729,-105,163,852
20/8/2020 4:30,2915,2684,1957,2861,2862,2753,-54,178,796
20/8/2020 5:00,2889,2687,1969,2885,2888,2787,-4,201,818
20/8/2020 5:30,2877,2361,2033,2969,2974,2854,92,613,821
20/8/2020 6:00,2918,2433,2113,3126,3134,2975,208,701,862
20/8/2020 6:30,3012,2488,2108,3356,3357,3106,344,869,998
20/8/2020 7:00,3105,2613,2277,3646,3636,3355,541,1023,1078
20/8/2020 7:30,3197,2753,2426,3947,3937,3721,750,1184,1295
20/8/2020 8:00,3266,2877,2367,4229,4235,3934,963,1358,1567
20/8/2020 8:30,3311,2917,2504,4432,4449,4184,1121,1532,1680
20/8/2020 9:00,3372,3019,2649,4549,4570,4333,1177,1551,1684
20/8/2020 9:30,3447,3077,2826,4615,4636,4438,1168,1559,1612
20/8/2020 10:00,3500,3165,2807,4644,4665,4460,1144,1500,1653
20/8/2020 10:30,3532,3203,2777,4665,4684,4522,1133,1481,1745
20/8/2020 11:00,3555,3244,2819,4687,4704,4600,1132,1460,1781
20/8/2020 11:30,3569,3158,2898,4712,4732,4635,1143,1574,1737
20/8/2020 12:00,3586,3204,2843,4736,4759,4694,1150,1555,1851
20/8/2020 12:30,3606,3252,2781,4735,4757,4748,1129,1505,1967
20/8/2020 13:00,3607,3299,2711,4707,4726,4726,1100,1427,2015
20/8/2020 13:30,3588,3320,2670,4669,4682,4673,1081,1362,2003
20/8/2020 14:00,3571,3318,2715,4629,4638,4617,1058,1320,1902
20/8/2020 14:30,3556,3235,2823,4607,4613,4568,1051,1378,1745
20/8/2020 15:00,3510,3218,2911,4607,4613,4574,1097,1395,1663
20/8/2020 15:30,3433,3001,2881,4625,4631,4602,1192,1630,1721
20/8/2020 16:00,3346,2952,2833,4665,4672,4651,1319,1720,1818
20/8/2020 16:30,3249,2850,2751,4745,4756,4714,1496,1906,1963
20/8/2020 17:00,3115,2882,2627,4848,4866,4849,1733,1984,2222
20/8/2020 17:30,2943,2952,2626,4874,4898,4938,1931,1946,2312
20/8/2020 18:00,2818,3049,2603,4813,4839,4873,1995,1790,2270
20/8/2020 18:30,2740,3172,2489,4714,4736,4734,1974,1564,2245
20/8/2020 19:00,2708,3241,2501,4598,4613,4626,1890,1372,2125
20/8/2020 19:30,2723,3294,2549,4504,4520,4571,1781,1226,2022
20/8/2020 20:00,2720,3370,2620,4444,4466,4451,1724,1096,1831
20/8/2020 20:30,2698,3442,2779,4435,4453,4472,1737,1011,1693
20/8/2020 21:00,2709,3484,2887,4447,4449,4496,1738,965,1609
20/8/2020 21:30,2754,3355,2967,4343,4336,4352,1589,981,1385
20/8/2020 22:00,2771,3344,2967,4117,4109,4140,1346,765,1173
20/8/2020 22:30,2761,3115,2959,3888,3872,3941,1127,757,982
20/8/2020 23:00,3380,3073,2800,3650,3651,3705,270,578,905
20/8/2020 23:30,3333,2960,2703,3446,3447,3487,113,487,784
21/8/2020 0:00,3260,2900,2577,3266,3267,3331,6,367,754
21/8/2020 0:30,3161,2816,2477,3130,3130,3209,-31,314,732
21/8/2020 1:00,3058,2748,2360,3036,3037,3106,-22,289,746
21/8/2020 1:30,2951,2695,2341,2964,2964,3064,13,269,723
21/8/2020 2:00,2874,2641,2329,2908,2906,3012,34,265,683
21/8/2020 2:30,2826,2518,2274,2862,2857,2949,36,339,675
21/8/2020 3:00,2807,2494,2238,2827,2819,2906,20,325,668
21/8/2020 3:30,2816,2437,2195,2815,2804,2862,-1,367,667
21/8/2020 4:00,2835,2481,2186,2824,2810,2875,-11,329,689
21/8/2020 4:30,2865,2531,2213,2839,2824,2906,-26,293,693
21/8/2020 5:00,2902,2587,2233,2868,2855,2974,-34,268,741
21/8/2020 5:30,2946,2622,2293,2955,2944,3033,9,322,740
21/8/2020 6:00,2980,2681,2316,3111,3102,3168,131,421,852
21/8/2020 6:30,3004,2708,2339,3344,3337,3313,340,629,974
21/8/2020 7:00,3036,2762,2403,3643,3635,3572,607,873,1169
21/8/2020 7:30,3078,2712,2473,3953,3937,3914,875,1225,1441
21/8/2020 8:00,3107,2771,2477,4246,4230,4144,1139,1459,1667
21/8/2020 8:30,3123,2750,2486,4461,4447,4377,1338,1697,1891
21/8/2020 9:00,3149,2800,2545,4589,4576,4552,1440,1776,2007
21/8/2020 9:30,3186,2676,2610,4658,4647,4638,1472,1971,2028
21/8/2020 10:00,3197,2691,2659,4683,4674,4685,1486,1983,2026
21/8/2020 10:30,3181,2636,2593,4695,4692,4735,1514,2056,2142
21/8/2020 11:00,3175,2593,2590,4703,4708,4764,1528,2115,2174
21/8/2020 11:30,3178,2539,2590,4720,4747,4761,1542,2208,2171
21/8/2020 12:00,3172,2533,2643,4741,4775,4808,1569,2242,2165
21/8/2020 12:30,3157,2569,2697,4733,4771,4837,1576,2202,2140
21/8/2020 13:00,3155,2627,2720,4691,4728,4793,1536,2101,2073
21/8/2020 13:30,3166,2706,2810,4627,4629,4682,1461,1923,1872
21/8/2020 14:00,3177,2735,2866,4553,4545,4586,1376,1810,1720
21/8/2020 14:30,3188,2646,2895,4506,4494,4508,1318,1848,1613
21/8/2020 15:00,3200,2642,2854,4490,4479,4459,1290,1837,1605
21/8/2020 15:30,3212,2744,2783,4485,4474,4435,1273,1730,1652
21/8/2020 16:00,3216,2734,2704,4496,4478,4433,1280,1744,1729
21/8/2020 16:30,3213,2752,2588,4555,4530,4542,1342,1778,1954
21/8/2020 17:00,3180,2747,2613,4648,4616,4644,1468,1869,2031
21/8/2020 17:30,3118,2802,2576,4676,4640,4708,1558,1838,2132
21/8/2020 18:00,3048,2784,2676,4624,4589,4690,1576,1805,2014
21/8/2020 18:30,2970,2745,2602,4537,4508,4567,1567,1763,1965
21/8/2020 19:00,2930,2691,2558,4431,4408,4467,1501,1717,1909
21/8/2020 19:30,2927,2559,2574,4322,4304,4368,1395,1745,1794
21/8/2020 20:00,2888,2498,2460,4233,4217,4295,1345,1719,1835
21/8/2020 20:30,2812,2407,2421,4236,4219,4269,1424,1812,1848
21/8/2020 21:00,2746,2364,2419,4298,4281,4337,1552,1917,1918
21/8/2020 21:30,2691,2260,2469,4223,4210,4270,1532,1950,1801
21/8/2020 22:00,2656,2214,2402,4001,3997,4103,1345,1783,1701
21/8/2020 22:30,2640,2140,2219,3788,3794,3902,1148,1654,1683
21/8/2020 23:00,2231,2075,2141,3612,3629,3688,1381,1554,1547
21/8/2020 23:30,2166,2020,2158,3446,3471,3514,1280,1451,1356
22/8/2020 0:00,2123,1972,2204,3281,3312,3360,1158,1340,1156
22/8/2020 0:30,2104,1989,2122,3140,3177,3214,1036,1188,1092
22/8/2020 1:00,2083,1953,2135,3029,3069,3117,946,1116,982
22/8/2020 1:30,2060,1973,2070,2943,2984,3032,883,1011,962
22/8/2020 2:00,2045,1945,2025,2878,2917,2967,833,972,942
22/8/2020 2:30,2037,1853,2020,2821,2859,2887,784,1006,867
22/8/2020 3:00,2022,1849,2051,2774,2811,2854,752,962,803
22/8/2020 3:30,2001,1940,1953,2755,2791,2825,754,851,872
22/8/2020 4:00,2002,1946,1907,2760,2798,2825,758,852,918
22/8/2020 4:30,2025,1975,1901,2762,2802,2814,737,827,913
22/8/2020 5:00,2058,2005,2024,2763,2804,2851,705,799,827
22/8/2020 5:30,2102,1998,2047,2801,2839,2882,699,841,835
22/8/2020 6:00,2146,2042,2073,2883,2912,2929,737,870,856
22/8/2020 6:30,2192,2139,2035,2989,3003,2976,797,864,941
22/8/2020 7:00,2247,2182,1989,3124,3118,3110,877,936,1121
22/8/2020 7:30,2311,2185,2159,3319,3301,3326,1008,1116,1167
22/8/2020 8:00,2365,2237,2131,3563,3542,3530,1198,1305,1399
22/8/2020 8:30,2409,2290,2205,3775,3757,3744,1366,1467,1539
22/8/2020 9:00,2404,2323,2306,3939,3927,3939,1535,1604,1633
22/8/2020 9:30,2350,2333,2374,4061,4063,4057,1711,1730,1683
22/8/2020 10:00,2319,2330,2418,4145,4162,4139,1826,1832,1721
22/8/2020 10:30,2310,2291,2372,4200,4229,4177,1890,1938,1805
22/8/2020 11:00,2315,2325,2392,4233,4264,4196,1918,1939,1804
22/8/2020 11:30,2335,2396,2560,4258,4304,4260,1923,1908,1700
22/8/2020 12:00,2340,2450,2619,4277,4324,4319,1937,1874,1700
22/8/2020 12:30,2331,2485,2601,4275,4322,4348,1944,1837,1747
22/8/2020 13:00,2343,2463,2568,4249,4294,4346,1906,1831,1778
22/8/2020 13:30,2377,2459,2361,4194,4244,4268,1817,1785,1907
22/8/2020 14:00,2391,2400,2347,4121,4179,4194,1730,1779,1847
22/8/2020 14:30,2387,2381,2316,4076,4132,4124,1689,1751,1808
22/8/2020 15:00,2364,2367,2297,4064,4112,4073,1700,1745,1776
22/8/2020 15:30,2322,2282,2338,4063,4105,4097,1741,1823,1759
22/8/2020 16:00,2318,2276,2305,4077,4118,4120,1759,1842,1815
22/8/2020 16:30,2351,2299,2303,4135,4179,4196,1784,1880,1893
22/8/2020 17:00,2354,2354,2280,4228,4279,4314,1874,1925,2034
22/8/2020 17:30,2327,2382,2334,4281,4340,4403,1954,1958,2069
22/8/2020 18:00,2259,2356,2366,4279,4341,4388,2020,1985,2022
22/8/2020 18:30,2151,2228,2304,4225,4283,4336,2074,2055,2032
22/8/2020 19:00,2033,2086,2213,4130,4175,4248,2097,2089,2035
22/8/2020 19:30,1907,1993,2073,4027,4061,4131,2120,2068,2058
22/8/2020 20:00,1792,1874,1981,3944,3972,4032,2152,2098,2051
22/8/2020 20:30,1688,1756,1946,3952,3974,4041,2264,2218,2095
22/8/2020 21:00,1600,1651,1741,4023,4042,4107,2423,2391,2366
22/8/2020 21:30,1527,1637,1644,3978,3994,4020,2451,2357,2376
22/8/2020 22:00,1464,1558,1583,3803,3816,3880,2339,2258,2297
22/8/2020 22:30,1410,1528,1513,3620,3637,3693,2210,2109,2180
22/8/2020 23:00,1289,1459,1423,3483,3486,3536,2194,2027,2113
22/8/2020 23:30,1250,1358,1475,3356,3352,3400,2106,1994,1925
23/8/2020 0:00,1236,1312,1369,3248,3241,3263,2012,1929,1894
23/8/2020 0:30,1248,1276,1357,3141,3135,3142,1893,1859,1785
23/8/2020 1:00,1252,1252,1375,3035,3030,3029,1783,1778,1654
23/8/2020 1:30,1249,1238,1381,2944,2941,2931,1695,1703,1550
23/8/2020 2:00,1232,1212,1367,2869,2867,2884,1637,1655,1517
23/8/2020 2:30,1201,1145,1325,2811,2811,2838,1610,1666,1513
23/8/2020 3:00,1171,1111,1207,2770,2773,2790,1599,1662,1583
23/8/2020 3:30,1144,1147,1192,2747,2752,2757,1603,1605,1565
23/8/2020 4:00,1136,1138,1278,2741,2745,2735,1605,1607,1457
23/8/2020 4:30,1149,1155,1276,2739,2742,2727,1590,1587,1451
23/8/2020 5:00,1158,1173,1281,2741,2743,2738,1583,1570,1457
23/8/2020 5:30,1162,1236,1316,2751,2756,2753,1589,1520,1437
23/8/2020 6:00,1165,1267,1469,2775,2784,2787,1610,1517,1318
23/8/2020 6:30,1166,1266,1700,2819,2823,2839,1653,1557,1139
23/8/2020 7:00,1184,1297,1643,2893,2884,2925,1709,1587,1282
23/8/2020 7:30,1217,1378,1609,3025,3016,3043,1808,1638,1434
23/8/2020 8:00,1265,1403,1474,3212,3215,3192,1947,1812,1718
23/8/2020 8:30,1328,1447,1532,3405,3416,3364,2077,1969,1832
23/8/2020 9:00,1364,1499,1505,3589,3598,3537,2225,2099,2032
23/8/2020 9:30,1374,1655,1591,3756,3756,3701,2382,2101,2110
23/8/2020 10:00,1381,1670,1588,3900,3884,3842,2519,2214,2254
23/8/2020 10:30,1386,1747,1799,4011,3983,3997,2625,2236,2198
23/8/2020 11:00,1386,1748,1848,4090,4059,4084,2704,2311,2236
23/8/2020 11:30,1380,1651,1856,4158,4130,4136,2778,2479,2280
23/8/2020 12:00,1390,1636,1976,4215,4202,4218,2825,2566,2242
23/8/2020 12:30,1416,1568,2066,4230,4228,4272,2814,2660,2206
23/8/2020 13:00,1435,1571,2030,4197,4199,4217,2762,2628,2187
23/8/2020 13:30,1447,1567,1970,4129,4130,4151,2682,2563,2181
23/8/2020 14:00,1443,1557,1907,4040,4037,4082,2597,2480,2175
23/8/2020 14:30,1421,1691,1920,3976,3971,4029,2555,2280,2109
23/8/2020 15:00,1386,1647,1869,3947,3943,3957,2561,2296,2088
23/8/2020 15:30,1337,1686,1808,3939,3938,3956,2602,2252,2148
23/8/2020 16:00,1282,1643,1739,3955,3957,4017,2673,2314,2278
23/8/2020 16:30,1221,1616,1638,4015,4018,4090,2794,2402,2452
23/8/2020 17:00,1123,1477,1516,4109,4107,4201,2986,2630,2685
23/8/2020 17:30,987,1281,1332,4165,4155,4276,3178,2874,2944
23/8/2020 18:00,849,1108,1115,4170,4149,4288,3321,3041,3173
23/8/2020 18:30,709,985,951,4136,4111,4255,3427,3126,3304
23/8/2020 19:00,595,831,762,4075,4055,4195,3480,3224,3433
23/8/2020 19:30,508,704,617,4017,4009,4118,3509,3305,3501
23/8/2020 20:00,425,590,479,3981,3987,4070,3556,3397,3591
23/8/2020 20:30,348,455,383,4005,4015,4058,3657,3560,3675
23/8/2020 21:00,297,363,343,4064,4064,4178,3767,3701,3835
23/8/2020 21:30,274,219,250,4005,3999,4053,3731,3780,3803
23/8/2020 22:00,254,177,188,3823,3816,3916,3569,3639,3728
23/8/2020 22:30,236,138,155,3643,3639,3719,3407,3501,3564
23/8/2020 23:00,145,114,120,3484,3489,3511,3339,3375,3391
23/8/2020 23:30,130,68,84,3326,3328,3336,3196,3260,3252
24/8/2020 0:00,123,58,72,3162,3162,3217,3039,3104,3145
24/8/2020 0:30,124,53,0,3035,3035,3107,2911,2982,3107
24/8/2020 1:00,114,43,0,2951,2949,3020,2837,2906,3020
24/8/2020 1:30,92,35,0,2891,2889,2953,2799,2854,2953
24/8/2020 2:00,75,30,0,2846,2844,2914,2771,2814,2914
24/8/2020 2:30,61,27,0,2812,2811,2877,2751,2784,2877
24/8/2020 3:00,52,23,0,2787,2785,2841,2735,2762,2841
24/8/2020 3:30,49,14,0,2770,2768,2827,2721,2754,2827
24/8/2020 4:00,43,14,0,2763,2760,2831,2720,2746,2831
24/8/2020 4:30,35,13,19,2771,2771,2847,2736,2758,2828
24/8/2020 5:00,33,14,0,2804,2805,2899,2771,2791,2899
24/8/2020 5:30,36,15,0,2899,2905,2958,2863,2890,2958
24/8/2020 6:00,36,16,0,3064,3081,3095,3028,3065,3095
24/8/2020 6:30,32,24,0,3309,3320,3264,3277,3296,3264
24/8/2020 7:00,31,25,0,3617,3609,3558,3586,3584,3558
24/8/2020 7:30,31,29,0,3922,3908,3864,3891,3879,3864
24/8/2020 8:00,31,28,0,4197,4191,4174,4166,4163,4174
24/8/2020 8:30,31,18,0,4399,4399,4427,4368,4381,4427
24/8/2020 9:00,31,16,0,4521,4524,4581,4490,4508,4581
24/8/2020 9:30,33,15,0,4585,4594,4656,4552,4579,4656
24/8/2020 10:00,38,19,0,4605,4624,4661,4567,4605,4661
24/8/2020 10:30,44,25,0,4617,4644,4697,4573,4619,4697
24/8/2020 11:00,51,32,0,4633,4663,4783,4582,4631,4783
24/8/2020 11:30,57,40,28,4661,4712,4747,4604,4672,4719
24/8/2020 12:00,65,51,71,4695,4738,4777,4630,4687,4706
24/8/2020 12:30,73,62,114,4699,4734,4815,4626,4672,4701
24/8/2020 13:00,83,79,141,4670,4698,4806,4587,4619,4665
24/8/2020 13:30,95,104,170,4629,4659,4728,4534,4555,4558
24/8/2020 14:00,118,128,189,4585,4626,4686,4467,4498,4497
24/8/2020 14:30,152,168,204,4557,4601,4630,4405,4433,4426
24/8/2020 15:00,188,208,271,4550,4590,4630,4362,4382,4359
24/8/2020 15:30,226,292,308,4569,4613,4624,4343,4321,4316
24/8/2020 16:00,265,333,399,4615,4671,4651,4350,4338,4252
24/8/2020 16:30,307,360,485,4704,4764,4765,4397,4404,4280
24/8/2020 17:00,363,399,526,4811,4867,4882,4448,4468,4356
24/8/2020 17:30,431,425,564,4836,4893,4949,4405,4468,4385
24/8/2020 18:00,518,499,651,4768,4830,4864,4250,4331,4213
24/8/2020 18:30,622,596,744,4661,4726,4769,4039,4130,4025
24/8/2020 19:00,772,761,926,4544,4606,4630,3772,3845,3704
24/8/2020 19:30,967,982,1067,4470,4527,4532,3503,3545,3465
24/8/2020 20:00,1181,1242,1314,4446,4499,4486,3265,3257,3172
24/8/2020 20:30,1413,1560,1630,4451,4498,4548,3038,2938,2918
24/8/2020 21:00,1638,1804,2010,4451,4491,4554,2813,2687,2544
24/8/2020 21:30,1857,2071,2311,4335,4374,4377,2478,2303,2066
24/8/2020 22:00,2038,2235,2434,4103,4143,4119,2065,1908,1685
24/8/2020 22:30,2180,2393,2562,3862,3895,3895,1682,1502,1333
24/8/2020 23:00,2331,2535,2632,3653,3656,3683,1322,1121,1051
24/8/2020 23:30,2441,2649,2687,3438,3440,3512,997,791,825
25/8/2020 0:00,2538,2750,2554,3255,3251,3317,717,501,763
25/8/2020 0:30,2622,2862,2461,3125,3120,3176,503,258,715
25/8/2020 1:00,2696,2881,2539,3044,3041,3096,348,160,557
25/8/2020 1:30,2761,2952,2548,2977,2977,2995,216,25,447
25/8/2020 2:00,2800,2929,2513,2916,2919,2942,116,-10,429
25/8/2020 2:30,2812,2977,2508,2876,2880,2900,64,-97,392
25/8/2020 3:00,2816,2960,2381,2855,2862,2875,39,-98,494
25/8/2020 3:30,2811,2790,2302,2846,2852,2851,35,62,549
25/8/2020 4:00,2813,2777,2329,2847,2849,2850,34,72,521
25/8/2020 4:30,2822,2786,2365,2856,2851,2859,34,65,494
25/8/2020 5:00,2830,2783,2411,2882,2873,2907,52,90,496
25/8/2020 5:30,2837,2671,2472,2969,2961,2981,132,290,509
25/8/2020 6:00,2853,2670,2613,3132,3128,3173,279,458,560
25/8/2020 6:30,2877,2604,2564,3385,3372,3294,508,768,730
25/8/2020 7:00,2905,2620,2608,3710,3678,3584,805,1058,976
25/8/2020 7:30,2936,2582,2742,4014,3983,3901,1078,1401,1159
25/8/2020 8:00,2955,2618,2749,4268,4262,4228,1313,1644,1479
25/8/2020 8:30,2963,2648,2938,4453,4466,4504,1490,1818,1566
25/8/2020 9:00,2974,2676,2949,4569,4589,4690,1595,1913,1741
25/8/2020 9:30,2987,2693,2983,4639,4662,4798,1652,1969,1815
25/8/2020 10:00,2990,2726,3022,4677,4696,4854,1687,1970,1832
25/8/2020 10:30,2980,2863,3097,4709,4730,4899,1729,1867,1802
25/8/2020 11:00,2996,2921,3073,4744,4769,4951,1748,1848,1878
25/8/2020 11:30,3036,2954,3022,4785,4797,4964,1749,1843,1942
25/8/2020 12:00,3076,3035,3078,4825,4835,5000,1749,1800,1922
25/8/2020 12:30,3114,3260,3070,4828,4845,5040,1714,1585,1970
25/8/2020 13:00,3165,3351,3068,4795,4825,5013,1630,1474,1945
25/8/2020 13:30,3230,3466,3100,4758,4791,4912,1528,1325,1812
25/8/2020 14:00,3282,3537,3187,4727,4753,4890,1445,1216,1703
25/8/2020 14:30,3320,3604,3266,4709,4735,4850,1389,1131,1584
25/8/2020 15:00,3364,3634,3329,4708,4740,4802,1344,1106,1473
25/8/2020 15:30,3414,3637,3352,4731,4760,4816,1317,1123,1464
25/8/2020 16:00,3453,3653,3343,4783,4796,4867,1330,1143,1524
25/8/2020 16:30,3482,3535,3349,4869,4876,4974,1387,1341,1625
25/8/2020 17:00,3489,3524,3423,4968,4978,5077,1479,1454,1654
25/8/2020 17:30,3474,3498,3438,4990,5003,5133,1516,1505,1695
25/8/2020 18:00,3437,3463,3452,4925,4933,5029,1488,1470,1577
25/8/2020 18:30,3378,3386,3441,4814,4817,4911,1436,1431,1470
25/8/2020 19:00,3324,3305,3340,4682,4680,4769,1358,1375,1429
25/8/2020 19:30,3276,3137,3286,4574,4582,4616,1298,1445,1330
25/8/2020 20:00,3202,3017,3147,4507,4534,4513,1305,1517,1366
25/8/2020 20:30,3103,2877,3004,4493,4518,4508,1390,1641,1504
25/8/2020 21:00,3000,2744,2916,4502,4497,4533,1502,1753,1617
25/8/2020 21:30,2894,2748,2744,4390,4362,4348,1496,1614,1604
25/8/2020 22:00,2781,2608,2685,4153,4115,4132,1372,1507,1447
25/8/2020 22:30,2661,2462,2637,3910,3886,3902,1249,1424,1265
25/8/2020 23:00,2321,2333,2543,3690,3694,3676,1369,1361,1133
25/8/2020 23:30,2173,2226,2253,3493,3492,3452,1320,1266,1199
26/8/2020 0:00,2038,2113,1956,3295,3295,3284,1257,1182,1328
26/8/2020 0:30,1914,1984,1728,3153,3155,3151,1239,1171,1423
26/8/2020 1:00,1812,1874,1516,3071,3074,3069,1259,1200,1553
26/8/2020 1:30,1732,1824,1306,3009,3013,3017,1277,1189,1711
26/8/2020 2:00,1651,1723,1078,2956,2963,2998,1305,1240,1920
26/8/2020 2:30,1569,1686,809,2918,2927,2940,1349,1241,2131
26/8/2020 3:00,1495,1596,668,2897,2908,2924,1402,1312,2256
26/8/2020 3:30,1431,1432,651,2891,2903,2885,1460,1471,2234
26/8/2020 4:00,1360,1356,996,2900,2912,2883,1540,1556,1887
26/8/2020 4:30,1285,1275,1369,2914,2926,2936,1629,1651,1567
26/8/2020 5:00,1202,1190,1496,2943,2959,3004,1741,1769,1508
26/8/2020 5:30,1113,838,1413,3035,3054,3071,1922,2216,1658
26/8/2020 6:00,1021,785,1176,3200,3222,3249,2179,2437,2073
26/8/2020 6:30,926,552,1080,3438,3450,3404,2512,2898,2324
26/8/2020 7:00,861,534,947,3734,3728,3715,2873,3194,2768
26/8/2020 7:30,823,541,812,4034,4027,4033,3211,3486,3221
26/8/2020 8:00,805,571,717,4308,4319,4350,3503,3748,3633
26/8/2020 8:30,806,981,655,4504,4527,4578,3698,3546,3923
26/8/2020 9:00,798,1004,660,4616,4643,4707,3818,3639,4047
26/8/2020 9:30,782,914,722,4674,4712,4810,3892,3798,4088
26/8/2020 10:00,770,922,755,4694,4737,4765,3924,3815,4010
26/8/2020 10:30,761,888,752,4708,4751,4772,3947,3863,4020
26/8/2020 11:00,762,886,762,4725,4760,4779,3963,3874,4017
26/8/2020 11:30,774,848,830,4741,4778,4773,3967,3930,3943
26/8/2020 12:00,796,871,981,4752,4799,4792,3956,3928,3811
26/8/2020 12:30,828,830,1037,4742,4787,4802,3914,3957,3765
26/8/2020 13:00,850,867,1048,4709,4740,4795,3859,3873,3747
26/8/2020 13:30,860,895,1051,4661,4684,4713,3801,3789,3662
26/8/2020 14:00,861,910,1012,4606,4633,4659,3745,3723,3647
26/8/2020 14:30,853,935,1066,4577,4606,4649,3724,3671,3583
26/8/2020 15:00,850,934,1042,4578,4608,4649,3728,3674,3607
26/8/2020 15:30,854,963,1023,4597,4636,4645,3743,3673,3622
26/8/2020 16:00,844,919,1050,4638,4690,4696,3794,3771,3646
26/8/2020 16:30,821,859,1013,4720,4779,4771,3899,3920,3758
26/8/2020 17:00,780,787,1005,4824,4883,4883,4044,4096,3878
26/8/2020 17:30,722,687,980,4856,4908,4984,4134,4221,4004
26/8/2020 18:00,653,625,784,4802,4841,4890,4149,4216,4106
26/8/2020 18:30,571,587,645,4704,4733,4776,4133,4146,4131
26/8/2020 19:00,490,539,561,4583,4607,4686,4093,4068,4125
26/8/2020 19:30,410,529,464,4492,4516,4603,4082,3987,4139
26/8/2020 20:00,347,468,412,4447,4474,4563,4100,4006,4151
26/8/2020 20:30,299,402,349,4469,4486,4642,4170,4084,4293
26/8/2020 21:00,268,345,300,4520,4514,4729,4252,4169,4429
26/8/2020 21:30,254,328,289,4424,4412,4565,4170,4084,4276
26/8/2020 22:00,240,308,284,4179,4176,4318,3939,3868,4034
26/8/2020 22:30,228,268,289,3949,3941,4068,3721,3673,3779
26/8/2020 23:00,279,265,271,3731,3733,3831,3452,3468,3560
26/8/2020 23:30,273,253,267,3524,3524,3605,3251,3271,3338
27/8/2020 0:00,269,261,280,3324,3327,3440,3055,3066,3160
27/8/2020 0:30,269,246,265,3185,3190,3310,2916,2944,3045
27/8/2020 1:00,277,268,279,3108,3112,3206,2831,2844,2927
27/8/2020 1:30,292,287,289,3050,3054,3129,2758,2767,2840
27/8/2020 2:00,306,319,339,3000,3004,3076,2694,2685,2737
27/8/2020 2:30,317,382,370,2957,2962,3034,2640,2580,2664
27/8/2020 3:00,336,427,418,2924,2928,3005,2588,2501,2587
27/8/2020 3:30,361,475,476,2912,2916,2990,2551,2441,2514
27/8/2020 4:00,378,514,532,2922,2927,2983,2544,2413,2451
27/8/2020 4:30,387,536,512,2944,2951,2991,2557,2415,2479
27/8/2020 5:00,397,564,489,2984,2994,3044,2587,2430,2555
27/8/2020 5:30,408,547,421,3080,3091,3111,2672,2544,2690
27/8/2020 6:00,429,600,447,3245,3254,3294,2816,2654,2847
27/8/2020 6:30,459,644,518,3497,3502,3456,3038,2858,2938
27/8/2020 7:00,480,659,536,3819,3818,3749,3339,3159,3213
27/8/2020 7:30,494,638,468,4120,4116,4087,3626,3478,3619
27/8/2020 8:00,499,640,467,4371,4369,4385,3872,3729,3918
27/8/2020 8:30,496,628,417,4553,4559,4581,4057,3931,4164
27/8/2020 9:00,480,651,357,4667,4683,4713,4187,4032,4356
27/8/2020 9:30,449,499,271,4734,4751,4793,4285,4252,4522
27/8/2020 10:00,420,452,237,4766,4773,4823,4346,4321,4586
27/8/2020 10:30,392,322,231,4789,4788,4861,4397,4466,4630
27/8/2020 11:00,361,287,218,4810,4805,4908,4449,4518,4690
27/8/2020 11:30,326,242,166,4841,4846,4932,4515,4604,4766
27/8/2020 12:00,295,238,145,4876,4869,4977,4581,4631,4832
27/8/2020 12:30,267,212,175,4879,4870,5041,4612,4658,4866
27/8/2020 13:00,246,218,242,4848,4845,5037,4602,4627,4795
27/8/2020 13:30,233,193,275,4807,4808,4942,4574,4615,4667
27/8/2020 14:00,226,215,360,4767,4766,4904,4541,4551,4544
27/8/2020 14:30,226,295,411,4745,4745,4866,4519,4450,4455
27/8/2020 15:00,245,349,473,4746,4748,4861,4501,4399,4388
27/8/2020 15:30,282,330,475,4768,4766,4830,4486,4436,4355
27/8/2020 16:00,300,353,460,4814,4802,4893,4514,4449,4433
27/8/2020 16:30,300,386,444,4893,4880,4988,4593,4494,4544
27/8/2020 17:00,309,388,506,4988,4981,5134,4679,4593,4628
27/8/2020 17:30,327,418,510,5011,5009,5185,4684,4591,4675
27/8/2020 18:00,350,420,478,4949,4950,5104,4599,4530,4626
27/8/2020 18:30,381,444,527,4845,4855,4998,4464,4411,4471
27/8/2020 19:00,408,454,607,4723,4746,4853,4315,4292,4246
27/8/2020 19:30,433,447,632,4637,4667,4758,4204,4220,4126
27/8/2020 20:00,455,480,647,4595,4623,4690,4140,4143,4043
27/8/2020 20:30,475,531,650,4576,4611,4707,4101,4080,4057
27/8/2020 21:00,497,582,640,4551,4598,4681,4054,4016,4041
27/8/2020 21:30,523,523,694,4425,4480,4492,3902,3957,3798
27/8/2020 22:00,554,587,711,4195,4252,4236,3641,3665,3525
27/8/2020 22:30,591,720,774,3953,4006,3981,3362,3286,3207
27/8/2020 23:00,668,792,831,3763,3768,3739,3095,2976,2908
27/8/2020 23:30,753,883,848,3558,3569,3529,2805,2686,2681
28/8/2020 0:00,847,956,939,3390,3407,3362,2543,2451,2423
28/8/2020 0:30,950,1034,1067,3261,3281,3243,2311,2247,2176
28/8/2020 1:00,1040,1118,1165,3167,3184,3134,2127,2066,1969
28/8/2020 1:30,1117,1191,1328,3091,3106,3064,1974,1915,1736
28/8/2020 2:00,1202,1274,1437,3028,3042,3013,1826,1768,1576
28/8/2020 2:30,1296,1380,1495,2980,2992,2963,1684,1612,1468
28/8/2020 3:00,1388,1470,1564,2949,2957,2955,1561,1487,1391
28/8/2020 3:30,1477,1512,1558,2930,2936,2912,1453,1424,1354
28/8/2020 4:00,1545,1600,1575,2925,2930,2883,1380,1330,1308
28/8/2020 4:30,1592,1679,1572,2936,2943,2879,1344,1264,1307
28/8/2020 5:00,1641,1758,1619,2970,2979,2925,1329,1221,1306
28/8/2020 5:30,1691,1893,1705,3048,3059,2990,1357,1166,1285
28/8/2020 6:00,1750,1932,1788,3187,3198,3148,1437,1266,1360
28/8/2020 6:30,1819,2007,1821,3429,3432,3296,1610,1425,1475
28/8/2020 7:00,1881,2030,1918,3756,3748,3579,1875,1718,1661
28/8/2020 7:30,1937,2031,2202,4056,4047,3928,2119,2016,1726
28/8/2020 8:00,1978,2080,2244,4300,4303,4231,2322,2223,1987
28/8/2020 8:30,2006,2059,2210,4488,4495,4425,2482,2436,2215
28/8/2020 9:00,2034,2075,2234,4618,4618,4526,2584,2543,2292
28/8/2020 9:30,2062,2044,2371,4686,4684,4614,2624,2640,2243
28/8/2020 10:00,2104,2029,2491,4699,4703,4660,2595,2674,2169
28/8/2020 10:30,2160,2038,2586,4702,4713,4660,2542,2675,2074
28/8/2020 11:00,2184,2065,2729,4706,4725,4656,2522,2660,1927
28/8/2020 11:30,2178,2242,2833,4716,4758,4689,2538,2516,1856
28/8/2020 12:00,2194,2286,2890,4728,4778,4716,2534,2492,1826
28/8/2020 12:30,2232,2291,2913,4717,4769,4727,2485,2478,1814
28/8/2020 13:00,2274,2379,2906,4680,4726,4714,2406,2347,1808
28/8/2020 13:30,2322,2627,2841,4624,4658,4612,2302,2031,1771
28/8/2020 14:00,2371,2673,2808,4560,4581,4572,2189,1908,1764
28/8/2020 14:30,2421,2848,2772,4518,4528,4526,2097,1680,1754
28/8/2020 15:00,2456,2854,2775,4502,4509,4512,2046,1655,1737
28/8/2020 15:30,2475,2969,2764,4498,4509,4474,2023,1540,1710
28/8/2020 16:00,2501,2949,2677,4511,4533,4471,2010,1584,1794
28/8/2020 16:30,2533,2886,2675,4569,4600,4528,2036,1714,1853
28/8/2020 17:00,2531,2836,2662,4659,4695,4640,2128,1859,1978
28/8/2020 17:30,2496,2704,2626,4690,4726,4685,2194,2022,2059
28/8/2020 18:00,2454,2644,2655,4649,4680,4661,2195,2036,2006
28/8/2020 18:30,2405,2557,2639,4570,4589,4569,2165,2032,1930
28/8/2020 19:00,2365,2489,2518,4473,4477,4454,2108,1988,1936
28/8/2020 19:30,2333,2423,2451,4401,4398,4351,2068,1975,1900
28/8/2020 20:00,2292,2348,2382,4366,4366,4269,2074,2018,1887
28/8/2020 20:30,2242,2233,2313,4377,4375,4299,2135,2142,1986
28/8/2020 21:00,2193,2155,2239,4402,4391,4361,2209,2236,2122
28/8/2020 21:30,2145,2223,2161,4305,4281,4225,2160,2058,2064
28/8/2020 22:00,2083,2150,2258,4082,4047,4046,1999,1897,1788
28/8/2020 22:30,2007,2060,2228,3863,3824,3826,1856,1764,1598
28/8/2020 23:00,1952,1997,2209,3641,3642,3642,1689,1645,1433
28/8/2020 23:30,1885,1927,2142,3480,3476,3435,1595,1549,1293
29/8/2020 0:00,1838,1870,2071,3338,3334,3300,1500,1464,1229
29/8/2020 0:30,1813,1820,2021,3214,3211,3185,1401,1391,1164
29/8/2020 1:00,1791,1783,1946,3108,3107,3079,1317,1324,1133
29/8/2020 1:30,1773,1810,1900,3022,3021,2989,1249,1211,1089
29/8/2020 2:00,1734,1794,1954,2956,2952,2949,1222,1158,995
29/8/2020 2:30,1677,1803,1914,2904,2898,2899,1227,1095,985
29/8/2020 3:00,1616,1762,1831,2866,2859,2853,1250,1097,1022
29/8/2020 3:30,1554,1716,1751,2841,2834,2836,1287,1118,1085
29/8/2020 4:00,1502,1673,1814,2829,2824,2851,1327,1151,1037
29/8/2020 4:30,1459,1636,1721,2827,2822,2834,1368,1186,1113
29/8/2020 5:00,1429,1610,1849,2838,2833,2884,1409,1223,1035
29/8/2020 5:30,1413,1612,1825,2878,2875,2893,1465,1263,1068
29/8/2020 6:00,1395,1583,1854,2951,2952,2992,1556,1369,1138
29/8/2020 6:30,1373,1543,1720,3069,3061,3015,1696,1518,1295
29/8/2020 7:00,1331,1498,1627,3231,3207,3130,1900,1709,1503
29/8/2020 7:30,1268,1479,1637,3435,3410,3328,2167,1931,1691
29/8/2020 8:00,1249,1445,1563,3665,3652,3571,2416,2207,2008
29/8/2020 8:30,1273,1480,1521,3857,3846,3788,2584,2366,2267
29/8/2020 9:00,1386,1575,1497,3999,3977,3949,2613,2402,2452
29/8/2020 9:30,1587,1816,1664,4107,4074,4085,2520,2258,2421
29/8/2020 10:00,1707,1960,1834,4182,4141,4167,2475,2181,2333
29/8/2020 10:30,1746,1964,1871,4219,4176,4192,2473,2212,2321
29/8/2020 11:00,1789,2032,2016,4225,4181,4209,2436,2149,2193
29/8/2020 11:30,1836,2129,2047,4237,4198,4242,2401,2069,2195
29/8/2020 12:00,1887,2185,2024,4256,4217,4216,2369,2032,2192
29/8/2020 12:30,1944,2223,2145,4251,4212,4209,2307,1989,2064
29/8/2020 13:00,1997,2271,2308,4213,4175,4178,2216,1904,1870
29/8/2020 13:30,2045,2246,2325,4146,4113,4089,2101,1867,1764
29/8/2020 14:00,2079,2247,2489,4062,4035,4036,1983,1788,1547
29/8/2020 14:30,2097,2235,2404,4006,3982,3979,1909,1747,1575
29/8/2020 15:00,2115,2196,2442,3987,3960,3954,1872,1764,1512
29/8/2020 15:30,2131,2137,2341,3995,3956,3937,1864,1819,1596
29/8/2020 16:00,2110,2092,2175,4030,3974,3955,1920,1882,1780
29/8/2020 16:30,2052,2140,2113,4107,4040,4028,2055,1900,1915
29/8/2020 17:00,1976,2078,1992,4211,4142,4159,2235,2064,2167
29/8/2020 17:30,1884,2058,1904,4273,4210,4282,2389,2152,2378
29/8/2020 18:00,1732,1894,1738,4278,4226,4297,2546,2332,2559
29/8/2020 18:30,1521,1668,1518,4229,4185,4277,2708,2517,2759
29/8/2020 19:00,1344,1444,1360,4144,4104,4213,2800,2660,2853
29/8/2020 19:30,1200,1202,1181,4089,4043,4103,2889,2841,2922
29/8/2020 20:00,1069,1060,1056,4076,4019,4038,3007,2959,2982
29/8/2020 20:30,951,922,980,4088,4034,4066,3137,3112,3086
29/8/2020 21:00,845,848,1022,4098,4060,4097,3253,3212,3075
29/8/2020 21:30,749,776,1026,4015,3992,3973,3266,3216,2947
29/8/2020 22:00,671,706,974,3836,3823,3819,3165,3117,2845
29/8/2020 22:30,611,637,899,3648,3643,3642,3037,3006,2743
29/8/2020 23:00,723,575,781,3478,3479,3470,2755,2904,2689
29/8/2020 23:30,659,515,718,3352,3355,3328,2693,2840,2610
30/8/2020 0:00,609,478,677,3260,3263,3198,2651,2785,2521
30/8/2020 0:30,572,519,656,3165,3167,3089,2593,2648,2433
30/8/2020 1:00,538,502,619,3063,3064,3003,2525,2562,2384
30/8/2020 1:30,505,563,583,2978,2979,2922,2473,2416,2339
30/8/2020 2:00,471,543,530,2912,2914,2861,2441,2371,2331
30/8/2020 2:30,437,466,503,2861,2864,2828,2424,2398,2325
30/8/2020 3:00,403,433,480,2825,2829,2787,2422,2396,2307
30/8/2020 3:30,369,407,482,2807,2812,2776,2438,2405,2294
30/8/2020 4:00,336,376,460,2807,2812,2769,2471,2436,2309
30/8/2020 4:30,301,344,384,2811,2826,2763,2510,2482,2379
30/8/2020 5:00,273,312,377,2818,2829,2789,2545,2517,2412
30/8/2020 5:30,251,255,323,2834,2848,2813,2583,2593,2490
30/8/2020 6:00,231,233,277,2865,2887,2864,2634,2654,2587
30/8/2020 6:30,213,238,211,2918,2927,2842,2705,2689,2631
30/8/2020 7:00,191,212,192,3004,2985,2927,2813,2773,2735
30/8/2020 7:30,165,171,153,3149,3123,3071,2984,2952,2918
30/8/2020 8:00,130,129,112,3346,3335,3256,3216,3206,3144
30/8/2020 8:30,86,73,64,3525,3531,3453,3439,3458,3389
30/8/2020 9:00,60,46,24,3676,3693,3654,3616,3647,3630
30/8/2020 9:30,51,18,0,3816,3842,3824,3765,3824,3824
30/8/2020 10:00,45,17,0,3943,3975,3981,3898,3958,3981
30/8/2020 10:30,43,15,58,4032,4070,4082,3989,4055,4024
30/8/2020 11:00,40,15,59,4085,4131,4150,4045,4116,4091
30/8/2020 11:30,36,13,56,4141,4182,4202,4105,4169,4146
30/8/2020 12:00,32,13,27,4198,4230,4279,4166,4217,4252
30/8/2020 12:30,29,12,0,4220,4243,4326,4191,4231,4326
30/8/2020 13:00,26,11,0,4198,4217,4315,4172,4206,4315
30/8/2020 13:30,25,11,0,4141,4160,4239,4116,4149,4239
30/8/2020 14:00,23,10,0,4063,4083,4160,4040,4073,4160
30/8/2020 14:30,23,12,0,4010,4031,4102,3987,4019,4102
30/8/2020 15:00,22,12,0,3990,4009,4072,3968,3997,4072
30/8/2020 15:30,23,13,0,3990,4009,4062,3967,3996,4062
30/8/2020 16:00,24,15,0,4010,4031,4097,3986,4016,4097
30/8/2020 16:30,26,15,0,4071,4099,4158,4045,4084,4158
30/8/2020 17:00,28,14,0,4161,4198,4273,4133,4184,4273
30/8/2020 17:30,32,13,0,4223,4266,4355,4191,4253,4355
30/8/2020 18:00,40,15,0,4241,4284,4361,4201,4269,4361
30/8/2020 18:30,53,20,0,4211,4254,4310,4158,4234,4310
30/8/2020 19:00,75,33,0,4148,4189,4270,4073,4156,4270
30/8/2020 19:30,106,59,0,4116,4154,4230,4010,4095,4230
30/8/2020 20:00,136,89,47,4124,4158,4202,3988,4069,4155
30/8/2020 20:30,163,123,65,4142,4173,4283,3979,4050,4218
30/8/2020 21:00,186,163,109,4143,4170,4276,3957,4007,4167
30/8/2020 21:30,206,168,141,4051,4073,4089,3845,3905,3948
30/8/2020 22:00,228,196,167,3867,3882,3868,3639,3686,3701
30/8/2020 22:30,252,211,178,3675,3686,3655,3423,3475,3477
30/8/2020 23:00,239,236,190,3503,3507,3455,3264,3271,3265
30/8/2020 23:30,248,222,204,3337,3347,3268,3089,3125,3064
31/8/2020 0:00,264,242,192,3186,3196,3154,2922,2954,2962
31/8/2020 0:30,287,243,207,3063,3075,3040,2776,2832,2833
31/8/2020 1:00,317,275,239,2972,2982,2957,2655,2707,2718
31/8/2020 1:30,353,320,260,2906,2915,2887,2553,2595,2627
31/8/2020 2:00,393,374,283,2861,2868,2847,2468,2494,2564
31/8/2020 2:30,436,368,334,2828,2833,2807,2392,2465,2473
31/8/2020 3:00,487,430,403,2804,2808,2778,2317,2378,2375
31/8/2020 3:30,545,424,517,2788,2791,2755,2243,2367,2238
31/8/2020 4:00,595,494,640,2782,2786,2751,2187,2292,2111
31/8/2020 4:30,637,538,726,2802,2812,2771,2165,2274,2045
31/8/2020 5:00,679,605,745,2853,2863,2826,2174,2258,2081
31/8/2020 5:30,721,670,753,2944,2960,2887,2223,2290,2134
31/8/2020 6:00,775,732,753,3089,3113,3074,2314,2381,2321
31/8/2020 6:30,839,823,808,3323,3339,3194,2484,2516,2386
31/8/2020 7:00,881,870,848,3634,3628,3500,2753,2758,2652
31/8/2020 7:30,902,937,909,3932,3920,3818,3030,2983,2909
31/8/2020 8:00,886,914,934,4186,4190,4111,3300,3276,3177
31/8/2020 8:30,835,835,964,4376,4395,4299,3541,3560,3335
31/8/2020 9:00,809,797,1002,4496,4526,4419,3687,3729,3417
31/8/2020 9:30,810,742,1089,4560,4590,4503,3750,3848,3414
31/8/2020 10:00,889,803,1145,4578,4598,4506,3689,3795,3361
31/8/2020 10:30,1045,938,1260,4583,4599,4527,3538,3661,3267
31/8/2020 11:00,1161,1086,1335,4587,4604,4540,3426,3518,3205
31/8/2020 11:30,1236,1240,1458,4599,4615,4555,3363,3375,3097
31/8/2020 12:00,1282,1327,1464,4614,4639,4567,3332,3312,3103
31/8/2020 12:30,1298,1405,1492,4604,4632,4595,3306,3227,3103
31/8/2020 13:00,1300,1421,1501,4567,4593,4589,3267,3172,3088
31/8/2020 13:30,1289,1539,1515,4528,4547,4493,3239,3008,2978
31/8/2020 14:00,1270,1532,1452,4496,4508,4466,3226,2976,3014
31/8/2020 14:30,1244,1472,1446,4485,4494,4451,3241,3022,3005
31/8/2020 15:00,1221,1445,1470,4497,4510,4454,3276,3065,2984
31/8/2020 15:30,1200,1294,1550,4523,4541,4512,3323,3247,2962
31/8/2020 16:00,1171,1270,1549,4568,4591,4564,3397,3321,3015
31/8/2020 16:30,1132,1229,1415,4662,4683,4680,3530,3454,3265
31/8/2020 17:00,1092,1185,1339,4788,4801,4831,3696,3616,3492
31/8/2020 17:30,1050,1121,1343,4846,4849,4945,3796,3728,3602
31/8/2020 18:00,1021,1079,1308,4818,4811,4876,3797,3732,3568
31/8/2020 18:30,1005,1090,1323,4738,4725,4774,3733,3635,3451
31/8/2020 19:00,1008,1094,1285,4635,4621,4662,3627,3527,3377
31/8/2020 19:30,1029,1178,1275,4598,4589,4587,3569,3411,3312
31/8/2020 20:00,1074,1226,1334,4628,4627,4574,3554,3401,3240
31/8/2020 20:30,1140,1296,1370,4628,4638,4661,3488,3342,3291
31/8/2020 21:00,1206,1390,1435,4567,4584,4601,3361,3194,3166
31/8/2020 21:30,1269,1498,1378,4413,4428,4343,3144,2930,2965
31/8/2020 22:00,1324,1568,1393,4176,4181,4066,2852,2613,2673
31/8/2020 22:30,1369,1667,1349,3926,3923,3824,2557,2256,2475
31/8/2020 23:00,1482,1688,1320,3681,3679,3572,2199,1991,2252
31/8/2020 23:30,1501,1689,1381,3462,3459,3385,1961,1770,2004
1/9/2020 0:00,1511,1681,1522,3277,3274,3281,1766,1593,1759
1/9/2020 0:30,1512,1671,1537,3147,3145,3147,1635,1474,1610
1/9/2020 1:00,1501,1654,1503,3069,3066,3052,1568,1412,1549
1/9/2020 1:30,1478,1526,1467,3007,3005,2983,1529,1479,1516
1/9/2020 2:00,1442,1506,1474,2954,2952,2918,1512,1446,1444
1/9/2020 2:30,1393,1352,1422,2916,2914,2893,1523,1562,1471
1/9/2020 3:00,1340,1313,1337,2895,2892,2870,1555,1579,1533
1/9/2020 3:30,1282,1329,1324,2886,2883,2863,1604,1554,1539
1/9/2020 4:00,1238,1273,1268,2889,2888,2875,1651,1615,1607
1/9/2020 4:30,1208,1235,1215,2902,2907,2888,1694,1672,1673
1/9/2020 5:00,1189,1194,1144,2935,2942,2947,1746,1748,1803
1/9/2020 5:30,1179,1149,1129,3038,3049,3016,1859,1900,1887
1/9/2020 6:00,1165,1128,1114,3222,3239,3205,2057,2111,2091
1/9/2020 6:30,1147,1087,1106,3491,3496,3400,2344,2409,2294
1/9/2020 7:00,1125,1086,1061,3818,3802,3751,2693,2716,2690
1/9/2020 7:30,1099,1101,995,4107,4083,4113,3008,2982,3118
1/9/2020 8:00,1076,1101,979,4335,4320,4413,3259,3219,3434
1/9/2020 8:30,1058,1066,963,4509,4495,4562,3451,3429,3599
1/9/2020 9:00,1081,1071,957,4628,4609,4634,3547,3538,3677
1/9/2020 9:30,1143,1100,939,4694,4669,4674,3551,3569,3735
1/9/2020 10:00,1173,1135,1103,4715,4687,4696,3542,3552,3593
1/9/2020 10:30,1170,1166,1221,4723,4698,4693,3553,3532,3472
1/9/2020 11:00,1182,1205,1270,4732,4712,4728,3550,3507,3458
1/9/2020 11:30,1208,1202,1336,4751,4721,4752,3543,3519,3416
1/9/2020 12:00,1220,1233,1371,4778,4745,4780,3558,3512,3409
1/9/2020 12:30,1219,1227,1407,4777,4749,4821,3558,3522,3414
1/9/2020 13:00,1226,1223,1521,4746,4724,4798,3520,3501,3277
1/9/2020 13:30,1242,1195,1506,4700,4683,4703,3458,3488,3197
1/9/2020 14:00,1254,1179,1525,4652,4634,4659,3398,3455,3134
1/9/2020 14:30,1263,1271,1598,4625,4607,4625,3362,3336,3027
1/9/2020 15:00,1268,1277,1687,4623,4608,4650,3355,3331,2963
1/9/2020 15:30,1268,1363,1693,4638,4630,4682,3370,3267,2989
1/9/2020 16:00,1263,1364,1674,4675,4678,4732,3412,3314,3058
1/9/2020 16:30,1255,1405,1667,4757,4775,4862,3502,3370,3195
1/9/2020 17:00,1247,1373,1603,4867,4898,4977,3620,3525,3374
1/9/2020 17:30,1239,1346,1457,4905,4942,5034,3666,3596,3577
1/9/2020 18:00,1230,1316,1370,4856,4891,4951,3626,3575,3581
1/9/2020 18:30,1221,1409,1366,4756,4787,4826,3535,3378,3460
1/9/2020 19:00,1275,1437,1353,4642,4669,4725,3367,3232,3372
1/9/2020 19:30,1390,1528,1384,4610,4638,4664,3220,3110,3280
1/9/2020 20:00,1491,1625,1472,4656,4686,4675,3165,3061,3203
1/9/2020 20:30,1577,1762,1629,4664,4677,4734,3087,2915,3105
1/9/2020 21:00,1660,1862,1828,4600,4579,4650,2940,2717,2822
1/9/2020 21:30,1740,1784,1984,4442,4417,4394,2702,2633,2410
1/9/2020 22:00,1828,1876,2188,4205,4201,4134,2377,2325,1946
1/9/2020 22:30,1924,1942,2270,3958,3959,3872,2034,2017,1602
1/9/2020 23:00,1970,2037,2383,3709,3710,3619,1739,1673,1236
1/9/2020 23:30,2043,2119,2578,3493,3491,3433,1450,1372,855
2/9/2020 0:00,2104,2196,2717,3320,3319,3304,1216,1123,587
2/9/2020 0:30,2152,2330,2635,3191,3192,3202,1039,862,567
2/9/2020 1:00,2193,2366,2564,3104,3104,3102,911,738,538
2/9/2020 1:30,2227,2480,2460,3036,3038,3017,809,558,557
2/9/2020 2:00,2249,2481,2420,2984,2986,2996,735,505,576
2/9/2020 2:30,2259,2515,2404,2945,2946,2951,686,431,547
2/9/2020 3:00,2269,2513,2284,2918,2920,2902,649,407,618
2/9/2020 3:30,2281,2579,2250,2909,2909,2880,628,330,630
2/9/2020 4:00,2284,2562,2261,2915,2917,2890,631,355,629
2/9/2020 4:30,2278,2559,2272,2931,2929,2893,653,370,621
2/9/2020 5:00,2275,2560,2326,2966,2966,2948,691,406,622
2/9/2020 5:30,2273,2463,2401,3068,3071,3032,795,608,631
2/9/2020 6:00,2280,2472,2599,3253,3256,3249,973,784,650
2/9/2020 6:30,2296,2422,2709,3530,3530,3451,1234,1108,742
2/9/2020 7:00,2306,2428,2861,3875,3869,3803,1569,1441,942
2/9/2020 7:30,2312,2405,3002,4174,4174,4213,1862,1769,1211
2/9/2020 8:00,2307,2393,2801,4401,4415,4469,2094,2022,1668
2/9/2020 8:30,2291,2362,2627,4563,4572,4602,2272,2210,1975
2/9/2020 9:00,2276,2320,2538,4665,4652,4711,2389,2332,2173
2/9/2020 9:30,2262,2406,2363,4722,4696,4771,2460,2290,2408
2/9/2020 10:00,2272,2364,2318,4745,4720,4822,2473,2356,2504
2/9/2020 10:30,2306,2457,2219,4763,4742,4853,2457,2285,2634
2/9/2020 11:00,2346,2430,2246,4783,4766,4894,2437,2336,2648
2/9/2020 11:30,2393,2441,2189,4811,4800,4885,2418,2359,2696
2/9/2020 12:00,2426,2435,2326,4839,4830,4922,2413,2395,2596
2/9/2020 12:30,2447,2377,2336,4844,4834,4971,2397,2457,2635
2/9/2020 13:00,2476,2406,2263,4823,4809,4915,2347,2403,2652
2/9/2020 13:30,2512,2405,2192,4788,4776,4834,2276,2371,2642
2/9/2020 14:00,2528,2426,2230,4748,4746,4822,2220,2320,2592
2/9/2020 14:30,2524,2384,2187,4734,4746,4815,2210,2362,2628
2/9/2020 15:00,2499,2347,2184,4750,4777,4805,2251,2430,2621
2/9/2020 15:30,2456,2279,2259,4786,4825,4871,2330,2546,2612
2/9/2020 16:00,2419,2249,2291,4845,4887,4946,2426,2638,2655
2/9/2020 16:30,2390,2223,2279,4940,4979,5067,2550,2756,2788
2/9/2020 17:00,2364,2211,2364,5051,5080,5189,2687,2869,2825
2/9/2020 17:30,2341,2135,2322,5085,5104,5225,2744,2969,2903
2/9/2020 18:00,2332,2147,2267,5028,5039,5113,2696,2892,2846
2/9/2020 18:30,2338,2166,2369,4927,4941,4969,2589,2775,2600
2/9/2020 19:00,2348,2167,2382,4814,4839,4852,2466,2672,2470
2/9/2020 19:30,2361,2204,2389,4775,4798,4767,2414,2594,2378
2/9/2020 20:00,2341,2197,2401,4802,4807,4724,2461,2610,2323
2/9/2020 20:30,2288,2277,2479,4771,4768,4815,2483,2491,2336
2/9/2020 21:00,2240,2265,2619,4658,4656,4741,2418,2391,2122
2/9/2020 21:30,2199,2245,2687,4485,4481,4522,2286,2236,1835
2/9/2020 22:00,2179,2183,2648,4266,4255,4241,2087,2072,1593
2/9/2020 22:30,2182,2153,2459,4031,4013,3967,1849,1860,1508
2/9/2020 23:00,2194,2085,2349,3766,3770,3732,1572,1685,1383
2/9/2020 23:30,2125,2049,2208,3550,3541,3534,1425,1492,1326
3/9/2020 0:00,2080,2007,2135,3369,3365,3377,1289,1358,1242
3/9/2020 0:30,2057,2127,2231,3240,3239,3263,1183,1112,1032
3/9/2020 1:00,2040,2077,2137,3158,3157,3151,1118,1080,1014
3/9/2020 1:30,2028,2105,2158,3096,3096,3074,1068,991,916
3/9/2020 2:00,1988,2054,2204,3045,3046,3039,1057,992,835
3/9/2020 2:30,1919,2008,2078,3001,3003,2982,1082,995,904
3/9/2020 3:00,1859,1960,2047,2966,2968,2961,1107,1008,914
3/9/2020 3:30,1807,1864,1988,2950,2953,2969,1143,1089,981
3/9/2020 4:00,1765,1813,1908,2954,2959,2957,1189,1146,1049
3/9/2020 4:30,1732,1758,1921,2967,2974,2991,1235,1216,1070
3/9/2020 5:00,1707,1734,1976,2999,3007,3015,1292,1273,1039
3/9/2020 5:30,1690,1799,1973,3095,3103,3082,1405,1304,1109
3/9/2020 6:00,1674,1786,1858,3271,3277,3292,1597,1491,1434
3/9/2020 6:30,1660,1775,1804,3536,3545,3502,1876,1770,1698
3/9/2020 7:00,1653,1765,1801,3867,3883,3877,2214,2118,2076
3/9/2020 7:30,1654,1773,1776,4163,4182,4243,2509,2409,2467
3/9/2020 8:00,1682,1790,1711,4394,4414,4472,2712,2624,2761
3/9/2020 8:30,1739,1875,1741,4552,4579,4586,2813,2704,2845
3/9/2020 9:00,1851,1961,1811,4641,4680,4669,2790,2719,2858
3/9/2020 9:30,2018,2018,1967,4678,4739,4703,2660,2721,2736
3/9/2020 10:00,2139,2121,1983,4678,4757,4661,2539,2636,2678
3/9/2020 10:30,2215,2199,2142,4677,4761,4677,2462,2562,2535
3/9/2020 11:00,2306,2333,2426,4684,4759,4703,2378,2426,2277
3/9/2020 11:30,2413,2436,2675,4698,4773,4705,2285,2337,2030
3/9/2020 12:00,2515,2557,2708,4714,4788,4710,2199,2231,2002
3/9/2020 12:30,2612,2648,2804,4708,4774,4777,2096,2126,1973
3/9/2020 13:00,2679,2695,2890,4678,4727,4744,1999,2032,1854
3/9/2020 13:30,2717,2706,2984,4634,4675,4651,1917,1969,1667
3/9/2020 14:00,2747,2722,2892,4588,4630,4590,1841,1908,1698
3/9/2020 14:30,2767,2770,2915,4574,4610,4573,1807,1840,1658
3/9/2020 15:00,2735,2741,2847,4596,4620,4595,1861,1879,1748
3/9/2020 15:30,2650,2771,2658,4632,4655,4619,1982,1884,1961
3/9/2020 16:00,2573,2695,2654,4681,4716,4676,2108,2021,2022
3/9/2020 16:30,2505,2634,2604,4759,4804,4789,2254,2170,2185
3/9/2020 17:00,2411,2532,2485,4852,4901,4914,2441,2369,2429
3/9/2020 17:30,2292,2398,2436,4878,4920,4980,2586,2522,2544
3/9/2020 18:00,2151,2262,2260,4824,4849,4886,2673,2587,2626
3/9/2020 18:30,1989,2105,2138,4718,4726,4788,2729,2621,2650
3/9/2020 19:00,1847,1956,2059,4595,4590,4654,2748,2634,2595
3/9/2020 19:30,1727,1744,1935,4567,4553,4596,2840,2809,2661
3/9/2020 20:00,1635,1646,1830,4624,4611,4582,2989,2965,2752
3/9/2020 20:30,1570,1590,1757,4626,4628,4734,3056,3038,2977
3/9/2020 21:00,1522,1555,1670,4541,4564,4674,3019,3009,3004
3/9/2020 21:30,1491,1508,1624,4383,4401,4446,2892,2893,2822
3/9/2020 22:00,1463,1487,1609,4166,4154,4182,2703,2667,2573
3/9/2020 22:30,1438,1453,1639,3934,3908,3932,2496,2455,2293
3/9/2020 23:00,1418,1424,1607,3688,3687,3705,2270,2263,2098
3/9/2020 23:30,1391,1443,1615,3498,3499,3503,2107,2056,1888
4/9/2020 0:00,1376,1410,1632,3340,3342,3362,1964,1932,1730
4/9/2020 0:30,1373,1381,1582,3213,3215,3244,1840,1834,1662
4/9/2020 1:00,1367,1380,1602,3113,3113,3159,1746,1733,1557
4/9/2020 1:30,1356,1402,1603,3036,3036,3089,1680,1634,1486
4/9/2020 2:00,1355,1415,1559,2980,2980,3007,1625,1565,1448
4/9/2020 2:30,1362,1468,1548,2938,2939,2974,1576,1471,1426
4/9/2020 3:00,1364,1461,1599,2912,2913,2942,1548,1452,1343
4/9/2020 3:30,1359,1456,1564,2902,2902,2920,1543,1446,1356
4/9/2020 4:00,1355,1441,1614,2907,2907,2946,1552,1466,1332
4/9/2020 4:30,1353,1411,1643,2921,2921,2966,1568,1510,1323
4/9/2020 5:00,1353,1404,1590,2952,2955,3015,1599,1551,1425
4/9/2020 5:30,1355,1417,1555,3039,3045,3105,1684,1628,1550
4/9/2020 6:00,1357,1408,1467,3202,3211,3267,1845,1803,1800
4/9/2020 6:30,1357,1409,1489,3480,3487,3464,2123,2078,1975
4/9/2020 7:00,1355,1395,1441,3845,3846,3803,2490,2451,2362
4/9/2020 7:30,1350,1383,1446,4143,4146,4200,2793,2763,2754
4/9/2020 8:00,1337,1368,1424,4346,4357,4441,3009,2989,3017
4/9/2020 8:30,1315,1383,1481,4500,4510,4545,3185,3127,3064
4/9/2020 9:00,1410,1428,1536,4613,4609,4613,3203,3181,3077
4/9/2020 9:30,1621,1497,1566,4676,4651,4650,3055,3154,3084
4/9/2020 10:00,1792,1607,1582,4694,4647,4611,2902,3040,3029
4/9/2020 10:30,1921,1706,1695,4698,4647,4612,2777,2941,2917
4/9/2020 11:00,1991,1789,1868,4700,4658,4634,2709,2869,2766
4/9/2020 11:30,2002,1831,1933,4711,4681,4645,2709,2850,2712
4/9/2020 12:00,2045,1895,2071,4724,4697,4637,2679,2802,2566
4/9/2020 12:30,2122,2028,2163,4710,4690,4681,2588,2662,2518
4/9/2020 13:00,2186,2110,2187,4663,4653,4640,2477,2543,2453
4/9/2020 13:30,2238,2166,2309,4602,4592,4545,2364,2426,2236
4/9/2020 14:00,2267,2213,2305,4537,4518,4518,2270,2305,2213
4/9/2020 14:30,2275,2223,2403,4495,4473,4478,2220,2250,2075
4/9/2020 15:00,2279,2227,2521,4483,4466,4509,2204,2239,1988
4/9/2020 15:30,2279,2292,2455,4495,4479,4472,2216,2187,2017
4/9/2020 16:00,2279,2275,2498,4533,4513,4532,2254,2238,2034
4/9/2020 16:30,2278,2220,2409,4603,4588,4582,2325,2368,2173
4/9/2020 17:00,2264,2169,2431,4690,4685,4693,2426,2516,2262
4/9/2020 17:30,2234,2095,2355,4717,4718,4743,2483,2623,2388
4/9/2020 18:00,2181,2026,2236,4670,4674,4691,2489,2648,2455
4/9/2020 18:30,2105,2084,2170,4570,4581,4622,2465,2497,2452
4/9/2020 19:00,2025,1996,2003,4451,4476,4520,2426,2480,2517
4/9/2020 19:30,1941,1908,1965,4432,4465,4450,2491,2557,2485
4/9/2020 20:00,1872,1838,1818,4504,4541,4436,2632,2703,2618
4/9/2020 20:30,1816,1805,1835,4515,4551,4576,2699,2746,2741
4/9/2020 21:00,1755,1756,1728,4432,4460,4468,2677,2704,2740
4/9/2020 21:30,1689,1671,1810,4269,4285,4313,2580,2614,2503
4/9/2020 22:00,1638,1646,1803,4047,4051,4115,2409,2405,2312
4/9/2020 22:30,1604,1610,1774,3838,3836,3923,2234,2226,2149
4/9/2020 23:00,1608,1595,1842,3657,3657,3715,2049,2062,1873
4/9/2020 23:30,1599,1556,1938,3497,3503,3565,1898,1947,1627
5/9/2020 0:00,1565,1535,1908,3353,3359,3408,1788,1824,1500
5/9/2020 0:30,1507,1522,1759,3232,3239,3265,1725,1717,1506
5/9/2020 1:00,1451,1465,1745,3134,3139,3156,1683,1674,1411
5/9/2020 1:30,1397,1462,1694,3045,3049,3066,1648,1587,1372
5/9/2020 2:00,1363,1407,1692,2965,2970,3000,1602,1563,1308
5/9/2020 2:30,1351,1395,1574,2906,2909,2943,1555,1514,1369
5/9/2020 3:00,1348,1382,1545,2870,2870,2911,1522,1488,1366
5/9/2020 3:30,1355,1490,1512,2855,2856,2888,1500,1366,1376
5/9/2020 4:00,1360,1491,1504,2859,2863,2875,1499,1372,1371
5/9/2020 4:30,1365,1512,1570,2870,2876,2893,1505,1364,1323
5/9/2020 5:00,1360,1499,1546,2890,2897,2934,1530,1398,1388
5/9/2020 5:30,1344,1483,1475,2927,2935,2969,1583,1452,1494
5/9/2020 6:00,1318,1442,1463,2993,3002,3055,1675,1560,1592
5/9/2020 6:30,1281,1371,1486,3115,3125,3100,1834,1754,1614
5/9/2020 7:00,1256,1342,1465,3293,3305,3209,2037,1963,1744
5/9/2020 7:30,1243,1292,1393,3495,3506,3404,2252,2214,2011
5/9/2020 8:00,1232,1281,1312,3704,3714,3648,2472,2433,2336
5/9/2020 8:30,1223,1284,1133,3888,3896,3856,2665,2612,2723
5/9/2020 9:00,1255,1308,1049,4034,4040,4055,2779,2732,3006
5/9/2020 9:30,1330,1235,1204,4132,4138,4200,2802,2903,2996
5/9/2020 10:00,1400,1305,1289,4185,4192,4255,2785,2887,2966
5/9/2020 10:30,1466,1416,1498,4223,4229,4272,2757,2813,2774
5/9/2020 11:00,1524,1538,1720,4253,4251,4260,2729,2713,2540
5/9/2020 11:30,1576,1667,1854,4274,4271,4290,2698,2604,2436
5/9/2020 12:00,1623,1755,1997,4285,4270,4318,2662,2515,2321
5/9/2020 12:30,1664,1692,2042,4276,4253,4335,2612,2561,2293
5/9/2020 13:00,1706,1712,2053,4245,4217,4337,2539,2505,2284
5/9/2020 13:30,1750,1767,1952,4188,4166,4253,2438,2399,2301
5/9/2020 14:00,1767,1748,1877,4115,4107,4165,2348,2359,2288
5/9/2020 14:30,1756,1743,1777,4070,4071,4116,2314,2328,2339
5/9/2020 15:00,1719,1697,1703,4060,4062,4076,2341,2365,2373
5/9/2020 15:30,1656,1739,1754,4073,4078,4087,2417,2339,2333
5/9/2020 16:00,1620,1719,1700,4111,4118,4118,2491,2399,2418
5/9/2020 16:30,1613,1778,1801,4188,4192,4227,2575,2414,2426
5/9/2020 17:00,1580,1749,1856,4292,4290,4356,2712,2541,2500
5/9/2020 17:30,1523,1643,1727,4354,4352,4460,2831,2709,2733
5/9/2020 18:00,1428,1544,1664,4358,4361,4523,2930,2817,2859
5/9/2020 18:30,1295,1367,1540,4307,4312,4483,3012,2945,2943
5/9/2020 19:00,1177,1245,1371,4226,4230,4403,3049,2985,3032
5/9/2020 19:30,1074,1173,1347,4227,4225,4300,3153,3052,2953
5/9/2020 20:00,994,1091,1342,4298,4288,4267,3304,3197,2925
5/9/2020 20:30,937,1092,1188,4293,4279,4318,3356,3187,3130
5/9/2020 21:00,889,1046,1034,4187,4175,4225,3298,3129,3191
5/9/2020 21:30,849,893,984,4038,4046,4065,3189,3153,3081
5/9/2020 22:00,831,904,965,3863,3900,3874,3032,2996,2909
5/9/2020 22:30,834,882,970,3680,3726,3720,2846,2844,2750
5/9/2020 23:00,1122,900,966,3527,3533,3548,2405,2633,2582
5/9/2020 23:30,1184,1020,998,3384,3404,3401,2200,2384,2403
6/9/2020 0:00,1236,1024,1034,3292,3312,3276,2056,2288,2242
6/9/2020 0:30,1279,1006,1096,3193,3213,3142,1914,2207,2046
6/9/2020 1:00,1277,998,1147,3080,3100,3058,1803,2102,1911
6/9/2020 1:30,1230,942,1054,2987,3007,2972,1757,2065,1918
6/9/2020 2:00,1173,941,963,2920,2940,2918,1747,1999,1955
6/9/2020 2:30,1108,936,874,2870,2889,2867,1762,1953,1993
6/9/2020 3:00,1061,916,824,2836,2854,2832,1775,1938,2008
6/9/2020 3:30,1032,872,772,2817,2834,2814,1785,1962,2042
6/9/2020 4:00,1006,839,764,2813,2830,2802,1807,1991,2038
6/9/2020 4:30,983,795,716,2821,2849,2796,1838,2054,2080
6/9/2020 5:00,957,796,779,2837,2863,2817,1880,2067,2038
6/9/2020 5:30,927,814,839,2852,2882,2826,1925,2068,1987
6/9/2020 6:00,897,804,920,2873,2911,2897,1976,2107,1977
6/9/2020 6:30,865,708,942,2941,2966,2937,2076,2258,1995
6/9/2020 7:00,834,666,858,3060,3054,2985,2226,2388,2127
6/9/2020 7:30,803,632,772,3200,3185,3101,2397,2553,2329
6/9/2020 8:00,795,625,758,3356,3356,3300,2561,2731,2542
6/9/2020 8:30,808,640,616,3528,3546,3518,2720,2906,2902
6/9/2020 9:00,813,645,576,3707,3739,3705,2894,3094,3129
6/9/2020 9:30,810,646,559,3852,3899,3866,3042,3253,3307
6/9/2020 10:00,792,632,534,3959,4019,4024,3167,3387,3490
6/9/2020 10:30,758,670,522,4049,4109,4145,3291,3439,3623
6/9/2020 11:00,722,660,453,4128,4177,4209,3406,3517,3756
6/9/2020 11:30,684,622,478,4192,4248,4264,3508,3626,3786
6/9/2020 12:00,659,619,478,4237,4310,4341,3578,3691,3863
6/9/2020 12:30,647,540,459,4248,4334,4394,3601,3794,3935
6/9/2020 13:00,639,556,466,4223,4313,4383,3584,3757,3917
6/9/2020 13:30,636,554,436,4173,4254,4303,3537,3700,3867
6/9/2020 14:00,631,566,439,4108,4167,4205,3477,3601,3766
6/9/2020 14:30,625,529,433,4062,4104,4127,3437,3575,3694
6/9/2020 15:00,616,540,425,4043,4074,4085,3427,3534,3660
6/9/2020 15:30,605,577,446,4047,4074,4062,3442,3497,3616
6/9/2020 16:00,584,567,434,4074,4102,4101,3490,3535,3667
6/9/2020 16:30,554,524,355,4131,4169,4177,3577,3645,3822
6/9/2020 17:00,530,490,337,4209,4261,4292,3679,3771,3955
6/9/2020 17:30,511,384,296,4264,4329,4382,3753,3945,4086
6/9/2020 18:00,488,339,271,4282,4352,4414,3794,4013,4143
6/9/2020 18:30,460,259,285,4240,4308,4374,3780,4049,4089
6/9/2020 19:00,438,228,275,4171,4225,4343,3733,3997,4068
6/9/2020 19:30,422,187,292,4212,4251,4298,3790,4064,4006
6/9/2020 20:00,406,181,324,4345,4370,4360,3939,4189,4036
6/9/2020 20:30,390,155,380,4356,4375,4446,3966,4220,4066
6/9/2020 21:00,396,176,445,4221,4241,4334,3825,4065,3889
6/9/2020 21:30,423,219,452,4062,4074,4105,3639,3855,3653
6/9/2020 22:00,461,281,491,3904,3898,3860,3443,3617,3369
6/9/2020 22:30,511,386,585,3723,3716,3637,3212,3330,3052
6/9/2020 23:00,523,467,701,3524,3527,3416,3001,3060,2715
6/9/2020 23:30,615,578,835,3346,3354,3217,2731,2776,2382
7/9/2020 0:00,694,673,987,3185,3190,3109,2491,2517,2122
7/9/2020 0:30,761,848,1222,3065,3069,3013,2304,2221,1791
7/9/2020 1:00,847,957,1312,2984,2987,2922,2137,2030,1610
7/9/2020 1:30,954,1050,1468,2922,2926,2866,1968,1876,1398
7/9/2020 2:00,1054,1158,1617,2873,2877,2831,1819,1719,1214
7/9/2020 2:30,1145,1328,1736,2836,2840,2787,1691,1512,1051
7/9/2020 3:00,1232,1414,1831,2810,2814,2767,1578,1400,936
7/9/2020 3:30,1315,1626,1889,2796,2799,2763,1481,1173,874
7/9/2020 4:00,1385,1685,2002,2794,2798,2752,1409,1113,750
7/9/2020 4:30,1443,1757,2077,2808,2808,2778,1365,1051,701
7/9/2020 5:00,1513,1814,2188,2847,2847,2849,1334,1033,661
7/9/2020 5:30,1596,1968,2143,2947,2953,2923,1351,985,780
7/9/2020 6:00,1678,2024,2261,3127,3143,3128,1449,1119,867
7/9/2020 6:30,1759,2086,2361,3431,3434,3368,1672,1348,1007
7/9/2020 7:00,1833,2143,2450,3826,3800,3749,1993,1657,1299
7/9/2020 7:30,1899,2258,2524,4134,4110,4115,2235,1852,1591
7/9/2020 8:00,1964,2292,2537,4328,4338,4396,2364,2046,1859
7/9/2020 8:30,2025,2365,2479,4481,4506,4515,2456,2141,2036
7/9/2020 9:00,2069,2380,2412,4608,4623,4607,2539,2243,2195
7/9/2020 9:30,2096,2433,2462,4683,4700,4663,2587,2267,2201
7/9/2020 10:00,2123,2430,2455,4710,4744,4669,2587,2314,2214
7/9/2020 10:30,2149,2401,2453,4729,4770,4679,2580,2369,2226
7/9/2020 11:00,2169,2400,2595,4752,4789,4719,2583,2389,2124
7/9/2020 11:30,2183,2503,2600,4788,4831,4739,2605,2328,2139
7/9/2020 12:00,2209,2529,2561,4833,4869,4753,2624,2340,2192
7/9/2020 12:30,2246,2501,2600,4850,4877,4811,2604,2376,2211
7/9/2020 13:00,2282,2486,2602,4835,4849,4848,2553,2363,2246
7/9/2020 13:30,2316,2402,2466,4805,4809,4742,2489,2407,2276
7/9/2020 14:00,2305,2335,2461,4771,4766,4709,2466,2431,2248
7/9/2020 14:30,2248,2338,2390,4754,4744,4680,2506,2406,2290
7/9/2020 15:00,2168,2253,2312,4762,4749,4707,2594,2496,2395
7/9/2020 15:30,2067,2158,2255,4791,4775,4758,2724,2617,2503
7/9/2020 16:00,1969,2061,2186,4843,4827,4821,2874,2766,2635
7/9/2020 16:30,1876,1985,2167,4930,4920,4950,3054,2935,2783
7/9/2020 17:00,1776,1875,2080,5033,5034,5042,3257,3159,2962
7/9/2020 17:30,1670,1741,2019,5064,5064,5100,3394,3323,3081
7/9/2020 18:00,1577,1643,1930,5010,4998,4997,3433,3355,3067
7/9/2020 18:30,1498,1567,1748,4899,4888,4840,3401,3321,3092
7/9/2020 19:00,1427,1469,1643,4773,4777,4704,3346,3308,3061
7/9/2020 19:30,1363,1402,1636,4766,4777,4663,3403,3375,3027
7/9/2020 20:00,1304,1323,1717,4860,4868,4722,3556,3545,3005
7/9/2020 20:30,1251,1328,1578,4832,4838,4788,3581,3510,3210
7/9/2020 21:00,1204,1289,1538,4656,4660,4656,3452,3371,3118
7/9/2020 21:30,1165,1314,1559,4444,4437,4406,3279,3123,2847
7/9/2020 22:00,1131,1282,1522,4224,4197,4164,3093,2915,2642
7/9/2020 22:30,1104,1234,1463,3993,3951,3936,2889,2717,2473
7/9/2020 23:00,1145,1188,1452,3712,3709,3688,2567,2521,2236
7/9/2020 23:30,1084,1240,1429,3503,3504,3478,2419,2264,2049
8/9/2020 0:00,1030,1167,1355,3334,3333,3325,2304,2166,1970
8/9/2020 0:30,984,1055,1327,3211,3209,3219,2227,2154,1892
8/9/2020 1:00,949,993,1209,3129,3127,3135,2180,2134,1926
8/9/2020 1:30,928,974,1196,3068,3067,3081,2140,2093,1885
8/9/2020 2:00,902,939,1176,3022,3021,3037,2120,2082,1861
8/9/2020 2:30,873,948,1129,2989,2989,2993,2116,2041,1864
8/9/2020 3:00,842,940,1112,2970,2970,2961,2128,2030,1849
8/9/2020 3:30,810,960,1108,2964,2964,2942,2154,2004,1834
8/9/2020 4:00,799,960,1106,2970,2971,2961,2171,2011,1855
8/9/2020 4:30,808,948,1084,2986,2988,2986,2178,2040,1902
8/9/2020 5:00,819,950,1075,3024,3028,3043,2205,2078,1968
8/9/2020 5:30,832,1016,1078,3127,3134,3099,2295,2118,2021
8/9/2020 6:00,855,1036,1135,3314,3323,3296,2459,2287,2161
8/9/2020 6:30,887,1088,1177,3615,3621,3530,2728,2533,2353
8/9/2020 7:00,925,1112,1173,3997,3998,3889,3072,2886,2716
8/9/2020 7:30,970,1154,1141,4300,4307,4265,3330,3153,3124
8/9/2020 8:00,1020,1179,1153,4497,4519,4494,3477,3340,3341
8/9/2020 8:30,1077,1223,1164,4641,4655,4591,3564,3432,3427
8/9/2020 9:00,1138,1245,1235,4745,4731,4652,3607,3486,3417
8/9/2020 9:30,1202,1248,1270,4806,4769,4729,3604,3521,3459
8/9/2020 10:00,1253,1258,1314,4832,4783,4729,3579,3525,3415
8/9/2020 10:30,1292,1275,1382,4844,4793,4728,3552,3518,3346
8/9/2020 11:00,1316,1327,1417,4853,4815,4740,3537,3488,3323
8/9/2020 11:30,1328,1341,1495,4877,4830,4743,3549,3489,3248
8/9/2020 12:00,1364,1409,1590,4910,4863,4783,3546,3454,3193
8/9/2020 12:30,1426,1507,1619,4915,4876,4822,3489,3369,3203
8/9/2020 13:00,1525,1563,1619,4887,4862,4795,3362,3299,3176
8/9/2020 13:30,1661,1618,1599,4845,4826,4703,3184,3208,3104
8/9/2020 14:00,1749,1644,1669,4801,4777,4666,3052,3133,2997
8/9/2020 14:30,1789,1668,1802,4780,4756,4652,2991,3088,2850
8/9/2020 15:00,1803,1663,1866,4787,4771,4677,2984,3108,2811
8/9/2020 15:30,1793,1682,1882,4815,4805,4738,3022,3123,2856
8/9/2020 16:00,1757,1680,1898,4866,4859,4837,3109,3179,2939
8/9/2020 16:30,1695,1685,1916,4951,4951,4970,3256,3266,3054
8/9/2020 17:00,1674,1689,1865,5051,5060,5086,3377,3371,3221
8/9/2020 17:30,1696,1637,1816,5080,5082,5125,3384,3445,3309
8/9/2020 18:00,1733,1672,1812,5026,5004,5023,3293,3332,3211
8/9/2020 18:30,1785,1840,1889,4925,4883,4892,3140,3043,3003
8/9/2020 19:00,1810,1910,2018,4818,4767,4767,3008,2857,2749
8/9/2020 19:30,1809,2035,2136,4831,4777,4752,3022,2742,2616
8/9/2020 20:00,1782,2068,2099,4939,4888,4800,3157,2820,2701
8/9/2020 20:30,1731,2087,2150,4915,4858,4843,3184,2771,2693
8/9/2020 21:00,1658,2071,2263,4733,4659,4682,3075,2588,2419
8/9/2020 21:30,1564,2071,2281,4512,4430,4437,2948,2359,2156
8/9/2020 22:00,1443,1962,2204,4284,4203,4166,2841,2241,1962
8/9/2020 22:30,1297,1765,1947,4053,3972,3900,2756,2207,1953
8/9/2020 23:00,1558,1544,1659,3743,3741,3661,2185,2197,2002
8/9/2020 23:30,1380,1312,1508,3536,3534,3454,2156,2222,1946
9/9/2020 0:00,1232,1143,1326,3364,3362,3334,2132,2219,2008
9/9/2020 0:30,1115,1061,1275,3240,3240,3219,2125,2179,1944
9/9/2020 1:00,1060,1020,1231,3162,3163,3134,2102,2143,1903
9/9/2020 1:30,1069,1034,1192,3101,3101,3048,2032,2067,1856
9/9/2020 2:00,1076,1082,1297,3050,3049,3011,1974,1967,1714
9/9/2020 2:30,1081,1208,1366,3009,3005,2981,1928,1797,1615
9/9/2020 3:00,1099,1236,1436,2979,2974,2953,1880,1738,1517
9/9/2020 3:30,1130,1308,1464,2969,2962,2935,1839,1654,1471
9/9/2020 4:00,1135,1261,1446,2978,2972,2952,1843,1711,1506
9/9/2020 4:30,1115,1238,1520,2995,2987,2977,1880,1749,1457
9/9/2020 5:00,1095,1204,1567,3026,3020,3029,1931,1816,1462
9/9/2020 5:30,1073,1186,1454,3115,3112,3069,2042,1926,1615
9/9/2020 6:00,1071,1159,1426,3283,3283,3271,2212,2124,1845
9/9/2020 6:30,1086,1139,1405,3576,3568,3480,2490,2429,2075
9/9/2020 7:00,1090,1117,1378,3961,3937,3821,2871,2820,2443
9/9/2020 7:30,1083,1141,1317,4262,4229,4241,3179,3088,2924
9/9/2020 8:00,1093,1161,1257,4448,4417,4483,3355,3256,3226
9/9/2020 8:30,1120,1295,1207,4579,4543,4571,3459,3248,3364
9/9/2020 9:00,1214,1380,1122,4667,4620,4666,3453,3240,3544
9/9/2020 9:30,1377,1537,1095,4698,4655,4713,3321,3118,3618
9/9/2020 10:00,1478,1576,1089,4684,4658,4647,3206,3082,3558
9/9/2020 10:30,1518,1574,1245,4675,4659,4616,3157,3085,3371
9/9/2020 11:00,1527,1549,1309,4683,4666,4605,3156,3117,3296
9/9/2020 11:30,1504,1454,1273,4698,4682,4610,3194,3228,3337
9/9/2020 12:00,1486,1450,1474,4715,4691,4642,3229,3241,3168
9/9/2020 12:30,1473,1353,1461,4713,4682,4709,3240,3329,3248
9/9/2020 13:00,1452,1365,1431,4689,4650,4666,3237,3285,3235
9/9/2020 13:30,1423,1229,1381,4647,4608,4563,3224,3379,3182
9/9/2020 14:00,1392,1207,1458,4598,4563,4535,3206,3356,3077
9/9/2020 14:30,1358,1242,1413,4578,4540,4516,3220,3298,3103
9/9/2020 15:00,1309,1166,1313,4592,4545,4543,3283,3379,3230
9/9/2020 15:30,1244,1180,1285,4628,4588,4576,3384,3408,3291
9/9/2020 16:00,1176,1083,1190,4683,4667,4649,3507,3584,3459
9/9/2020 16:30,1104,919,1154,4771,4770,4764,3667,3851,3610
9/9/2020 17:00,1016,827,1079,4873,4871,4906,3857,4044,3827
9/9/2020 17:30,913,743,1021,4904,4896,4984,3991,4153,3963
9/9/2020 18:00,805,642,829,4850,4833,4920,4045,4191,4091
9/9/2020 18:30,692,544,632,4738,4721,4829,4046,4177,4197
9/9/2020 19:00,596,458,440,4617,4610,4711,4021,4152,4271
9/9/2020 19:30,517,424,355,4660,4658,4660,4143,4234,4305
9/9/2020 20:00,444,371,315,4835,4829,4757,4391,4458,4442
9/9/2020 20:30,375,371,266,4837,4828,4846,4462,4457,4580
9/9/2020 21:00,317,326,227,4636,4622,4741,4319,4296,4514
9/9/2020 21:30,269,237,208,4412,4390,4522,4143,4153,4314
9/9/2020 22:00,228,213,204,4204,4173,4241,3976,3960,4037
9/9/2020 22:30,195,131,191,3988,3951,3967,3793,3820,3776
9/9/2020 23:00,183,119,174,3726,3723,3732,3543,3604,3558
9/9/2020 23:30,161,90,168,3519,3519,3534,3358,3429,3366
10/9/2020 0:00,147,86,169,3342,3343,3377,3195,3257,3208
10/9/2020 0:30,141,79,177,3212,3214,3263,3071,3135,3086
10/9/2020 1:00,148,88,185,3126,3128,3151,2978,3040,2966
10/9/2020 1:30,165,107,192,3060,3062,3074,2895,2955,2882
10/9/2020 2:00,180,126,203,3008,3009,3039,2828,2883,2836
10/9/2020 2:30,191,146,215,2968,2970,2982,2777,2824,2767
10/9/2020 3:00,194,154,108,2943,2943,2963,2749,2789,2855
10/9/2020 3:30,191,158,116,2933,2934,2944,2742,2776,2828
10/9/2020 4:00,192,155,114,2940,2943,2945,2748,2788,2831
10/9/2020 4:30,196,152,102,2957,2962,2962,2761,2810,2860
10/9/2020 5:00,202,158,96,2992,3000,3018,2790,2842,2922
10/9/2020 5:30,209,172,113,3087,3098,3088,2878,2926,2975
10/9/2020 6:00,224,190,143,3265,3278,3295,3041,3088,3152
10/9/2020 6:30,245,154,174,3578,3587,3543,3333,3433,3369
10/9/2020 7:00,265,185,205,3989,3992,3892,3724,3807,3687
10/9/2020 7:30,282,221,225,4295,4306,4289,4013,4085,4064
10/9/2020 8:00,292,241,250,4467,4497,4554,4175,4256,4304
10/9/2020 8:30,295,228,232,4587,4625,4677,4292,4397,4445
10/9/2020 9:00,327,263,217,4673,4700,4768,4346,4437,4551
10/9/2020 9:30,389,326,252,4707,4723,4808,4318,4397,4556
10/9/2020 10:00,474,420,262,4696,4703,4772,4222,4283,4510
10/9/2020 10:30,583,549,413,4686,4690,4803,4103,4141,4390
10/9/2020 11:00,700,680,554,4688,4692,4801,3988,4012,4247
10/9/2020 11:30,823,802,716,4697,4706,4743,3874,3904,4027
10/9/2020 12:00,942,911,767,4708,4721,4739,3766,3810,3972
10/9/2020 12:30,1057,976,905,4699,4712,4775,3642,3736,3870
10/9/2020 13:00,1150,1058,1003,4669,4676,4729,3519,3618,3726
10/9/2020 13:30,1221,1072,1061,4628,4631,4662,3407,3559,3601
10/9/2020 14:00,1281,1153,1132,4586,4587,4613,3305,3434,3481
10/9/2020 14:30,1331,1260,1155,4565,4571,4606,3234,3311,3451
10/9/2020 15:00,1370,1323,1378,4573,4584,4656,3203,3261,3278
10/9/2020 15:30,1397,1352,1458,4613,4622,4675,3216,3270,3217
10/9/2020 16:00,1418,1406,1497,4684,4683,4746,3266,3277,3249
10/9/2020 16:30,1430,1469,1443,4779,4776,4883,3349,3307,3440
10/9/2020 17:00,1429,1471,1372,4879,4883,4991,3450,3412,3619
10/9/2020 17:30,1413,1408,1396,4909,4924,5019,3496,3516,3623
10/9/2020 18:00,1388,1370,1442,4863,4884,4970,3475,3514,3528
10/9/2020 18:30,1355,1369,1384,4774,4787,4859,3419,3418,3475
10/9/2020 19:00,1342,1351,1244,4681,4676,4749,3339,3325,3505
10/9/2020 19:30,1351,1383,1326,4709,4698,4713,3358,3315,3387
10/9/2020 20:00,1372,1388,1395,4828,4826,4776,3456,3438,3381
10/9/2020 20:30,1404,1322,1352,4797,4804,4814,3393,3482,3462
10/9/2020 21:00,1450,1376,1458,4594,4603,4657,3144,3227,3199
10/9/2020 21:30,1508,1467,1517,4366,4377,4389,2858,2910,2872
10/9/2020 22:00,1570,1536,1681,4145,4155,4144,2575,2619,2463
10/9/2020 22:30,1635,1519,1799,3915,3920,3888,2280,2401,2089
10/9/2020 23:00,1660,1584,1864,3675,3678,3624,2015,2094,1760
10/9/2020 23:30,1715,1717,1934,3470,3479,3430,1755,1762,1496
11/9/2020 0:00,1764,1765,1999,3311,3319,3275,1547,1554,1276
11/9/2020 0:30,1808,1838,2064,3189,3197,3151,1381,1359,1087
11/9/2020 1:00,1862,1888,2151,3098,3106,3080,1236,1218,929
11/9/2020 1:30,1927,1998,2199,3026,3033,2998,1099,1035,799
11/9/2020 2:00,1986,2048,2335,2967,2974,2967,981,926,632
11/9/2020 2:30,2041,2133,2420,2923,2929,2911,882,796,491
11/9/2020 3:00,2090,2180,2431,2894,2899,2889,804,719,458
11/9/2020 3:30,2131,2255,2456,2882,2885,2867,751,630,411
11/9/2020 4:00,2177,2296,2409,2887,2890,2862,710,594,453
11/9/2020 4:30,2228,2318,2431,2905,2909,2869,677,591,438
11/9/2020 5:00,2289,2361,2460,2944,2948,2932,655,587,472
11/9/2020 5:30,2359,2511,2558,3035,3039,2997,676,528,439
11/9/2020 6:00,2433,2569,2680,3201,3204,3206,768,635,526
11/9/2020 6:30,2512,2690,2681,3488,3495,3451,976,805,770
11/9/2020 7:00,2593,2756,2768,3869,3881,3807,1276,1125,1039
11/9/2020 7:30,2675,2796,2985,4175,4187,4178,1500,1391,1193
11/9/2020 8:00,2711,2795,3010,4374,4401,4422,1663,1606,1412
11/9/2020 8:30,2700,2716,2951,4516,4551,4535,1816,1835,1584
11/9/2020 9:00,2735,2736,2811,4612,4647,4611,1877,1911,1800
11/9/2020 9:30,2817,2904,2740,4662,4699,4682,1845,1795,1942
11/9/2020 10:00,2835,2899,2909,4673,4713,4727,1838,1814,1818
11/9/2020 10:30,2789,2785,2866,4682,4719,4774,1893,1934,1908
11/9/2020 11:00,2725,2721,2766,4695,4726,4774,1970,2005,2008
11/9/2020 11:30,2643,2762,2669,4715,4764,4787,2072,2002,2118
11/9/2020 12:00,2546,2668,2614,4735,4781,4814,2189,2113,2200
11/9/2020 12:30,2435,2492,2610,4731,4771,4848,2296,2279,2238
11/9/2020 13:00,2314,2383,2593,4698,4726,4810,2384,2343,2217
11/9/2020 13:30,2185,2261,2478,4644,4658,4677,2459,2397,2199
11/9/2020 14:00,2062,2179,2321,4580,4580,4611,2518,2401,2290
11/9/2020 14:30,1946,2152,2227,4541,4540,4543,2595,2388,2316
11/9/2020 15:00,1887,2081,2268,4532,4542,4561,2645,2461,2293
11/9/2020 15:30,1886,2039,2171,4539,4559,4570,2653,2520,2399
11/9/2020 16:00,1845,1951,2017,4563,4589,4615,2718,2638,2598
11/9/2020 16:30,1763,1939,1952,4628,4656,4717,2865,2717,2765
11/9/2020 17:00,1674,1836,1781,4721,4746,4820,3047,2910,3039
11/9/2020 17:30,1577,1724,1588,4762,4777,4875,3185,3053,3287
11/9/2020 18:00,1475,1617,1467,4736,4736,4855,3261,3119,3388
11/9/2020 18:30,1366,1514,1337,4651,4646,4754,3285,3132,3417
11/9/2020 19:00,1290,1444,1350,4549,4547,4661,3259,3103,3311
11/9/2020 19:30,1249,1425,1324,4574,4567,4564,3325,3142,3240
11/9/2020 20:00,1210,1403,1321,4702,4684,4598,3492,3281,3277
11/9/2020 20:30,1175,1341,1382,4682,4663,4627,3507,3322,3245
11/9/2020 21:00,1166,1370,1373,4491,4478,4518,3325,3108,3145
11/9/2020 21:30,1185,1320,1472,4278,4261,4326,3093,2941,2854
11/9/2020 22:00,1204,1355,1584,4080,4045,4122,2876,2690,2538
11/9/2020 22:30,1224,1364,1670,3881,3842,3934,2657,2478,2264
11/9/2020 23:00,1392,1406,1669,3653,3653,3689,2261,2247,2020
11/9/2020 23:30,1405,1486,1767,3485,3489,3518,2080,2003,1751
12/9/2020 0:00,1417,1519,1792,3340,3343,3353,1923,1824,1561
12/9/2020 0:30,1427,1540,1850,3219,3222,3208,1792,1682,1358
12/9/2020 1:00,1441,1556,1927,3119,3121,3089,1678,1565,1162
12/9/2020 1:30,1460,1632,1875,3030,3031,2998,1570,1399,1123
12/9/2020 2:00,1473,1638,1865,2952,2952,2943,1479,1314,1078
12/9/2020 2:30,1480,1664,1814,2892,2893,2874,1412,1229,1060
12/9/2020 3:00,1477,1657,1951,2854,2854,2829,1377,1197,878
12/9/2020 3:30,1464,1647,1984,2834,2834,2810,1370,1187,826
12/9/2020 4:00,1448,1614,1955,2829,2830,2809,1381,1216,854
12/9/2020 4:30,1429,1567,1834,2835,2837,2812,1406,1270,978
12/9/2020 5:00,1412,1519,1823,2853,2856,2839,1441,1337,1016
12/9/2020 5:30,1397,1554,1745,2900,2906,2858,1503,1352,1113
12/9/2020 6:00,1370,1501,1674,2985,2995,2981,1615,1494,1307
12/9/2020 6:30,1331,1458,1672,3125,3133,3076,1794,1675,1404
12/9/2020 7:00,1302,1411,1567,3313,3316,3168,2011,1905,1601
12/9/2020 7:30,1283,1454,1449,3511,3512,3354,2228,2058,1905
12/9/2020 8:00,1246,1392,1380,3706,3709,3615,2460,2317,2235
12/9/2020 8:30,1192,1316,1313,3897,3889,3887,2705,2573,2574
12/9/2020 9:00,1202,1317,1279,4071,4045,4059,2869,2728,2780
12/9/2020 9:30,1275,1310,1250,4185,4163,4197,2910,2853,2947
12/9/2020 10:00,1393,1395,1337,4238,4239,4252,2845,2844,2915
12/9/2020 10:30,1555,1538,1592,4261,4276,4263,2706,2738,2671
12/9/2020 11:00,1647,1652,1776,4269,4282,4243,2622,2630,2467
12/9/2020 11:30,1668,1663,1882,4279,4294,4249,2611,2631,2367
12/9/2020 12:00,1707,1731,2009,4291,4305,4250,2584,2574,2241
12/9/2020 12:30,1763,1805,2138,4281,4292,4262,2518,2487,2124
12/9/2020 13:00,1812,1881,2251,4244,4248,4217,2432,2367,1966
12/9/2020 13:30,1854,1968,2301,4181,4183,4167,2327,2215,1866
12/9/2020 14:00,1897,2039,2450,4103,4108,4115,2206,2069,1665
12/9/2020 14:30,1941,2150,2304,4063,4064,4045,2122,1914,1741
12/9/2020 15:00,2026,2233,2368,4066,4057,4016,2040,1824,1648
12/9/2020 15:30,2154,2365,2434,4087,4074,4060,1933,1709,1626
12/9/2020 16:00,2274,2512,2558,4124,4118,4119,1850,1606,1561
12/9/2020 16:30,2384,2736,2623,4200,4205,4234,1816,1469,1611
12/9/2020 17:00,2511,2870,2795,4303,4326,4366,1792,1456,1571
12/9/2020 17:30,2654,3034,2928,4373,4415,4489,1719,1381,1561
12/9/2020 18:00,2789,3147,3025,4389,4450,4496,1600,1303,1471
12/9/2020 18:30,2916,3256,3221,4335,4400,4453,1419,1144,1232
12/9/2020 19:00,3025,3345,3345,4241,4296,4354,1216,951,1009
12/9/2020 19:30,3116,3283,3255,4248,4280,4274,1132,997,1019
12/9/2020 20:00,3183,3337,3202,4340,4343,4319,1157,1006,1117
12/9/2020 20:30,3225,3402,3188,4313,4302,4267,1088,900,1079
12/9/2020 21:00,3243,3397,3110,4145,4140,4119,902,743,1009
12/9/2020 21:30,3234,3359,2991,3964,3975,3953,730,616,962
12/9/2020 22:00,3206,3314,2881,3795,3825,3792,589,511,911
12/9/2020 22:30,3159,3306,2768,3617,3657,3618,458,351,850
12/9/2020 23:00,3151,3233,2658,3468,3470,3470,317,237,812
12/9/2020 23:30,3068,3058,2616,3313,3324,3334,245,266,718
13/9/2020 0:00,2982,2976,2609,3196,3205,3225,214,229,616
13/9/2020 0:30,2892,2810,2550,3089,3098,3108,197,288,558
13/9/2020 1:00,2813,2737,2504,2987,2996,3024,174,259,520
13/9/2020 1:30,2744,2618,2410,2900,2908,2918,156,290,508
13/9/2020 2:00,2691,2573,2334,2830,2839,2854,139,266,520
13/9/2020 2:30,2654,2446,2313,2780,2788,2814,126,342,501
13/9/2020 3:00,2626,2434,2248,2750,2757,2780,124,323,532
13/9/2020 3:30,2608,2448,2222,2735,2740,2757,127,292,535
13/9/2020 4:00,2583,2449,2207,2732,2736,2746,149,287,539
13/9/2020 4:30,2552,2462,2183,2734,2726,2746,182,264,563
13/9/2020 5:00,2541,2473,2185,2741,2732,2783,200,259,598
13/9/2020 5:30,2552,2460,2192,2764,2760,2790,212,300,598
13/9/2020 6:00,2577,2492,2269,2809,2812,2859,232,320,590
13/9/2020 6:30,2617,2510,2325,2896,2885,2920,279,375,595
13/9/2020 7:00,2658,2559,2279,3021,2980,2964,363,421,685
13/9/2020 7:30,2701,2572,2273,3156,3114,3061,455,542,788
13/9/2020 8:00,2759,2642,2444,3298,3286,3279,539,644,835
13/9/2020 8:30,2834,2706,2722,3470,3480,3500,636,774,778
13/9/2020 9:00,2891,2763,2803,3664,3684,3694,773,921,891
13/9/2020 9:30,2929,2768,2904,3841,3858,3849,912,1090,945
13/9/2020 10:00,2952,2783,2991,3986,3993,4003,1034,1210,1012
13/9/2020 10:30,2960,2756,3054,4083,4084,4106,1123,1328,1052
13/9/2020 11:00,2965,2755,3060,4138,4142,4165,1173,1387,1105
13/9/2020 11:30,2968,2726,3072,4194,4199,4206,1226,1473,1134
13/9/2020 12:00,2948,2721,3129,4252,4254,4273,1304,1533,1144
13/9/2020 12:30,2904,2806,3145,4266,4268,4296,1362,1462,1151
13/9/2020 13:00,2853,2779,3114,4231,4232,4269,1378,1453,1155
13/9/2020 13:30,2796,2813,3062,4159,4162,4189,1363,1349,1127
13/9/2020 14:00,2740,2763,3021,4066,4069,4092,1326,1306,1071
13/9/2020 14:30,2686,2771,2946,4003,4002,4021,1317,1231,1075
13/9/2020 15:00,2628,2732,2862,3978,3970,3964,1350,1238,1102
13/9/2020 15:30,2568,2785,2832,3982,3976,3955,1414,1191,1123
13/9/2020 16:00,2499,2718,2739,4013,4016,3966,1514,1298,1227
13/9/2020 16:30,2421,2676,2628,4080,4085,4039,1659,1409,1411
13/9/2020 17:00,2338,2575,2533,4171,4168,4176,1833,1593,1643
13/9/2020 17:30,2251,2487,2435,4241,4228,4287,1990,1741,1852
13/9/2020 18:00,2175,2387,2394,4271,4249,4335,2096,1862,1941
13/9/2020 18:30,2111,2273,2253,4237,4209,4327,2126,1936,2074
13/9/2020 19:00,2049,2193,2232,4168,4143,4290,2119,1950,2058
13/9/2020 19:30,1989,2147,2084,4218,4206,4274,2229,2059,2190
13/9/2020 20:00,1925,2060,2054,4365,4370,4430,2440,2310,2376
13/9/2020 20:30,1856,1956,1974,4366,4369,4430,2510,2413,2456
13/9/2020 21:00,1798,1862,1875,4200,4179,4271,2402,2317,2396
13/9/2020 21:30,1751,1799,1861,4019,3983,4033,2268,2184,2172
13/9/2020 22:00,1699,1717,1780,3850,3812,3804,2151,2095,2024
13/9/2020 22:30,1642,1601,1726,3664,3630,3592,2022,2029,1866
13/9/2020 23:00,1517,1527,1697,3434,3435,3402,1917,1908,1705
13/9/2020 23:30,1462,1456,1593,3279,3276,3221,1817,1820,1628
14/9/2020 0:00,1402,1397,1471,3167,3164,3126,1765,1767,1655
14/9/2020 0:30,1338,1337,1394,3070,3068,3038,1732,1731,1644
14/9/2020 1:00,1283,1292,1361,2983,2981,2936,1700,1689,1575
14/9/2020 1:30,1236,1294,1244,2919,2919,2859,1683,1625,1615
14/9/2020 2:00,1197,1259,1223,2878,2878,2836,1681,1619,1613
14/9/2020 2:30,1165,1245,1251,2847,2848,2824,1682,1603,1573
14/9/2020 3:00,1123,1191,1242,2824,2826,2767,1701,1635,1525
14/9/2020 3:30,1073,1036,1250,2815,2819,2787,1742,1783,1537
14/9/2020 4:00,1025,953,1305,2822,2827,2808,1797,1874,1503
14/9/2020 4:30,981,833,1288,2843,2846,2842,1862,2013,1554
14/9/2020 5:00,949,770,1163,2887,2897,2911,1938,2127,1748
14/9/2020 5:30,930,712,1104,2991,3005,3000,2061,2293,1896
14/9/2020 6:00,899,693,1023,3177,3192,3205,2278,2499,2182
14/9/2020 6:30,857,691,918,3495,3492,3455,2638,2801,2537
14/9/2020 7:00,831,665,890,3907,3877,3847,3076,3212,2957
14/9/2020 7:30,820,696,776,4216,4187,4282,3396,3491,3506
14/9/2020 8:00,814,675,686,4396,4397,4461,3582,3722,3775
14/9/2020 8:30,810,742,686,4535,4550,4570,3725,3808,3884
14/9/2020 9:00,806,747,670,4650,4658,4671,3844,3911,4001
14/9/2020 9:30,802,696,592,4717,4720,4731,3915,4024,4139
14/9/2020 10:00,803,688,579,4740,4742,4715,3937,4054,4136
14/9/2020 10:30,808,615,558,4755,4758,4733,3947,4143,4175
14/9/2020 11:00,808,578,624,4773,4775,4746,3965,4197,4122
14/9/2020 11:30,802,522,646,4797,4805,4746,3995,4283,4100
14/9/2020 12:00,808,526,648,4820,4829,4746,4012,4303,4098
14/9/2020 12:30,827,558,638,4818,4826,4746,3991,4268,4108
14/9/2020 13:00,855,595,804,4789,4791,4802,3934,4196,3998
14/9/2020 13:30,891,602,685,4748,4743,4718,3857,4141,4033
14/9/2020 14:00,930,642,696,4707,4692,4676,3777,4050,3980
14/9/2020 14:30,972,727,726,4688,4667,4678,3716,3940,3952
14/9/2020 15:00,1008,757,815,4696,4672,4720,3688,3915,3905
14/9/2020 15:30,1038,734,951,4731,4701,4799,3693,3967,3848
14/9/2020 16:00,1057,807,923,4794,4756,4893,3737,3949,3970
14/9/2020 16:30,1066,948,884,4887,4857,5050,3821,3909,4166
14/9/2020 17:00,1085,1021,962,4990,4984,5196,3905,3963,4234
14/9/2020 17:30,1115,1019,1059,5017,5029,5258,3902,4010,4199
14/9/2020 18:00,1150,1109,1098,4956,4977,5131,3806,3868,4033
14/9/2020 18:30,1189,1259,1164,4857,4883,4984,3668,3624,3820
14/9/2020 19:00,1238,1363,1180,4759,4787,4852,3521,3424,3672
14/9/2020 19:30,1297,1511,1198,4770,4793,4822,3473,3282,3624
14/9/2020 20:00,1355,1568,1207,4862,4878,4873,3507,3310,3666
14/9/2020 20:30,1411,1536,1271,4819,4832,4795,3408,3296,3524
14/9/2020 21:00,1434,1542,1329,4619,4631,4620,3185,3089,3291
14/9/2020 21:30,1424,1497,1272,4397,4401,4340,2973,2904,3068
14/9/2020 22:00,1424,1454,1268,4182,4169,4080,2758,2715,2812
14/9/2020 22:30,1433,1342,1322,3952,3936,3861,2519,2594,2539
14/9/2020 23:00,1377,1266,1194,3701,3702,3618,2324,2436,2424
14/9/2020 23:30,1246,1101,1047,3491,3494,3398,2245,2393,2351
15/9/2020 0:00,1146,1045,1010,3315,3316,3278,2169,2271,2268
15/9/2020 0:30,1076,1009,992,3188,3190,3184,2112,2181,2192
15/9/2020 1:00,1037,998,945,3110,3110,3085,2073,2112,2140
15/9/2020 1:30,1028,980,938,3050,3050,3032,2022,2070,2094
15/9/2020 2:00,1008,977,899,3003,3001,2995,1995,2024,2096
15/9/2020 2:30,978,988,936,2968,2965,2960,1990,1977,2024
15/9/2020 3:00,949,941,885,2946,2943,2940,1997,2002,2055
15/9/2020 3:30,923,727,849,2940,2935,2942,2017,2208,2093
15/9/2020 4:00,877,709,873,2950,2947,2949,2073,2238,2076
15/9/2020 4:30,813,693,885,2977,2971,2973,2164,2278,2088
15/9/2020 5:00,767,693,863,3027,3024,3021,2260,2331,2158
15/9/2020 5:30,737,687,812,3132,3134,3093,2395,2447,2281
15/9/2020 6:00,700,672,806,3316,3322,3300,2616,2650,2494
15/9/2020 6:30,657,716,740,3629,3634,3565,2972,2918,2825
15/9/2020 7:00,612,690,637,4038,4037,3957,3426,3347,3320
15/9/2020 7:30,566,672,544,4344,4345,4346,3778,3673,3802
15/9/2020 8:00,523,605,486,4521,4532,4595,3998,3927,4109
15/9/2020 8:30,481,537,336,4661,4633,4707,4180,4096,4371
15/9/2020 9:00,433,489,286,4777,4746,4801,4344,4257,4515
15/9/2020 9:30,377,349,248,4842,4807,4840,4465,4458,4592
15/9/2020 10:00,340,307,204,4858,4819,4844,4518,4512,4640
15/9/2020 10:30,322,218,191,4868,4826,4844,4546,4608,4653
15/9/2020 11:00,304,206,180,4882,4835,4844,4578,4629,4664
15/9/2020 11:30,286,170,173,4899,4877,4844,4613,4707,4671
15/9/2020 12:00,276,170,172,4913,4885,4844,4637,4715,4672
15/9/2020 12:30,275,139,140,4906,4886,4877,4631,4747,4737
15/9/2020 13:00,271,141,103,4875,4871,4870,4604,4730,4767
15/9/2020 13:30,266,127,97,4833,4832,4795,4567,4705,4698
15/9/2020 14:00,260,127,95,4790,4776,4777,4530,4649,4682
15/9/2020 14:30,255,106,99,4772,4758,4712,4517,4652,4613
15/9/2020 15:00,242,101,115,4784,4782,4745,4542,4681,4630
15/9/2020 15:30,221,88,111,4814,4824,4783,4593,4736,4672
15/9/2020 16:00,198,85,118,4864,4881,4871,4666,4796,4753
15/9/2020 16:30,173,74,132,4953,4971,5013,4780,4897,4881
15/9/2020 17:00,152,73,125,5063,5076,5115,4911,5003,4990
15/9/2020 17:30,133,66,126,5101,5106,5158,4968,5040,5032
15/9/2020 18:00,120,70,115,5053,5051,5057,4933,4981,4942
15/9/2020 18:30,114,68,119,4959,4949,4924,4845,4881,4805
15/9/2020 19:00,109,72,129,4861,4841,4815,4752,4769,4686
15/9/2020 19:30,105,76,127,4875,4845,4819,4770,4769,4692
15/9/2020 20:00,100,71,125,4977,4939,4974,4877,4868,4849
15/9/2020 20:30,94,76,126,4944,4899,4988,4850,4823,4862
15/9/2020 21:00,87,68,119,4753,4700,4801,4666,4632,4682
15/9/2020 21:30,81,46,110,4531,4474,4536,4450,4428,4426
15/9/2020 22:00,74,42,86,4310,4252,4271,4236,4210,4185
15/9/2020 22:30,68,39,76,4086,4026,4024,4018,3987,3948
15/9/2020 23:00,60,40,64,3798,3797,3769,3738,3757,3705
15/9/2020 23:30,49,36,52,3586,3584,3569,3537,3548,3517
16/9/2020 0:00,42,37,0,3403,3401,3428,3361,3364,3428
16/9/2020 0:30,42,41,0,3272,3272,3323,3230,3231,3323
16/9/2020 1:00,41,39,0,3191,3191,3236,3150,3152,3236
16/9/2020 1:30,40,33,0,3127,3128,3170,3087,3095,3170
16/9/2020 2:00,40,36,0,3075,3075,3129,3035,3039,3129
16/9/2020 2:30,39,34,0,3037,3038,3078,2998,3004,3078
16/9/2020 3:00,41,39,0,3016,3017,3040,2975,2978,3040
16/9/2020 3:30,45,37,0,3011,3012,3026,2966,2975,3026
16/9/2020 4:00,47,42,0,3020,3021,3021,2973,2979,3021
16/9/2020 4:30,49,47,0,3034,3033,3038,2985,2986,3038
16/9/2020 5:00,51,52,0,3063,3061,3094,3012,3009,3094
16/9/2020 5:30,53,57,0,3153,3154,3163,3100,3097,3163
16/9/2020 6:00,57,66,0,3332,3335,3367,3275,3269,3367
16/9/2020 6:30,63,93,0,3648,3646,3629,3585,3553,3629
16/9/2020 7:00,69,99,0,4062,4051,4001,3993,3952,4001
16/9/2020 7:30,74,95,61,4365,4356,4381,4291,4261,4320
16/9/2020 8:00,74,93,78,4530,4534,4663,4456,4441,4585
16/9/2020 8:30,70,84,103,4663,4667,4769,4593,4583,4666
16/9/2020 9:00,66,77,107,4781,4772,4856,4715,4695,4749
16/9/2020 9:30,64,68,99,4845,4824,4890,4781,4756,4791
16/9/2020 10:00,66,66,97,4856,4828,4879,4790,4762,4782
16/9/2020 10:30,72,71,0,4863,4825,4870,4791,4754,4870
16/9/2020 11:00,81,89,0,4875,4824,4876,4794,4735,4876
16/9/2020 11:30,93,86,0,4887,4822,4883,4794,4736,4883
16/9/2020 12:00,104,113,135,4895,4837,4899,4791,4724,4764
16/9/2020 12:30,116,156,172,4893,4839,4935,4777,4683,4763
16/9/2020 13:00,129,183,199,4877,4820,4891,4748,4637,4692
16/9/2020 13:30,142,212,222,4837,4785,4785,4695,4573,4563
16/9/2020 14:00,160,236,215,4781,4738,4767,4621,4502,4552
16/9/2020 14:30,182,249,220,4758,4716,4758,4576,4467,4538
16/9/2020 15:00,207,273,219,4775,4724,4783,4568,4451,4564
16/9/2020 15:30,234,265,232,4809,4765,4817,4575,4500,4585
16/9/2020 16:00,267,290,261,4860,4834,4863,4593,4544,4602
16/9/2020 16:30,306,311,302,4942,4927,4978,4636,4616,4676
16/9/2020 17:00,338,338,348,5038,5022,5097,4700,4684,4749
16/9/2020 17:30,364,347,354,5068,5042,5140,4704,4695,4786
16/9/2020 18:00,396,375,384,5020,4980,5036,4624,4605,4652
16/9/2020 18:30,436,385,428,4918,4873,4911,4482,4488,4483
16/9/2020 19:00,470,422,480,4802,4767,4800,4332,4345,4320
16/9/2020 19:30,499,450,463,4808,4798,4790,4309,4348,4327
16/9/2020 20:00,524,479,466,4911,4934,4957,4387,4455,4491
16/9/2020 20:30,544,505,495,4872,4908,4921,4328,4403,4426
16/9/2020 21:00,554,512,522,4665,4693,4712,4111,4181,4190
16/9/2020 21:30,555,495,552,4438,4454,4449,3883,3959,3897
16/9/2020 22:00,559,512,564,4221,4226,4186,3662,3714,3622
16/9/2020 22:30,568,563,593,3998,3993,3930,3430,3430,3337
16/9/2020 23:00,548,590,617,3754,3756,3660,3206,3166,3043
16/9/2020 23:30,540,592,640,3550,3544,3452,3010,2952,2812
17/9/2020 0:00,535,608,654,3386,3378,3299,2851,2770,2645
17/9/2020 0:30,533,605,683,3262,3255,3192,2729,2650,2509
17/9/2020 1:00,531,586,677,3174,3169,3110,2643,2583,2433
17/9/2020 1:30,528,563,603,3109,3106,3039,2581,2543,2436
17/9/2020 2:00,526,539,575,3062,3060,3005,2536,2521,2430
17/9/2020 2:30,524,515,545,3025,3025,2963,2501,2510,2418
17/9/2020 3:00,522,499,580,2999,3001,2929,2477,2502,2349
17/9/2020 3:30,521,453,580,2989,2990,2923,2468,2537,2343
17/9/2020 4:00,523,467,582,2995,2996,2929,2472,2529,2347
17/9/2020 4:30,528,490,607,3012,3015,2953,2484,2525,2346
17/9/2020 5:00,546,543,633,3049,3054,3009,2503,2511,2376
17/9/2020 5:30,576,629,650,3141,3148,3075,2565,2519,2425
17/9/2020 6:00,613,711,709,3314,3323,3284,2701,2612,2575
17/9/2020 6:30,654,806,755,3629,3631,3546,2975,2825,2791
17/9/2020 7:00,692,873,770,4046,4039,3918,3354,3166,3148
17/9/2020 7:30,726,922,824,4346,4342,4288,3620,3420,3464
17/9/2020 8:00,746,949,849,4502,4515,4544,3756,3566,3695
17/9/2020 8:30,752,961,863,4626,4639,4637,3874,3678,3774
17/9/2020 9:00,761,952,854,4733,4734,4706,3972,3782,3852
17/9/2020 9:30,775,931,801,4778,4781,4736,4003,3850,3935
17/9/2020 10:00,796,928,789,4765,4787,4717,3969,3859,3928
17/9/2020 10:30,825,916,775,4751,4784,4737,3926,3868,3962
17/9/2020 11:00,833,911,706,4751,4785,4748,3918,3874,4042
17/9/2020 11:30,821,831,644,4762,4802,4744,3941,3971,4100
17/9/2020 12:00,789,791,579,4778,4825,4755,3989,4034,4176
17/9/2020 12:30,737,731,573,4780,4817,4782,4043,4086,4209
17/9/2020 13:00,682,677,605,4763,4773,4774,4081,4096,4169
17/9/2020 13:30,623,603,637,4727,4724,4695,4104,4121,4058
17/9/2020 14:00,557,554,690,4681,4682,4678,4124,4128,3988
17/9/2020 14:30,485,498,703,4662,4672,4664,4177,4174,3961
17/9/2020 15:00,423,455,655,4676,4695,4686,4253,4240,4031
17/9/2020 15:30,371,385,528,4719,4733,4701,4348,4348,4173
17/9/2020 16:00,333,342,429,4790,4786,4770,4457,4444,4341
17/9/2020 16:30,307,321,394,4885,4874,4886,4578,4553,4492
17/9/2020 17:00,288,293,375,4982,4979,4988,4694,4686,4613
17/9/2020 17:30,275,322,372,5004,5003,5058,4729,4681,4686
17/9/2020 18:00,276,327,372,4945,4939,4989,4669,4612,4617
17/9/2020 18:30,293,381,378,4850,4838,4905,4557,4457,4527
17/9/2020 19:00,334,442,414,4760,4748,4800,4426,4306,4386
17/9/2020 19:30,399,531,495,4800,4784,4812,4401,4253,4317
17/9/2020 20:00,465,619,587,4936,4914,4997,4471,4295,4410
17/9/2020 20:30,530,691,680,4910,4880,4970,4380,4189,4290
17/9/2020 21:00,577,763,731,4698,4659,4780,4121,3896,4049
17/9/2020 21:30,606,822,711,4462,4418,4515,3856,3596,3804
17/9/2020 22:00,624,884,746,4238,4195,4247,3614,3311,3501
17/9/2020 22:30,632,923,833,4008,3970,3978,3376,3047,3145
17/9/2020 23:00,956,959,908,3745,3745,3720,2789,2786,2812
17/9/2020 23:30,982,973,986,3544,3546,3528,2562,2573,2542
18/9/2020 0:00,998,992,1049,3376,3378,3372,2378,2386,2323
18/9/2020 0:30,1003,997,1069,3248,3252,3267,2245,2255,2198
18/9/2020 1:00,1000,990,1065,3159,3162,3189,2159,2172,2124
18/9/2020 1:30,988,907,1074,3093,3097,3140,2105,2190,2066
18/9/2020 2:00,977,888,1068,3044,3049,3094,2067,2161,2026
18/9/2020 2:30,967,892,1002,3007,3013,3049,2040,2121,2047
18/9/2020 3:00,944,881,988,2982,2987,3018,2038,2106,2030
18/9/2020 3:30,911,923,970,2971,2975,3014,2060,2052,2044
18/9/2020 4:00,879,910,941,2973,2977,3010,2094,2067,2069
18/9/2020 4:30,848,902,942,2984,2984,3034,2136,2082,2092
18/9/2020 5:00,821,887,964,3014,3012,3089,2193,2125,2125
18/9/2020 5:30,799,914,968,3104,3103,3167,2305,2189,2199
18/9/2020 6:00,783,901,975,3275,3277,3371,2492,2376,2396
18/9/2020 6:30,774,884,921,3580,3572,3620,2806,2688,2699
18/9/2020 7:00,776,886,890,3980,3953,3961,3204,3067,3071
18/9/2020 7:30,789,885,888,4277,4255,4364,3488,3370,3476
18/9/2020 8:00,765,857,854,4446,4448,4542,3681,3591,3688
18/9/2020 8:30,706,814,857,4578,4577,4640,3872,3763,3783
18/9/2020 9:00,642,746,809,4689,4658,4717,4047,3912,3908
18/9/2020 9:30,574,732,716,4746,4699,4751,4172,3967,4035
18/9/2020 10:00,560,698,706,4750,4706,4708,4190,4008,4002
18/9/2020 10:30,598,677,726,4740,4703,4688,4142,4026,3962
18/9/2020 11:00,643,708,795,4732,4695,4686,4089,3987,3891
18/9/2020 11:30,693,704,845,4734,4699,4661,4041,3995,3816
18/9/2020 12:00,738,733,869,4742,4697,4648,4004,3964,3779
18/9/2020 12:30,776,763,908,4719,4680,4648,3943,3917,3740
18/9/2020 13:00,810,783,924,4662,4640,4611,3852,3857,3687
18/9/2020 13:30,841,819,967,4589,4582,4533,3748,3763,3566
18/9/2020 14:00,867,859,1075,4514,4514,4492,3647,3655,3417
18/9/2020 14:30,890,948,1159,4475,4476,4447,3585,3528,3288
18/9/2020 15:00,919,1020,1182,4478,4473,4455,3559,3453,3273
18/9/2020 15:30,955,1126,1279,4502,4493,4456,3547,3367,3177
18/9/2020 16:00,995,1197,1373,4544,4536,4465,3549,3339,3092
18/9/2020 16:30,1040,1259,1496,4621,4611,4543,3581,3352,3047
18/9/2020 17:00,1075,1301,1513,4716,4702,4635,3641,3401,3122
18/9/2020 17:30,1100,1331,1557,4749,4742,4702,3649,3411,3145
18/9/2020 18:00,1143,1354,1505,4709,4719,4666,3566,3365,3161
18/9/2020 18:30,1206,1411,1517,4630,4648,4613,3424,3237,3096
18/9/2020 19:00,1268,1443,1515,4553,4570,4539,3285,3127,3024
18/9/2020 19:30,1328,1488,1571,4599,4620,4553,3271,3132,2982
18/9/2020 20:00,1364,1514,1626,4736,4769,4683,3372,3255,3057
18/9/2020 20:30,1374,1565,1675,4710,4752,4581,3336,3187,2906
18/9/2020 21:00,1371,1540,1677,4499,4542,4410,3128,3002,2733
18/9/2020 21:30,1355,1459,1693,4269,4303,4226,2914,2844,2533
18/9/2020 22:00,1344,1417,1600,4058,4077,4037,2714,2660,2437
18/9/2020 22:30,1339,1367,1543,3858,3861,3845,2519,2494,2302
18/9/2020 23:00,1342,1337,1481,3661,3661,3648,2319,2324,2167
18/9/2020 23:30,1341,1362,1468,3497,3499,3506,2156,2137,2038
19/9/2020 0:00,1331,1354,1490,3371,3372,3361,2040,2018,1871
19/9/2020 0:30,1311,1386,1541,3262,3264,3266,1951,1878,1725
19/9/2020 1:00,1285,1390,1508,3166,3168,3162,1881,1778,1654
19/9/2020 1:30,1254,1402,1470,3082,3083,3076,1828,1681,1606
19/9/2020 2:00,1222,1378,1427,3010,3010,3009,1788,1632,1582
19/9/2020 2:30,1188,1328,1376,2952,2950,2938,1764,1622,1562
19/9/2020 3:00,1154,1270,1347,2910,2906,2905,1756,1636,1558
19/9/2020 3:30,1119,1200,1292,2889,2883,2877,1770,1683,1585
19/9/2020 4:00,1087,1158,1240,2889,2884,2868,1802,1726,1628
19/9/2020 4:30,1060,1141,1143,2898,2891,2883,1838,1750,1740
19/9/2020 5:00,1044,1121,1076,2916,2909,2909,1872,1788,1833
19/9/2020 5:30,1039,1103,1031,2957,2951,2948,1918,1848,1917
19/9/2020 6:00,1047,1088,993,3031,3027,3043,1984,1939,2050
19/9/2020 6:30,1067,1105,1007,3164,3156,3174,2097,2051,2167
19/9/2020 7:00,1075,1090,1005,3351,3335,3275,2276,2245,2270
19/9/2020 7:30,1072,1082,1010,3542,3531,3445,2470,2449,2435
19/9/2020 8:00,1061,1062,1017,3726,3733,3673,2665,2671,2656
19/9/2020 8:30,1044,984,1019,3906,3921,3893,2862,2937,2874
19/9/2020 9:00,1016,959,998,4070,4082,4068,3054,3123,3070
19/9/2020 9:30,978,844,1011,4175,4181,4181,3197,3337,3170
19/9/2020 10:00,945,812,993,4219,4221,4239,3274,3409,3246
19/9/2020 10:30,918,768,970,4244,4238,4277,3326,3470,3307
19/9/2020 11:00,896,744,983,4262,4245,4284,3366,3501,3301
19/9/2020 11:30,878,721,959,4279,4258,4283,3401,3537,3324
19/9/2020 12:00,857,707,944,4294,4277,4301,3437,3570,3357
19/9/2020 12:30,833,722,910,4287,4270,4298,3454,3548,3388
19/9/2020 13:00,815,719,876,4254,4227,4258,3439,3508,3382
19/9/2020 13:30,803,763,849,4195,4161,4181,3392,3398,3332
19/9/2020 14:00,800,768,799,4117,4079,4107,3317,3311,3308
19/9/2020 14:30,803,781,765,4063,4028,4041,3260,3247,3276
19/9/2020 15:00,811,783,754,4042,4010,4006,3231,3227,3252
19/9/2020 15:30,824,753,791,4052,4013,3997,3228,3260,3206
19/9/2020 16:00,846,758,767,4094,4038,4036,3248,3280,3269
19/9/2020 16:30,878,747,746,4173,4111,4097,3295,3364,3351
19/9/2020 17:00,901,744,745,4277,4221,4225,3376,3477,3480
19/9/2020 17:30,913,712,701,4355,4301,4338,3442,3589,3637
19/9/2020 18:00,926,714,680,4388,4331,4385,3462,3617,3705
19/9/2020 18:30,940,714,705,4360,4306,4368,3420,3592,3663
19/9/2020 19:00,974,764,765,4299,4252,4295,3325,3488,3530
19/9/2020 19:30,1028,842,881,4332,4277,4311,3304,3435,3430
19/9/2020 20:00,1067,905,917,4439,4363,4456,3372,3458,3539
19/9/2020 20:30,1090,921,971,4408,4326,4341,3318,3405,3370
19/9/2020 21:00,1095,935,979,4223,4154,4185,3128,3219,3206
19/9/2020 21:30,1081,851,976,4029,3989,4002,2948,3138,3026
19/9/2020 22:00,1065,839,954,3856,3853,3841,2791,3014,2887
19/9/2020 22:30,1047,824,929,3675,3700,3660,2628,2876,2731
19/9/2020 23:00,989,808,918,3524,3526,3495,2535,2718,2577
19/9/2020 23:30,971,784,820,3375,3379,3344,2404,2595,2524
20/9/2020 0:00,955,769,782,3256,3265,3230,2301,2496,2448
20/9/2020 0:30,943,773,747,3151,3162,3127,2208,2389,2380
20/9/2020 1:00,927,757,739,3057,3066,3045,2130,2309,2306
20/9/2020 1:30,907,745,700,2976,2984,2968,2069,2239,2268
20/9/2020 2:00,888,729,674,2911,2917,2914,2023,2188,2240
20/9/2020 2:30,870,713,705,2863,2867,2876,1993,2154,2171
20/9/2020 3:00,850,705,674,2832,2833,2831,1982,2128,2157
20/9/2020 3:30,827,663,650,2812,2812,2804,1985,2149,2154
20/9/2020 4:00,807,652,616,2802,2802,2801,1995,2150,2185
20/9/2020 4:30,790,636,553,2801,2797,2816,2011,2161,2263
20/9/2020 5:00,781,618,489,2811,2808,2826,2030,2190,2337
20/9/2020 5:30,780,556,446,2840,2837,2834,2060,2281,2388
20/9/2020 6:00,779,556,484,2890,2889,2903,2111,2333,2419
20/9/2020 6:30,779,602,498,2974,2963,2976,2195,2361,2478
20/9/2020 7:00,771,595,538,3091,3062,3032,2320,2467,2494
20/9/2020 7:30,754,539,606,3228,3198,3127,2474,2659,2521
20/9/2020 8:00,709,486,570,3383,3368,3335,2674,2882,2765
20/9/2020 8:30,633,379,497,3560,3547,3546,2927,3168,3049
20/9/2020 9:00,545,321,436,3748,3725,3760,3203,3404,3324
20/9/2020 9:30,445,244,358,3899,3883,3947,3454,3639,3589
20/9/2020 10:00,365,207,307,4007,4013,4086,3642,3806,3779
20/9/2020 10:30,306,176,247,4090,4112,4187,3784,3936,3940
20/9/2020 11:00,260,149,217,4156,4183,4244,3896,4034,4027
20/9/2020 11:30,227,172,196,4216,4251,4272,3989,4079,4076
20/9/2020 12:00,204,147,173,4264,4300,4323,4060,4153,4150
20/9/2020 12:30,193,129,136,4271,4309,4350,4078,4180,4214
20/9/2020 13:00,182,115,120,4232,4270,4317,4050,4155,4197
20/9/2020 13:30,174,90,94,4165,4202,4218,3991,4112,4124
20/9/2020 14:00,165,84,76,4082,4113,4132,3917,4029,4056
20/9/2020 14:30,158,49,71,4025,4052,4071,3867,4003,4000
20/9/2020 15:00,149,52,60,4001,4023,4019,3852,3971,3959
20/9/2020 15:30,141,53,53,3998,4024,4015,3857,3971,3962
20/9/2020 16:00,136,54,23,4020,4052,4046,3884,3998,4023
20/9/2020 16:30,133,39,22,4089,4123,4121,3956,4084,4099
20/9/2020 17:00,128,41,57,4194,4223,4250,4066,4182,4193
20/9/2020 17:30,121,48,62,4271,4294,4367,4150,4246,4305
20/9/2020 18:00,123,59,86,4306,4324,4380,4183,4265,4294
20/9/2020 18:30,134,68,118,4308,4321,4384,4174,4253,4266
20/9/2020 19:00,160,83,146,4299,4311,4376,4139,4228,4230
20/9/2020 19:30,200,101,176,4357,4381,4476,4157,4280,4300
20/9/2020 20:00,238,127,182,4456,4503,4620,4218,4376,4438
20/9/2020 20:30,274,160,217,4426,4479,4513,4152,4319,4296
20/9/2020 21:00,314,180,239,4255,4291,4322,3941,4111,4083
20/9/2020 21:30,358,211,246,4071,4085,4102,3713,3874,3856
20/9/2020 22:00,378,207,226,3900,3891,3889,3522,3684,3663
20/9/2020 22:30,374,173,193,3713,3691,3667,3339,3518,3474
20/9/2020 23:00,244,171,171,3482,3487,3445,3238,3316,3274
20/9/2020 23:30,278,185,184,3303,3313,3251,3025,3128,3067
21/9/2020 0:00,296,199,194,3158,3169,3150,2862,2970,2956
21/9/2020 0:30,300,212,159,3053,3066,3073,2753,2854,2914
21/9/2020 1:00,293,215,254,2983,2995,2989,2690,2780,2735
21/9/2020 1:30,276,203,283,2931,2941,2922,2655,2738,2639
21/9/2020 2:00,258,217,291,2890,2897,2889,2632,2680,2598
21/9/2020 2:30,240,261,319,2856,2860,2868,2616,2599,2549
21/9/2020 3:00,242,288,294,2829,2831,2841,2587,2543,2547
21/9/2020 3:30,264,282,256,2819,2821,2831,2555,2539,2575
21/9/2020 4:00,264,271,256,2826,2830,2836,2562,2559,2580
21/9/2020 4:30,240,230,254,2842,2837,2862,2602,2607,2608
21/9/2020 5:00,218,208,290,2879,2873,2932,2661,2665,2642
21/9/2020 5:30,195,216,288,2991,2987,3013,2796,2771,2725
21/9/2020 6:00,180,216,320,3199,3201,3221,3019,2985,2901
21/9/2020 6:30,172,206,364,3542,3535,3491,3370,3329,3127
21/9/2020 7:00,173,217,383,3975,3952,3849,3802,3735,3466
21/9/2020 7:30,185,200,374,4290,4267,4203,4105,4067,3829
21/9/2020 8:00,179,199,319,4461,4456,4475,4282,4257,4156
21/9/2020 8:30,156,207,306,4586,4591,4609,4430,4384,4303
21/9/2020 9:00,143,197,302,4684,4690,4729,4541,4493,4427
21/9/2020 9:30,141,227,277,4733,4739,4792,4592,4512,4515
21/9/2020 10:00,149,236,237,4736,4744,4778,4587,4508,4541
21/9/2020 10:30,169,272,220,4737,4743,4796,4568,4471,4576
21/9/2020 11:00,186,294,264,4745,4746,4800,4559,4452,4536
21/9/2020 11:30,202,308,307,4762,4751,4779,4560,4443,4472
21/9/2020 12:00,214,332,353,4782,4764,4808,4568,4432,4455
21/9/2020 12:30,224,350,410,4772,4749,4851,4548,4399,4441
21/9/2020 13:00,231,364,469,4730,4704,4812,4499,4340,4343
21/9/2020 13:30,236,357,488,4686,4660,4725,4450,4303,4237
21/9/2020 14:00,241,362,523,4651,4626,4680,4410,4264,4157
21/9/2020 14:30,247,319,517,4638,4616,4677,4391,4297,4160
21/9/2020 15:00,251,310,513,4651,4629,4689,4400,4319,4176
21/9/2020 15:30,252,342,518,4684,4667,4709,4432,4325,4191
21/9/2020 16:00,250,334,491,4741,4731,4784,4491,4397,4293
21/9/2020 16:30,246,340,463,4840,4836,4909,4594,4496,4446
21/9/2020 17:00,241,330,468,4958,4957,5045,4717,4627,4577
21/9/2020 17:30,237,332,457,4988,4986,5115,4751,4654,4658
21/9/2020 18:00,225,315,458,4925,4919,5021,4700,4604,4563
21/9/2020 18:30,208,314,423,4857,4847,4917,4649,4533,4494
21/9/2020 19:00,197,316,423,4818,4803,4844,4621,4487,4421
21/9/2020 19:30,194,357,390,4851,4836,4934,4657,4479,4544
21/9/2020 20:00,192,375,387,4921,4911,4993,4729,4536,4606
21/9/2020 20:30,191,383,430,4856,4845,4875,4665,4462,4445
21/9/2020 21:00,197,391,432,4643,4623,4664,4446,4232,4232
21/9/2020 21:30,209,425,440,4406,4386,4410,4197,3961,3970
21/9/2020 22:00,227,454,461,4172,4162,4140,3945,3708,3679
21/9/2020 22:30,252,499,537,3926,3921,3901,3674,3422,3364
21/9/2020 23:00,526,547,552,3662,3664,3633,3136,3117,3081
21/9/2020 23:30,588,546,640,3440,3445,3451,2852,2899,2811
22/9/2020 0:00,648,597,708,3265,3268,3298,2617,2671,2590
22/9/2020 0:30,707,653,828,3140,3144,3198,2433,2491,2370
22/9/2020 1:00,765,708,927,3060,3063,3107,2295,2355,2180
22/9/2020 1:30,823,772,1031,2997,3002,3060,2174,2230,2029
22/9/2020 2:00,891,849,1047,2946,2951,2998,2055,2102,1951
22/9/2020 2:30,968,1005,1084,2909,2913,2974,1941,1908,1890
22/9/2020 3:00,1061,1110,1219,2887,2890,2960,1826,1780,1741
22/9/2020 3:30,1169,1254,1409,2881,2883,2958,1712,1629,1549
22/9/2020 4:00,1269,1349,1551,2890,2894,2959,1621,1545,1408
22/9/2020 4:30,1360,1449,1631,2915,2919,2975,1555,1470,1344
22/9/2020 5:00,1465,1536,1687,2965,2968,3011,1500,1432,1324
22/9/2020 5:30,1583,1639,1775,3076,3043,3088,1493,1404,1313
22/9/2020 6:00,1690,1731,1879,3272,3235,3293,1582,1504,1414
22/9/2020 6:30,1785,1810,2036,3602,3558,3530,1817,1748,1494
22/9/2020 7:00,1899,1939,2141,4028,3974,3901,2129,2035,1760
22/9/2020 7:30,2031,2151,2200,4333,4288,4241,2302,2137,2041
22/9/2020 8:00,2142,2256,2120,4489,4469,4469,2347,2213,2349
22/9/2020 8:30,2231,2325,1976,4606,4585,4580,2375,2260,2604
22/9/2020 9:00,2394,2454,1955,4702,4657,4652,2308,2203,2697
22/9/2020 9:30,2630,2635,2030,4741,4692,4679,2111,2057,2649
22/9/2020 10:00,2787,2734,2112,4727,4696,4656,1940,1962,2544
22/9/2020 10:30,2863,2837,2190,4713,4693,4652,1850,1856,2462
22/9/2020 11:00,2922,2890,2287,4711,4689,4686,1789,1799,2399
22/9/2020 11:30,2964,2836,2328,4720,4697,4691,1756,1861,2363
22/9/2020 12:00,3001,2908,2317,4732,4721,4699,1731,1813,2382
22/9/2020 12:30,3034,2846,2429,4720,4724,4756,1686,1878,2327
22/9/2020 13:00,3063,2921,2400,4684,4697,4730,1621,1776,2330
22/9/2020 13:30,3090,2871,2533,4647,4659,4648,1557,1788,2115
22/9/2020 14:00,3091,2883,2470,4620,4619,4634,1529,1736,2164
22/9/2020 14:30,3067,2875,2504,4615,4608,4618,1548,1733,2114
22/9/2020 15:00,3006,2810,2432,4636,4633,4668,1630,1823,2236
22/9/2020 15:30,2909,2613,2234,4684,4686,4720,1775,2073,2486
22/9/2020 16:00,2797,2465,2124,4761,4768,4823,1964,2303,2699
22/9/2020 16:30,2668,2208,1934,4876,4885,5007,2208,2677,3073
22/9/2020 17:00,2517,2026,1733,5005,5013,5158,2488,2987,3425
22/9/2020 17:30,2343,1803,1574,5038,5049,5249,2695,3246,3675
22/9/2020 18:00,2160,1607,1358,4976,4994,5184,2816,3387,3826
22/9/2020 18:30,1968,1375,1262,4929,4943,5093,2961,3568,3831
22/9/2020 19:00,1830,1184,1251,4922,4921,5037,3092,3737,3786
22/9/2020 19:30,1746,951,1184,4931,4922,5072,3185,3971,3888
22/9/2020 20:00,1655,889,1143,4929,4921,5033,3274,4032,3890
22/9/2020 20:30,1555,820,1149,4827,4819,4885,3272,3999,3736
22/9/2020 21:00,1448,820,1052,4622,4609,4682,3174,3789,3630
22/9/2020 21:30,1335,702,1001,4393,4371,4416,3058,3669,3415
22/9/2020 22:00,1245,665,957,4157,4126,4154,2912,3461,3197
22/9/2020 22:30,1177,745,856,3906,3880,3928,2729,3135,3072
22/9/2020 23:00,870,740,803,3643,3642,3664,2773,2902,2861
22/9/2020 23:30,850,840,772,3444,3460,3463,2594,2620,2691
23/9/2020 0:00,816,826,737,3290,3306,3309,2474,2480,2572
23/9/2020 0:30,768,755,674,3170,3188,3226,2402,2433,2552
23/9/2020 1:00,735,722,690,3080,3098,3151,2345,2376,2461
23/9/2020 1:30,716,709,657,3015,3033,3085,2299,2324,2428
23/9/2020 2:00,694,669,598,2971,2987,3043,2277,2318,2445
23/9/2020 2:30,667,618,538,2938,2951,3012,2271,2333,2474
23/9/2020 3:00,636,580,556,2915,2927,2990,2279,2347,2434
23/9/2020 3:30,601,530,512,2907,2916,2966,2306,2386,2454
23/9/2020 4:00,558,504,462,2914,2924,2994,2356,2420,2532
23/9/2020 4:30,509,496,389,2936,2942,3011,2427,2446,2622
23/9/2020 5:00,467,478,382,2982,2990,3090,2515,2512,2708
23/9/2020 5:30,432,408,345,3092,3103,3169,2660,2695,2824
23/9/2020 6:00,390,384,297,3291,3304,3379,2901,2920,3082
23/9/2020 6:30,341,348,272,3634,3639,3645,3293,3291,3373
23/9/2020 7:00,300,321,249,4079,4070,4051,3779,3749,3802
23/9/2020 7:30,266,288,208,4399,4387,4391,4133,4099,4183
23/9/2020 8:00,227,266,182,4562,4559,4641,4335,4293,4459
23/9/2020 8:30,182,210,137,4673,4670,4745,4491,4460,4608
23/9/2020 9:00,147,193,118,4755,4739,4792,4608,4546,4674
23/9/2020 9:30,122,171,115,4792,4767,4792,4670,4596,4677
23/9/2020 10:00,108,150,113,4788,4761,4792,4680,4611,4679
23/9/2020 10:30,104,114,52,4775,4753,4820,4671,4639,4768
23/9/2020 11:00,101,96,70,4762,4750,4802,4661,4654,4732
23/9/2020 11:30,101,78,94,4764,4765,4769,4663,4687,4675
23/9/2020 12:00,105,80,121,4777,4785,4809,4672,4705,4688
23/9/2020 12:30,114,74,145,4766,4778,4855,4652,4704,4710
23/9/2020 13:00,131,80,167,4727,4737,4825,4596,4657,4658
23/9/2020 13:30,156,75,138,4674,4686,4720,4518,4611,4582
23/9/2020 14:00,195,82,138,4619,4636,4691,4424,4554,4553
23/9/2020 14:30,250,83,202,4597,4617,4673,4347,4534,4471
23/9/2020 15:00,272,97,191,4613,4634,4709,4341,4537,4518
23/9/2020 15:30,260,181,269,4655,4681,4762,4395,4500,4493
23/9/2020 16:00,285,186,266,4721,4757,4824,4436,4571,4558
23/9/2020 16:30,346,210,281,4827,4872,4951,4481,4662,4670
23/9/2020 17:00,412,216,263,4949,5001,5076,4537,4785,4813
23/9/2020 17:30,482,188,238,4983,5035,5146,4501,4847,4908
23/9/2020 18:00,573,195,216,4929,4973,5067,4356,4778,4851
23/9/2020 18:30,684,203,239,4884,4922,4951,4200,4719,4712
23/9/2020 19:00,855,269,280,4877,4916,4909,4022,4647,4629
23/9/2020 19:30,1084,402,420,4930,4967,5041,3846,4565,4621
23/9/2020 20:00,1294,572,561,5007,5039,5149,3713,4467,4588
23/9/2020 20:30,1485,801,758,4932,4954,5024,3447,4153,4266
23/9/2020 21:00,1646,972,922,4697,4705,4831,3051,3733,3909
23/9/2020 21:30,1776,1137,1048,4441,4445,4558,2665,3308,3510
23/9/2020 22:00,1864,1239,1106,4196,4205,4269,2332,2966,3163
23/9/2020 22:30,1911,1337,1101,3949,3957,3984,2038,2620,2883
23/9/2020 23:00,1432,1400,1145,3705,3705,3734,2273,2305,2589
23/9/2020 23:30,1383,1472,1309,3505,3507,3543,2122,2035,2234
24/9/2020 0:00,1398,1587,1516,3361,3365,3400,1963,1778,1884
24/9/2020 0:30,1478,1719,1651,3250,3255,3318,1772,1536,1667
24/9/2020 1:00,1561,1847,1785,3166,3168,3238,1605,1321,1453
24/9/2020 1:30,1647,1875,1805,3101,3103,3173,1454,1228,1368
24/9/2020 2:00,1707,1913,1726,3053,3056,3096,1346,1143,1370
24/9/2020 2:30,1739,1769,1750,3017,3019,3055,1278,1250,1305
24/9/2020 3:00,1757,1762,1841,2993,2993,3027,1236,1231,1186
24/9/2020 3:30,1758,1826,1969,2985,2983,3017,1227,1157,1048
24/9/2020 4:00,1796,1846,1959,2993,2992,3023,1197,1146,1064
24/9/2020 4:30,1869,1880,1927,3018,3019,3028,1149,1139,1101
24/9/2020 5:00,1917,1909,1981,3068,3071,3097,1151,1162,1116
24/9/2020 5:30,1938,1819,1955,3179,3187,3159,1241,1368,1204
24/9/2020 6:00,1934,1843,1951,3376,3387,3361,1442,1544,1410
24/9/2020 6:30,1907,1877,1956,3721,3720,3616,1814,1843,1660
24/9/2020 7:00,1893,1826,1976,4171,4148,4038,2278,2322,2062
24/9/2020 7:30,1893,1804,2085,4494,4473,4410,2601,2669,2325
24/9/2020 8:00,1892,1747,2036,4656,4662,4668,2764,2915,2632
24/9/2020 8:30,1889,1724,1894,4758,4772,4758,2869,3048,2864
24/9/2020 9:00,1893,1753,1797,4821,4824,4838,2928,3071,3041
24/9/2020 9:30,1903,1672,1700,4837,4842,4875,2934,3170,3175
24/9/2020 10:00,1928,1741,1872,4814,4835,4871,2886,3094,2999
24/9/2020 10:30,1968,1890,1981,4794,4817,4907,2826,2927,2926
24/9/2020 11:00,2095,2093,2163,4787,4797,4921,2692,2704,2758
24/9/2020 11:30,2311,2374,2296,4791,4804,4916,2480,2430,2620
24/9/2020 12:00,2477,2533,2322,4801,4827,4928,2324,2294,2606
24/9/2020 12:30,2593,2609,2364,4789,4822,4960,2196,2213,2596
24/9/2020 13:00,2705,2699,2370,4751,4783,4939,2046,2084,2569
24/9/2020 13:30,2811,2818,2337,4703,4733,4829,1892,1915,2492
24/9/2020 14:00,2885,2868,2351,4655,4684,4797,1770,1816,2446
24/9/2020 14:30,2926,2925,2354,4635,4667,4764,1709,1742,2410
24/9/2020 15:00,2956,2960,2442,4650,4687,4805,1694,1727,2363
24/9/2020 15:30,2975,2922,2424,4693,4734,4866,1718,1812,2442
24/9/2020 16:00,2989,2912,2437,4767,4809,4919,1778,1897,2482
24/9/2020 16:30,2998,2787,2460,4881,4928,5033,1883,2141,2573
24/9/2020 17:00,2960,2725,2419,5011,5064,5189,2051,2339,2770
24/9/2020 17:30,2875,2488,2358,5051,5098,5245,2176,2610,2887
24/9/2020 18:00,2797,2415,2305,5000,5029,5197,2203,2614,2892
24/9/2020 18:30,2726,2321,2199,4967,4992,5136,2241,2671,2937
24/9/2020 19:00,2676,2276,2191,4978,5011,5089,2302,2735,2898
24/9/2020 19:30,2647,2210,2203,5025,5054,5219,2378,2844,3016
24/9/2020 20:00,2607,2189,2086,5072,5085,5266,2465,2896,3180
24/9/2020 20:30,2557,2171,1930,4976,4991,5086,2419,2820,3156
24/9/2020 21:00,2506,2128,1885,4734,4765,4874,2228,2637,2989
24/9/2020 21:30,2455,2160,1837,4478,4511,4618,2023,2351,2781
24/9/2020 22:00,2406,2141,1803,4234,4256,4378,1828,2115,2575
24/9/2020 22:30,2359,2096,1788,3982,4001,4094,1623,1905,2306
24/9/2020 23:00,2209,2085,1732,3754,3757,3835,1545,1672,2103
24/9/2020 23:30,2171,2030,1707,3571,3577,3627,1400,1547,1920
25/9/2020 0:00,2125,2009,1730,3451,3456,3488,1326,1447,1758
25/9/2020 0:30,2069,1904,1715,3346,3353,3382,1277,1449,1667
25/9/2020 1:00,2040,1889,1760,3247,3255,3289,1207,1366,1529
25/9/2020 1:30,2036,1834,1779,3172,3181,3226,1136,1347,1447
25/9/2020 2:00,2023,1832,1773,3122,3131,3184,1099,1299,1411
25/9/2020 2:30,2001,1768,1776,3082,3090,3120,1081,1322,1344
25/9/2020 3:00,1998,1785,1804,3050,3058,3091,1052,1273,1287
25/9/2020 3:30,2013,1835,1872,3037,3044,3064,1024,1209,1192
25/9/2020 4:00,2021,1870,1916,3042,3051,3073,1021,1181,1157
25/9/2020 4:30,2021,1894,1989,3067,3078,3101,1046,1184,1112
25/9/2020 5:00,2039,1922,2005,3117,3128,3139,1078,1206,1134
25/9/2020 5:30,2073,1948,2090,3216,3228,3234,1143,1280,1144
25/9/2020 6:00,2111,2020,2169,3387,3402,3438,1276,1382,1269
25/9/2020 6:30,2153,2118,2227,3703,3707,3694,1550,1589,1467
25/9/2020 7:00,2181,2197,2277,4129,4113,4081,1948,1916,1804
25/9/2020 7:30,2198,2264,2360,4451,4429,4449,2253,2165,2089
25/9/2020 8:00,2219,2317,2332,4634,4623,4733,2415,2306,2401
25/9/2020 8:30,2246,2423,2242,4751,4749,4825,2505,2326,2583
25/9/2020 9:00,2300,2445,2273,4820,4821,4922,2520,2376,2649
25/9/2020 9:30,2381,2551,2289,4833,4841,4950,2452,2290,2661
25/9/2020 10:00,2479,2612,2286,4800,4818,4907,2321,2206,2621
25/9/2020 10:30,2594,2667,2306,4769,4797,4873,2175,2130,2567
25/9/2020 11:00,2661,2692,2334,4752,4786,4873,2091,2094,2539
25/9/2020 11:30,2679,2625,2291,4755,4773,4847,2076,2148,2556
25/9/2020 12:00,2654,2579,2333,4768,4784,4849,2114,2205,2516
25/9/2020 12:30,2583,2471,2408,4754,4768,4874,2171,2297,2466
25/9/2020 13:00,2530,2447,2327,4705,4717,4831,2175,2270,2504
25/9/2020 13:30,2493,2366,2265,4630,4640,4692,2137,2274,2427
25/9/2020 14:00,2464,2349,2369,4542,4550,4676,2078,2201,2307
25/9/2020 14:30,2442,2311,2248,4492,4501,4611,2050,2190,2363
25/9/2020 15:00,2383,2259,2193,4488,4502,4586,2105,2243,2393
25/9/2020 15:30,2288,2156,2149,4511,4531,4565,2223,2375,2416
25/9/2020 16:00,2155,2062,2095,4561,4587,4621,2406,2525,2526
25/9/2020 16:30,1984,1943,2120,4654,4682,4758,2670,2739,2638
25/9/2020 17:00,1771,1766,1932,4770,4795,4859,2999,3029,2927
25/9/2020 17:30,1514,1585,1609,4816,4836,4909,3302,3251,3300
25/9/2020 18:00,1279,1358,1317,4795,4809,4886,3516,3451,3569
25/9/2020 18:30,1064,1098,1204,4800,4814,4840,3736,3716,3636
25/9/2020 19:00,892,952,1033,4848,4866,4818,3956,3914,3785
25/9/2020 19:30,763,867,962,4900,4920,4982,4137,4053,4020
25/9/2020 20:00,659,783,825,4926,4943,4993,4267,4160,4168
25/9/2020 20:30,579,740,772,4836,4852,4875,4257,4112,4103
25/9/2020 21:00,503,677,683,4628,4645,4677,4125,3968,3994
25/9/2020 21:30,432,494,615,4391,4409,4450,3959,3915,3835
25/9/2020 22:00,368,447,522,4151,4169,4231,3783,3722,3709
25/9/2020 22:30,310,388,441,3931,3952,4018,3621,3564,3577
25/9/2020 23:00,389,360,403,3756,3763,3826,3367,3403,3423
25/9/2020 23:30,357,387,443,3613,3619,3639,3256,3232,3196
26/9/2020 0:00,340,391,445,3509,3513,3505,3169,3122,3060
26/9/2020 0:30,338,416,460,3401,3407,3401,3063,2991,2941
26/9/2020 1:00,345,434,441,3287,3295,3302,2942,2861,2861
26/9/2020 1:30,362,437,432,3191,3202,3199,2829,2765,2767
26/9/2020 2:00,376,464,434,3118,3128,3145,2742,2664,2711
26/9/2020 2:30,389,515,448,3056,3065,3102,2667,2550,2654
26/9/2020 3:00,424,563,484,3006,3016,3039,2582,2453,2555
26/9/2020 3:30,480,624,555,2982,2992,3037,2502,2368,2482
26/9/2020 4:00,531,664,647,2983,2994,3026,2452,2330,2379
26/9/2020 4:30,576,707,700,2996,3002,3028,2420,2295,2328
26/9/2020 5:00,611,751,752,3020,3025,3048,2409,2274,2296
26/9/2020 5:30,636,749,781,3068,3075,3078,2432,2326,2297
26/9/2020 6:00,682,801,870,3148,3161,3178,2466,2360,2308
26/9/2020 6:30,749,814,935,3288,3290,3312,2539,2476,2377
26/9/2020 7:00,806,857,1015,3480,3462,3455,2674,2605,2440
26/9/2020 7:30,852,913,1078,3672,3660,3608,2820,2747,2530
26/9/2020 8:00,858,907,1030,3854,3872,3876,2996,2965,2846
26/9/2020 8:30,823,874,972,4047,4070,4111,3224,3196,3139
26/9/2020 9:00,766,800,948,4237,4238,4307,3471,3438,3359
26/9/2020 9:30,686,709,866,4351,4346,4415,3665,3637,3549
26/9/2020 10:00,693,703,782,4382,4390,4477,3689,3687,3695
26/9/2020 10:30,786,822,807,4379,4396,4498,3593,3574,3691
26/9/2020 11:00,848,892,929,4361,4378,4490,3513,3486,3561
26/9/2020 11:30,880,928,983,4355,4365,4438,3475,3437,3455
26/9/2020 12:00,880,933,989,4360,4360,4437,3480,3427,3448
26/9/2020 12:30,847,898,942,4343,4340,4437,3496,3442,3495
26/9/2020 13:00,799,861,917,4297,4296,4379,3498,3435,3462
26/9/2020 13:30,736,807,800,4222,4222,4309,3486,3415,3509
26/9/2020 14:00,679,757,743,4129,4129,4216,3450,3372,3473
26/9/2020 14:30,629,745,624,4064,4068,4153,3435,3323,3529
26/9/2020 15:00,584,701,605,4039,4047,4107,3455,3346,3502
26/9/2020 15:30,545,664,516,4048,4052,4100,3503,3388,3584
26/9/2020 16:00,508,633,463,4095,4086,4142,3587,3453,3679
26/9/2020 16:30,475,580,419,4194,4186,4239,3719,3606,3820
26/9/2020 17:00,422,510,358,4329,4332,4357,3907,3822,3999
26/9/2020 17:30,349,371,303,4418,4429,4498,4069,4058,4195
26/9/2020 18:00,303,306,269,4455,4466,4560,4152,4160,4291
26/9/2020 18:30,284,231,231,4506,4513,4562,4222,4282,4331
26/9/2020 19:00,265,210,226,4574,4576,4566,4309,4366,4340
26/9/2020 19:30,248,146,230,4615,4610,4686,4367,4464,4456
26/9/2020 20:00,223,145,215,4609,4598,4700,4386,4453,4485
26/9/2020 20:30,192,124,201,4512,4503,4552,4320,4379,4351
26/9/2020 21:00,164,115,184,4331,4330,4397,4167,4215,4213
26/9/2020 21:30,140,112,163,4143,4148,4223,4003,4036,4060
26/9/2020 22:00,121,90,138,3962,3969,4050,3841,3879,3912
26/9/2020 22:30,106,68,121,3785,3796,3847,3679,3728,3726
26/9/2020 23:00,131,60,108,3623,3632,3687,3492,3572,3579
26/9/2020 23:30,115,48,88,3504,3512,3530,3389,3464,3442
27/9/2020 0:00,103,45,67,3426,3427,3443,3323,3382,3376
27/9/2020 0:30,95,37,0,3341,3340,3343,3246,3303,3343
27/9/2020 1:00,87,36,0,3244,3242,3250,3157,3206,3250
27/9/2020 1:30,78,31,0,3163,3161,3158,3085,3130,3158
27/9/2020 2:00,73,32,0,3103,3101,3114,3030,3069,3114
27/9/2020 2:30,72,38,0,3056,3055,3067,2984,3017,3067
27/9/2020 3:00,73,39,0,3021,3023,3022,2948,2984,3022
27/9/2020 3:30,77,28,32,3005,3007,2999,2928,2979,2967
27/9/2020 4:00,79,32,88,3005,3007,2992,2926,2975,2904
27/9/2020 4:30,80,37,130,3009,3009,2993,2929,2972,2863
27/9/2020 5:00,83,44,170,3016,3018,3014,2933,2974,2844
27/9/2020 5:30,89,49,195,3040,3043,3027,2951,2994,2832
27/9/2020 6:00,94,61,191,3087,3091,3088,2993,3030,2897
27/9/2020 6:30,99,90,172,3171,3162,3157,3072,3072,2985
27/9/2020 7:00,107,101,182,3290,3260,3223,3183,3159,3041
27/9/2020 7:30,119,108,215,3423,3392,3288,3304,3284,3073
27/9/2020 8:00,125,113,250,3569,3560,3467,3444,3447,3217
27/9/2020 8:30,125,137,247,3751,3756,3680,3626,3619,3433
27/9/2020 9:00,119,132,235,3956,3965,3885,3837,3833,3650
27/9/2020 9:30,106,151,209,4118,4133,4042,4012,3982,3833
27/9/2020 10:00,97,143,208,4225,4248,4204,4128,4105,3996
27/9/2020 10:30,91,114,201,4295,4320,4287,4204,4206,4086
27/9/2020 11:00,93,118,213,4338,4360,4326,4245,4242,4113
27/9/2020 11:30,102,147,227,4376,4404,4345,4274,4257,4118
27/9/2020 12:00,118,161,260,4406,4438,4395,4288,4277,4135
27/9/2020 12:30,139,189,299,4403,4441,4420,4264,4252,4121
27/9/2020 13:00,156,210,307,4362,4403,4388,4206,4193,4081
27/9/2020 13:30,167,233,312,4283,4328,4297,4116,4095,3985
27/9/2020 14:00,183,252,307,4181,4228,4203,3998,3976,3896
27/9/2020 14:30,206,278,339,4115,4159,4135,3909,3881,3796
27/9/2020 15:00,225,292,371,4096,4133,4105,3871,3841,3734
27/9/2020 15:30,240,310,359,4103,4139,4108,3863,3829,3749
27/9/2020 16:00,262,341,329,4140,4182,4173,3878,3841,3844
27/9/2020 16:30,290,396,360,4244,4284,4287,3954,3888,3927
27/9/2020 17:00,318,428,366,4397,4430,4432,4079,4002,4066
27/9/2020 17:30,346,421,419,4496,4522,4565,4150,4101,4146
27/9/2020 18:00,400,476,466,4541,4562,4598,4141,4086,4132
27/9/2020 18:30,479,571,558,4627,4643,4601,4148,4072,4043
27/9/2020 19:00,575,663,629,4751,4764,4624,4176,4101,3995
27/9/2020 19:30,688,726,746,4801,4818,4775,4113,4092,4029
27/9/2020 20:00,787,817,871,4754,4783,4721,3967,3966,3850
27/9/2020 20:30,872,852,954,4634,4665,4549,3762,3813,3595
27/9/2020 21:00,950,930,1009,4452,4476,4360,3502,3546,3351
27/9/2020 21:30,1019,952,1019,4240,4259,4130,3221,3307,3111
27/9/2020 22:00,1090,1005,1027,4011,4026,3891,2921,3021,2864
27/9/2020 22:30,1163,1021,1146,3787,3792,3687,2624,2771,2541
27/9/2020 23:00,1159,1058,1157,3564,3568,3481,2405,2510,2324
27/9/2020 23:30,1176,1122,1143,3394,3402,3308,2218,2280,2165
28/9/2020 0:00,1209,1144,1255,3277,3284,3209,2068,2140,1954
28/9/2020 0:30,1259,1183,1331,3180,3187,3147,1921,2004,1816
28/9/2020 1:00,1303,1203,1336,3098,3105,3059,1795,1902,1723
28/9/2020 1:30,1342,1187,1415,3039,3045,2999,1697,1858,1584
28/9/2020 2:00,1384,1225,1548,3001,3005,2978,1617,1780,1430
28/9/2020 2:30,1431,1273,1554,2967,2969,2936,1536,1696,1382
28/9/2020 3:00,1471,1300,1548,2936,2939,2938,1465,1639,1390
28/9/2020 3:30,1504,1323,1540,2925,2928,2944,1421,1605,1404
28/9/2020 4:00,1531,1323,1457,2936,2942,2921,1405,1619,1464
28/9/2020 4:30,1551,1285,1411,2961,2967,2927,1410,1682,1516
28/9/2020 5:00,1571,1261,1348,3010,3016,2999,1439,1755,1651
28/9/2020 5:30,1592,1349,1268,3130,3140,3095,1538,1791,1827
28/9/2020 6:00,1614,1335,1202,3345,3362,3325,1731,2027,2123
28/9/2020 6:30,1637,1328,1157,3708,3709,3585,2071,2381,2428
28/9/2020 7:00,1654,1331,1194,4170,4143,4010,2516,2812,2816
28/9/2020 7:30,1663,1273,1123,4501,4465,4383,2838,3192,3260
28/9/2020 8:00,1639,1261,1046,4667,4649,4664,3028,3388,3618
28/9/2020 8:30,1581,1203,983,4779,4761,4791,3198,3558,3808
28/9/2020 9:00,1528,1196,985,4858,4826,4890,3330,3630,3905
28/9/2020 9:30,1480,1070,1005,4892,4862,4955,3412,3792,3950
28/9/2020 10:00,1459,1063,1073,4886,4876,4930,3427,3813,3857
28/9/2020 10:30,1465,1002,1069,4879,4881,4933,3414,3879,3864
28/9/2020 11:00,1478,1034,1097,4881,4881,4952,3403,3847,3855
28/9/2020 11:30,1498,1041,1081,4888,4900,4929,3390,3859,3848
28/9/2020 12:00,1536,1111,1151,4894,4906,4924,3358,3795,3773
28/9/2020 12:30,1591,1186,1242,4872,4885,4963,3281,3699,3721
28/9/2020 13:00,1620,1252,1337,4820,4834,4939,3200,3582,3602
28/9/2020 13:30,1620,1348,1431,4761,4772,4798,3141,3424,3367
28/9/2020 14:00,1611,1381,1470,4708,4709,4747,3097,3328,3277
28/9/2020 14:30,1594,1452,1473,4691,4680,4693,3097,3228,3220
28/9/2020 15:00,1559,1460,1539,4712,4691,4694,3153,3231,3155
28/9/2020 15:30,1507,1394,1547,4757,4735,4728,3250,3341,3181
28/9/2020 16:00,1441,1328,1450,4828,4811,4776,3387,3483,3326
28/9/2020 16:30,1360,1175,1356,4946,4929,4926,3586,3754,3570
28/9/2020 17:00,1243,1038,1233,5081,5056,5052,3838,4018,3819
28/9/2020 17:30,1090,915,1045,5098,5061,5113,4008,4146,4068
28/9/2020 18:00,952,776,863,5011,4958,5030,4059,4182,4167
28/9/2020 18:30,829,717,669,5025,4952,4959,4196,4235,4290
28/9/2020 19:00,730,632,607,5144,5051,4945,4414,4419,4338
28/9/2020 19:30,658,572,613,5191,5091,5128,4533,4519,4515
28/9/2020 20:00,592,521,589,5130,5037,5140,4538,4516,4551
28/9/2020 20:30,534,476,518,4994,4906,4962,4460,4430,4444
28/9/2020 21:00,479,431,462,4796,4706,4778,4317,4275,4316
28/9/2020 21:30,428,343,440,4554,4464,4510,4126,4121,4070
28/9/2020 22:00,384,306,381,4281,4192,4269,3897,3886,3888
28/9/2020 22:30,347,228,325,4008,3932,4022,3661,3704,3697
28/9/2020 23:00,238,205,269,3692,3693,3771,3454,3488,3502
28/9/2020 23:30,226,237,243,3504,3508,3569,3278,3271,3326
29/9/2020 0:00,223,229,214,3365,3366,3443,3142,3137,3229
29/9/2020 0:30,229,207,199,3259,3260,3357,3030,3053,3158
29/9/2020 1:00,236,208,193,3178,3180,3273,2942,2972,3080
29/9/2020 1:30,241,209,182,3115,3119,3208,2874,2910,3026
29/9/2020 2:00,245,209,178,3067,3072,3168,2822,2863,2990
29/9/2020 2:30,245,159,170,3031,3037,3128,2786,2878,2958
29/9/2020 3:00,247,166,175,3008,3013,3098,2761,2847,2923
29/9/2020 3:30,249,158,205,2996,3000,3088,2747,2842,2883
29/9/2020 4:00,258,172,236,2998,3001,3087,2740,2829,2851
29/9/2020 4:30,273,182,262,3022,3025,3103,2749,2843,2841
29/9/2020 5:00,294,202,259,3080,3083,3156,2786,2881,2897
29/9/2020 5:30,319,215,287,3204,3214,3230,2885,2999,2943
29/9/2020 6:00,348,257,308,3417,3435,3447,3069,3178,3139
29/9/2020 6:30,383,293,305,3774,3773,3719,3391,3480,3414
29/9/2020 7:00,428,358,386,4234,4193,4159,3806,3835,3773
29/9/2020 7:30,485,456,472,4560,4520,4599,4075,4064,4127
29/9/2020 8:00,534,520,505,4722,4731,4786,4188,4211,4281
29/9/2020 8:30,574,575,513,4823,4852,4870,4249,4277,4357
29/9/2020 9:00,575,590,512,4886,4898,4928,4311,4308,4416
29/9/2020 9:30,538,539,513,4899,4904,4945,4361,4365,4432
29/9/2020 10:00,561,560,551,4870,4882,4911,4309,4322,4360
29/9/2020 10:30,644,584,595,4838,4854,4873,4194,4270,4278
29/9/2020 11:00,803,719,685,4815,4827,4854,4012,4108,4169
29/9/2020 11:30,1036,936,816,4810,4817,4822,3774,3881,4006
29/9/2020 12:00,1220,1118,923,4817,4817,4807,3597,3699,3884
29/9/2020 12:30,1355,1244,1151,4798,4798,4856,3443,3554,3705
29/9/2020 13:00,1488,1406,1266,4749,4753,4820,3261,3347,3554
29/9/2020 13:30,1619,1593,1367,4695,4697,4687,3076,3104,3320
29/9/2020 14:00,1726,1743,1519,4650,4640,4665,2924,2897,3146
29/9/2020 14:30,1810,1853,1612,4641,4622,4654,2831,2769,3042
29/9/2020 15:00,1862,1963,1840,4674,4648,4674,2812,2685,2834
29/9/2020 15:30,1883,1912,1992,4736,4707,4741,2853,2795,2749
29/9/2020 16:00,1937,2003,2044,4829,4800,4848,2892,2797,2804
29/9/2020 16:30,2024,2058,2172,4968,4941,4991,2944,2883,2819
29/9/2020 17:00,2099,2174,2245,5120,5099,5151,3021,2925,2906
29/9/2020 17:30,2160,2309,2278,5148,5140,5203,2988,2831,2925
29/9/2020 18:00,2264,2473,2366,5067,5079,5149,2803,2606,2783
29/9/2020 18:30,2412,2701,2402,5088,5106,5094,2676,2405,2692
29/9/2020 19:00,2561,2869,2527,5210,5224,5109,2649,2355,2582
29/9/2020 19:30,2712,3012,2789,5222,5245,5265,2510,2233,2476
29/9/2020 20:00,2844,3140,2930,5096,5140,5176,2252,2000,2246
29/9/2020 20:30,2957,3289,2966,4930,4979,4972,1973,1690,2006
29/9/2020 21:00,3047,3359,2994,4741,4780,4747,1694,1421,1753
29/9/2020 21:30,3116,3351,3076,4507,4548,4495,1391,1197,1419
29/9/2020 22:00,3155,3385,3036,4236,4289,4250,1081,904,1214
29/9/2020 22:30,3163,3313,2944,3975,4026,3995,812,713,1051
29/9/2020 23:00,3301,3299,2807,3773,3774,3731,472,475,924
29/9/2020 23:30,3266,3284,2778,3583,3594,3550,317,310,772
30/9/2020 0:00,3216,3213,2705,3454,3467,3420,238,254,715
30/9/2020 0:30,3149,3046,2596,3347,3360,3337,198,314,741
30/9/2020 1:00,3055,2880,2492,3253,3263,3250,198,383,758
30/9/2020 1:30,2933,2593,2373,3178,3185,3192,245,592,819
30/9/2020 2:00,2795,2343,2306,3124,3125,3150,329,782,844
30/9/2020 2:30,2642,1993,2126,3083,3078,3099,441,1085,973
30/9/2020 3:00,2453,1795,1941,3054,3049,3071,601,1254,1130
30/9/2020 3:30,2228,1568,1768,3045,3037,3066,817,1469,1298
30/9/2020 4:00,2075,1411,1526,3056,3047,3085,981,1636,1559
30/9/2020 4:30,1992,1245,1388,3083,3072,3097,1091,1827,1709
30/9/2020 5:00,1863,1102,1323,3134,3122,3148,1271,2020,1825
30/9/2020 5:30,1688,1016,1137,3247,3241,3230,1559,2225,2093
30/9/2020 6:00,1522,938,1106,3446,3452,3460,1924,2514,2354
30/9/2020 6:30,1365,981,1033,3791,3796,3714,2426,2815,2681
30/9/2020 7:00,1257,998,970,4243,4236,4167,2986,3238,3197
30/9/2020 7:30,1198,1047,933,4577,4571,4507,3379,3524,3574
30/9/2020 8:00,1223,1105,853,4760,4771,4735,3537,3666,3882
30/9/2020 8:30,1331,1172,1003,4876,4893,4848,3545,3721,3845
30/9/2020 9:00,1432,1238,1031,4948,4956,4904,3516,3718,3873
30/9/2020 9:30,1527,1126,1097,4971,4972,4964,3444,3846,3867
30/9/2020 10:00,1601,1152,1087,4954,4950,4934,3353,3798,3847
30/9/2020 10:30,1656,1168,1096,4941,4932,4932,3285,3764,3836
30/9/2020 11:00,1731,1191,1133,4942,4925,4911,3211,3734,3778
30/9/2020 11:30,1826,1132,1082,4952,4923,4924,3126,3791,3842
30/9/2020 12:00,1901,1163,1164,4965,4937,4938,3064,3774,3774
30/9/2020 12:30,1954,1188,1289,4952,4931,4993,2998,3743,3704
30/9/2020 13:00,1979,1245,1252,4910,4898,4969,2931,3653,3717
30/9/2020 13:30,1976,1361,1153,4858,4846,4883,2882,3485,3730
30/9/2020 14:00,1960,1398,1103,4808,4786,4887,2848,3388,3784
30/9/2020 14:30,1932,1282,1153,4788,4760,4897,2856,3478,3744
30/9/2020 15:00,1875,1207,1122,4805,4779,4936,2930,3572,3814
30/9/2020 15:30,1786,1190,1110,4849,4834,4977,3063,3644,3867
30/9/2020 16:00,1701,1138,1185,4923,4924,5048,3222,3786,3863
30/9/2020 16:30,1619,1103,1143,5040,5047,5159,3421,3944,4016
30/9/2020 17:00,1509,1038,1059,5172,5175,5295,3663,4137,4236
30/9/2020 17:30,1372,903,963,5191,5196,5364,3819,4293,4401
30/9/2020 18:00,1250,807,757,5112,5129,5285,3862,4322,4528
30/9/2020 18:30,1143,669,648,5120,5149,5163,3977,4480,4515
30/9/2020 19:00,1071,601,696,5217,5255,5180,4146,4654,4484
30/9/2020 19:30,1036,562,652,5230,5264,5291,4194,4702,4639
30/9/2020 20:00,996,556,585,5129,5147,5230,4133,4591,4645
30/9/2020 20:30,953,589,590,4970,4967,5060,4017,4378,4470
30/9/2020 21:00,904,591,546,4767,4745,4843,3863,4154,4297
30/9/2020 21:30,849,499,483,4533,4506,4590,3684,4007,4107
30/9/2020 22:00,789,466,454,4276,4256,4338,3487,3790,3884
30/9/2020 22:30,724,443,441,4018,4006,4079,3294,3563,3638
30/9/2020 23:00,468,402,415,3759,3762,3832,3291,3360,3417
30/9/2020 23:30,440,289,366,3566,3566,3633,3126,3277,3267
1/10/2020 0:00,408,263,310,3429,3428,3517,3021,3165,3207
1/10/2020 0:30,371,259,263,3333,3333,3416,2962,3074,3153
1/10/2020 1:00,356,261,266,3268,3268,3334,2912,3007,3068
1/10/2020 1:30,363,254,249,3209,3211,3266,2846,2957,3017
1/10/2020 2:00,374,269,286,3155,3156,3221,2781,2887,2935
1/10/2020 2:30,389,278,275,3115,3115,3181,2726,2837,2906
1/10/2020 3:00,403,289,302,3092,3092,3138,2689,2803,2836
1/10/2020 3:30,416,308,335,3084,3082,3115,2668,2774,2780
1/10/2020 4:00,418,331,376,3090,3088,3105,2672,2757,2729
1/10/2020 4:30,407,349,385,3113,3108,3128,2706,2759,2743
1/10/2020 5:00,418,366,427,3163,3157,3209,2745,2791,2782
1/10/2020 5:30,448,343,404,3276,3274,3284,2828,2931,2880
1/10/2020 6:00,453,338,400,3477,3480,3489,3024,3142,3089
1/10/2020 6:30,432,304,382,3824,3811,3772,3392,3507,3390
1/10/2020 7:00,423,309,372,4279,4229,4229,3856,3920,3857
1/10/2020 7:30,428,333,376,4617,4552,4588,4189,4219,4212
1/10/2020 8:00,414,325,399,4804,4748,4852,4390,4423,4453
1/10/2020 8:30,383,307,328,4922,4876,4956,4539,4569,4628
1/10/2020 9:00,348,275,292,4991,4938,5023,4643,4663,4731
1/10/2020 9:30,311,225,238,5001,4960,5048,4690,4735,4810
1/10/2020 10:00,307,204,183,4964,4948,5007,4657,4744,4824
1/10/2020 10:30,339,175,118,4925,4921,4992,4586,4746,4874
1/10/2020 11:00,349,172,105,4899,4890,4985,4550,4718,4880
1/10/2020 11:30,339,186,117,4894,4891,4951,4555,4705,4834
1/10/2020 12:00,344,179,142,4904,4921,4984,4560,4742,4842
1/10/2020 12:30,364,152,114,4892,4919,5000,4528,4767,4886
1/10/2020 13:00,371,150,128,4853,4872,4979,4482,4722,4851
1/10/2020 13:30,367,129,147,4795,4819,4871,4428,4690,4724
1/10/2020 14:00,349,140,224,4734,4772,4866,4385,4632,4642
1/10/2020 14:30,318,142,225,4716,4759,4855,4398,4617,4630
1/10/2020 15:00,312,154,149,4749,4786,4870,4437,4632,4721
1/10/2020 15:30,333,144,147,4813,4845,4915,4480,4701,4768
1/10/2020 16:00,341,158,137,4905,4937,5001,4564,4779,4864
1/10/2020 16:30,334,164,140,5037,5071,5149,4703,4907,5009
1/10/2020 17:00,327,181,134,5180,5219,5274,4853,5038,5140
1/10/2020 17:30,318,214,152,5212,5257,5340,4894,5043,5188
1/10/2020 18:00,314,240,171,5154,5202,5314,4840,4962,5143
1/10/2020 18:30,315,255,189,5214,5243,5262,4899,4988,5073
1/10/2020 19:00,314,325,275,5382,5375,5315,5068,5050,5040
1/10/2020 19:30,312,402,316,5407,5392,5417,5095,4990,5101
1/10/2020 20:00,318,493,343,5259,5266,5310,4941,4773,4967
1/10/2020 20:30,332,596,389,5060,5087,5138,4728,4491,4749
1/10/2020 21:00,359,680,479,4842,4875,4912,4483,4195,4433
1/10/2020 21:30,398,645,556,4602,4632,4663,4204,3987,4107
1/10/2020 22:00,444,726,579,4344,4362,4413,3900,3636,3834
1/10/2020 22:30,496,797,693,4086,4098,4140,3590,3301,3447
1/10/2020 23:00,799,890,770,3855,3857,3872,3056,2967,3102
1/10/2020 23:30,915,948,884,3684,3687,3658,2769,2739,2774
2/10/2020 0:00,1047,1062,1029,3578,3586,3522,2531,2524,2493
2/10/2020 0:30,1196,1145,1116,3481,3490,3426,2285,2345,2310
2/10/2020 1:00,1319,1312,1343,3381,3389,3359,2062,2077,2016
2/10/2020 1:30,1417,1488,1501,3301,3307,3305,1884,1819,1804
2/10/2020 2:00,1536,1646,1605,3242,3249,3245,1706,1603,1640
2/10/2020 2:30,1679,1722,1775,3198,3204,3231,1519,1482,1456
2/10/2020 3:00,1785,1813,1785,3170,3177,3174,1385,1364,1389
2/10/2020 3:30,1856,1868,1905,3162,3169,3153,1306,1301,1248
2/10/2020 4:00,1906,1930,1923,3175,3182,3137,1269,1252,1214
2/10/2020 4:30,1936,1955,1741,3202,3209,3154,1266,1254,1413
2/10/2020 5:00,1953,1973,1959,3252,3256,3241,1299,1283,1282
2/10/2020 5:30,1956,2048,1986,3361,3367,3332,1405,1319,1346
2/10/2020 6:00,1948,2049,1954,3553,3565,3545,1605,1516,1591
2/10/2020 6:30,1928,2002,1971,3882,3880,3849,1954,1878,1878
2/10/2020 7:00,1920,1976,2051,4308,4282,4280,2388,2306,2229
2/10/2020 7:30,1926,1947,2151,4621,4604,4624,2695,2657,2473
2/10/2020 8:00,1891,1907,2067,4791,4814,4853,2900,2907,2786
2/10/2020 8:30,1817,1846,1978,4898,4939,4935,3081,3093,2957
2/10/2020 9:00,1749,1811,1939,4961,4993,4990,3212,3182,3051
2/10/2020 9:30,1688,1814,1920,4972,4997,5026,3284,3183,3106
2/10/2020 10:00,1759,1856,1974,4938,4965,4978,3179,3109,3004
2/10/2020 10:30,1963,1933,2032,4906,4936,4970,2943,3003,2938
2/10/2020 11:00,2108,2000,2087,4888,4921,4980,2780,2921,2893
2/10/2020 11:30,2194,2125,2128,4897,4905,4949,2703,2780,2821
2/10/2020 12:00,2247,2156,2196,4921,4919,4944,2674,2763,2748
2/10/2020 12:30,2266,2156,2211,4916,4914,4924,2650,2758,2713
2/10/2020 13:00,2281,2173,2134,4874,4876,4876,2593,2703,2742
2/10/2020 13:30,2292,2218,2142,4809,4811,4761,2517,2593,2619
2/10/2020 14:00,2313,2229,2193,4736,4730,4705,2423,2501,2512
2/10/2020 14:30,2344,2172,2120,4696,4690,4665,2352,2518,2545
2/10/2020 15:00,2362,2168,2274,4699,4698,4671,2337,2530,2397
2/10/2020 15:30,2367,2137,2235,4728,4730,4659,2361,2593,2424
2/10/2020 16:00,2346,2088,2251,4786,4785,4718,2440,2697,2467
2/10/2020 16:30,2301,1973,2221,4888,4883,4791,2587,2910,2570
2/10/2020 17:00,2211,1883,2104,5010,5000,4895,2799,3117,2791
2/10/2020 17:30,2078,1827,2040,5024,5012,4968,2946,3185,2928
2/10/2020 18:00,1967,1757,1899,4954,4945,4974,2987,3188,3075
2/10/2020 18:30,1880,1752,1768,5022,5017,4959,3142,3265,3191
2/10/2020 19:00,1805,1739,1675,5212,5214,4998,3407,3475,3323
2/10/2020 19:30,1744,1732,1628,5241,5244,5157,3497,3512,3529
2/10/2020 20:00,1685,1688,1626,5078,5079,5067,3393,3391,3441
2/10/2020 20:30,1626,1641,1593,4885,4884,4905,3259,3243,3312
2/10/2020 21:00,1575,1564,1490,4696,4694,4711,3121,3130,3221
2/10/2020 21:30,1530,1470,1447,4478,4483,4508,2948,3013,3061
2/10/2020 22:00,1498,1424,1362,4233,4249,4284,2735,2825,2922
2/10/2020 22:30,1478,1343,1275,4008,4024,4038,2530,2681,2763
2/10/2020 23:00,1316,1299,1219,3816,3818,3838,2500,2519,2619
2/10/2020 23:30,1259,1255,1090,3653,3654,3669,2394,2399,2579
3/10/2020 0:00,1206,1220,1031,3531,3532,3549,2325,2312,2518
3/10/2020 0:30,1159,1193,1037,3425,3425,3441,2266,2232,2404
3/10/2020 1:00,1122,1168,979,3331,3330,3333,2209,2162,2354
3/10/2020 1:30,1095,1102,933,3252,3251,3236,2157,2149,2303
3/10/2020 2:00,1073,1077,915,3186,3185,3168,2113,2108,2253
3/10/2020 2:30,1057,1040,866,3122,3120,3125,2065,2080,2259
3/10/2020 3:00,1038,1022,760,3060,3057,3076,2022,2035,2316
3/10/2020 3:30,1018,970,781,3019,3016,3033,2001,2046,2252
3/10/2020 4:00,1010,971,932,3003,3003,3028,1993,2032,2096
3/10/2020 4:30,1015,991,980,3011,3014,3028,1996,2023,2048
3/10/2020 5:00,1026,992,1115,3043,3045,3053,2017,2053,1938
3/10/2020 5:30,1042,935,1177,3106,3111,3117,2064,2176,1940
3/10/2020 6:00,1056,950,1083,3205,3214,3242,2149,2264,2159
3/10/2020 6:30,1069,921,1113,3350,3349,3391,2281,2428,2278
3/10/2020 7:00,1066,932,1108,3536,3511,3555,2470,2579,2447
3/10/2020 7:30,1047,999,1090,3719,3692,3658,2672,2693,2568
3/10/2020 8:00,1024,989,1069,3898,3889,3874,2874,2900,2805
3/10/2020 8:30,996,1007,1055,4104,4094,4110,3108,3087,3055
3/10/2020 9:00,965,987,1037,4318,4292,4298,3353,3305,3261
3/10/2020 9:30,932,1017,947,4441,4419,4414,3509,3402,3467
3/10/2020 10:00,971,1033,959,4467,4469,4506,3496,3436,3547
3/10/2020 10:30,1083,1100,1079,4473,4487,4539,3390,3387,3460
3/10/2020 11:00,1171,1146,1210,4482,4488,4565,3311,3342,3355
3/10/2020 11:30,1237,1152,1270,4501,4492,4582,3264,3340,3312
3/10/2020 12:00,1284,1160,1212,4526,4511,4596,3242,3351,3384
3/10/2020 12:30,1312,1122,1162,4525,4494,4594,3213,3372,3432
3/10/2020 13:00,1324,1106,1155,4491,4435,4547,3167,3329,3392
3/10/2020 13:30,1320,1154,1125,4431,4370,4472,3111,3216,3347
3/10/2020 14:00,1322,1131,1070,4353,4309,4386,3031,3178,3316
3/10/2020 14:30,1328,1048,1081,4297,4259,4329,2969,3211,3248
3/10/2020 15:00,1326,1027,1065,4275,4226,4315,2949,3199,3250
3/10/2020 15:30,1314,881,998,4287,4230,4299,2973,3349,3301
3/10/2020 16:00,1276,862,1017,4338,4275,4344,3062,3413,3327
3/10/2020 16:30,1213,833,952,4442,4371,4431,3229,3538,3479
3/10/2020 17:00,1128,804,931,4577,4500,4565,3449,3696,3634
3/10/2020 17:30,1022,860,874,4645,4583,4686,3623,3723,3812
3/10/2020 18:00,985,844,808,4656,4624,4718,3671,3780,3910
3/10/2020 18:30,1017,842,793,4749,4733,4693,3732,3891,3900
3/10/2020 19:00,1116,890,890,4902,4883,4745,3786,3993,3855
3/10/2020 19:30,1282,899,1020,4885,4859,4802,3603,3960,3782
3/10/2020 20:00,1411,973,1152,4687,4654,4686,3276,3681,3534
3/10/2020 20:30,1504,1049,1243,4493,4469,4498,2989,3420,3255
3/10/2020 21:00,1571,1135,1371,4338,4335,4335,2767,3200,2964
3/10/2020 21:30,1613,1189,1542,4175,4186,4158,2562,2997,2616
3/10/2020 22:00,1673,1273,1654,3996,4005,3970,2323,2732,2316
3/10/2020 22:30,1751,1383,1742,3808,3821,3782,2057,2438,2040
3/10/2020 23:00,1886,1488,1787,3634,3640,3633,1748,2152,1846
3/10/2020 23:30,1975,1639,1869,3484,3504,3464,1509,1865,1595
4/10/2020 0:00,2069,1743,1878,3366,3382,3372,1297,1639,1494
4/10/2020 0:30,2168,1938,1939,3257,3271,3280,1089,1333,1341
4/10/2020 1:00,2255,2044,2156,3154,3167,3221,899,1123,1065
4/10/2020 1:30,2331,2207,2309,3068,3080,3136,737,873,827
4/10/2020 2:00,2379,2314,2356,3001,3009,3077,622,695,721
4/10/2020 2:30,2398,2360,2396,2950,2955,3037,552,595,641
4/10/2020 3:00,2451,2420,2409,2914,2916,2996,463,496,587
4/10/2020 3:30,2537,2315,2460,2892,2891,2968,355,576,508
4/10/2020 4:00,2609,2396,2451,2882,2881,2952,273,485,501
4/10/2020 4:30,2669,2452,2431,2888,2897,2939,219,445,508
4/10/2020 5:00,2739,2548,2443,2909,2916,2961,170,368,518
4/10/2020 5:30,2820,2756,2470,2951,2957,2972,131,201,502
4/10/2020 6:00,2904,2841,2533,3017,3020,3059,113,179,526
4/10/2020 6:30,2990,2918,2577,3110,3097,3118,120,179,541
4/10/2020 7:00,3077,3007,2648,3230,3191,3239,153,184,591
4/10/2020 7:30,3165,3101,2652,3361,3323,3311,196,222,659
4/10/2020 8:00,3232,3214,2765,3506,3495,3468,274,281,703
4/10/2020 8:30,3279,3259,2877,3696,3688,3653,417,429,776
4/10/2020 9:00,3298,3356,2972,3924,3891,3876,626,535,904
4/10/2020 9:30,3288,3354,3133,4121,4086,4086,833,732,953
4/10/2020 10:00,3275,3405,3254,4271,4262,4303,996,857,1049
4/10/2020 10:30,3259,3399,3330,4384,4394,4468,1125,995,1138
4/10/2020 11:00,3230,3399,3444,4468,4485,4610,1238,1086,1166
4/10/2020 11:30,3189,3305,3383,4546,4571,4710,1357,1266,1327
4/10/2020 12:00,3129,3253,3346,4612,4642,4856,1483,1389,1510
4/10/2020 12:30,3051,3114,3253,4620,4670,4954,1569,1556,1701
4/10/2020 13:00,2967,3034,3136,4571,4648,4972,1604,1614,1836
4/10/2020 13:30,2878,2966,2999,4519,4598,4891,1641,1632,1892
4/10/2020 14:00,2799,2885,2920,4475,4530,4829,1676,1645,1909
4/10/2020 14:30,2731,2906,2822,4433,4486,4750,1702,1580,1928
4/10/2020 15:00,2684,2823,2771,4398,4473,4732,1714,1650,1961
4/10/2020 15:30,2656,2806,2651,4398,4481,4713,1742,1675,2062
4/10/2020 16:00,2629,2729,2649,4443,4517,4748,1814,1788,2099
4/10/2020 16:30,2601,2651,2643,4547,4618,4819,1946,1967,2176
4/10/2020 17:00,2574,2578,2542,4689,4761,4902,2115,2183,2360
4/10/2020 17:30,2549,2441,2506,4775,4823,5000,2226,2382,2494
4/10/2020 18:00,2518,2385,2422,4806,4809,4987,2288,2424,2565
4/10/2020 18:30,2479,2336,2334,4881,4871,4950,2402,2535,2616
4/10/2020 19:00,2444,2288,2261,4985,4995,4991,2541,2707,2730
4/10/2020 19:30,2412,2226,2243,4955,4984,4999,2543,2758,2756
4/10/2020 20:00,2385,2181,2225,4785,4818,4865,2400,2637,2640
4/10/2020 20:30,2362,2147,2144,4608,4636,4678,2246,2489,2534
4/10/2020 21:00,2330,2115,2092,4446,4460,4469,2116,2345,2377
4/10/2020 21:30,2288,2072,2073,4256,4253,4262,1968,2181,2189
4/10/2020 22:00,2249,2066,2084,4034,4015,4054,1785,1949,1970
4/10/2020 22:30,2211,2035,2113,3813,3790,3836,1602,1755,1723
4/10/2020 23:00,2129,2034,2157,3583,3591,3623,1454,1557,1466
4/10/2020 23:30,2122,2056,2223,3435,3451,3427,1313,1395,1204
5/10/2020 0:00,2122,2046,2310,3336,3345,3356,1214,1299,1046
5/10/2020 0:30,2131,2038,2308,3251,3259,3276,1120,1221,968
5/10/2020 1:00,2130,2044,2288,3173,3184,3192,1043,1140,904
5/10/2020 1:30,2120,2068,2278,3107,3119,3124,987,1051,846
5/10/2020 2:00,2124,2073,2325,3056,3064,3084,932,991,759
5/10/2020 2:30,2141,2103,2334,3019,3022,3049,878,919,715
5/10/2020 3:00,2166,2103,2339,2995,2997,3002,829,894,663
5/10/2020 3:30,2198,2164,2410,2985,2986,3012,787,822,602
5/10/2020 4:00,2234,2187,2441,2989,2990,3020,755,803,579
5/10/2020 4:30,2273,2243,2512,3011,3021,3030,738,778,518
5/10/2020 5:00,2306,2299,2586,3064,3074,3095,758,775,509
5/10/2020 5:30,2333,2381,2602,3192,3204,3170,859,823,568
5/10/2020 6:00,2339,2393,2577,3418,3431,3390,1079,1038,813
5/10/2020 6:30,2326,2404,2616,3778,3780,3667,1452,1376,1051
5/10/2020 7:00,2290,2346,2651,4228,4212,4125,1938,1866,1474
5/10/2020 7:30,2232,2313,2529,4557,4541,4511,2325,2228,1982
5/10/2020 8:00,2180,2222,2435,4734,4733,4761,2554,2511,2326
5/10/2020 8:30,2132,2187,2261,4843,4848,4874,2711,2661,2613
5/10/2020 9:00,2097,2152,2184,4908,4905,4945,2811,2753,2761
5/10/2020 9:30,2075,2116,2142,4931,4933,4981,2856,2817,2839
5/10/2020 10:00,2095,2119,2109,4925,4943,4992,2830,2824,2883
5/10/2020 10:30,2159,2236,2113,4929,4957,4993,2770,2721,2880
5/10/2020 11:00,2171,2200,2081,4949,4976,5019,2778,2776,2938
5/10/2020 11:30,2133,2086,2165,4974,4991,5054,2841,2905,2889
5/10/2020 12:00,2091,1965,2090,4994,4997,5083,2903,3032,2993
5/10/2020 12:30,2046,1791,1977,4984,4983,5134,2938,3192,3157
5/10/2020 13:00,1982,1709,1944,4944,4946,5069,2962,3237,3125
5/10/2020 13:30,1900,1597,1791,4892,4898,4964,2992,3301,3173
5/10/2020 14:00,1821,1526,1822,4842,4849,4949,3021,3323,3127
5/10/2020 14:30,1746,1428,1661,4835,4843,4937,3089,3415,3276
5/10/2020 15:00,1654,1328,1446,4872,4882,4970,3218,3554,3524
5/10/2020 15:30,1546,1435,1328,4929,4945,5029,3383,3510,3701
5/10/2020 16:00,1416,1338,1170,5006,5031,5122,3590,3693,3952
5/10/2020 16:30,1264,1194,1097,5136,5166,5249,3872,3972,4152
5/10/2020 17:00,1184,1249,1344,5290,5317,5380,4106,4068,4036
5/10/2020 17:30,1176,1409,1596,5326,5343,5477,4150,3934,3881
5/10/2020 18:00,1188,1497,1609,5254,5258,5374,4066,3761,3765
5/10/2020 18:30,1220,1470,1681,5273,5275,5298,4053,3805,3617
5/10/2020 19:00,1267,1511,1789,5377,5389,5386,4110,3878,3597
5/10/2020 19:30,1331,1524,1861,5355,5382,5423,4024,3858,3562
5/10/2020 20:00,1386,1555,1814,5186,5209,5272,3800,3654,3458
5/10/2020 20:30,1433,1643,1850,4995,5010,5095,3562,3367,3245
5/10/2020 21:00,1471,1633,1776,4803,4819,4862,3332,3186,3086
5/10/2020 21:30,1500,1671,1907,4569,4595,4658,3069,2924,2751
5/10/2020 22:00,1522,1705,1816,4294,4335,4383,2772,2630,2567
5/10/2020 22:30,1536,1860,1891,4024,4074,4123,2488,2214,2232
5/10/2020 23:00,1809,1879,1892,3801,3826,3863,1992,1947,1971
5/10/2020 23:30,1837,1855,1977,3619,3624,3662,1782,1769,1685
6/10/2020 0:00,1860,1875,2000,3498,3475,3540,1638,1600,1540
6/10/2020 0:30,1878,1896,2056,3406,3362,3473,1528,1466,1417
6/10/2020 1:00,1893,1909,2012,3334,3279,3363,1441,1370,1351
6/10/2020 1:30,1906,1926,2015,3273,3214,3292,1367,1288,1277
6/10/2020 2:00,1925,1937,2118,3221,3161,3265,1296,1224,1147
6/10/2020 2:30,1950,1984,2084,3184,3126,3205,1234,1142,1121
6/10/2020 3:00,1959,1996,2131,3160,3108,3176,1201,1112,1045
6/10/2020 3:30,1953,2013,2172,3151,3109,3168,1198,1096,996
6/10/2020 4:00,1949,2017,2143,3156,3127,3171,1207,1110,1028
6/10/2020 4:30,1947,2009,2161,3176,3156,3179,1229,1147,1018
6/10/2020 5:00,1942,2011,2188,3224,3206,3262,1282,1195,1074
6/10/2020 5:30,1934,2083,2149,3345,3328,3345,1411,1245,1196
6/10/2020 6:00,1944,2099,2217,3559,3546,3569,1615,1447,1352
6/10/2020 6:30,1972,2110,2228,3904,3880,3834,1932,1770,1606
6/10/2020 7:00,2013,2134,2209,4338,4328,4277,2325,2194,2068
6/10/2020 7:30,2065,2210,2260,4667,4661,4665,2602,2451,2405
6/10/2020 8:00,2109,2215,2264,4855,4847,4920,2746,2632,2656
6/10/2020 8:30,2144,2248,2331,4953,4951,5009,2809,2703,2678
6/10/2020 9:00,2177,2246,2303,4984,4997,5052,2807,2751,2749
6/10/2020 9:30,2210,2276,2373,4993,5009,5082,2783,2733,2709
6/10/2020 10:00,2240,2300,2296,4991,4996,5047,2751,2696,2751
6/10/2020 10:30,2269,2346,2359,4982,4983,5036,2713,2637,2677
6/10/2020 11:00,2345,2403,2481,4971,4974,5041,2626,2571,2560
6/10/2020 11:30,2468,2484,2593,4967,4989,5049,2499,2505,2456
6/10/2020 12:00,2546,2568,2715,4966,5000,5052,2420,2432,2337
6/10/2020 12:30,2579,2669,2730,4946,4983,5045,2367,2314,2315
6/10/2020 13:00,2644,2756,2742,4904,4935,4997,2260,2179,2255
6/10/2020 13:30,2742,2835,2714,4849,4879,4885,2107,2044,2171
6/10/2020 14:00,2822,2934,2751,4795,4829,4851,1973,1895,2100
6/10/2020 14:30,2885,3075,2730,4784,4816,4834,1899,1741,2104
6/10/2020 15:00,2935,3129,2735,4821,4845,4876,1886,1716,2141
6/10/2020 15:30,2972,3155,2825,4875,4902,4917,1903,1747,2092
6/10/2020 16:00,2982,3143,2851,4946,4985,4991,1964,1842,2140
6/10/2020 16:30,2964,2981,2829,5063,5103,5129,2099,2122,2300
6/10/2020 17:00,2925,2936,2804,5197,5226,5284,2272,2290,2480
6/10/2020 17:30,2866,2749,2812,5207,5230,5344,2341,2481,2532
6/10/2020 18:00,2776,2673,2749,5117,5143,5265,2341,2470,2516
6/10/2020 18:30,2655,2566,2688,5165,5198,5179,2510,2632,2491
6/10/2020 19:00,2552,2478,2750,5338,5380,5295,2786,2902,2545
6/10/2020 19:30,2469,2427,2675,5346,5383,5353,2877,2956,2678
6/10/2020 20:00,2389,2352,2510,5159,5182,5214,2770,2830,2704
6/10/2020 20:30,2315,2294,2415,4955,4976,5031,2640,2682,2616
6/10/2020 21:00,2227,2201,2332,4765,4794,4826,2538,2593,2494
6/10/2020 21:30,2125,2159,2284,4534,4572,4587,2409,2413,2303
6/10/2020 22:00,2010,2039,2366,4260,4300,4319,2250,2261,1953
6/10/2020 22:30,1882,1967,2226,3991,4028,4053,2109,2061,1827
6/10/2020 23:00,1871,1841,2071,3768,3773,3811,1897,1932,1740
6/10/2020 23:30,1762,1705,2149,3574,3586,3623,1812,1881,1474
7/10/2020 0:00,1663,1600,1988,3440,3454,3526,1777,1854,1538
7/10/2020 0:30,1575,1627,1722,3335,3349,3422,1760,1722,1700
7/10/2020 1:00,1492,1530,1574,3250,3265,3350,1758,1735,1776
7/10/2020 1:30,1414,1452,1476,3185,3201,3286,1771,1749,1810
7/10/2020 2:00,1334,1366,1332,3139,3154,3244,1805,1788,1912
7/10/2020 2:30,1252,1300,1141,3101,3114,3204,1849,1814,2063
7/10/2020 3:00,1183,1219,1035,3071,3084,3172,1888,1865,2137
7/10/2020 3:30,1128,1258,991,3063,3073,3165,1935,1815,2174
7/10/2020 4:00,1068,1175,967,3077,3085,3146,2009,1910,2179
7/10/2020 4:30,1002,1094,857,3105,3107,3160,2103,2013,2303
7/10/2020 5:00,954,1026,812,3156,3159,3232,2202,2133,2420
7/10/2020 5:30,923,824,963,3279,3286,3320,2356,2462,2357
7/10/2020 6:00,887,787,921,3496,3508,3534,2609,2721,2613
7/10/2020 6:30,845,672,908,3852,3851,3805,3007,3179,2897
7/10/2020 7:00,814,649,828,4306,4281,4263,3492,3632,3435
7/10/2020 7:30,794,640,783,4649,4625,4642,3855,3985,3859
7/10/2020 8:00,745,603,693,4844,4845,4886,4099,4242,4193
7/10/2020 8:30,665,516,597,4952,4962,4974,4287,4446,4377
7/10/2020 9:00,581,470,541,4995,4993,5029,4414,4523,4488
7/10/2020 9:30,491,537,499,5004,4991,5068,4513,4454,4569
7/10/2020 10:00,434,485,415,4988,4970,5038,4554,4485,4623
7/10/2020 10:30,409,432,349,4967,4954,5023,4558,4522,4674
7/10/2020 11:00,393,423,316,4949,4944,4996,4556,4521,4680
7/10/2020 11:30,387,382,336,4949,4926,4969,4562,4544,4633
7/10/2020 12:00,371,381,325,4960,4933,4965,4589,4552,4640
7/10/2020 12:30,346,350,318,4949,4916,5011,4603,4566,4693
7/10/2020 13:00,325,333,307,4912,4870,5008,4587,4537,4701
7/10/2020 13:30,308,298,284,4873,4830,4901,4565,4532,4617
7/10/2020 14:00,289,278,245,4846,4807,4916,4557,4529,4671
7/10/2020 14:30,266,215,247,4853,4825,4917,4587,4610,4670
7/10/2020 15:00,254,211,274,4898,4884,4973,4644,4673,4699
7/10/2020 15:30,253,178,328,4974,4968,5056,4721,4790,4728
7/10/2020 16:00,264,206,356,5079,5073,5165,4815,4867,4809
7/10/2020 16:30,286,237,331,5220,5221,5323,4934,4984,4992
7/10/2020 17:00,328,285,418,5373,5389,5486,5045,5104,5068
7/10/2020 17:30,391,332,472,5440,5475,5607,5049,5143,5135
7/10/2020 18:00,413,385,512,5427,5472,5562,5014,5087,5050
7/10/2020 18:30,394,467,606,5451,5466,5542,5057,4999,4936
7/10/2020 19:00,391,499,625,5507,5464,5591,5116,4965,4966
7/10/2020 19:30,403,506,788,5453,5402,5496,5050,4896,4708
7/10/2020 20:00,426,567,943,5280,5274,5335,4854,4707,4392
7/10/2020 20:30,459,673,1101,5094,5109,5136,4635,4436,4035
7/10/2020 21:00,490,768,1198,4910,4911,4925,4420,4143,3727
7/10/2020 21:30,518,941,1200,4686,4679,4669,4168,3738,3469
7/10/2020 22:00,521,966,1300,4422,4416,4417,3901,3450,3117
7/10/2020 22:30,497,947,1339,4155,4160,4148,3658,3213,2809
7/10/2020 23:00,1168,933,1412,3920,3924,3911,2752,2991,2499
7/10/2020 23:30,1178,1036,1483,3730,3744,3726,2552,2708,2243
8/10/2020 0:00,1185,1048,1440,3588,3604,3628,2403,2556,2188
8/10/2020 0:30,1189,1139,1504,3473,3490,3562,2284,2351,2058
8/10/2020 1:00,1208,1194,1442,3380,3396,3450,2172,2202,2008
8/10/2020 1:30,1242,1351,1439,3308,3323,3368,2066,1972,1929
8/10/2020 2:00,1259,1374,1442,3255,3268,3327,1996,1894,1885
8/10/2020 2:30,1257,1497,1426,3209,3218,3278,1952,1721,1852
8/10/2020 3:00,1269,1525,1506,3170,3176,3232,1901,1651,1726
8/10/2020 3:30,1294,1580,1452,3150,3152,3195,1856,1572,1743
8/10/2020 4:00,1322,1554,1425,3152,3154,3165,1830,1600,1740
8/10/2020 4:30,1352,1505,1468,3173,3172,3194,1821,1667,1726
8/10/2020 5:00,1358,1456,1638,3222,3219,3279,1864,1763,1641
8/10/2020 5:30,1341,1378,1571,3339,3341,3339,1998,1963,1768
8/10/2020 6:00,1322,1326,1507,3547,3555,3555,2225,2229,2048
8/10/2020 6:30,1299,1246,1452,3892,3890,3817,2593,2644,2365
8/10/2020 7:00,1282,1189,1343,4337,4312,4265,3055,3123,2922
8/10/2020 7:30,1269,1232,1232,4680,4659,4647,3411,3427,3415
8/10/2020 8:00,1270,1138,1126,4881,4891,4871,3611,3753,3745
8/10/2020 8:30,1283,1061,1067,4988,5009,4974,3705,3948,3907
8/10/2020 9:00,1326,1019,1061,5019,5033,5041,3693,4014,3980
8/10/2020 9:30,1398,1066,995,5009,5032,5062,3611,3966,4067
8/10/2020 10:00,1485,1083,1045,4975,5022,5024,3490,3939,3979
8/10/2020 10:30,1587,1079,1087,4951,5008,5002,3364,3929,3915
8/10/2020 11:00,1659,1097,1160,4944,4991,4979,3285,3894,3819
8/10/2020 11:30,1703,1065,1251,4946,4993,4958,3243,3928,3707
8/10/2020 12:00,1755,1101,1297,4948,5001,4949,3193,3900,3652
8/10/2020 12:30,1814,1158,1364,4919,4977,4984,3105,3819,3620
8/10/2020 13:00,1877,1202,1393,4860,4916,4955,2983,3714,3562
8/10/2020 13:30,1942,1207,1454,4798,4855,4832,2856,3648,3378
8/10/2020 14:00,1984,1234,1435,4749,4805,4786,2765,3571,3351
8/10/2020 14:30,2003,1252,1381,4737,4785,4761,2734,3533,3380
8/10/2020 15:00,2004,1256,1395,4765,4798,4777,2761,3542,3382
8/10/2020 15:30,1987,1314,1342,4815,4847,4799,2828,3533,3457
8/10/2020 16:00,1930,1276,1321,4888,4931,4867,2958,3655,3546
8/10/2020 16:30,1834,1206,1206,5011,5054,4982,3177,3848,3776
8/10/2020 17:00,1696,1135,1116,5155,5187,5097,3459,4052,3981
8/10/2020 17:30,1518,1055,977,5187,5201,5203,3669,4146,4226
8/10/2020 18:00,1399,1018,941,5126,5126,5193,3727,4108,4252
8/10/2020 18:30,1338,1016,1077,5178,5196,5207,3840,4180,4130
8/10/2020 19:00,1317,1120,1231,5333,5393,5377,4016,4273,4146
8/10/2020 19:30,1337,1278,1476,5342,5399,5418,4005,4121,3942
8/10/2020 20:00,1397,1474,1739,5179,5187,5252,3782,3713,3513
8/10/2020 20:30,1497,1660,1984,4990,4962,5092,3493,3302,3108
8/10/2020 21:00,1618,1838,2146,4802,4759,4854,3184,2921,2708
8/10/2020 21:30,1762,1928,2300,4574,4525,4634,2812,2597,2334
8/10/2020 22:00,1924,2072,2395,4306,4254,4379,2382,2182,1984
8/10/2020 22:30,2105,2264,2350,4049,3994,4114,1944,1730,1764
8/10/2020 23:00,2269,2312,2353,3759,3761,3839,1490,1449,1486
8/10/2020 23:30,2259,2362,2228,3598,3606,3572,1339,1244,1344
9/10/2020 0:00,2193,2294,2180,3502,3515,3452,1309,1221,1272
9/10/2020 0:30,2070,2246,2208,3413,3429,3400,1343,1183,1192
9/10/2020 1:00,1965,2135,2077,3320,3335,3320,1355,1200,1243
9/10/2020 1:30,1879,2037,2040,3249,3261,3291,1370,1224,1251
9/10/2020 2:00,1794,1964,2130,3204,3209,3269,1410,1245,1139
9/10/2020 2:30,1713,1833,2084,3171,3172,3229,1458,1339,1145
9/10/2020 3:00,1631,1775,2103,3148,3149,3212,1517,1374,1109
9/10/2020 3:30,1550,1680,1955,3134,3133,3161,1584,1453,1206
9/10/2020 4:00,1489,1630,1831,3131,3128,3154,1642,1498,1323
9/10/2020 4:30,1450,1604,1774,3154,3149,3142,1704,1545,1368
9/10/2020 5:00,1415,1578,1710,3210,3207,3188,1795,1629,1478
9/10/2020 5:30,1385,1633,1606,3323,3321,3288,1938,1688,1682
9/10/2020 6:00,1356,1627,1480,3512,3512,3508,2156,1885,2028
9/10/2020 6:30,1328,1702,1478,3838,3831,3782,2510,2129,2304
9/10/2020 7:00,1338,1700,1394,4266,4244,4210,2928,2544,2816
9/10/2020 7:30,1386,1617,1461,4604,4567,4582,3218,2950,3121
9/10/2020 8:00,1433,1576,1409,4813,4766,4788,3380,3190,3379
9/10/2020 8:30,1480,1493,1495,4935,4893,4898,3455,3400,3403
9/10/2020 9:00,1532,1476,1481,4987,4962,4959,3455,3486,3478
9/10/2020 9:30,1591,1411,1320,4998,4982,4976,3407,3571,3656
9/10/2020 10:00,1641,1442,1306,4979,4960,4965,3338,3518,3659
9/10/2020 10:30,1680,1429,1364,4960,4933,4959,3280,3504,3595
9/10/2020 11:00,1732,1534,1507,4949,4911,4968,3217,3377,3461
9/10/2020 11:30,1796,1656,1690,4956,4896,4940,3160,3240,3250
9/10/2020 12:00,1873,1743,1915,4971,4908,4990,3098,3165,3075
9/10/2020 12:30,1963,1877,1901,4953,4895,5008,2990,3018,3107
9/10/2020 13:00,2051,1889,1976,4895,4849,4967,2844,2960,2991
9/10/2020 13:30,2137,1813,2082,4818,4783,4855,2681,2970,2773
9/10/2020 14:00,2212,1859,2216,4738,4709,4794,2526,2850,2578
9/10/2020 14:30,2274,2045,2375,4699,4673,4782,2425,2628,2407
9/10/2020 15:00,2333,2083,2352,4706,4679,4800,2373,2596,2448
9/10/2020 15:30,2388,2236,2500,4742,4710,4801,2354,2474,2301
9/10/2020 16:00,2405,2217,2311,4808,4763,4814,2403,2546,2503
9/10/2020 16:30,2385,2177,2348,4918,4858,4900,2533,2681,2552
9/10/2020 17:00,2346,2100,2221,5045,4977,4990,2699,2877,2769
9/10/2020 17:30,2287,2030,2141,5075,5038,5093,2788,3008,2952
9/10/2020 18:00,2218,1939,2070,5027,5050,5111,2809,3111,3041
9/10/2020 18:30,2139,1865,2009,5099,5133,5105,2960,3268,3096
9/10/2020 19:00,2090,1780,1883,5270,5269,5252,3180,3489,3369
9/10/2020 19:30,2069,1662,1758,5269,5265,5239,3200,3603,3481
9/10/2020 20:00,2038,1644,1805,5072,5107,5059,3034,3463,3254
9/10/2020 20:30,1999,1716,1872,4862,4926,4873,2863,3210,3001
9/10/2020 21:00,1961,1710,1975,4672,4743,4695,2711,3033,2720
9/10/2020 21:30,1926,1698,2001,4452,4525,4479,2526,2827,2478
9/10/2020 22:00,1889,1694,2055,4201,4270,4281,2312,2576,2226
9/10/2020 22:30,1850,1730,1972,3971,4025,4077,2121,2295,2105
9/10/2020 23:00,1651,1725,1985,3802,3806,3858,2151,2081,1873
9/10/2020 23:30,1618,1827,1990,3647,3647,3670,2029,1820,1680
10/10/2020 0:00,1607,1804,1936,3548,3550,3532,1941,1746,1596
10/10/2020 0:30,1620,1769,1920,3457,3460,3441,1837,1691,1521
10/10/2020 1:00,1647,1770,2066,3363,3367,3336,1716,1597,1270
10/10/2020 1:30,1687,1847,2074,3278,3284,3232,1591,1437,1158
10/10/2020 2:00,1733,1865,2096,3204,3213,3195,1471,1348,1099
10/10/2020 2:30,1785,1878,2076,3139,3149,3124,1354,1271,1048
10/10/2020 3:00,1813,1910,2058,3086,3097,3091,1273,1187,1033
10/10/2020 3:30,1818,1912,2049,3053,3062,3048,1235,1150,999
10/10/2020 4:00,1828,1939,2083,3039,3047,3054,1211,1108,971
10/10/2020 4:30,1841,1963,2112,3037,3042,3055,1196,1079,943
10/10/2020 5:00,1851,1977,2200,3053,3058,3088,1202,1081,888
10/10/2020 5:30,1858,2087,2325,3117,3126,3112,1259,1039,787
10/10/2020 6:00,1861,2089,2352,3235,3252,3223,1374,1163,871
10/10/2020 6:30,1861,2078,2340,3393,3401,3337,1532,1323,997
10/10/2020 7:00,1857,2072,2481,3578,3566,3542,1721,1494,1061
10/10/2020 7:30,1850,2080,2454,3751,3735,3690,1901,1655,1236
10/10/2020 8:00,1826,2035,2466,3914,3912,3868,2088,1877,1402
10/10/2020 8:30,1786,1964,2236,4120,4116,4090,2334,2152,1854
10/10/2020 9:00,1752,1901,2149,4350,4333,4280,2598,2432,2131
10/10/2020 9:30,1725,1904,2035,4484,4473,4402,2759,2569,2367
10/10/2020 10:00,1795,1926,2075,4514,4528,4494,2719,2602,2419
10/10/2020 10:30,1963,2101,2144,4524,4558,4556,2561,2457,2412
10/10/2020 11:00,2070,2144,2215,4533,4578,4571,2463,2434,2356
10/10/2020 11:30,2115,2169,2263,4543,4601,4593,2428,2432,2330
10/10/2020 12:00,2133,2148,2340,4548,4610,4627,2415,2462,2287
10/10/2020 12:30,2123,2119,2444,4528,4587,4633,2405,2468,2189
10/10/2020 13:00,2123,2112,2449,4479,4526,4584,2356,2414,2135
10/10/2020 13:30,2133,2123,2428,4406,4444,4498,2273,2321,2070
10/10/2020 14:00,2131,2149,2490,4322,4354,4411,2191,2205,1921
10/10/2020 14:30,2117,2217,2582,4264,4293,4357,2147,2076,1775
10/10/2020 15:00,2094,2203,2537,4241,4271,4299,2147,2068,1762
10/10/2020 15:30,2062,2170,2493,4253,4287,4281,2191,2117,1788
10/10/2020 16:00,2010,2107,2379,4302,4340,4320,2292,2233,1941
10/10/2020 16:30,1938,2112,2285,4399,4438,4413,2461,2326,2128
10/10/2020 17:00,1835,1996,2156,4531,4566,4579,2696,2570,2423
10/10/2020 17:30,1699,1943,1993,4631,4661,4718,2932,2718,2725
10/10/2020 18:00,1582,1819,1789,4697,4722,4796,3115,2903,3007
10/10/2020 18:30,1486,1733,1717,4794,4808,4836,3308,3075,3119
10/10/2020 19:00,1424,1659,1717,4901,4898,4988,3477,3239,3271
10/10/2020 19:30,1398,1598,1660,4868,4838,4909,3470,3240,3249
10/10/2020 20:00,1358,1537,1656,4694,4633,4737,3336,3096,3081
10/10/2020 20:30,1304,1474,1574,4521,4453,4541,3217,2979,2967
10/10/2020 21:00,1247,1405,1455,4374,4324,4333,3127,2919,2878
10/10/2020 21:30,1189,1310,1428,4210,4187,4171,3021,2877,2743
10/10/2020 22:00,1130,1247,1472,4023,4022,4041,2893,2775,2569
10/10/2020 22:30,1071,1256,1397,3822,3838,3863,2751,2582,2466
10/10/2020 23:00,1146,1199,1344,3641,3645,3700,2495,2446,2356
10/10/2020 23:30,1100,1145,1241,3503,3518,3546,2403,2373,2305
11/10/2020 0:00,1058,1097,1221,3417,3432,3465,2359,2335,2244
11/10/2020 0:30,1022,1011,1149,3326,3340,3358,2304,2329,2209
11/10/2020 1:00,987,973,1075,3222,3236,3257,2235,2263,2182
11/10/2020 1:30,954,1018,1021,3142,3156,3145,2188,2138,2124
11/10/2020 2:00,926,971,947,3090,3103,3089,2164,2132,2142
11/10/2020 2:30,904,900,925,3046,3059,3022,2142,2159,2097
11/10/2020 3:00,877,852,870,3010,3024,2970,2133,2172,2100
11/10/2020 3:30,845,820,829,2991,3005,2936,2146,2185,2107
11/10/2020 4:00,809,782,803,2990,3004,2931,2181,2222,2128
11/10/2020 4:30,769,745,761,2994,3008,2931,2225,2263,2170
11/10/2020 5:00,727,701,717,3003,3019,2942,2276,2318,2225
11/10/2020 5:30,683,619,613,3026,3044,2959,2343,2425,2346
11/10/2020 6:00,640,582,566,3070,3091,3036,2430,2509,2470
11/10/2020 6:30,596,543,561,3155,3163,3119,2559,2620,2558
11/10/2020 7:00,553,503,517,3276,3264,3241,2723,2761,2724
11/10/2020 7:30,511,436,456,3398,3389,3318,2887,2953,2862
11/10/2020 8:00,454,382,388,3526,3542,3445,3072,3160,3057
11/10/2020 8:30,383,332,331,3716,3727,3668,3333,3395,3337
11/10/2020 9:00,310,266,280,3956,3937,3866,3646,3671,3586
11/10/2020 9:30,234,140,208,4150,4119,4072,3916,3979,3864
11/10/2020 10:00,193,110,140,4280,4262,4247,4087,4152,4107
11/10/2020 10:30,186,112,135,4374,4360,4370,4188,4248,4235
11/10/2020 11:00,171,100,128,4440,4419,4471,4269,4319,4343
11/10/2020 11:30,148,72,90,4483,4467,4524,4335,4395,4434
11/10/2020 12:00,127,60,68,4504,4500,4602,4377,4440,4534
11/10/2020 12:30,108,53,64,4493,4500,4667,4385,4447,4603
11/10/2020 13:00,93,49,28,4451,4461,4660,4358,4412,4632
11/10/2020 13:30,83,60,0,4385,4396,4558,4302,4336,4558
11/10/2020 14:00,77,57,0,4305,4313,4470,4228,4256,4470
11/10/2020 14:30,77,36,29,4243,4242,4388,4166,4206,4359
11/10/2020 15:00,80,38,60,4210,4197,4355,4130,4159,4295
11/10/2020 15:30,86,33,58,4229,4206,4345,4143,4173,4287
11/10/2020 16:00,89,44,58,4300,4271,4386,4211,4227,4328
11/10/2020 16:30,90,57,70,4395,4376,4480,4305,4319,4410
11/10/2020 17:00,91,66,71,4503,4501,4624,4412,4435,4553
11/10/2020 17:30,92,71,87,4595,4592,4753,4503,4521,4666
11/10/2020 18:00,99,87,116,4675,4654,4813,4576,4567,4697
11/10/2020 18:30,113,110,156,4792,4786,4875,4679,4676,4719
11/10/2020 19:00,132,135,193,4918,4954,5066,4786,4819,4873
11/10/2020 19:30,156,138,239,4888,4946,5011,4732,4808,4772
11/10/2020 20:00,192,174,317,4701,4752,4840,4509,4578,4523
11/10/2020 20:30,240,213,387,4519,4552,4632,4279,4339,4245
11/10/2020 21:00,305,277,430,4370,4378,4442,4065,4101,4012
11/10/2020 21:30,387,409,500,4202,4197,4225,3815,3788,3725
11/10/2020 22:00,480,499,582,4005,3995,4003,3525,3496,3421
11/10/2020 22:30,584,595,636,3790,3791,3771,3206,3196,3135
11/10/2020 23:00,683,695,653,3580,3589,3550,2897,2894,2897
11/10/2020 23:30,793,800,704,3420,3436,3371,2627,2636,2667
12/10/2020 0:00,889,897,732,3303,3316,3310,2414,2419,2578
12/10/2020 0:30,972,1014,742,3207,3221,3239,2235,2207,2497
12/10/2020 1:00,1030,1088,791,3127,3141,3147,2097,2053,2356
12/10/2020 1:30,1062,1134,887,3063,3076,3088,2001,1942,2201
12/10/2020 2:00,1096,1175,1023,3013,3024,3057,1917,1849,2034
12/10/2020 2:30,1131,1143,1140,2975,2983,3020,1844,1840,1880
12/10/2020 3:00,1151,1201,1169,2951,2953,2982,1800,1752,1813
12/10/2020 3:30,1157,1231,1239,2943,2937,2940,1786,1706,1701
12/10/2020 4:00,1172,1336,1357,2953,2939,2933,1781,1603,1576
12/10/2020 4:30,1197,1549,1582,2977,2971,2954,1780,1422,1372
12/10/2020 5:00,1221,1653,1748,3031,3024,3031,1810,1371,1283
12/10/2020 5:30,1244,1681,1951,3170,3162,3118,1926,1481,1167
12/10/2020 6:00,1310,1795,2043,3412,3403,3352,2102,1608,1309
12/10/2020 6:30,1418,1945,2211,3771,3751,3625,2353,1806,1414
12/10/2020 7:00,1565,2041,2368,4214,4177,4043,2649,2136,1675
12/10/2020 7:30,1751,2060,2660,4594,4550,4454,2843,2490,1794
12/10/2020 8:00,1905,2101,2747,4865,4826,4691,2960,2725,1944
12/10/2020 8:30,2026,2280,2716,4981,4938,4800,2955,2658,2084
12/10/2020 9:00,2131,2304,2714,4964,4909,4887,2833,2605,2173
12/10/2020 9:30,2220,2311,2685,4950,4883,4933,2730,2572,2248
12/10/2020 10:00,2298,2344,2570,4963,4891,4928,2665,2547,2358
12/10/2020 10:30,2365,2434,2553,4968,4899,4919,2603,2465,2366
12/10/2020 11:00,2435,2468,2688,4963,4903,4915,2528,2435,2227
12/10/2020 11:30,2509,2659,2720,4971,4920,4883,2462,2261,2163
12/10/2020 12:00,2542,2659,2712,4988,4947,4884,2446,2288,2172
12/10/2020 12:30,2536,2689,2604,4972,4937,4900,2436,2248,2296
12/10/2020 13:00,2525,2685,2546,4919,4888,4898,2394,2203,2352
12/10/2020 13:30,2507,2651,2620,4862,4835,4795,2355,2184,2175
12/10/2020 14:00,2499,2655,2578,4812,4792,4730,2313,2137,2152
12/10/2020 14:30,2500,2672,2687,4789,4785,4734,2289,2113,2047
12/10/2020 15:00,2491,2669,2720,4799,4815,4739,2308,2146,2019
12/10/2020 15:30,2473,2664,2709,4843,4867,4798,2370,2203,2089
12/10/2020 16:00,2437,2647,2720,4925,4944,4888,2488,2297,2168
12/10/2020 16:30,2381,2581,2693,5054,5076,5058,2673,2495,2365
12/10/2020 17:00,2322,2561,2721,5205,5236,5207,2883,2675,2486
12/10/2020 17:30,2259,2489,2642,5264,5284,5262,3005,2795,2620
12/10/2020 18:00,2201,2429,2541,5242,5238,5195,3041,2809,2654
12/10/2020 18:30,2148,2428,2518,5304,5298,5181,3156,2870,2663
12/10/2020 19:00,2089,2331,2363,5435,5451,5340,3346,3120,2977
12/10/2020 19:30,2023,2266,2211,5406,5428,5278,3383,3162,3067
12/10/2020 20:00,1954,2152,2158,5202,5214,5110,3248,3062,2952
12/10/2020 20:30,1883,2042,2124,4983,4996,4914,3100,2954,2790
12/10/2020 21:00,1799,1966,2109,4781,4806,4753,2982,2840,2644
12/10/2020 21:30,1702,1967,2124,4559,4579,4512,2857,2612,2388
12/10/2020 22:00,1614,1935,2162,4312,4307,4283,2698,2372,2121
12/10/2020 22:30,1535,1897,2016,4052,4035,3998,2517,2138,1982
12/10/2020 23:00,1865,1886,1965,3776,3779,3746,1911,1893,1781
12/10/2020 23:30,1840,1835,1906,3579,3582,3578,1739,1747,1672
13/10/2020 0:00,1799,1823,1925,3443,3443,3472,1644,1620,1547
13/10/2020 0:30,1742,1848,1853,3336,3336,3393,1594,1488,1540
13/10/2020 1:00,1703,1785,1849,3252,3251,3330,1549,1466,1481
13/10/2020 1:30,1681,1769,1806,3189,3188,3255,1508,1419,1449
13/10/2020 2:00,1654,1739,1798,3145,3142,3220,1491,1403,1422
13/10/2020 2:30,1622,1745,1776,3107,3103,3184,1485,1358,1408
13/10/2020 3:00,1640,1785,1758,3076,3075,3154,1436,1290,1396
13/10/2020 3:30,1706,1843,1799,3065,3063,3116,1359,1220,1317
13/10/2020 4:00,1781,1884,1811,3077,3071,3128,1296,1187,1317
13/10/2020 4:30,1864,1919,1800,3104,3101,3157,1240,1182,1357
13/10/2020 5:00,1917,1912,1794,3159,3157,3221,1242,1245,1427
13/10/2020 5:30,1941,1876,1780,3289,3291,3296,1348,1415,1516
13/10/2020 6:00,1967,1844,1774,3514,3519,3501,1547,1675,1727
13/10/2020 6:30,1996,1794,1796,3867,3858,3792,1871,2064,1996
13/10/2020 7:00,1997,1779,1940,4315,4281,4283,2318,2502,2343
13/10/2020 7:30,1971,1728,1957,4704,4661,4678,2733,2933,2721
13/10/2020 8:00,1927,1702,1990,4982,4948,4900,3055,3246,2910
13/10/2020 8:30,1866,1650,2044,5093,5070,4981,3227,3420,2937
13/10/2020 9:00,1810,1633,2031,5058,5048,5025,3248,3415,2994
13/10/2020 9:30,1759,1652,1966,5024,5032,5041,3265,3380,3075
13/10/2020 10:00,1782,1732,1866,5021,5046,4994,3239,3314,3128
13/10/2020 10:30,1879,1983,1849,5019,5037,4967,3140,3054,3118
13/10/2020 11:00,1933,2075,1907,5016,5000,4966,3083,2925,3059
13/10/2020 11:30,1942,2268,1939,5024,4970,4957,3082,2702,3018
13/10/2020 12:00,1946,2284,1978,5038,4972,4980,3092,2688,3002
13/10/2020 12:30,1944,2272,2032,5022,4958,5037,3078,2686,3005
13/10/2020 13:00,1947,2245,2033,4973,4920,5005,3026,2675,2972
13/10/2020 13:30,1955,2102,1958,4922,4872,4886,2967,2770,2928
13/10/2020 14:00,1942,2056,1984,4882,4825,4852,2940,2769,2868
13/10/2020 14:30,1909,1892,1916,4878,4812,4853,2969,2920,2937
13/10/2020 15:00,1868,1828,2012,4910,4839,4915,3042,3011,2903
13/10/2020 15:30,1818,1732,2004,4960,4904,4977,3142,3172,2973
13/10/2020 16:00,1734,1684,1935,5031,5007,5064,3297,3323,3129
13/10/2020 16:30,1616,1606,1920,5156,5138,5208,3540,3532,3288
13/10/2020 17:00,1532,1556,1753,5309,5272,5342,3777,3716,3589
13/10/2020 17:30,1485,1582,1651,5365,5321,5421,3880,3739,3770
13/10/2020 18:00,1477,1561,1574,5336,5298,5363,3859,3737,3789
13/10/2020 18:30,1509,1611,1604,5402,5349,5380,3893,3738,3776
13/10/2020 19:00,1537,1623,1716,5547,5461,5494,4010,3838,3778
13/10/2020 19:30,1562,1725,1685,5523,5434,5402,3961,3709,3717
13/10/2020 20:00,1589,1760,1678,5314,5252,5236,3725,3492,3558
13/10/2020 20:30,1618,1721,1839,5099,5052,5050,3481,3331,3211
13/10/2020 21:00,1637,1733,1878,4907,4856,4844,3270,3123,2966
13/10/2020 21:30,1647,1727,1870,4674,4627,4600,3027,2900,2730
13/10/2020 22:00,1654,1702,1869,4396,4359,4347,2742,2657,2478
13/10/2020 22:30,1659,1705,1871,4122,4091,4077,2463,2386,2206
13/10/2020 23:00,1711,1681,1812,3834,3837,3806,2123,2156,1994
13/10/2020 23:30,1720,1634,1827,3650,3660,3587,1930,2026,1760
14/10/2020 0:00,1725,1658,1892,3537,3545,3486,1812,1887,1594
14/10/2020 0:30,1729,1788,1938,3444,3453,3419,1715,1665,1481
14/10/2020 1:00,1729,1807,1844,3363,3372,3333,1634,1565,1489
14/10/2020 1:30,1727,1813,1926,3300,3311,3269,1573,1498,1343
14/10/2020 2:00,1722,1814,1956,3254,3267,3216,1532,1453,1260
14/10/2020 2:30,1714,1809,2002,3210,3222,3196,1496,1413,1194
14/10/2020 3:00,1705,1779,1896,3167,3180,3147,1462,1401,1251
14/10/2020 3:30,1695,1802,1752,3150,3162,3123,1455,1360,1371
14/10/2020 4:00,1687,1760,1816,3160,3175,3140,1473,1415,1324
14/10/2020 4:30,1683,1728,1887,3186,3201,3161,1503,1473,1274
14/10/2020 5:00,1669,1685,1794,3235,3251,3236,1566,1566,1442
14/10/2020 5:30,1643,1638,1752,3355,3368,3304,1712,1730,1552
14/10/2020 6:00,1599,1593,1720,3567,3576,3558,1968,1983,1838
14/10/2020 6:30,1538,1542,1715,3911,3927,3821,2373,2385,2106
14/10/2020 7:00,1474,1484,1698,4355,4385,4264,2881,2901,2566
14/10/2020 7:30,1407,1424,1584,4733,4745,4754,3326,3321,3170
14/10/2020 8:00,1332,1353,1458,4996,4966,4922,3664,3613,3464
14/10/2020 8:30,1248,1285,1327,5104,5062,4997,3856,3777,3670
14/10/2020 9:00,1140,1183,1274,5083,5062,5038,3943,3879,3764
14/10/2020 9:30,1009,1107,1171,5062,5041,5078,4053,3934,3907
14/10/2020 10:00,940,1017,1024,5064,5022,5079,4124,4005,4055
14/10/2020 10:30,932,989,941,5046,5003,5069,4114,4014,4128
14/10/2020 11:00,918,933,842,5010,4985,5071,4092,4052,4229
14/10/2020 11:30,897,871,799,4999,5004,5051,4102,4133,4252
14/10/2020 12:00,854,829,702,5012,5029,5056,4158,4200,4354
14/10/2020 12:30,789,769,681,5001,5022,5074,4212,4253,4393
14/10/2020 13:00,723,702,598,4959,4973,5045,4236,4271,4447
14/10/2020 13:30,656,582,548,4903,4912,4953,4247,4330,4405
14/10/2020 14:00,588,510,478,4845,4856,4904,4257,4346,4426
14/10/2020 14:30,520,440,412,4824,4850,4879,4304,4410,4467
14/10/2020 15:00,458,399,359,4849,4896,4890,4391,4497,4531
14/10/2020 15:30,405,346,344,4911,4961,4913,4506,4615,4569
14/10/2020 16:00,362,325,341,5007,5038,4978,4645,4713,4637
14/10/2020 16:30,329,270,358,5129,5146,5119,4800,4876,4761
14/10/2020 17:00,316,264,327,5256,5265,5261,4940,5001,4934
14/10/2020 17:30,323,298,317,5296,5314,5362,4973,5016,5045
14/10/2020 18:00,355,334,372,5267,5303,5340,4912,4969,4968
14/10/2020 18:30,413,362,467,5328,5355,5374,4915,4993,4907
14/10/2020 19:00,467,433,558,5463,5456,5547,4996,5023,4989
14/10/2020 19:30,517,493,614,5445,5418,5495,4928,4925,4881
14/10/2020 20:00,548,539,658,5258,5228,5297,4710,4689,4639
14/10/2020 20:30,559,575,691,5054,5025,5083,4495,4450,4392
14/10/2020 21:00,564,581,733,4860,4830,4866,4296,4249,4133
14/10/2020 21:30,562,589,759,4635,4605,4629,4073,4016,3870
14/10/2020 22:00,554,586,793,4376,4343,4378,3822,3757,3585
14/10/2020 22:30,539,621,776,4117,4090,4119,3578,3469,3343
14/10/2020 23:00,624,597,757,3851,3856,3870,3227,3259,3113
14/10/2020 23:30,589,559,724,3661,3670,3661,3072,3111,2937
15/10/2020 0:00,560,522,710,3516,3525,3564,2956,3003,2854
15/10/2020 0:30,538,486,690,3410,3420,3495,2872,2934,2805
15/10/2020 1:00,510,465,648,3336,3344,3418,2826,2879,2770
15/10/2020 1:30,476,533,582,3278,3285,3339,2802,2752,2757
15/10/2020 2:00,444,508,521,3229,3236,3289,2785,2728,2768
15/10/2020 2:30,415,480,472,3188,3195,3239,2773,2715,2767
15/10/2020 3:00,387,445,436,3158,3164,3199,2771,2719,2763
15/10/2020 3:30,361,431,397,3149,3155,3195,2788,2724,2798
15/10/2020 4:00,348,398,365,3164,3172,3190,2816,2774,2825
15/10/2020 4:30,350,372,387,3195,3204,3212,2845,2832,2825
15/10/2020 5:00,359,360,369,3251,3261,3277,2892,2901,2908
15/10/2020 5:30,376,329,348,3374,3387,3348,2998,3058,3000
15/10/2020 6:00,392,344,342,3586,3603,3572,3194,3259,3230
15/10/2020 6:30,407,367,366,3934,3947,3841,3527,3580,3475
15/10/2020 7:00,422,385,391,4382,4384,4303,3960,3999,3912
15/10/2020 7:30,438,371,386,4753,4742,4798,4315,4371,4412
15/10/2020 8:00,454,385,386,5000,4977,4960,4546,4592,4574
15/10/2020 8:30,469,410,394,5106,5087,5042,4637,4677,4648
15/10/2020 9:00,455,394,366,5093,5093,5091,4638,4699,4725
15/10/2020 9:30,411,325,334,5061,5087,5111,4650,4762,4777
15/10/2020 10:00,382,290,287,5034,5086,5073,4652,4796,4786
15/10/2020 10:30,370,247,253,5014,5081,5061,4644,4834,4808
15/10/2020 11:00,385,241,237,5002,5068,5048,4617,4827,4811
15/10/2020 11:30,426,251,255,5009,5071,5013,4583,4820,4758
15/10/2020 12:00,447,261,254,5025,5069,5028,4578,4808,4774
15/10/2020 12:30,447,244,256,5013,5052,5068,4566,4808,4812
15/10/2020 13:00,442,246,265,4966,5013,5043,4524,4767,4778
15/10/2020 13:30,433,245,317,4907,4956,4949,4474,4711,4632
15/10/2020 14:00,429,263,321,4851,4893,4920,4422,4630,4599
15/10/2020 14:30,430,260,357,4844,4865,4913,4414,4605,4556
15/10/2020 15:00,440,280,359,4890,4881,4937,4450,4601,4578
15/10/2020 15:30,459,302,393,4959,4931,4954,4500,4629,4561
15/10/2020 16:00,462,312,423,5046,5013,5051,4584,4701,4628
15/10/2020 16:30,449,316,436,5157,5132,5193,4708,4816,4757
15/10/2020 17:00,459,331,424,5277,5272,5316,4818,4941,4892
15/10/2020 17:30,492,377,450,5344,5359,5400,4852,4982,4950
15/10/2020 18:00,554,429,512,5364,5398,5383,4810,4969,4871
15/10/2020 18:30,643,501,635,5420,5475,5452,4777,4974,4817
15/10/2020 19:00,724,573,721,5496,5566,5573,4772,4993,4852
15/10/2020 19:30,798,668,807,5450,5509,5477,4652,4841,4670
15/10/2020 20:00,853,717,857,5275,5302,5283,4422,4585,4426
15/10/2020 20:30,890,735,832,5079,5080,5080,4189,4345,4248
15/10/2020 21:00,905,759,796,4882,4874,4882,3977,4115,4086
15/10/2020 21:30,897,829,810,4654,4645,4639,3757,3816,3829
15/10/2020 22:00,893,830,806,4393,4386,4394,3500,3556,3588
15/10/2020 22:30,892,788,763,4137,4128,4138,3245,3340,3375
15/10/2020 23:00,806,785,720,3905,3885,3896,3099,3100,3176
15/10/2020 23:30,803,805,683,3733,3719,3698,2930,2914,3015
16/10/2020 0:00,803,798,686,3639,3603,3595,2836,2805,2909
16/10/2020 0:30,804,769,651,3556,3508,3507,2752,2739,2856
16/10/2020 1:00,814,767,594,3471,3423,3424,2657,2656,2830
16/10/2020 1:30,834,744,574,3397,3353,3352,2563,2609,2778
16/10/2020 2:00,850,748,619,3336,3299,3311,2486,2551,2692
16/10/2020 2:30,864,754,655,3288,3251,3276,2424,2497,2621
16/10/2020 3:00,876,776,724,3255,3215,3222,2379,2439,2498
16/10/2020 3:30,887,766,772,3240,3197,3195,2353,2431,2423
16/10/2020 4:00,896,799,793,3245,3203,3198,2349,2404,2405
16/10/2020 4:30,904,836,808,3267,3227,3212,2363,2391,2404
16/10/2020 5:00,910,873,845,3313,3279,3273,2403,2406,2428
16/10/2020 5:30,915,923,890,3419,3390,3353,2504,2467,2463
16/10/2020 6:00,924,953,943,3608,3582,3588,2684,2629,2645
16/10/2020 6:30,938,986,1034,3937,3897,3885,2999,2911,2851
16/10/2020 7:00,969,1016,1069,4374,4309,4308,3405,3293,3239
16/10/2020 7:30,1015,1006,1110,4728,4664,4703,3713,3658,3593
16/10/2020 8:00,1058,1037,1152,4955,4918,4919,3897,3881,3767
16/10/2020 8:30,1096,1082,1212,5072,5040,5020,3976,3958,3808
16/10/2020 9:00,1097,1070,1202,5096,5046,5085,3999,3976,3883
16/10/2020 9:30,1061,1021,1136,5094,5034,5101,4033,4013,3965
16/10/2020 10:00,1003,986,1085,5083,5024,5078,4080,4038,3993
16/10/2020 10:30,925,1008,1049,5073,5010,5058,4148,4002,4009
16/10/2020 11:00,983,1057,1070,5066,4992,5075,4083,3935,4005
16/10/2020 11:30,1179,1247,1128,5064,4992,5037,3885,3745,3909
16/10/2020 12:00,1313,1344,1282,5062,5009,5032,3749,3665,3750
16/10/2020 12:30,1387,1378,1338,5045,5001,5053,3658,3623,3715
16/10/2020 13:00,1431,1407,1401,5006,4958,5036,3575,3551,3635
16/10/2020 13:30,1447,1389,1427,4938,4892,4946,3491,3503,3519
16/10/2020 14:00,1454,1391,1425,4851,4815,4884,3397,3424,3459
16/10/2020 14:30,1453,1407,1473,4802,4773,4840,3349,3366,3367
16/10/2020 15:00,1420,1415,1489,4801,4775,4827,3381,3360,3338
16/10/2020 15:30,1355,1403,1487,4829,4815,4867,3474,3412,3380
16/10/2020 16:00,1291,1356,1443,4888,4890,4908,3597,3534,3465
16/10/2020 16:30,1228,1265,1303,4992,4990,4974,3764,3725,3671
16/10/2020 17:00,1182,1206,1203,5127,5100,5090,3945,3894,3887
16/10/2020 17:30,1152,1184,1173,5226,5169,5207,4074,3985,4034
16/10/2020 18:00,1157,1202,1158,5286,5202,5222,4129,4000,4064
16/10/2020 18:30,1197,1278,1145,5356,5270,5319,4159,3992,4174
16/10/2020 19:00,1237,1319,1238,5421,5354,5409,4184,4035,4171
16/10/2020 19:30,1277,1344,1315,5363,5301,5326,4086,3957,4011
16/10/2020 20:00,1298,1378,1401,5181,5107,5139,3883,3729,3738
16/10/2020 20:30,1299,1388,1368,4983,4904,4930,3684,3516,3562
16/10/2020 21:00,1299,1399,1374,4789,4714,4750,3490,3315,3376
16/10/2020 21:30,1297,1386,1391,4571,4500,4525,3274,3114,3134
16/10/2020 22:00,1298,1391,1391,4331,4258,4315,3033,2867,2924
16/10/2020 22:30,1300,1383,1352,4099,4039,4113,2799,2656,2761
16/10/2020 23:00,1408,1383,1323,3847,3849,3918,2439,2466,2595
16/10/2020 23:30,1406,1410,1251,3707,3712,3725,2301,2302,2474
17/10/2020 0:00,1392,1397,1209,3609,3612,3618,2217,2215,2409
17/10/2020 0:30,1366,1349,1226,3506,3509,3531,2140,2160,2305
17/10/2020 1:00,1336,1337,1147,3395,3398,3428,2059,2061,2281
17/10/2020 1:30,1300,1332,1047,3303,3308,3326,2003,1976,2279
17/10/2020 2:00,1269,1295,1016,3235,3240,3276,1966,1945,2260
17/10/2020 2:30,1240,1148,1019,3172,3177,3229,1932,2029,2210
17/10/2020 3:00,1217,1124,1025,3115,3121,3170,1898,1997,2145
17/10/2020 3:30,1198,1086,1014,3085,3090,3145,1887,2004,2131
17/10/2020 4:00,1191,1085,1005,3081,3086,3128,1890,2001,2123
17/10/2020 4:30,1197,1098,1016,3084,3086,3133,1887,1988,2117
17/10/2020 5:00,1203,1117,1054,3098,3102,3152,1895,1985,2098
17/10/2020 5:30,1207,1098,1139,3157,3163,3173,1950,2065,2034
17/10/2020 6:00,1208,1114,1239,3265,3273,3276,2057,2159,2037
17/10/2020 6:30,1204,1126,1186,3413,3417,3405,2209,2291,2219
17/10/2020 7:00,1208,1139,1158,3594,3589,3572,2386,2450,2414
17/10/2020 7:30,1219,1148,1149,3790,3775,3773,2571,2627,2624
17/10/2020 8:00,1219,1153,1175,3993,3970,3941,2774,2817,2766
17/10/2020 8:30,1208,1130,1204,4185,4165,4151,2977,3035,2947
17/10/2020 9:00,1190,1114,1210,4355,4349,4339,3165,3235,3129
17/10/2020 9:30,1165,1165,1176,4472,4478,4458,3307,3313,3282
17/10/2020 10:00,1136,1147,1145,4535,4546,4582,3399,3399,3437
17/10/2020 10:30,1105,1113,1139,4565,4579,4661,3460,3466,3522
17/10/2020 11:00,1166,1157,1145,4575,4588,4677,3409,3431,3532
17/10/2020 11:30,1320,1230,1247,4590,4596,4687,3270,3366,3440
17/10/2020 12:00,1430,1339,1324,4611,4607,4741,3181,3268,3417
17/10/2020 12:30,1496,1473,1361,4608,4596,4766,3112,3123,3405
17/10/2020 13:00,1537,1517,1408,4573,4555,4730,3036,3038,3322
17/10/2020 13:30,1553,1492,1461,4505,4486,4677,2952,2994,3216
17/10/2020 14:00,1537,1460,1403,4415,4399,4582,2878,2939,3179
17/10/2020 14:30,1487,1399,1328,4353,4340,4537,2866,2941,3209
17/10/2020 15:00,1433,1360,1365,4332,4320,4522,2899,2960,3157
17/10/2020 15:30,1374,1278,1349,4355,4332,4528,2981,3054,3179
17/10/2020 16:00,1313,1231,1276,4421,4380,4566,3108,3149,3290
17/10/2020 16:30,1251,1168,1230,4526,4481,4681,3275,3313,3451
17/10/2020 17:00,1209,1157,1138,4658,4627,4869,3449,3470,3731
17/10/2020 17:30,1187,1191,1099,4780,4768,5053,3593,3577,3954
17/10/2020 18:00,1192,1216,1086,4883,4885,5151,3691,3669,4065
17/10/2020 18:30,1222,1257,1134,4957,4968,5259,3735,3711,4125
17/10/2020 19:00,1250,1284,1163,4983,4996,5247,3733,3712,4084
17/10/2020 19:30,1274,1275,1224,4892,4907,5076,3618,3632,3852
17/10/2020 20:00,1283,1272,1280,4695,4714,4857,3412,3442,3577
17/10/2020 20:30,1276,1252,1284,4508,4539,4674,3232,3287,3390
17/10/2020 21:00,1262,1244,1274,4351,4399,4506,3089,3155,3232
17/10/2020 21:30,1242,1256,1232,4187,4244,4319,2945,2988,3087
17/10/2020 22:00,1225,1266,1240,4010,4063,4145,2785,2797,2905
17/10/2020 22:30,1212,1300,1253,3831,3876,3964,2619,2576,2711
17/10/2020 23:00,1143,1308,1266,3683,3695,3804,2540,2387,2538
17/10/2020 23:30,1131,1324,1251,3553,3581,3649,2422,2257,2398
18/10/2020 0:00,1118,1307,1260,3473,3496,3568,2355,2189,2308
18/10/2020 0:30,1102,1256,1272,3384,3406,3474,2282,2150,2202
18/10/2020 1:00,1075,1213,1228,3279,3303,3385,2204,2090,2157
18/10/2020 1:30,1038,1129,1214,3192,3219,3288,2154,2090,2074
18/10/2020 2:00,1013,1087,1123,3128,3157,3222,2115,2070,2099
18/10/2020 2:30,999,1040,1057,3074,3103,3167,2075,2063,2110
18/10/2020 3:00,987,1013,1055,3029,3058,3113,2042,2045,2058
18/10/2020 3:30,974,1007,1059,3004,3033,3084,2030,2026,2025
18/10/2020 4:00,963,996,1074,2997,3026,3056,2034,2030,1982
18/10/2020 4:30,952,996,965,2997,3025,3065,2045,2029,2100
18/10/2020 5:00,948,983,965,3005,3034,3081,2057,2051,2116
18/10/2020 5:30,950,959,935,3035,3062,3081,2085,2103,2146
18/10/2020 6:00,951,949,849,3090,3111,3166,2139,2162,2317
18/10/2020 6:30,949,943,922,3171,3187,3249,2222,2244,2327
18/10/2020 7:00,952,945,904,3278,3288,3366,2326,2343,2462
18/10/2020 7:30,959,931,822,3410,3418,3462,2451,2487,2640
18/10/2020 8:00,957,942,872,3568,3576,3570,2611,2634,2698
18/10/2020 8:30,948,941,950,3753,3758,3767,2805,2817,2817
18/10/2020 9:00,923,933,961,3956,3957,3956,3033,3024,2995
18/10/2020 9:30,882,899,930,4136,4141,4128,3254,3242,3198
18/10/2020 10:00,857,907,934,4283,4300,4312,3426,3393,3378
18/10/2020 10:30,846,953,932,4391,4414,4439,3545,3461,3507
18/10/2020 11:00,876,974,878,4463,4485,4528,3587,3511,3650
18/10/2020 11:30,947,957,871,4525,4519,4595,3578,3562,3724
18/10/2020 12:00,1000,957,821,4578,4557,4679,3578,3600,3858
18/10/2020 12:30,1037,979,770,4600,4576,4729,3563,3597,3959
18/10/2020 13:00,1049,965,777,4584,4562,4688,3535,3597,3911
18/10/2020 13:30,1037,943,848,4513,4495,4600,3476,3552,3752
18/10/2020 14:00,1025,950,895,4403,4387,4513,3378,3437,3618
18/10/2020 14:30,1011,900,829,4326,4317,4423,3315,3417,3594
18/10/2020 15:00,985,918,767,4297,4300,4392,3312,3382,3625
18/10/2020 15:30,946,952,753,4307,4323,4399,3361,3371,3646
18/10/2020 16:00,909,927,733,4354,4382,4490,3445,3455,3757
18/10/2020 16:30,875,839,756,4452,4489,4633,3577,3650,3877
18/10/2020 17:00,866,803,765,4594,4634,4804,3728,3831,4039
18/10/2020 17:30,883,824,887,4734,4770,4964,3851,3946,4077
18/10/2020 18:00,924,856,985,4857,4898,5013,3933,4042,4028
18/10/2020 18:30,990,841,994,4945,4991,5109,3955,4150,4115
18/10/2020 19:00,1067,931,1062,4979,5026,5101,3912,4095,4039
18/10/2020 19:30,1156,1043,1109,4899,4936,4949,3743,3893,3840
18/10/2020 20:00,1246,1150,1138,4717,4735,4754,3471,3585,3616
18/10/2020 20:30,1337,1237,1206,4539,4546,4549,3202,3309,3343
18/10/2020 21:00,1439,1351,1258,4381,4386,4349,2942,3035,3091
18/10/2020 21:30,1554,1480,1290,4197,4205,4177,2643,2725,2887
18/10/2020 22:00,1657,1591,1477,3983,3992,3958,2326,2401,2481
18/10/2020 22:30,1748,1716,1597,3759,3777,3762,2011,2061,2165
18/10/2020 23:00,1937,1810,1732,3558,3569,3559,1621,1759,1827
18/10/2020 23:30,1982,1842,1913,3406,3421,3383,1424,1579,1470
19/10/2020 0:00,2020,1896,2021,3310,3311,3307,1290,1415,1286
19/10/2020 0:30,2051,1901,2101,3231,3225,3240,1180,1324,1139
19/10/2020 1:00,2093,1937,2267,3163,3156,3177,1070,1219,910
19/10/2020 1:30,2148,1950,2293,3112,3107,3112,964,1157,819
19/10/2020 2:00,2197,1998,2310,3077,3075,3077,880,1077,767
19/10/2020 2:30,2242,2073,2404,3049,3048,3030,807,975,626
19/10/2020 3:00,2267,2098,2313,3025,3025,2996,758,927,683
19/10/2020 3:30,2270,2233,2282,3015,3016,2981,745,783,699
19/10/2020 4:00,2287,2252,2278,3020,3024,2964,733,772,686
19/10/2020 4:30,2318,2272,2319,3041,3049,2990,723,777,671
19/10/2020 5:00,2354,2300,2410,3092,3095,3060,738,795,650
19/10/2020 5:30,2394,2409,2512,3222,3227,3132,828,818,620
19/10/2020 6:00,2430,2453,2562,3453,3462,3349,1023,1009,787
19/10/2020 6:30,2462,2506,2605,3806,3813,3570,1344,1307,965
19/10/2020 7:00,2494,2539,2869,4249,4246,4039,1755,1707,1170
19/10/2020 7:30,2527,2518,3050,4622,4614,4469,2095,2096,1419
19/10/2020 8:00,2548,2542,3014,4880,4874,4736,2332,2332,1722
19/10/2020 8:30,2557,2595,3005,5004,5000,4844,2447,2405,1839
19/10/2020 9:00,2570,2624,3001,5016,5015,4947,2446,2391,1946
19/10/2020 9:30,2587,2707,3010,5029,5027,5025,2442,2320,2015
19/10/2020 10:00,2614,2712,2960,5062,5060,5026,2448,2348,2066
19/10/2020 10:30,2649,2912,3055,5085,5082,5047,2436,2170,1992
19/10/2020 11:00,2699,2908,3032,5097,5094,5101,2398,2186,2069
19/10/2020 11:30,2763,2916,2998,5119,5101,5116,2356,2185,2118
19/10/2020 12:00,2804,2914,3000,5149,5141,5157,2345,2227,2157
19/10/2020 12:30,2822,2954,3001,5154,5145,5231,2332,2191,2230
19/10/2020 13:00,2825,2957,2903,5131,5111,5235,2306,2154,2332
19/10/2020 13:30,2813,2944,2670,5107,5082,5112,2294,2138,2442
19/10/2020 14:00,2756,2940,2541,5090,5070,5083,2334,2130,2542
19/10/2020 14:30,2654,2918,2438,5092,5075,5064,2438,2157,2626
19/10/2020 15:00,2563,2888,2433,5117,5102,5076,2554,2214,2643
19/10/2020 15:30,2483,2778,2381,5173,5163,5121,2690,2385,2740
19/10/2020 16:00,2448,2735,2277,5262,5259,5195,2814,2524,2918
19/10/2020 16:30,2458,2668,2426,5380,5379,5357,2922,2711,2931
19/10/2020 17:00,2472,2629,2518,5513,5509,5541,3041,2880,3023
19/10/2020 17:30,2491,2409,2325,5611,5601,5626,3120,3192,3301
19/10/2020 18:00,2493,2391,2191,5657,5642,5610,3164,3251,3419
19/10/2020 18:30,2479,2377,2243,5634,5636,5592,3155,3259,3349
19/10/2020 19:00,2497,2359,2292,5543,5576,5499,3046,3217,3207
19/10/2020 19:30,2549,2243,2430,5400,5446,5365,2851,3203,2935
19/10/2020 20:00,2624,2286,2528,5220,5254,5195,2596,2968,2667
19/10/2020 20:30,2723,2501,2718,5037,5056,5017,2314,2555,2299
19/10/2020 21:00,2790,2578,2613,4851,4855,4802,2061,2277,2189
19/10/2020 21:30,2823,2653,2518,4628,4626,4621,1805,1973,2103
19/10/2020 22:00,2841,2682,2552,4365,4362,4371,1524,1680,1819
19/10/2020 22:30,2842,2744,2624,4092,4077,4143,1250,1333,1519
19/10/2020 23:00,2810,2732,2659,3816,3819,3904,1006,1087,1245
19/10/2020 23:30,2788,2835,2590,3636,3642,3728,848,807,1138
20/10/2020 0:00,2737,2791,2582,3542,3521,3628,805,730,1046
20/10/2020 0:30,2657,2489,2568,3458,3414,3516,801,925,948
20/10/2020 1:00,2569,2450,2607,3373,3313,3433,804,863,826
20/10/2020 1:30,2471,2460,2664,3304,3234,3366,833,774,702
20/10/2020 2:00,2402,2440,2571,3254,3180,3325,852,740,754
20/10/2020 2:30,2362,2425,2468,3212,3137,3267,850,712,799
20/10/2020 3:00,2338,2436,2410,3176,3106,3220,838,670,810
20/10/2020 3:30,2331,2453,2444,3159,3094,3220,828,641,776
20/10/2020 4:00,2342,2457,2465,3162,3103,3222,820,646,757
20/10/2020 4:30,2372,2445,2492,3183,3142,3263,811,697,771
20/10/2020 5:00,2402,2451,2439,3233,3212,3301,831,761,862
20/10/2020 5:30,2433,2550,2419,3360,3340,3366,927,790,947
20/10/2020 6:00,2468,2581,2580,3582,3546,3595,1114,965,1015
20/10/2020 6:30,2509,2560,2666,3925,3898,3854,1416,1338,1188
20/10/2020 7:00,2564,2642,2807,4358,4360,4261,1794,1718,1454
20/10/2020 7:30,2633,2760,2903,4731,4735,4660,2098,1975,1757
20/10/2020 8:00,2695,2830,3041,4997,4978,4882,2302,2148,1841
20/10/2020 8:30,2750,2888,3051,5114,5097,4977,2364,2209,1926
20/10/2020 9:00,2787,2927,3050,5101,5115,5039,2314,2188,1989
20/10/2020 9:30,2805,2967,3146,5088,5115,5081,2283,2148,1935
20/10/2020 10:00,2837,3001,3211,5100,5115,5059,2263,2114,1848
20/10/2020 10:30,2885,3124,3297,5104,5119,5096,2219,1995,1799
20/10/2020 11:00,2920,3171,3287,5099,5126,5113,2179,1955,1826
20/10/2020 11:30,2942,3293,3311,5117,5159,5114,2175,1866,1803
20/10/2020 12:00,2936,3325,3375,5151,5190,5156,2215,1865,1781
20/10/2020 12:30,2903,3301,3397,5152,5190,5209,2249,1889,1812
20/10/2020 13:00,2892,3296,3384,5114,5150,5181,2222,1854,1797
20/10/2020 13:30,2903,3333,3384,5075,5090,5090,2172,1757,1706
20/10/2020 14:00,2889,3327,3343,5046,5024,5067,2157,1697,1724
20/10/2020 14:30,2849,3388,3268,5043,4991,5029,2194,1603,1761
20/10/2020 15:00,2797,3393,3276,5070,5004,5021,2273,1611,1745
20/10/2020 15:30,2733,3358,3309,5131,5060,5060,2398,1702,1751
20/10/2020 16:00,2674,3340,3285,5222,5159,5110,2548,1819,1825
20/10/2020 16:30,2618,3273,3247,5328,5288,5241,2710,2015,1994
20/10/2020 17:00,2545,3236,3266,5436,5426,5386,2891,2190,2120
20/10/2020 17:30,2455,3218,3341,5514,5499,5486,3059,2281,2145
20/10/2020 18:00,2355,3161,3315,5558,5502,5502,3203,2341,2187
20/10/2020 18:30,2246,3074,3254,5576,5487,5577,3330,2413,2323
20/10/2020 19:00,2155,3017,3080,5557,5452,5533,3402,2435,2453
20/10/2020 19:30,2083,2871,3008,5442,5343,5366,3359,2472,2358
20/10/2020 20:00,1993,2794,2940,5238,5161,5174,3245,2367,2234
20/10/2020 20:30,1884,2736,2842,5031,4964,4984,3147,2228,2142
20/10/2020 21:00,1778,2643,2655,4831,4762,4780,3053,2119,2125
20/10/2020 21:30,1673,2642,2475,4601,4543,4521,2928,1901,2046
20/10/2020 22:00,1576,2523,2318,4338,4302,4301,2762,1779,1983
20/10/2020 22:30,1485,2382,2190,4067,4049,4050,2582,1667,1860
20/10/2020 23:00,2138,2235,2043,3796,3798,3801,1658,1563,1758
20/10/2020 23:30,2021,1945,1852,3615,3615,3589,1594,1670,1737
21/10/2020 0:00,1890,1811,1719,3506,3505,3489,1616,1694,1770
21/10/2020 0:30,1745,1651,1621,3415,3414,3423,1670,1763,1802
21/10/2020 1:00,1594,1544,1497,3332,3331,3349,1738,1787,1852
21/10/2020 1:30,1438,1464,1345,3267,3267,3267,1829,1803,1922
21/10/2020 2:00,1302,1349,1269,3222,3224,3227,1920,1875,1958
21/10/2020 2:30,1186,1128,1181,3186,3188,3200,2000,2060,2019
21/10/2020 3:00,1081,1010,1094,3158,3165,3168,2077,2155,2074
21/10/2020 3:30,985,836,979,3148,3156,3141,2163,2320,2162
21/10/2020 4:00,904,755,881,3156,3166,3131,2252,2411,2250
21/10/2020 4:30,838,725,801,3179,3186,3134,2341,2461,2333
21/10/2020 5:00,779,692,779,3228,3233,3211,2449,2541,2432
21/10/2020 5:30,728,675,859,3349,3352,3311,2621,2677,2452
21/10/2020 6:00,693,688,844,3562,3564,3529,2869,2876,2685
21/10/2020 6:30,673,725,901,3901,3903,3801,3228,3178,2900
21/10/2020 7:00,672,780,1002,4336,4336,4225,3664,3556,3223
21/10/2020 7:30,692,932,1108,4705,4690,4629,4013,3758,3521
21/10/2020 8:00,726,1045,1256,4962,4923,4871,4236,3878,3615
21/10/2020 8:30,773,1154,1411,5081,5029,4959,4308,3875,3548
21/10/2020 9:00,818,1298,1457,5080,5031,4995,4262,3733,3538
21/10/2020 9:30,860,1462,1560,5062,5017,5002,4202,3555,3442
21/10/2020 10:00,917,1555,1656,5052,5009,4994,4135,3454,3338
21/10/2020 10:30,987,1641,1784,5045,5002,4978,4058,3361,3194
21/10/2020 11:00,1054,1688,1884,5043,4996,4999,3989,3308,3115
21/10/2020 11:30,1116,1770,1976,5056,4987,4994,3940,3217,3018
21/10/2020 12:00,1184,1810,2031,5079,5005,5016,3895,3195,2985
21/10/2020 12:30,1259,1850,2057,5071,5018,5049,3812,3168,2992
21/10/2020 13:00,1367,1912,2132,5027,4982,5024,3660,3070,2892
21/10/2020 13:30,1508,2081,2324,4961,4924,4903,3453,2843,2579
21/10/2020 14:00,1611,2153,2454,4890,4859,4856,3279,2706,2402
21/10/2020 14:30,1675,2223,2540,4862,4833,4829,3187,2610,2289
21/10/2020 15:00,1732,2278,2600,4886,4854,4865,3154,2576,2265
21/10/2020 15:30,1782,2359,2705,4954,4903,4905,3172,2544,2200
21/10/2020 16:00,1839,2390,2705,5061,4978,4960,3222,2588,2255
21/10/2020 16:30,1903,2436,2714,5190,5084,5088,3287,2648,2374
21/10/2020 17:00,1947,2444,2728,5326,5211,5261,3379,2767,2533
21/10/2020 17:30,1970,2567,2761,5435,5330,5398,3465,2763,2637
21/10/2020 18:00,1994,2550,2743,5503,5426,5441,3509,2876,2698
21/10/2020 18:30,2020,2510,2667,5513,5461,5557,3493,2951,2890
21/10/2020 19:00,2026,2461,2657,5460,5427,5565,3434,2966,2908
21/10/2020 19:30,2012,2538,2529,5346,5318,5422,3334,2780,2893
21/10/2020 20:00,1984,2454,2457,5180,5145,5231,3196,2691,2774
21/10/2020 20:30,1941,2358,2378,4994,4951,5041,3053,2593,2663
21/10/2020 21:00,1895,2270,2355,4796,4746,4873,2901,2476,2518
21/10/2020 21:30,1847,2197,2298,4580,4528,4656,2733,2331,2358
21/10/2020 22:00,1796,2097,2130,4348,4291,4413,2552,2194,2283
21/10/2020 22:30,1744,1998,2029,4101,4044,4156,2357,2046,2127
21/10/2020 23:00,1790,1913,1928,3788,3797,3903,1998,1884,1975
21/10/2020 23:30,1700,1811,1907,3601,3611,3675,1901,1800,1768
22/10/2020 0:00,1623,1749,1793,3477,3486,3565,1854,1737,1772
22/10/2020 0:30,1561,1712,1788,3381,3394,3479,1820,1682,1691
22/10/2020 1:00,1511,1652,1788,3303,3320,3403,1792,1668,1615
22/10/2020 1:30,1473,1573,1789,3238,3259,3312,1765,1686,1523
22/10/2020 2:00,1427,1503,1763,3185,3207,3263,1758,1704,1500
22/10/2020 2:30,1372,1470,1749,3145,3167,3222,1773,1697,1473
22/10/2020 3:00,1326,1409,1598,3117,3139,3163,1791,1730,1565
22/10/2020 3:30,1291,1393,1560,3102,3120,3157,1811,1727,1597
22/10/2020 4:00,1244,1341,1494,3103,3114,3141,1859,1773,1647
22/10/2020 4:30,1188,1368,1414,3129,3140,3178,1941,1772,1764
22/10/2020 5:00,1131,1288,1403,3192,3207,3230,2061,1919,1827
22/10/2020 5:30,1074,1180,1440,3324,3338,3323,2250,2158,1883
22/10/2020 6:00,1008,1091,1375,3544,3552,3536,2536,2461,2161
22/10/2020 6:30,934,1041,1239,3894,3901,3775,2960,2860,2536
22/10/2020 7:00,868,944,1119,4341,4349,4203,3473,3405,3084
22/10/2020 7:30,810,827,957,4712,4703,4611,3902,3876,3654
22/10/2020 8:00,747,746,871,4961,4923,4884,4214,4177,4013
22/10/2020 8:30,679,731,757,5077,5034,5035,4398,4303,4278
22/10/2020 9:00,603,650,618,5079,5060,5064,4476,4410,4446
22/10/2020 9:30,518,621,445,5064,5066,5062,4546,4445,4617
22/10/2020 10:00,450,534,362,5054,5066,5047,4604,4532,4685
22/10/2020 10:30,398,432,336,5040,5062,5091,4642,4630,4755
22/10/2020 11:00,393,394,270,5025,5051,5048,4632,4657,4778
22/10/2020 11:30,435,371,288,5024,5050,5016,4589,4679,4728
22/10/2020 12:00,464,399,327,5034,5060,5027,4570,4661,4700
22/10/2020 12:30,481,408,381,5018,5044,5072,4537,4636,4691
22/10/2020 13:00,511,467,437,4974,4993,5068,4463,4526,4631
22/10/2020 13:30,555,471,470,4917,4926,4981,4362,4455,4511
22/10/2020 14:00,592,530,534,4862,4857,4937,4270,4327,4403
22/10/2020 14:30,623,620,597,4852,4835,4917,4229,4215,4320
22/10/2020 15:00,649,661,619,4891,4868,4937,4242,4207,4318
22/10/2020 15:30,672,753,658,4959,4927,4984,4287,4174,4326
22/10/2020 16:00,680,743,623,5050,5008,5054,4370,4265,4431
22/10/2020 16:30,671,661,657,5154,5124,5191,4483,4463,4534
22/10/2020 17:00,696,671,753,5273,5269,5349,4577,4598,4596
22/10/2020 17:30,752,677,841,5416,5420,5482,4664,4743,4641
22/10/2020 18:00,865,781,1028,5560,5554,5526,4695,4773,4498
22/10/2020 18:30,1033,950,1198,5596,5613,5676,4563,4663,4478
22/10/2020 19:00,1224,1135,1437,5514,5581,5621,4290,4446,4184
22/10/2020 19:30,1437,1303,1666,5384,5461,5458,3947,4158,3792
22/10/2020 20:00,1653,1517,1851,5223,5272,5261,3570,3755,3410
22/10/2020 20:30,1870,1771,2070,5036,5076,5056,3166,3305,2986
22/10/2020 21:00,2068,1964,2339,4825,4882,4850,2757,2918,2511
22/10/2020 21:30,2247,2223,2346,4596,4664,4621,2349,2441,2275
22/10/2020 22:00,2397,2376,2457,4352,4415,4395,1955,2039,1938
22/10/2020 22:30,2518,2560,2566,4101,4158,4171,1583,1598,1605
22/10/2020 23:00,2602,2668,2633,3904,3907,3921,1302,1239,1288
22/10/2020 23:30,2677,2786,2564,3727,3735,3709,1050,949,1145
23/10/2020 0:00,2722,2839,2590,3625,3629,3591,903,790,1001
23/10/2020 0:30,2739,2962,2582,3535,3540,3498,796,578,916
23/10/2020 1:00,2691,2913,2600,3447,3454,3432,756,541,832
23/10/2020 1:30,2580,2688,2569,3374,3381,3360,794,693,791
23/10/2020 2:00,2427,2529,2526,3319,3324,3332,892,795,806
23/10/2020 2:30,2231,2249,2315,3268,3271,3263,1037,1022,948
23/10/2020 3:00,2062,2084,2139,3225,3230,3204,1163,1146,1065
23/10/2020 3:30,1920,1970,1944,3205,3214,3174,1285,1244,1230
23/10/2020 4:00,1756,1801,1793,3213,3227,3153,1457,1426,1360
23/10/2020 4:30,1571,1552,1559,3242,3254,3157,1671,1702,1598
23/10/2020 5:00,1437,1404,1444,3299,3302,3227,1862,1898,1783
23/10/2020 5:30,1355,1362,1403,3406,3407,3324,2051,2045,1921
23/10/2020 6:00,1327,1352,1434,3587,3592,3542,2260,2240,2108
23/10/2020 6:30,1353,1427,1474,3904,3904,3813,2551,2477,2339
23/10/2020 7:00,1390,1451,1434,4328,4316,4192,2938,2865,2758
23/10/2020 7:30,1439,1458,1425,4682,4660,4555,3243,3202,3130
23/10/2020 8:00,1442,1453,1379,4921,4896,4772,3479,3443,3393
23/10/2020 8:30,1400,1452,1302,5042,4992,4850,3642,3540,3548
23/10/2020 9:00,1351,1400,1280,5063,5025,4903,3712,3625,3623
23/10/2020 9:30,1295,1209,1153,5058,5032,4926,3763,3823,3773
23/10/2020 10:00,1262,1149,1026,5046,5029,4911,3784,3880,3885
23/10/2020 10:30,1252,1101,1048,5032,5007,4880,3780,3906,3832
23/10/2020 11:00,1329,1197,1178,5021,4971,4893,3692,3774,3715
23/10/2020 11:30,1492,1345,1328,5023,4965,4873,3531,3620,3545
23/10/2020 12:00,1636,1511,1451,5032,4975,4891,3396,3464,3440
23/10/2020 12:30,1760,1641,1758,5011,4963,4923,3251,3322,3165
23/10/2020 13:00,1824,1703,1861,4955,4920,4879,3131,3217,3018
23/10/2020 13:30,1827,1683,2023,4875,4851,4802,3048,3168,2779
23/10/2020 14:00,1857,1722,1918,4789,4771,4733,2932,3049,2815
23/10/2020 14:30,1915,1807,2028,4751,4731,4693,2836,2924,2665
23/10/2020 15:00,1885,1815,1939,4768,4743,4698,2883,2928,2759
23/10/2020 15:30,1768,1832,1816,4808,4788,4705,3040,2956,2889
23/10/2020 16:00,1640,1746,1693,4869,4863,4757,3229,3117,3064
23/10/2020 16:30,1499,1740,1717,4962,4957,4865,3463,3217,3148
23/10/2020 17:00,1419,1652,1823,5094,5076,5038,3675,3424,3215
23/10/2020 17:30,1399,1642,1931,5271,5247,5189,3872,3605,3258
23/10/2020 18:00,1474,1789,2137,5462,5440,5296,3988,3651,3159
23/10/2020 18:30,1642,2030,2298,5527,5493,5461,3885,3463,3163
23/10/2020 19:00,1859,2334,2514,5451,5396,5419,3592,3062,2905
23/10/2020 19:30,2125,2812,2631,5315,5253,5216,3190,2441,2585
23/10/2020 20:00,2396,3046,2789,5145,5095,5002,2749,2049,2213
23/10/2020 20:30,2674,3206,2877,4966,4917,4821,2292,1711,1944
23/10/2020 21:00,2898,3333,3001,4779,4720,4607,1881,1387,1606
23/10/2020 21:30,3070,3463,3237,4569,4512,4416,1499,1049,1179
23/10/2020 22:00,3188,3523,3316,4340,4291,4236,1152,768,920
23/10/2020 22:30,3251,3566,3220,4118,4071,4037,867,505,817
23/10/2020 23:00,3386,3566,3002,3863,3861,3860,477,295,858
23/10/2020 23:30,3361,3440,2889,3709,3710,3700,348,270,811
24/10/2020 0:00,3319,3392,2731,3608,3607,3577,289,215,846
24/10/2020 0:30,3259,3239,2680,3506,3504,3483,247,265,803
24/10/2020 1:00,3198,3183,2673,3395,3395,3378,197,212,705
24/10/2020 1:30,3136,3161,2687,3303,3304,3287,167,143,600
24/10/2020 2:00,3079,3110,2707,3233,3234,3246,154,124,539
24/10/2020 2:30,3027,2936,2661,3168,3169,3193,141,233,532
24/10/2020 3:00,2959,2880,2518,3108,3112,3142,149,232,624
24/10/2020 3:30,2878,2649,2489,3069,3073,3110,191,424,621
24/10/2020 4:00,2818,2604,2467,3051,3055,3086,233,451,619
24/10/2020 4:30,2781,2575,2463,3048,3050,3095,267,475,632
24/10/2020 5:00,2751,2543,2494,3063,3061,3104,312,518,610
24/10/2020 5:30,2729,2520,2510,3127,3124,3122,398,604,612
24/10/2020 6:00,2682,2512,2584,3243,3243,3221,561,731,637
24/10/2020 6:30,2609,2476,2690,3397,3388,3347,788,912,657
24/10/2020 7:00,2564,2508,2744,3581,3549,3506,1017,1041,762
24/10/2020 7:30,2548,2575,2744,3781,3713,3652,1233,1138,908
24/10/2020 8:00,2513,2564,2681,3986,3881,3803,1473,1317,1122
24/10/2020 8:30,2459,2523,2592,4171,4062,3957,1712,1539,1365
24/10/2020 9:00,2457,2471,2532,4328,4247,4089,1871,1776,1557
24/10/2020 9:30,2505,2500,2521,4449,4382,4199,1944,1882,1678
24/10/2020 10:00,2546,2508,2436,4532,4459,4321,1986,1951,1885
24/10/2020 10:30,2581,2603,2387,4575,4508,4420,1994,1905,2033
24/10/2020 11:00,2648,2653,2421,4587,4534,4503,1939,1881,2082
24/10/2020 11:30,2747,2726,2317,4605,4542,4548,1858,1816,2231
24/10/2020 12:00,2832,2764,2272,4629,4557,4561,1797,1793,2289
24/10/2020 12:30,2903,2781,2259,4625,4541,4581,1722,1760,2322
24/10/2020 13:00,2947,2812,2412,4583,4490,4597,1636,1678,2185
24/10/2020 13:30,2963,2727,2432,4505,4411,4543,1542,1684,2111
24/10/2020 14:00,2977,2751,2534,4406,4319,4484,1429,1568,1950
24/10/2020 14:30,2986,2778,2593,4343,4257,4460,1357,1479,1867
24/10/2020 15:00,2964,2742,2675,4327,4235,4433,1363,1493,1758
24/10/2020 15:30,2910,2466,2621,4351,4252,4408,1441,1786,1787
24/10/2020 16:00,2904,2488,2580,4412,4309,4459,1508,1821,1879
24/10/2020 16:30,2945,2602,2527,4508,4415,4517,1563,1813,1990
24/10/2020 17:00,2975,2674,2610,4644,4569,4638,1669,1895,2028
24/10/2020 17:30,2993,2740,2719,4839,4763,4851,1846,2023,2132
24/10/2020 18:00,3039,2824,2747,5057,4964,5011,2018,2140,2264
24/10/2020 18:30,3111,3011,2801,5131,5042,5201,2020,2031,2400
24/10/2020 19:00,3181,3094,2813,5044,4979,5142,1863,1885,2329
24/10/2020 19:30,3251,3176,2969,4892,4834,4985,1641,1658,2016
24/10/2020 20:00,3303,3222,3017,4708,4637,4793,1405,1415,1776
24/10/2020 20:30,3337,3163,3197,4529,4464,4599,1192,1301,1402
24/10/2020 21:00,3354,3205,3154,4362,4319,4421,1008,1114,1267
24/10/2020 21:30,3353,3178,3165,4200,4172,4248,847,994,1083
24/10/2020 22:00,3332,3187,3137,4037,4009,4083,705,822,946
24/10/2020 22:30,3291,3191,3003,3860,3832,3890,569,641,887
24/10/2020 23:00,3265,3168,2866,3649,3658,3730,384,490,864
24/10/2020 23:30,3170,3135,2740,3515,3527,3587,345,392,847
25/10/2020 0:00,3099,3113,2589,3425,3443,3492,326,330,903
25/10/2020 0:30,3053,3036,2407,3315,3336,3388,262,300,981
25/10/2020 1:00,3005,2926,2439,3196,3216,3294,191,290,855
25/10/2020 1:30,2954,2879,2366,3174,3192,3184,220,313,818
25/10/2020 2:00,2834,2709,2206,3105,3127,2965,271,418,759
25/10/2020 2:30,2785,2677,2116,3017,3040,2919,232,363,803
25/10/2020 3:00,2725,2654,2050,2976,2998,2872,251,344,822
25/10/2020 3:30,2654,2639,2014,2967,2989,2882,313,350,868
25/10/2020 4:00,2595,2403,2109,2979,3006,2910,384,603,801
25/10/2020 4:30,2546,2374,2111,2975,2999,2910,429,625,799
25/10/2020 5:00,2513,2134,2153,2956,2974,2931,443,840,778
25/10/2020 5:30,2497,2164,2215,2958,2976,2968,461,812,753
25/10/2020 6:00,2502,2244,2290,2992,3011,3047,490,767,757
25/10/2020 6:30,2529,2311,2288,3060,3066,3116,531,755,828
25/10/2020 7:00,2522,2371,2047,3162,3144,3183,640,773,1136
25/10/2020 7:30,2482,2433,2067,3300,3271,3285,818,838,1218
25/10/2020 8:00,2462,2421,2125,3471,3445,3463,1009,1024,1338
25/10/2020 8:30,2462,2454,2225,3652,3637,3661,1190,1183,1436
25/10/2020 9:00,2486,2508,2343,3834,3833,3877,1348,1325,1534
25/10/2020 9:30,2534,2488,2471,3995,4007,4033,1461,1519,1562
25/10/2020 10:00,2664,2466,2719,4130,4146,4165,1466,1680,1446
25/10/2020 10:30,2875,2661,2821,4242,4257,4245,1367,1596,1424
25/10/2020 11:00,3017,2778,2890,4333,4339,4283,1316,1561,1393
25/10/2020 11:30,3088,2925,3053,4405,4402,4358,1317,1477,1305
25/10/2020 12:00,3131,3048,3171,4457,4450,4454,1326,1402,1283
25/10/2020 12:30,3146,3092,3265,4473,4470,4542,1327,1378,1277
25/10/2020 13:00,3150,3245,3175,4451,4460,4537,1301,1215,1362
25/10/2020 13:30,3146,3187,3076,4398,4413,4458,1252,1226,1382
25/10/2020 14:00,3111,2990,3055,4329,4342,4375,1218,1352,1320
25/10/2020 14:30,3046,2915,2939,4295,4306,4331,1249,1391,1392
25/10/2020 15:00,3019,2969,2944,4303,4311,4329,1284,1342,1385
25/10/2020 15:30,3031,2966,2933,4329,4323,4352,1298,1357,1419
25/10/2020 16:00,3040,2964,3028,4391,4363,4464,1351,1399,1436
25/10/2020 16:30,3044,2950,2992,4587,4553,4627,1543,1603,1635
25/10/2020 17:00,3039,2943,3002,4889,4867,4903,1850,1924,1901
25/10/2020 17:30,3025,2988,2989,5076,5064,5219,2051,2076,2230
25/10/2020 18:00,3034,3021,3022,5109,5103,5191,2075,2082,2169
25/10/2020 18:30,3068,3035,2778,5045,5044,4976,1977,2009,2198
25/10/2020 19:00,3096,3089,2804,4913,4916,4773,1817,1827,1969
25/10/2020 19:30,3117,3111,2822,4763,4764,4590,1646,1653,1768
25/10/2020 20:00,3127,3123,2856,4612,4606,4438,1485,1483,1582
25/10/2020 20:30,3127,3110,2848,4476,4469,4295,1349,1359,1447
25/10/2020 21:00,3130,2907,2889,4349,4339,4153,1219,1432,1264
25/10/2020 21:30,3137,2946,2863,4189,4181,3980,1052,1235,1117
25/10/2020 22:00,3111,2912,2828,3990,3992,3826,879,1080,998
25/10/2020 22:30,3053,2863,2784,3768,3773,3698,715,910,914
25/10/2020 23:00,2882,2818,2611,3545,3556,3566,663,738,955
25/10/2020 23:30,2827,2797,2615,3443,3451,3486,616,654,871
26/10/2020 0:00,2781,2762,2496,3445,3449,3355,664,687,859
26/10/2020 0:30,2743,2759,2552,3411,3414,3282,668,655,730
26/10/2020 1:00,2717,2746,2563,3322,3327,3223,605,581,660
26/10/2020 1:30,2702,2599,2540,3241,3241,3151,539,642,611
26/10/2020 2:00,2698,2610,2520,3181,3182,3113,483,572,593
26/10/2020 2:30,2705,2602,2439,3129,3129,3040,424,527,601
26/10/2020 3:00,2727,2615,2414,3086,3082,3010,359,467,596
26/10/2020 3:30,2765,2631,2381,3073,3009,2990,308,378,609
26/10/2020 4:00,2807,2649,2376,3086,3022,2978,279,373,602
26/10/2020 4:30,2852,2679,2375,3093,3042,2989,241,363,614
26/10/2020 5:00,2885,2715,2410,3102,3073,3038,217,358,628
26/10/2020 5:30,2907,2756,2445,3167,3163,3076,260,407,631
26/10/2020 6:00,2953,2800,2584,3291,3312,3227,338,512,643
26/10/2020 6:30,3023,2770,2752,3431,3473,3383,408,703,631
26/10/2020 7:00,3070,2810,2893,3581,3636,3528,511,826,635
26/10/2020 7:30,3093,2778,2911,3750,3807,3683,657,1029,772
26/10/2020 8:00,3101,2775,2862,3933,3983,3858,832,1208,996
26/10/2020 8:30,3092,2736,2719,4105,4157,4022,1013,1421,1303
26/10/2020 9:00,3081,2737,2559,4256,4318,4148,1175,1581,1589
26/10/2020 9:30,3065,2763,2647,4378,4428,4268,1313,1665,1621
26/10/2020 10:00,3067,2771,2726,4472,4487,4348,1405,1716,1622
26/10/2020 10:30,3086,2874,2830,4540,4516,4390,1454,1642,1560
26/10/2020 11:00,3082,2885,2854,4582,4553,4447,1500,1668,1593
26/10/2020 11:30,3056,2912,2907,4603,4585,4471,1547,1673,1564
26/10/2020 12:00,3023,2888,2896,4606,4609,4549,1583,1721,1653
26/10/2020 12:30,2984,2748,2809,4600,4612,4593,1616,1864,1784
26/10/2020 13:00,2940,2701,2772,4582,4589,4570,1642,1888,1798
26/10/2020 13:30,2889,2690,2659,4544,4544,4495,1655,1854,1836
26/10/2020 14:00,2803,2588,2531,4492,4485,4407,1689,1897,1876
26/10/2020 14:30,2684,2514,2392,4466,4454,4416,1782,1940,2024
26/10/2020 15:00,2512,2338,2278,4474,4465,4415,1962,2127,2137
26/10/2020 15:30,2287,2195,2143,4519,4524,4435,2232,2329,2292
26/10/2020 16:00,2049,1946,1955,4615,4649,4550,2566,2703,2595
26/10/2020 16:30,1799,1651,1708,4829,4892,4783,3030,3241,3075
26/10/2020 17:00,1574,1438,1670,5127,5209,5169,3553,3771,3499
26/10/2020 17:30,1373,1243,1369,5313,5367,5576,3940,4124,4207
26/10/2020 18:00,1220,1124,1182,5345,5335,5553,4125,4211,4371
26/10/2020 18:30,1114,1086,1143,5257,5208,5337,4143,4122,4194
26/10/2020 19:00,1028,1019,1128,5080,5024,5129,4052,4005,4001
26/10/2020 19:30,962,1095,1092,4904,4844,4920,3942,3749,3828
26/10/2020 20:00,925,1072,952,4750,4680,4720,3825,3608,3768
26/10/2020 20:30,918,1058,972,4614,4533,4569,3696,3475,3597
26/10/2020 21:00,923,1086,1017,4480,4387,4399,3557,3301,3382
26/10/2020 21:30,939,1042,1063,4298,4201,4175,3359,3159,3112
26/10/2020 22:00,993,1134,1118,4067,3983,3990,3074,2849,2872
26/10/2020 22:30,1085,1265,1089,3844,3806,3798,2759,2541,2709
26/10/2020 23:00,1378,1386,1122,3681,3684,3696,2303,2298,2574
26/10/2020 23:30,1499,1531,1354,3610,3615,3585,2111,2084,2231
27/10/2020 0:00,1619,1658,1582,3574,3579,3450,1955,1921,1868
27/10/2020 0:30,1737,1806,1851,3504,3510,3348,1767,1704,1497
27/10/2020 1:00,1870,1945,2037,3397,3403,3276,1527,1458,1239
27/10/2020 1:30,2019,1930,2078,3313,3315,3194,1294,1385,1116
27/10/2020 2:00,2141,2058,2097,3260,3258,3146,1119,1200,1049
27/10/2020 2:30,2235,2188,2054,3218,3216,3095,983,1028,1041
27/10/2020 3:00,2272,2195,2079,3187,3189,3063,915,994,984
27/10/2020 3:30,2250,2127,2051,3184,3198,3062,934,1071,1011
27/10/2020 4:00,2266,2133,2071,3209,3210,3064,943,1077,993
27/10/2020 4:30,2321,2330,2092,3237,3224,3081,916,894,989
27/10/2020 5:00,2396,2383,2163,3276,3250,3146,880,867,983
27/10/2020 5:30,2492,2359,2258,3388,3350,3207,896,991,949
27/10/2020 6:00,2533,2397,2457,3595,3551,3423,1062,1154,966
27/10/2020 6:30,2518,2342,2399,3935,3904,3615,1417,1562,1216
27/10/2020 7:00,2470,2333,2344,4366,4361,3916,1896,2028,1572
27/10/2020 7:30,2389,2261,2266,4680,4685,4185,2291,2424,1919
27/10/2020 8:00,2319,2216,2241,4850,4843,4455,2531,2627,2214
27/10/2020 8:30,2262,2365,2229,4973,4947,4692,2711,2582,2463
27/10/2020 9:00,2202,2330,2344,5067,5021,4858,2865,2691,2514
27/10/2020 9:30,2138,2290,2482,5102,5058,4969,2964,2768,2487
27/10/2020 10:00,2184,2367,2525,5086,5062,4979,2902,2695,2454
27/10/2020 10:30,2338,2510,2525,5075,5076,4964,2737,2566,2439
27/10/2020 11:00,2428,2602,2671,5081,5085,5003,2653,2483,2332
27/10/2020 11:30,2454,2568,2917,5095,5096,5029,2641,2528,2112
27/10/2020 12:00,2493,2613,3015,5109,5103,5071,2616,2490,2056
27/10/2020 12:30,2546,2856,3014,5101,5089,5114,2555,2233,2100
27/10/2020 13:00,2552,2864,3070,5070,5045,5102,2518,2181,2032
27/10/2020 13:30,2513,2770,2933,5031,4999,4959,2518,2229,2026
27/10/2020 14:00,2493,2764,2964,4996,4964,4913,2503,2200,1949
27/10/2020 14:30,2494,2776,2867,5000,4967,4910,2506,2191,2043
27/10/2020 15:00,2480,2762,2605,5043,5006,4745,2563,2244,2140
27/10/2020 15:30,2454,2759,2538,5093,5041,4932,2639,2282,2394
27/10/2020 16:00,2460,2745,2370,5179,5106,5041,2719,2361,2671
27/10/2020 16:30,2497,2874,2406,5445,5378,5235,2948,2504,2829
27/10/2020 17:00,2556,2891,2476,5839,5803,5580,3283,2912,3104
27/10/2020 17:30,2635,2717,2601,6004,5997,5990,3369,3280,3389
27/10/2020 18:00,2724,2803,2586,5904,5925,5919,3180,3122,3333
27/10/2020 18:30,2822,2890,2671,5750,5788,5693,2928,2898,3022
27/10/2020 19:00,2913,2954,2739,5594,5638,5495,2681,2684,2756
27/10/2020 19:30,2995,2854,2784,5427,5478,5303,2432,2624,2519
27/10/2020 20:00,3035,2870,2742,5249,5307,5067,2214,2437,2325
27/10/2020 20:30,3033,2904,2795,5073,5119,4860,2040,2215,2065
27/10/2020 21:00,3027,2903,2789,4891,4910,4685,1864,2007,1896
27/10/2020 21:30,3016,2876,2907,4668,4679,4492,1652,1803,1585
27/10/2020 22:00,3005,2879,2905,4409,4436,4307,1404,1557,1402
27/10/2020 22:30,2993,2845,2892,4177,4192,4084,1184,1347,1192
27/10/2020 23:00,2949,2849,2892,3976,3970,3949,1027,1121,1057
27/10/2020 23:30,2902,2855,2892,3779,3769,3835,877,914,943
28/10/2020 0:00,2869,2831,2856,3618,3595,3657,749,764,801
28/10/2020 0:30,2853,2786,2866,3493,3470,3535,640,684,669
28/10/2020 1:00,2819,2752,2819,3401,3387,3454,582,635,635
28/10/2020 1:30,2768,2766,2751,3323,3312,3362,555,546,611
28/10/2020 2:00,2727,2755,2714,3257,3238,3311,530,483,597
28/10/2020 2:30,2696,2757,2661,3207,3186,3264,511,429,603
28/10/2020 3:00,2685,2743,2642,3174,3157,3256,489,414,614
28/10/2020 3:30,2696,2710,2631,3168,3141,3229,472,431,598
28/10/2020 4:00,2716,2704,2645,3185,3160,3243,469,456,598
28/10/2020 4:30,2745,2745,2642,3205,3183,3261,460,438,619
28/10/2020 5:00,2790,2791,2670,3238,3220,3295,448,429,625
28/10/2020 5:30,2851,2840,2752,3344,3324,3376,493,484,624
28/10/2020 6:00,2906,2897,2890,3552,3524,3595,646,627,705
28/10/2020 6:30,2955,2884,2839,3913,3873,3788,958,989,949
28/10/2020 7:00,2991,2923,2961,4379,4325,4095,1388,1402,1134
28/10/2020 7:30,3012,2981,2809,4704,4655,4292,1692,1674,1483
28/10/2020 8:00,3038,3009,2802,4857,4829,4518,1819,1820,1716
28/10/2020 8:30,3069,2943,2886,4956,4937,4762,1887,1994,1876
28/10/2020 9:00,3092,2962,2855,5027,5006,4921,1935,2044,2066
28/10/2020 9:30,3107,3023,2724,5052,5027,4964,1945,2004,2240
28/10/2020 10:00,3150,3056,2696,5040,5014,4985,1890,1958,2289
28/10/2020 10:30,3222,3126,2772,5036,5003,5010,1814,1877,2238
28/10/2020 11:00,3241,3161,2796,5050,5012,5032,1809,1851,2236
28/10/2020 11:30,3206,3094,2955,5061,5028,5048,1855,1934,2093
28/10/2020 12:00,3193,3098,2888,5064,5042,5099,1871,1944,2211
28/10/2020 12:30,3203,3102,2858,5053,5029,5162,1850,1927,2304
28/10/2020 13:00,3207,3095,2818,5028,4988,5174,1821,1893,2356
28/10/2020 13:30,3207,2994,2879,4999,4952,5059,1792,1958,2180
28/10/2020 14:00,3193,3020,2912,4978,4932,5038,1785,1912,2126
28/10/2020 14:30,3166,2981,2892,5001,4954,5038,1835,1973,2146
28/10/2020 15:00,3163,3028,2772,5062,5014,5031,1899,1986,2259
28/10/2020 15:30,3184,3124,2769,5106,5063,5074,1922,1939,2305
28/10/2020 16:00,3176,3136,2894,5166,5132,5207,1990,1996,2313
28/10/2020 16:30,3139,3015,2847,5436,5409,5426,2297,2394,2579
28/10/2020 17:00,3112,3004,2779,5866,5840,5751,2754,2836,2972
28/10/2020 17:30,3095,3082,2801,6050,6027,6060,2955,2945,3259
28/10/2020 18:00,3074,3066,2821,5947,5927,5991,2873,2861,3170
28/10/2020 18:30,3051,2956,2780,5792,5772,5766,2741,2816,2986
28/10/2020 19:00,3019,2914,2952,5639,5622,5579,2620,2708,2627
28/10/2020 19:30,2980,2830,3026,5479,5460,5407,2499,2630,2381
28/10/2020 20:00,2913,2758,2837,5308,5286,5140,2395,2528,2303
28/10/2020 20:30,2820,2664,2812,5118,5096,4976,2298,2432,2164
28/10/2020 21:00,2721,2580,2706,4909,4890,4772,2188,2310,2066
28/10/2020 21:30,2615,2509,2633,4683,4664,4559,2068,2155,1926
28/10/2020 22:00,2522,2420,2594,4445,4427,4377,1923,2007,1783
28/10/2020 22:30,2444,2379,2373,4213,4194,4148,1769,1815,1775
28/10/2020 23:00,2331,2298,2313,3979,3978,4009,1648,1680,1696
28/10/2020 23:30,2245,2234,2265,3784,3782,3879,1539,1548,1614
29/10/2020 0:00,2162,2157,2194,3616,3611,3741,1454,1454,1547
29/10/2020 0:30,2082,2179,2183,3494,3488,3618,1412,1309,1435
29/10/2020 1:00,2052,2130,2170,3417,3408,3507,1365,1278,1337
29/10/2020 1:30,2071,2061,2143,3348,3339,3424,1277,1278,1281
29/10/2020 2:00,2099,2077,2082,3282,3273,3359,1183,1196,1277
29/10/2020 2:30,2136,2059,1936,3230,3222,3300,1094,1163,1364
29/10/2020 3:00,2206,2137,2029,3200,3193,3263,994,1056,1234
29/10/2020 3:30,2308,2295,2225,3202,3196,3269,894,901,1044
29/10/2020 4:00,2418,2403,2448,3233,3228,3291,815,825,843
29/10/2020 4:30,2535,2573,2573,3260,3257,3314,725,684,741
29/10/2020 5:00,2673,2707,2552,3291,3291,3354,618,584,802
29/10/2020 5:30,2832,2835,2602,3391,3396,3416,559,561,814
29/10/2020 6:00,2965,2968,2647,3586,3597,3596,621,629,949
29/10/2020 6:30,3075,2980,2790,3923,3933,3815,848,953,1025
29/10/2020 7:00,3170,3089,3060,4358,4362,4133,1188,1273,1073
29/10/2020 7:30,3252,3251,3208,4676,4683,4361,1424,1432,1153
29/10/2020 8:00,3313,3301,3188,4848,4865,4601,1535,1564,1413
29/10/2020 8:30,3352,3286,3120,4969,4988,4812,1617,1702,1692
29/10/2020 9:00,3394,3322,3126,5060,5074,5002,1666,1752,1876
29/10/2020 9:30,3436,3261,3230,5109,5124,5071,1673,1863,1841
29/10/2020 10:00,3476,3317,3368,5122,5144,5109,1646,1827,1741
29/10/2020 10:30,3513,3477,3462,5132,5151,5156,1619,1674,1694
29/10/2020 11:00,3545,3532,3555,5148,5158,5219,1603,1626,1664
29/10/2020 11:30,3572,3578,3545,5169,5176,5235,1597,1598,1690
29/10/2020 12:00,3587,3609,3543,5185,5198,5289,1598,1589,1746
29/10/2020 12:30,3592,3549,3592,5169,5249,5359,1577,1700,1767
29/10/2020 13:00,3591,3575,3569,5124,5214,5354,1533,1639,1785
29/10/2020 13:30,3586,3675,3520,5089,5190,5231,1503,1515,1711
29/10/2020 14:00,3587,3689,3529,5076,5177,5194,1489,1488,1665
29/10/2020 14:30,3594,3707,3547,5092,5175,5187,1498,1468,1640
29/10/2020 15:00,3603,3724,3563,5133,5184,5201,1530,1460,1638
29/10/2020 15:30,3614,3731,3600,5180,5238,5247,1566,1507,1647
29/10/2020 16:00,3627,3747,3636,5260,5353,5334,1633,1606,1698
29/10/2020 16:30,3641,3743,3691,5506,5581,5562,1865,1838,1871
29/10/2020 17:00,3648,3746,3716,5866,5873,5892,2218,2127,2176
29/10/2020 17:30,3649,3708,3669,6000,5980,6101,2351,2272,2432
29/10/2020 18:00,3648,3698,3717,5878,5869,5996,2230,2171,2279
29/10/2020 18:30,3645,3700,3690,5723,5708,5753,2078,2008,2063
29/10/2020 19:00,3632,3677,3727,5583,5539,5574,1951,1862,1847
29/10/2020 19:30,3607,3672,3681,5427,5354,5366,1820,1682,1685
29/10/2020 20:00,3571,3608,3680,5251,5163,5188,1680,1555,1508
29/10/2020 20:30,3522,3528,3637,5065,4978,4993,1543,1450,1356
29/10/2020 21:00,3463,3420,3498,4866,4808,4789,1403,1388,1291
29/10/2020 21:30,3393,3302,3368,4641,4585,4584,1248,1283,1216
29/10/2020 22:00,3300,3137,3244,4395,4337,4393,1095,1200,1149
29/10/2020 22:30,3182,2942,3165,4167,4117,4176,985,1175,1011
29/10/2020 23:00,3025,2734,2851,3972,3950,4044,947,1216,1193
29/10/2020 23:30,2856,2542,2352,3789,3799,3836,933,1257,1484
30/10/2020 0:00,2659,2311,1991,3617,3657,3664,958,1346,1673
30/10/2020 0:30,2434,2095,1763,3490,3534,3550,1056,1439,1787
30/10/2020 1:00,2226,1844,1443,3406,3421,3458,1180,1577,2015
30/10/2020 1:30,2035,1576,1334,3327,3337,3393,1292,1761,2059
30/10/2020 2:00,1915,1382,1309,3249,3270,3326,1334,1888,2017
30/10/2020 2:30,1868,1228,1256,3194,3223,3277,1326,1995,2021
30/10/2020 3:00,1826,1156,1225,3166,3190,3255,1340,2034,2030
30/10/2020 3:30,1790,1033,1217,3154,3180,3246,1364,2147,2029
30/10/2020 4:00,1710,1006,1174,3156,3189,3241,1446,2183,2067
30/10/2020 4:30,1587,939,1183,3170,3206,3254,1583,2267,2071
30/10/2020 5:00,1496,914,1198,3205,3235,3294,1709,2321,2096
30/10/2020 5:30,1437,904,1275,3300,3318,3341,1863,2414,2066
30/10/2020 6:00,1379,878,1308,3478,3473,3530,2099,2595,2222
30/10/2020 6:30,1319,928,1312,3790,3736,3741,2471,2808,2429
30/10/2020 7:00,1213,877,1152,4199,4114,4009,2986,3237,2857
30/10/2020 7:30,1060,768,1060,4508,4398,4233,3448,3630,3173
30/10/2020 8:00,923,700,997,4683,4567,4464,3760,3867,3467
30/10/2020 8:30,802,764,940,4795,4700,4683,3993,3936,3743
30/10/2020 9:00,719,737,916,4863,4827,4842,4144,4090,3926
30/10/2020 9:30,674,834,886,4893,4890,4918,4219,4056,4032
30/10/2020 10:00,686,848,793,4893,4903,4921,4207,4055,4128
30/10/2020 10:30,756,872,821,4885,4900,4906,4129,4028,4085
30/10/2020 11:00,789,882,865,4878,4904,4934,4089,4022,4069
30/10/2020 11:30,785,846,902,4880,4923,4931,4095,4077,4029
30/10/2020 12:00,773,816,887,4888,4944,4968,4115,4128,4081
30/10/2020 12:30,753,796,803,4875,4938,5008,4122,4142,4205
30/10/2020 13:00,715,732,801,4840,4892,5010,4125,4160,4209
30/10/2020 13:30,658,531,748,4795,4841,4903,4137,4310,4155
30/10/2020 14:00,584,422,620,4753,4793,4815,4169,4371,4195
30/10/2020 14:30,495,285,485,4749,4782,4803,4254,4497,4318
30/10/2020 15:00,444,221,382,4778,4804,4766,4334,4583,4384
30/10/2020 15:30,431,243,428,4793,4818,4800,4362,4575,4372
30/10/2020 16:00,502,313,533,4833,4861,4873,4331,4548,4340
30/10/2020 16:30,659,499,811,5115,5137,5039,4456,4638,4228
30/10/2020 17:00,853,716,1231,5578,5587,5425,4725,4871,4194
30/10/2020 17:30,1084,976,1651,5764,5770,5845,4680,4794,4194
30/10/2020 18:00,1322,1246,2011,5631,5636,5846,4309,4390,3835
30/10/2020 18:30,1567,1528,2146,5471,5456,5656,3904,3928,3510
30/10/2020 19:00,1756,1758,2421,5343,5289,5427,3587,3531,3006
30/10/2020 19:30,1890,2053,2646,5196,5123,5214,3306,3070,2568
30/10/2020 20:00,2035,2230,2718,5022,4958,5009,2987,2728,2291
30/10/2020 20:30,2189,2510,2773,4843,4786,4829,2654,2276,2056
30/10/2020 21:00,2317,2649,2827,4660,4615,4679,2343,1966,1852
30/10/2020 21:30,2418,2940,2980,4459,4421,4489,2041,1481,1509
30/10/2020 22:00,2481,2984,3139,4247,4226,4334,1766,1242,1195
30/10/2020 22:30,2506,3045,3097,4068,4062,4140,1562,1017,1043
30/10/2020 23:00,2696,3075,3084,3909,3922,4013,1213,847,929
30/10/2020 23:30,2751,3187,3240,3772,3784,3916,1021,597,676
31/10/2020 0:00,2784,3213,3161,3639,3647,3760,855,434,599
31/10/2020 0:30,2795,3135,3013,3520,3527,3577,725,392,564
31/10/2020 1:00,2823,3143,2991,3416,3420,3449,593,277,458
31/10/2020 1:30,2869,3132,2899,3322,3329,3369,453,197,470
31/10/2020 2:00,2897,3111,2824,3239,3246,3300,342,135,476
31/10/2020 2:30,2908,2981,2765,3172,3183,3249,264,202,484
31/10/2020 3:00,2919,2984,2562,3129,3142,3167,210,158,605
31/10/2020 3:30,2931,3067,2533,3118,3132,3132,187,65,599
31/10/2020 4:00,2964,3082,2524,3135,3142,3127,171,60,603
31/10/2020 4:30,3017,3016,2529,3144,3144,3137,127,128,608
31/10/2020 5:00,3075,3041,2475,3149,3142,3149,74,101,674
31/10/2020 5:30,3139,3016,2486,3202,3200,3184,63,184,698
31/10/2020 6:00,3196,3079,2561,3304,3311,3300,108,232,739
31/10/2020 6:30,3244,3050,2590,3406,3405,3406,162,355,816
31/10/2020 7:00,3285,3138,2610,3510,3503,3553,225,365,943
31/10/2020 7:30,3318,3154,2741,3668,3665,3661,350,511,920
31/10/2020 8:00,3336,3216,2829,3879,3888,3802,543,672,973
31/10/2020 8:30,3341,3165,2989,4077,4102,3958,736,937,969
31/10/2020 9:00,3351,3211,3066,4246,4300,4152,895,1089,1086
31/10/2020 9:30,3368,3193,3090,4386,4431,4288,1018,1238,1198
31/10/2020 10:00,3369,3232,3144,4497,4504,4385,1128,1272,1241
31/10/2020 10:30,3353,3191,3173,4580,4579,4463,1227,1388,1290
31/10/2020 11:00,3367,3236,3250,4639,4619,4492,1272,1383,1242
31/10/2020 11:30,3411,3284,3304,4682,4644,4543,1271,1360,1239
31/10/2020 12:00,3440,3309,3217,4706,4653,4591,1266,1344,1374
31/10/2020 12:30,3455,3344,3187,4700,4638,4624,1245,1294,1437
31/10/2020 13:00,3463,3349,3245,4661,4590,4597,1198,1241,1352
31/10/2020 13:30,3465,3358,3330,4602,4533,4545,1137,1175,1215
31/10/2020 14:00,3464,3342,3346,4534,4470,4485,1070,1128,1139
31/10/2020 14:30,3460,3271,3198,4485,4427,4426,1025,1156,1228
31/10/2020 15:00,3414,3194,3242,4457,4405,4440,1043,1211,1198
31/10/2020 15:30,3328,3067,3248,4439,4386,4440,1111,1319,1192
31/10/2020 16:00,3217,2923,3337,4467,4408,4510,1250,1485,1173
31/10/2020 16:30,3082,2773,3349,4704,4651,4717,1622,1878,1368
31/10/2020 17:00,2938,2640,3272,5097,5064,5042,2159,2424,1770
31/10/2020 17:30,2786,2566,3174,5276,5259,5298,2490,2693,2124
31/10/2020 18:00,2668,2554,3084,5194,5187,5232,2526,2633,2148
31/10/2020 18:30,2586,2645,3010,5046,5060,5065,2460,2415,2055
31/10/2020 19:00,2574,2727,2954,4882,4929,4854,2308,2202,1900
31/10/2020 19:30,2632,2944,3000,4714,4781,4681,2082,1837,1681
31/10/2020 20:00,2681,3030,3136,4546,4623,4558,1865,1593,1422
31/10/2020 20:30,2720,3294,3229,4388,4479,4395,1668,1185,1166
31/10/2020 21:00,2764,3359,3164,4242,4349,4271,1478,990,1107
31/10/2020 21:30,2814,3336,3038,4100,4189,4092,1286,853,1054
31/10/2020 22:00,2898,3405,3014,3959,4012,3976,1061,607,962
31/10/2020 22:30,3015,3509,2944,3820,3840,3870,805,331,926
31/10/2020 23:00,3251,3508,2931,3705,3699,3807,454,191,876
31/10/2020 23:30,3246,3460,2884,3591,3586,3701,345,126,817
1/11/2020 0:00,3209,3392,2814,3498,3492,3588,289,100,774
1/11/2020 0:30,3139,3216,2697,3394,3389,3457,255,173,760
1/11/2020 1:00,3070,3143,2584,3276,3267,3338,206,124,754
1/11/2020 1:30,3004,2995,2485,3174,3168,3237,170,173,752
1/11/2020 2:00,2948,2940,2416,3091,3085,3157,143,145,741
1/11/2020 2:30,2904,2747,2352,3020,3008,3095,116,261,743
1/11/2020 3:00,2865,2721,2261,2961,2948,3040,96,227,779
1/11/2020 3:30,2831,2696,2215,2923,2912,3001,92,216,786
1/11/2020 4:00,2816,2700,2207,2905,2894,2994,89,194,787
1/11/2020 4:30,2820,2622,2174,2896,2883,2953,76,261,779
1/11/2020 5:00,2843,2672,2165,2895,2881,2964,52,209,799
1/11/2020 5:30,2885,2675,2192,2917,2907,2990,32,232,798
1/11/2020 6:00,2956,2781,2232,2966,2962,3068,10,181,836
1/11/2020 6:30,3054,2776,2268,3036,3041,3130,-18,265,862
1/11/2020 7:00,3134,2886,2354,3128,3136,3211,-6,250,857
1/11/2020 7:30,3195,2970,2416,3249,3245,3260,54,275,844
1/11/2020 8:00,3234,3060,2481,3402,3373,3354,168,313,873
1/11/2020 8:30,3252,2980,2603,3588,3547,3506,336,567,903
1/11/2020 9:00,3279,3062,2827,3796,3769,3721,517,707,894
1/11/2020 9:30,3317,3130,2955,3982,3958,3873,665,828,918
1/11/2020 10:00,3335,3168,3014,4134,4114,4037,799,946,1023
1/11/2020 10:30,3333,3093,3073,4258,4222,4200,925,1129,1127
1/11/2020 11:00,3301,3097,3057,4357,4315,4299,1056,1218,1242
1/11/2020 11:30,3240,3037,3166,4448,4408,4442,1208,1371,1276
1/11/2020 12:00,3146,2941,3232,4524,4501,4612,1378,1560,1380
1/11/2020 12:30,3019,2795,3200,4549,4539,4760,1530,1744,1560
1/11/2020 13:00,2891,2664,3100,4523,4517,4814,1632,1853,1714
1/11/2020 13:30,2762,2649,2988,4493,4491,4767,1731,1842,1779
1/11/2020 14:00,2645,2590,3063,4471,4469,4731,1826,1879,1668
1/11/2020 14:30,2541,2471,3056,4455,4462,4712,1914,1991,1656
1/11/2020 15:00,2462,2415,3152,4455,4476,4765,1993,2061,1613
1/11/2020 15:30,2410,2464,3000,4512,4540,4836,2102,2076,1836
1/11/2020 16:00,2340,2357,2776,4644,4667,4933,2304,2310,2157
1/11/2020 16:30,2252,2280,2543,4889,4892,5122,2637,2612,2579
1/11/2020 17:00,2190,2180,2312,5195,5167,5390,3005,2987,3078
1/11/2020 17:30,2151,2276,2272,5324,5276,5555,3173,3000,3283
1/11/2020 18:00,2117,2159,2207,5253,5193,5513,3136,3034,3306
1/11/2020 18:30,2088,2048,2341,5136,5050,5356,3048,3002,3015
1/11/2020 19:00,2046,1905,2355,5006,4888,5134,2960,2983,2779
1/11/2020 19:30,1992,1762,2326,4857,4744,4902,2865,2982,2576
1/11/2020 20:00,1954,1621,2285,4692,4622,4749,2738,3001,2464
1/11/2020 20:30,1932,1409,2102,4539,4487,4572,2607,3078,2470
1/11/2020 21:00,1929,1318,1899,4394,4329,4384,2465,3011,2485
1/11/2020 21:30,1946,1613,1694,4214,4160,4181,2268,2547,2487
1/11/2020 22:00,1953,1564,1374,4004,3988,4020,2051,2424,2646
1/11/2020 22:30,1949,1565,1095,3813,3765,3833,1864,2200,2738
1/11/2020 23:00,1293,1577,1001,3657,3601,3716,2364,2024,2715
1/11/2020 23:30,1369,1704,850,3516,3465,3575,2147,1761,2725
2/11/2020 0:00,1467,1765,728,3396,3355,3415,1929,1590,2687
2/11/2020 0:30,1584,1743,740,3291,3256,3277,1707,1513,2537
2/11/2020 1:00,1704,1868,922,3200,3167,3176,1496,1299,2254
2/11/2020 1:30,1825,1946,1127,3126,3096,3130,1301,1150,2003
2/11/2020 2:00,1922,2043,1217,3070,3046,3062,1148,1003,1845
2/11/2020 2:30,1997,1789,1239,3027,3014,3007,1030,1225,1768
2/11/2020 3:00,2051,1894,1189,2997,2991,2956,946,1097,1767
2/11/2020 3:30,2087,1925,1193,2987,2995,2962,900,1070,1769
2/11/2020 4:00,2115,1980,1446,2995,3004,3024,880,1024,1578
2/11/2020 4:30,2138,1847,1722,3017,3027,3040,879,1180,1318
2/11/2020 5:00,2157,1901,1812,3066,3076,3117,909,1175,1305
2/11/2020 5:30,2171,1752,1738,3194,3201,3201,1023,1449,1463
2/11/2020 6:00,2204,1802,1859,3421,3421,3446,1217,1619,1587
2/11/2020 6:30,2253,1812,2024,3773,3773,3733,1520,1961,1709
2/11/2020 7:00,2269,1838,2014,4205,4210,4185,1936,2372,2171
2/11/2020 7:30,2251,1829,2064,4516,4506,4522,2265,2677,2458
2/11/2020 8:00,2244,1846,2077,4681,4640,4730,2437,2794,2653
2/11/2020 8:30,2250,1985,2137,4806,4758,4835,2556,2773,2698
2/11/2020 9:00,2249,1985,2147,4911,4879,4952,2662,2894,2805
2/11/2020 9:30,2240,1959,2230,4963,4942,5034,2723,2983,2804
2/11/2020 10:00,2263,2000,2288,4967,4950,5060,2704,2950,2772
2/11/2020 10:30,2316,2180,2294,4969,4978,5102,2653,2798,2808
2/11/2020 11:00,2370,2243,2280,4982,5028,5144,2612,2785,2864
2/11/2020 11:30,2426,2298,2283,5015,5088,5168,2589,2790,2885
2/11/2020 12:00,2477,2376,2323,5058,5142,5214,2581,2766,2891
2/11/2020 12:30,2524,2504,2398,5065,5146,5275,2541,2642,2877
2/11/2020 13:00,2582,2593,2419,5033,5102,5256,2451,2509,2837
2/11/2020 13:30,2651,2683,2489,5003,5066,5147,2352,2383,2658
2/11/2020 14:00,2700,2758,2659,4988,5053,5122,2288,2295,2463
2/11/2020 14:30,2728,2776,2756,5004,5065,5104,2276,2289,2348
2/11/2020 15:00,2767,2823,2784,5052,5098,5151,2285,2275,2367
2/11/2020 15:30,2816,2801,2842,5112,5143,5238,2296,2342,2396
2/11/2020 16:00,2814,2791,2926,5211,5228,5378,2397,2437,2452
2/11/2020 16:30,2762,2742,2958,5476,5492,5586,2714,2750,2628
2/11/2020 17:00,2704,2726,3100,5852,5876,5927,3148,3150,2827
2/11/2020 17:30,2640,2762,3147,5987,6015,6146,3347,3253,2999
2/11/2020 18:00,2559,2747,2959,5848,5873,5984,3289,3126,3025
2/11/2020 18:30,2460,2799,2990,5649,5667,5768,3189,2868,2778
2/11/2020 19:00,2393,2761,2933,5450,5460,5553,3057,2699,2620
2/11/2020 19:30,2358,2718,2783,5277,5283,5344,2919,2565,2561
2/11/2020 20:00,2352,2638,2739,5126,5134,5164,2774,2496,2425
2/11/2020 20:30,2376,2673,2724,4961,5029,5002,2585,2356,2278
2/11/2020 21:00,2414,2635,2537,4771,4842,4796,2357,2207,2259
2/11/2020 21:30,2468,2551,2557,4557,4613,4563,2089,2062,2006
2/11/2020 22:00,2481,2502,2631,4326,4361,4343,1845,1859,1712
2/11/2020 22:30,2452,2489,2471,4107,4128,4135,1655,1639,1664
2/11/2020 23:00,2508,2456,2342,3913,3937,3970,1405,1481,1628
2/11/2020 23:30,2505,2388,2416,3743,3766,3848,1238,1378,1432
3/11/2020 0:00,2491,2357,2185,3600,3609,3690,1109,1252,1505
3/11/2020 0:30,2466,2314,2047,3484,3489,3554,1018,1175,1507
3/11/2020 1:00,2417,2250,2001,3393,3397,3467,976,1147,1466
3/11/2020 1:30,2345,2248,1880,3323,3325,3416,978,1077,1536
3/11/2020 2:00,2277,2193,1866,3272,3257,3370,995,1064,1504
3/11/2020 2:30,2215,2019,1791,3230,3205,3329,1015,1186,1538
3/11/2020 3:00,2176,1993,1783,3199,3169,3294,1023,1176,1511
3/11/2020 3:30,2161,2020,1764,3186,3162,3287,1025,1142,1523
3/11/2020 4:00,2131,2011,1821,3191,3179,3291,1060,1168,1470
3/11/2020 4:30,2087,1856,1916,3208,3206,3318,1121,1350,1402
3/11/2020 5:00,2043,1876,2033,3248,3252,3380,1205,1376,1347
3/11/2020 5:30,1998,1883,2105,3361,3370,3476,1363,1487,1371
3/11/2020 6:00,1964,1921,2142,3570,3581,3680,1606,1660,1538
3/11/2020 6:30,1941,1968,2226,3912,3927,3948,1971,1959,1722
3/11/2020 7:00,1885,1944,2258,4339,4361,4391,2454,2417,2133
3/11/2020 7:30,1798,1940,2231,4626,4676,4731,2828,2736,2500
3/11/2020 8:00,1734,1857,2168,4753,4841,4930,3019,2984,2762
3/11/2020 8:30,1693,1849,1895,4859,4953,5000,3166,3104,3105
3/11/2020 9:00,1680,1779,1758,4963,5035,5078,3283,3256,3320
3/11/2020 9:30,1692,1694,1624,5007,5073,5076,3315,3379,3452
3/11/2020 10:00,1748,1685,1692,4991,5076,5066,3243,3391,3374
3/11/2020 10:30,1847,1790,1781,4983,5069,5075,3136,3279,3294
3/11/2020 11:00,1863,1841,1787,4998,5068,5049,3135,3227,3262
3/11/2020 11:30,1794,1945,1767,5037,5082,5030,3243,3137,3263
3/11/2020 12:00,1753,1979,1886,5086,5107,5073,3333,3128,3187
3/11/2020 12:30,1739,1886,1929,5089,5094,5130,3350,3208,3201
3/11/2020 13:00,1670,1845,1859,5044,5042,5128,3374,3197,3269
3/11/2020 13:30,1545,1750,1701,5001,4995,5048,3456,3245,3347
3/11/2020 14:00,1429,1636,1575,4976,4967,5008,3547,3331,3433
3/11/2020 14:30,1321,1586,1354,4991,4990,5037,3670,3404,3683
3/11/2020 15:00,1227,1479,1283,5041,5061,5111,3814,3582,3828
3/11/2020 15:30,1147,1419,1157,5093,5120,5217,3946,3701,4060
3/11/2020 16:00,1069,1308,1084,5180,5200,5361,4111,3892,4277
3/11/2020 16:30,992,1198,1167,5472,5492,5648,4480,4294,4481
3/11/2020 17:00,924,1111,1086,5909,5933,6036,4985,4822,4950
3/11/2020 17:30,862,937,1049,6082,6110,6284,5220,5173,5235
3/11/2020 18:00,812,877,887,5951,5973,6171,5139,5096,5284
3/11/2020 18:30,773,777,823,5761,5789,5953,4988,5012,5130
3/11/2020 19:00,764,757,932,5579,5621,5758,4815,4864,4826
3/11/2020 19:30,784,747,941,5419,5459,5587,4635,4712,4646
3/11/2020 20:00,794,741,936,5275,5302,5396,4481,4561,4460
3/11/2020 20:30,794,796,940,5110,5119,5186,4316,4323,4246
3/11/2020 21:00,795,784,920,4915,4920,4999,4120,4136,4079
3/11/2020 21:30,796,750,962,4695,4688,4767,3899,3938,3805
3/11/2020 22:00,797,760,1019,4460,4453,4536,3663,3693,3517
3/11/2020 22:30,797,849,992,4246,4254,4284,3449,3405,3292
3/11/2020 23:00,724,862,946,4092,4099,4153,3368,3237,3207
3/11/2020 23:30,731,872,1014,3921,3929,4009,3190,3057,2995
4/11/2020 0:00,734,854,1068,3741,3748,3846,3007,2894,2778
4/11/2020 0:30,733,809,1086,3606,3616,3733,2873,2807,2647
4/11/2020 1:00,733,789,1122,3520,3529,3645,2787,2740,2523
4/11/2020 1:30,734,905,1059,3444,3453,3580,2710,2548,2521
4/11/2020 2:00,732,905,996,3371,3375,3507,2639,2470,2511
4/11/2020 2:30,726,833,977,3317,3317,3463,2591,2484,2486
4/11/2020 3:00,710,817,1002,3283,3279,3411,2573,2462,2409
4/11/2020 3:30,684,974,1015,3274,3272,3405,2590,2298,2390
4/11/2020 4:00,669,951,1021,3285,3289,3390,2616,2338,2369
4/11/2020 4:30,665,899,963,3307,3312,3385,2642,2413,2422
4/11/2020 5:00,659,882,967,3350,3349,3423,2691,2467,2456
4/11/2020 5:30,653,809,998,3465,3463,3521,2812,2654,2523
4/11/2020 6:00,631,788,915,3675,3673,3725,3044,2885,2810
4/11/2020 6:30,595,781,855,4023,4021,4008,3428,3240,3153
4/11/2020 7:00,560,742,928,4465,4457,4470,3905,3715,3542
4/11/2020 7:30,527,722,922,4782,4778,4863,4255,4056,3941
4/11/2020 8:00,487,679,869,4945,4949,5019,4458,4270,4150
4/11/2020 8:30,440,677,767,5058,5058,5091,4618,4381,4324
4/11/2020 9:00,388,625,624,5142,5128,5181,4754,4503,4557
4/11/2020 9:30,331,580,554,5176,5155,5227,4845,4575,4673
4/11/2020 10:00,284,510,504,5164,5147,5120,4880,4637,4616
4/11/2020 10:30,246,474,473,5146,5127,5197,4900,4653,4724
4/11/2020 11:00,228,422,381,5134,5106,5226,4906,4684,4845
4/11/2020 11:30,230,381,454,5141,5113,5188,4911,4732,4734
4/11/2020 12:00,245,392,527,5159,5146,5208,4914,4754,4681
4/11/2020 12:30,271,379,438,5138,5138,5246,4867,4759,4808
4/11/2020 13:00,280,385,392,5076,5087,5267,4796,4702,4875
4/11/2020 13:30,272,340,342,5020,5041,5187,4748,4701,4845
4/11/2020 14:00,261,301,291,4990,5014,5182,4729,4713,4891
4/11/2020 14:30,247,339,258,5013,5043,5198,4766,4704,4940
4/11/2020 15:00,238,300,252,5084,5123,5266,4846,4823,5014
4/11/2020 15:30,236,249,256,5149,5193,5338,4913,4944,5082
4/11/2020 16:00,240,252,247,5239,5282,5456,4999,5030,5209
4/11/2020 16:30,251,220,291,5531,5572,5718,5280,5352,5427
4/11/2020 17:00,264,241,345,5968,5999,6113,5704,5758,5768
4/11/2020 17:30,279,216,414,6138,6168,6328,5859,5952,5914
4/11/2020 18:00,295,234,432,6003,6033,6211,5708,5799,5779
4/11/2020 18:30,312,292,433,5819,5862,5993,5507,5570,5560
4/11/2020 19:00,335,309,458,5648,5709,5793,5313,5400,5335
4/11/2020 19:30,362,302,471,5486,5542,5601,5124,5240,5130
4/11/2020 20:00,390,323,519,5327,5363,5425,4937,5040,4906
4/11/2020 20:30,416,446,510,5147,5173,5224,4731,4727,4714
4/11/2020 21:00,442,458,528,4940,4980,5010,4498,4522,4482
4/11/2020 21:30,467,451,576,4713,4748,4768,4246,4297,4192
4/11/2020 22:00,495,468,620,4478,4502,4529,3983,4034,3909
4/11/2020 22:30,528,494,645,4283,4301,4290,3755,3807,3645
4/11/2020 23:00,545,519,611,4125,4139,4133,3580,3620,3522
4/11/2020 23:30,557,569,686,3948,3962,3988,3391,3393,3302
5/11/2020 0:00,568,593,743,3762,3772,3821,3194,3179,3078
5/11/2020 0:30,577,607,777,3624,3636,3693,3047,3029,2916
5/11/2020 1:00,579,626,857,3540,3548,3599,2961,2922,2742
5/11/2020 1:30,573,670,910,3466,3476,3515,2893,2806,2605
5/11/2020 2:00,559,660,912,3395,3400,3436,2836,2740,2524
5/11/2020 2:30,539,677,882,3339,3349,3389,2800,2672,2507
5/11/2020 3:00,517,655,918,3304,3313,3357,2787,2658,2439
5/11/2020 3:30,494,612,955,3297,3303,3352,2803,2691,2397
5/11/2020 4:00,470,581,936,3315,3311,3362,2845,2730,2426
5/11/2020 4:30,444,580,886,3337,3332,3377,2893,2752,2491
5/11/2020 5:00,417,540,827,3372,3374,3423,2955,2834,2596
5/11/2020 5:30,388,616,737,3482,3488,3504,3094,2872,2767
5/11/2020 6:00,357,574,639,3690,3696,3719,3333,3122,3080
5/11/2020 6:30,324,505,604,4035,4041,3996,3711,3536,3392
5/11/2020 7:00,292,469,535,4473,4475,4442,4181,4006,3907
5/11/2020 7:30,263,481,438,4795,4803,4812,4532,4322,4374
5/11/2020 8:00,240,437,381,4971,4987,5022,4731,4550,4641
5/11/2020 8:30,224,383,323,5092,5103,5101,4868,4720,4778
5/11/2020 9:00,212,340,259,5176,5172,5207,4964,4832,4948
5/11/2020 9:30,206,277,185,5208,5197,5265,5002,4920,5080
5/11/2020 10:00,189,239,145,5191,5190,5245,5002,4951,5100
5/11/2020 10:30,163,179,118,5156,5185,5259,4993,5006,5141
5/11/2020 11:00,142,157,92,5122,5192,5275,4980,5035,5183
5/11/2020 11:30,128,119,66,5129,5216,5242,5001,5097,5176
5/11/2020 12:00,117,106,0,5168,5252,5272,5051,5146,5272
5/11/2020 12:30,110,76,29,5171,5250,5307,5061,5174,5278
5/11/2020 13:00,105,67,62,5128,5206,5304,5023,5139,5242
5/11/2020 13:30,103,36,26,5078,5160,5213,4975,5124,5187
5/11/2020 14:00,100,36,51,5040,5123,5192,4940,5087,5141
5/11/2020 14:30,98,33,0,5060,5141,5180,4962,5108,5180
5/11/2020 15:00,97,42,24,5134,5207,5225,5037,5165,5201
5/11/2020 15:30,98,44,55,5201,5277,5287,5103,5233,5232
5/11/2020 16:00,100,57,49,5289,5372,5417,5189,5315,5368
5/11/2020 16:30,103,78,54,5572,5644,5668,5469,5566,5614
5/11/2020 17:00,106,93,54,5996,6033,6066,5890,5940,6012
5/11/2020 17:30,109,106,68,6164,6187,6302,6055,6081,6234
5/11/2020 18:00,112,121,75,6042,6063,6223,5930,5942,6148
5/11/2020 18:30,115,112,94,5878,5897,6020,5763,5785,5926
5/11/2020 19:00,118,129,113,5727,5742,5809,5609,5613,5696
5/11/2020 19:30,122,138,134,5567,5577,5620,5445,5439,5486
5/11/2020 20:00,129,166,177,5392,5403,5443,5263,5237,5266
5/11/2020 20:30,141,212,233,5209,5185,5249,5068,4973,5016
5/11/2020 21:00,154,246,303,5014,4986,5041,4860,4740,4738
5/11/2020 21:30,170,258,369,4790,4748,4798,4620,4490,4429
5/11/2020 22:00,184,280,424,4548,4500,4548,4364,4220,4124
5/11/2020 22:30,195,290,448,4351,4303,4309,4156,4013,3861
5/11/2020 23:00,426,291,420,4163,4146,4151,3737,3855,3731
5/11/2020 23:30,414,276,382,4008,3993,3991,3594,3717,3609
6/11/2020 0:00,402,265,351,3854,3844,3841,3452,3579,3490
6/11/2020 0:30,390,283,291,3727,3723,3716,3337,3440,3425
6/11/2020 1:00,384,278,261,3630,3629,3621,3246,3351,3360
6/11/2020 1:30,382,317,273,3544,3548,3531,3162,3231,3258
6/11/2020 2:00,385,325,298,3467,3466,3452,3082,3141,3154
6/11/2020 2:30,391,327,333,3411,3408,3403,3020,3081,3070
6/11/2020 3:00,407,365,360,3377,3367,3361,2970,3002,3001
6/11/2020 3:30,432,400,404,3360,3354,3347,2928,2954,2943
6/11/2020 4:00,469,471,463,3360,3360,3347,2891,2889,2884
6/11/2020 4:30,517,517,514,3374,3378,3345,2857,2861,2831
6/11/2020 5:00,573,595,586,3413,3410,3402,2840,2815,2816
6/11/2020 5:30,637,648,720,3512,3511,3477,2875,2863,2757
6/11/2020 6:00,704,742,862,3695,3698,3701,2991,2956,2839
6/11/2020 6:30,774,910,930,4014,4022,3961,3240,3112,3031
6/11/2020 7:00,842,1011,1089,4431,4432,4399,3589,3421,3310
6/11/2020 7:30,910,1075,1260,4737,4730,4734,3827,3655,3474
6/11/2020 8:00,958,1141,1312,4901,4882,4931,3943,3741,3619
6/11/2020 8:30,987,1223,1284,5018,4996,4992,4031,3773,3708
6/11/2020 9:00,1001,1216,1308,5107,5087,5084,4106,3871,3776
6/11/2020 9:30,1002,1191,1261,5146,5133,5120,4144,3942,3859
6/11/2020 10:00,1067,1208,1233,5139,5134,5089,4072,3926,3856
6/11/2020 10:30,1198,1250,1198,5119,5130,5063,3921,3880,3865
6/11/2020 11:00,1260,1307,1286,5103,5133,5045,3843,3826,3759
6/11/2020 11:30,1253,1413,1305,5111,5143,5014,3858,3730,3709
6/11/2020 12:00,1258,1439,1352,5138,5153,5025,3880,3714,3673
6/11/2020 12:30,1272,1449,1332,5130,5133,5054,3858,3684,3722
6/11/2020 13:00,1278,1445,1312,5081,5077,5001,3803,3632,3689
6/11/2020 13:30,1275,1417,1314,5014,5011,4893,3739,3594,3579
6/11/2020 14:00,1243,1366,1343,4950,4944,4865,3707,3578,3522
6/11/2020 14:30,1182,1215,1208,4946,4926,4824,3764,3711,3616
6/11/2020 15:00,1124,1192,1147,5001,4956,4850,3877,3764,3703
6/11/2020 15:30,1069,1244,1122,5048,5007,4920,3979,3763,3798
6/11/2020 16:00,1039,1277,1170,5115,5100,5017,4076,3823,3847
6/11/2020 16:30,1033,1291,1263,5379,5386,5249,4346,4095,3986
6/11/2020 17:00,1023,1300,1286,5786,5799,5675,4763,4499,4389
6/11/2020 17:30,1011,1304,1276,5950,5970,5925,4939,4666,4649
6/11/2020 18:00,1003,1262,1238,5832,5847,5870,4829,4585,4632
6/11/2020 18:30,1000,1163,1116,5672,5685,5686,4672,4522,4570
6/11/2020 19:00,987,1132,1036,5523,5528,5480,4536,4396,4444
6/11/2020 19:30,963,1109,1020,5364,5370,5274,4401,4261,4254
6/11/2020 20:00,945,1089,1033,5190,5203,5071,4245,4114,4038
6/11/2020 20:30,934,1020,1104,5008,5027,4898,4074,4007,3794
6/11/2020 21:00,910,1011,1063,4815,4841,4728,3905,3830,3665
6/11/2020 21:30,874,982,958,4596,4620,4537,3722,3638,3579
6/11/2020 22:00,839,978,965,4366,4388,4344,3527,3410,3379
6/11/2020 22:30,804,950,977,4194,4195,4172,3390,3245,3195
6/11/2020 23:00,1014,929,968,4089,4079,4064,3075,3150,3096
6/11/2020 23:30,979,891,892,3972,3965,3942,2993,3074,3050
7/11/2020 0:00,947,861,840,3846,3839,3790,2899,2978,2950
7/11/2020 0:30,916,848,837,3715,3710,3664,2799,2862,2827
7/11/2020 1:00,878,826,824,3583,3576,3563,2705,2750,2739
7/11/2020 1:30,834,776,802,3471,3467,3474,2637,2691,2672
7/11/2020 2:00,806,759,714,3379,3372,3385,2573,2613,2671
7/11/2020 2:30,794,725,659,3303,3307,3325,2509,2582,2666
7/11/2020 3:00,794,744,671,3244,3249,3275,2450,2505,2604
7/11/2020 3:30,806,749,692,3213,3220,3246,2407,2471,2554
7/11/2020 4:00,841,790,734,3206,3211,3229,2365,2421,2495
7/11/2020 4:30,898,873,764,3203,3210,3216,2305,2337,2452
7/11/2020 5:00,934,918,790,3208,3214,3243,2274,2296,2453
7/11/2020 5:30,949,949,877,3263,3270,3266,2314,2321,2389
7/11/2020 6:00,979,993,983,3374,3379,3396,2395,2386,2413
7/11/2020 6:30,1023,999,1022,3521,3530,3505,2498,2531,2483
7/11/2020 7:00,1074,1045,1081,3693,3702,3661,2619,2657,2580
7/11/2020 7:30,1132,1071,1137,3856,3865,3759,2724,2794,2622
7/11/2020 8:00,1182,1111,1148,4010,4011,3905,2828,2900,2757
7/11/2020 8:30,1226,1138,1205,4187,4175,4115,2961,3037,2910
7/11/2020 9:00,1256,1180,1229,4379,4352,4311,3123,3172,3082
7/11/2020 9:30,1273,1219,1282,4524,4484,4444,3251,3265,3162
7/11/2020 10:00,1270,1227,1389,4613,4561,4548,3343,3334,3159
7/11/2020 10:30,1245,1243,1460,4668,4602,4603,3423,3359,3143
7/11/2020 11:00,1241,1258,1517,4699,4622,4650,3458,3364,3133
7/11/2020 11:30,1256,1280,1487,4726,4643,4681,3470,3363,3194
7/11/2020 12:00,1270,1278,1486,4748,4668,4708,3478,3390,3222
7/11/2020 12:30,1283,1239,1548,4747,4667,4751,3464,3428,3203
7/11/2020 13:00,1306,1250,1609,4719,4639,4761,3413,3389,3152
7/11/2020 13:30,1339,1503,1649,4674,4591,4726,3335,3088,3077
7/11/2020 14:00,1383,1528,1697,4622,4539,4660,3239,3011,2963
7/11/2020 14:30,1437,1570,1754,4601,4520,4605,3164,2950,2851
7/11/2020 15:00,1488,1614,1802,4617,4545,4613,3129,2931,2811
7/11/2020 15:30,1533,1676,1772,4654,4588,4649,3121,2912,2877
7/11/2020 16:00,1596,1702,1692,4738,4675,4723,3142,2973,3031
7/11/2020 16:30,1677,1752,1718,4987,4921,4970,3310,3169,3252
7/11/2020 17:00,1748,1737,1721,5351,5281,5357,3603,3544,3636
7/11/2020 17:30,1808,1768,1710,5520,5464,5553,3712,3696,3843
7/11/2020 18:00,1843,1731,1698,5457,5421,5495,3614,3690,3797
7/11/2020 18:30,1851,1566,1640,5324,5282,5316,3473,3716,3676
7/11/2020 19:00,1858,1530,1548,5166,5097,5118,3308,3567,3570
7/11/2020 19:30,1863,1505,1430,5001,4916,4916,3138,3411,3486
7/11/2020 20:00,1871,1464,1414,4832,4756,4734,2961,3292,3320
7/11/2020 20:30,1883,1333,1392,4659,4601,4556,2776,3268,3164
7/11/2020 21:00,1885,1313,1366,4483,4464,4412,2598,3151,3046
7/11/2020 21:30,1875,1356,1369,4302,4303,4261,2427,2947,2892
7/11/2020 22:00,1867,1353,1356,4124,4140,4108,2257,2787,2752
7/11/2020 22:30,1860,1333,1328,3974,3997,3954,2114,2664,2626
7/11/2020 23:00,1490,1324,1324,3854,3862,3875,2364,2538,2551
7/11/2020 23:30,1458,1332,1301,3730,3744,3779,2272,2412,2478
8/11/2020 0:00,1414,1321,1265,3610,3635,3664,2196,2314,2399
8/11/2020 0:30,1358,1295,1265,3494,3521,3536,2136,2226,2271
8/11/2020 1:00,1324,1292,1218,3384,3396,3440,2060,2104,2222
8/11/2020 1:30,1312,1247,1183,3280,3288,3336,1968,2041,2153
8/11/2020 2:00,1303,1265,1246,3186,3192,3258,1883,1927,2012
8/11/2020 2:30,1299,1217,1250,3122,3132,3214,1823,1915,1964
8/11/2020 3:00,1306,1242,1118,3086,3096,3148,1780,1854,2030
8/11/2020 3:30,1324,1263,1094,3067,3078,3089,1743,1815,1995
8/11/2020 4:00,1343,1301,1122,3058,3068,3057,1715,1767,1935
8/11/2020 4:30,1363,1345,1123,3056,3066,3053,1693,1721,1930
8/11/2020 5:00,1392,1385,1189,3063,3070,3059,1671,1685,1870
8/11/2020 5:30,1431,1399,1259,3101,3107,3065,1670,1708,1806
8/11/2020 6:00,1474,1425,1328,3167,3174,3126,1693,1749,1798
8/11/2020 6:30,1519,1347,1352,3236,3247,3180,1717,1900,1828
8/11/2020 7:00,1561,1391,1414,3306,3317,3301,1745,1926,1887
8/11/2020 7:30,1598,1437,1496,3397,3406,3393,1799,1969,1897
8/11/2020 8:00,1619,1476,1608,3521,3520,3479,1902,2044,1871
8/11/2020 8:30,1623,1473,1650,3696,3691,3664,2073,2218,2014
8/11/2020 9:00,1641,1508,1620,3911,3912,3880,2270,2404,2260
8/11/2020 9:30,1674,1598,1645,4098,4105,4077,2424,2507,2432
8/11/2020 10:00,1732,1660,1647,4240,4255,4261,2508,2595,2614
8/11/2020 10:30,1815,1751,1700,4338,4371,4407,2523,2620,2707
8/11/2020 11:00,1852,1794,1737,4404,4448,4485,2552,2654,2748
8/11/2020 11:30,1841,1819,1819,4478,4530,4567,2637,2711,2748
8/11/2020 12:00,1827,1807,1940,4558,4616,4707,2731,2809,2767
8/11/2020 12:30,1811,1796,1863,4578,4649,4801,2767,2853,2938
8/11/2020 13:00,1794,1793,1698,4536,4621,4832,2742,2828,3134
8/11/2020 13:30,1777,1783,1597,4474,4561,4742,2697,2778,3145
8/11/2020 14:00,1732,1762,1617,4415,4486,4678,2683,2724,3061
8/11/2020 14:30,1661,1686,1556,4402,4458,4608,2741,2772,3052
8/11/2020 15:00,1598,1645,1608,4440,4486,4598,2842,2841,2990
8/11/2020 15:30,1545,1602,1611,4497,4548,4631,2952,2946,3020
8/11/2020 16:00,1555,1580,1598,4595,4661,4739,3040,3081,3141
8/11/2020 16:30,1628,1559,1656,4842,4916,4960,3214,3357,3304
8/11/2020 17:00,1693,1586,1664,5194,5260,5309,3501,3674,3645
8/11/2020 17:30,1748,1615,1684,5351,5396,5487,3603,3781,3803
8/11/2020 18:00,1788,1659,1733,5277,5284,5400,3489,3625,3667
8/11/2020 18:30,1812,1757,1840,5125,5119,5290,3313,3362,3450
8/11/2020 19:00,1834,1796,2015,4943,4948,5125,3109,3152,3110
8/11/2020 19:30,1853,1903,2113,4775,4784,4932,2922,2881,2819
8/11/2020 20:00,1884,1935,2111,4628,4633,4768,2744,2698,2657
8/11/2020 20:30,1929,1961,2122,4485,4471,4615,2556,2510,2493
8/11/2020 21:00,1975,1977,2134,4338,4315,4455,2363,2338,2321
8/11/2020 21:30,2024,1947,2245,4174,4138,4295,2150,2191,2050
8/11/2020 22:00,2045,1955,2209,3996,3966,4101,1951,2011,1892
8/11/2020 22:30,2040,2031,2139,3822,3803,3887,1782,1772,1748
8/11/2020 23:00,1925,2013,2263,3662,3670,3795,1737,1657,1532
8/11/2020 23:30,1886,2029,2130,3542,3548,3627,1656,1519,1497
9/11/2020 0:00,1856,1999,2016,3437,3439,3508,1581,1440,1492
9/11/2020 0:30,1835,1956,2005,3345,3345,3401,1510,1389,1396
9/11/2020 1:00,1804,1911,2054,3267,3267,3324,1463,1356,1270
9/11/2020 1:30,1764,1899,1979,3211,3212,3236,1447,1313,1257
9/11/2020 2:00,1723,1848,1950,3174,3173,3156,1451,1325,1206
9/11/2020 2:30,1681,1824,1981,3135,3139,3127,1454,1315,1146
9/11/2020 3:00,1635,1756,2008,3094,3093,3100,1459,1337,1092
9/11/2020 3:30,1584,1617,1929,3067,3073,3072,1483,1456,1143
9/11/2020 4:00,1546,1594,1928,3059,3065,3100,1513,1471,1172
9/11/2020 4:30,1520,1646,1913,3073,3079,3095,1553,1433,1182
9/11/2020 5:00,1496,1627,1862,3121,3124,3148,1625,1497,1286
9/11/2020 5:30,1474,1570,1756,3249,3251,3224,1775,1681,1468
9/11/2020 6:00,1463,1520,1660,3472,3475,3433,2009,1955,1773
9/11/2020 6:30,1464,1583,1609,3813,3819,3699,2349,2236,2090
9/11/2020 7:00,1444,1529,1514,4237,4242,4135,2793,2713,2621
9/11/2020 7:30,1406,1502,1498,4577,4585,4533,3171,3083,3035
9/11/2020 8:00,1349,1479,1479,4801,4810,4706,3452,3331,3227
9/11/2020 8:30,1276,1506,1485,4932,4942,4782,3656,3436,3297
9/11/2020 9:00,1220,1489,1505,4989,5002,4888,3769,3513,3383
9/11/2020 9:30,1182,1461,1369,5024,5043,4968,3842,3582,3599
9/11/2020 10:00,1145,1448,1294,5049,5077,4962,3904,3629,3668
9/11/2020 10:30,1110,1381,1256,5063,5102,4987,3953,3721,3731
9/11/2020 11:00,1062,1312,1206,5071,5114,5031,4009,3802,3825
9/11/2020 11:30,1002,1218,1126,5093,5140,5039,4091,3922,3913
9/11/2020 12:00,943,1108,1071,5126,5172,5093,4183,4064,4022
9/11/2020 12:30,886,1006,1078,5133,5176,5159,4247,4170,4081
9/11/2020 13:00,830,904,985,5110,5141,5159,4280,4237,4174
9/11/2020 13:30,776,726,887,5079,5115,5057,4303,4389,4170
9/11/2020 14:00,745,678,783,5051,5096,5011,4306,4418,4228
9/11/2020 14:30,737,635,760,5049,5098,5007,4312,4463,4247
9/11/2020 15:00,732,578,641,5083,5120,5059,4351,4542,4418
9/11/2020 15:30,730,531,618,5161,5188,5138,4431,4657,4520
9/11/2020 16:00,732,505,600,5306,5320,5271,4574,4815,4671
9/11/2020 16:30,736,544,606,5599,5604,5560,4863,5060,4954
9/11/2020 17:00,740,556,649,5977,5980,5953,5237,5424,5304
9/11/2020 17:30,742,553,671,6106,6153,6137,5364,5600,5466
9/11/2020 18:00,740,567,745,5958,6020,5978,5218,5453,5233
9/11/2020 18:30,733,577,752,5756,5839,5754,5023,5262,5002
9/11/2020 19:00,709,578,742,5559,5658,5547,4850,5080,4805
9/11/2020 19:30,669,605,758,5371,5481,5339,4702,4876,4581
9/11/2020 20:00,630,575,698,5191,5304,5158,4561,4729,4460
9/11/2020 20:30,593,534,622,5006,5119,4979,4413,4585,4357
9/11/2020 21:00,552,475,558,4811,4925,4794,4259,4450,4236
9/11/2020 21:30,506,456,546,4595,4697,4573,4089,4241,4027
9/11/2020 22:00,461,427,534,4364,4450,4339,3903,4023,3805
9/11/2020 22:30,418,411,486,4146,4224,4119,3728,3813,3633
9/11/2020 23:00,439,405,434,4015,4020,3977,3576,3615,3543
9/11/2020 23:30,419,392,397,3829,3836,3828,3410,3444,3431
10/11/2020 0:00,397,374,373,3662,3669,3683,3265,3295,3310
10/11/2020 0:30,373,335,379,3533,3543,3565,3160,3208,3186
10/11/2020 1:00,358,323,375,3440,3447,3472,3082,3124,3097
10/11/2020 1:30,352,341,378,3364,3373,3405,3012,3032,3027
10/11/2020 2:00,344,330,360,3302,3307,3355,2958,2977,2995
10/11/2020 2:30,333,302,303,3255,3270,3305,2922,2968,3002
10/11/2020 3:00,318,302,299,3226,3236,3272,2908,2934,2973
10/11/2020 3:30,300,280,318,3214,3221,3261,2914,2941,2943
10/11/2020 4:00,297,283,314,3218,3222,3260,2921,2939,2946
10/11/2020 4:30,310,299,323,3234,3237,3255,2924,2938,2932
10/11/2020 5:00,333,335,351,3275,3276,3296,2942,2941,2945
10/11/2020 5:30,367,397,409,3382,3383,3375,3015,2986,2966
10/11/2020 6:00,420,452,472,3580,3579,3582,3160,3127,3110
10/11/2020 6:30,494,486,521,3918,3917,3839,3424,3431,3318
10/11/2020 7:00,571,551,580,4352,4349,4285,3781,3798,3705
10/11/2020 7:30,652,614,713,4661,4658,4624,4009,4044,3911
10/11/2020 8:00,734,700,777,4814,4812,4800,4080,4112,4023
10/11/2020 8:30,816,814,918,4915,4914,4861,4099,4100,3943
10/11/2020 9:00,894,931,1067,4990,4989,4948,4096,4058,3881
10/11/2020 9:30,967,1083,1243,5028,5021,4996,4061,3938,3753
10/11/2020 10:00,1085,1218,1359,5035,5026,4955,3950,3808,3596
10/11/2020 10:30,1247,1361,1605,5036,5031,4981,3789,3670,3376
10/11/2020 11:00,1398,1497,1783,5041,5035,5011,3643,3538,3228
10/11/2020 11:30,1537,1635,2031,5062,5056,5019,3525,3421,2988
10/11/2020 12:00,1670,1768,2166,5090,5091,5070,3420,3323,2904
10/11/2020 12:30,1798,1925,2276,5087,5095,5139,3289,3170,2863
10/11/2020 13:00,1928,2054,2418,5051,5057,5112,3123,3003,2694
10/11/2020 13:30,2059,2255,2425,5009,5010,4997,2950,2755,2572
10/11/2020 14:00,2186,2377,2524,4975,4963,5029,2789,2586,2505
10/11/2020 14:30,2310,2587,2438,4978,4961,5004,2668,2374,2566
10/11/2020 15:00,2420,2711,2506,5023,5009,5073,2603,2298,2567
10/11/2020 15:30,2519,2813,2682,5098,5113,5184,2579,2300,2502
10/11/2020 16:00,2630,2898,2805,5229,5284,5321,2599,2386,2516
10/11/2020 16:30,2755,3083,2944,5526,5576,5659,2771,2493,2715
10/11/2020 17:00,2882,3161,3101,5930,5926,6033,3048,2765,2932
10/11/2020 17:30,3010,3188,3088,6093,6043,6171,3083,2855,3083
10/11/2020 18:00,3110,3248,3079,5983,5895,6035,2873,2647,2956
10/11/2020 18:30,3182,3173,3138,5814,5707,5813,2632,2534,2675
10/11/2020 19:00,3230,3213,3170,5642,5533,5630,2412,2320,2460
10/11/2020 19:30,3255,3266,3225,5467,5356,5455,2212,2090,2230
10/11/2020 20:00,3259,3250,3249,5290,5184,5274,2031,1934,2025
10/11/2020 20:30,3244,3258,3198,5111,5001,5081,1867,1743,1883
10/11/2020 21:00,3212,3215,3125,4923,4823,4875,1711,1608,1750
10/11/2020 21:30,3166,3107,3090,4702,4605,4649,1536,1498,1559
10/11/2020 22:00,3108,3055,3110,4452,4377,4426,1344,1322,1316
10/11/2020 22:30,3040,3003,3142,4226,4167,4207,1186,1164,1065
10/11/2020 23:00,2872,2964,2963,3987,3989,4043,1115,1025,1080
10/11/2020 23:30,2819,2957,2826,3823,3824,3882,1004,867,1056
11/11/2020 0:00,2778,2927,2772,3674,3677,3729,896,750,957
11/11/2020 0:30,2749,2883,2719,3553,3557,3595,804,674,876
11/11/2020 1:00,2721,2854,2608,3463,3462,3487,742,608,879
11/11/2020 1:30,2695,2833,2616,3393,3392,3427,698,559,811
11/11/2020 2:00,2689,2818,2566,3340,3335,3341,651,517,775
11/11/2020 2:30,2703,2720,2494,3298,3297,3280,595,577,786
11/11/2020 3:00,2733,2755,2421,3268,3266,3249,535,511,828
11/11/2020 3:30,2780,2751,2411,3252,3252,3227,472,501,816
11/11/2020 4:00,2827,2805,2397,3252,3252,3231,425,447,834
11/11/2020 4:30,2874,2825,2363,3264,3264,3210,390,439,847
11/11/2020 5:00,2925,2886,2395,3301,3298,3261,376,412,866
11/11/2020 5:30,2980,2888,2451,3418,3412,3327,438,524,876
11/11/2020 6:00,3044,2968,2656,3631,3625,3570,587,657,914
11/11/2020 6:30,3115,3015,2870,3960,3961,3827,845,946,957
11/11/2020 7:00,3184,3094,3130,4373,4380,4302,1189,1286,1172
11/11/2020 7:30,3251,3098,3447,4717,4705,4765,1466,1607,1318
11/11/2020 8:00,3304,3170,3473,4954,4903,4889,1650,1733,1416
11/11/2020 8:30,3345,3109,3497,5077,5015,4950,1732,1906,1453
11/11/2020 9:00,3349,3159,3490,5108,5068,5031,1759,1909,1541
11/11/2020 9:30,3316,3230,3529,5128,5097,5077,1812,1867,1548
11/11/2020 10:00,3254,3238,3522,5155,5124,5088,1901,1886,1566
11/11/2020 10:30,3163,3292,3519,5174,5150,5130,2011,1858,1611
11/11/2020 11:00,3046,3147,3490,5186,5175,5178,2140,2028,1688
11/11/2020 11:30,2901,3032,3464,5208,5214,5203,2307,2182,1739
11/11/2020 12:00,2760,2857,3413,5234,5264,5250,2474,2407,1837
11/11/2020 12:30,2621,2785,3308,5231,5264,5313,2610,2479,2005
11/11/2020 13:00,2502,2681,3134,5195,5211,5284,2693,2530,2150
11/11/2020 13:30,2403,2491,3011,5156,5176,5205,2753,2685,2194
11/11/2020 14:00,2276,2346,3112,5125,5164,5211,2849,2818,2099
11/11/2020 14:30,2121,2387,3015,5121,5178,5212,3000,2791,2197
11/11/2020 15:00,2037,2237,2945,5155,5221,5279,3118,2984,2334
11/11/2020 15:30,2023,2176,2838,5244,5321,5357,3221,3145,2519
11/11/2020 16:00,1990,2061,2666,5400,5483,5489,3410,3422,2823
11/11/2020 16:30,1936,2072,2627,5646,5728,5732,3710,3656,3105
11/11/2020 17:00,1899,2034,2476,5930,5998,6003,4031,3964,3527
11/11/2020 17:30,1878,2120,2370,6016,6081,6086,4138,3961,3716
11/11/2020 18:00,1852,2064,2318,5888,5950,5957,4036,3886,3639
11/11/2020 18:30,1822,2184,2284,5715,5781,5742,3893,3597,3458
11/11/2020 19:00,1791,2170,2217,5539,5612,5521,3748,3442,3304
11/11/2020 19:30,1757,2304,2319,5362,5440,5330,3605,3136,3011
11/11/2020 20:00,1733,2325,2415,5185,5271,5167,3452,2946,2752
11/11/2020 20:30,1718,2484,2495,5009,5087,4993,3291,2603,2498
11/11/2020 21:00,1650,2420,2576,4827,4888,4832,3177,2468,2256
11/11/2020 21:30,1531,2325,2522,4615,4664,4610,3084,2339,2088
11/11/2020 22:00,1430,2189,2334,4381,4431,4346,2951,2242,2012
11/11/2020 22:30,1348,1989,1955,4173,4198,4099,2825,2209,2144
11/11/2020 23:00,1320,1906,1701,4039,4015,3959,2719,2109,2258
11/11/2020 23:30,1252,1870,1518,3868,3843,3770,2616,1973,2252
12/11/2020 0:00,1213,1834,1447,3706,3681,3625,2493,1847,2178
12/11/2020 0:30,1201,1827,1407,3579,3557,3501,2378,1730,2094
12/11/2020 1:00,1214,1779,1367,3489,3462,3388,2275,1683,2021
12/11/2020 1:30,1251,1627,1473,3412,3389,3335,2161,1762,1862
12/11/2020 2:00,1279,1577,1290,3345,3323,3253,2066,1746,1963
12/11/2020 2:30,1298,1483,1240,3296,3282,3230,1998,1799,1990
12/11/2020 3:00,1301,1475,1278,3268,3252,3185,1967,1777,1907
12/11/2020 3:30,1287,1405,1417,3250,3236,3195,1963,1831,1778
12/11/2020 4:00,1326,1475,1635,3243,3231,3225,1917,1756,1590
12/11/2020 4:30,1418,1528,1802,3256,3248,3249,1838,1720,1447
12/11/2020 5:00,1543,1635,2045,3300,3291,3306,1757,1656,1261
12/11/2020 5:30,1702,1755,2247,3411,3399,3406,1709,1644,1159
12/11/2020 6:00,1879,1880,2468,3613,3595,3656,1734,1715,1188
12/11/2020 6:30,2074,1992,2545,3956,3944,3947,1882,1952,1402
12/11/2020 7:00,2245,2137,2462,4404,4400,4334,2159,2263,1872
12/11/2020 7:30,2392,2409,2531,4762,4735,4709,2370,2326,2178
12/11/2020 8:00,2531,2554,2564,4986,4909,4920,2455,2355,2356
12/11/2020 8:30,2664,2785,2749,5097,5003,4996,2433,2218,2247
12/11/2020 9:00,2794,2892,2885,5118,5046,5077,2324,2154,2192
12/11/2020 9:30,2923,3103,2932,5125,5068,5124,2202,1965,2192
12/11/2020 10:00,3021,3153,3025,5134,5091,5078,2113,1938,2053
12/11/2020 10:30,3089,3118,3162,5133,5087,5028,2044,1969,1866
12/11/2020 11:00,3167,3161,3336,5128,5094,5045,1961,1933,1709
12/11/2020 11:30,3255,3164,3445,5156,5122,5044,1901,1958,1599
12/11/2020 12:00,3336,3250,3601,5208,5166,5086,1872,1916,1485
12/11/2020 12:30,3410,3354,3677,5212,5162,5159,1802,1808,1482
12/11/2020 13:00,3467,3421,3683,5166,5108,5193,1699,1687,1510
12/11/2020 13:30,3508,3487,3723,5134,5069,5125,1626,1582,1402
12/11/2020 14:00,3546,3540,3691,5130,5059,5128,1584,1519,1437
12/11/2020 14:30,3582,3675,3650,5147,5084,5114,1565,1409,1464
12/11/2020 15:00,3603,3698,3734,5193,5146,5173,1590,1448,1439
12/11/2020 15:30,3609,3813,3812,5309,5253,5259,1700,1440,1447
12/11/2020 16:00,3583,3822,3838,5503,5414,5412,1920,1592,1574
12/11/2020 16:30,3524,3833,3930,5768,5683,5717,2244,1850,1787
12/11/2020 17:00,3431,3829,3955,6050,5997,6048,2619,2168,2093
12/11/2020 17:30,3305,3738,4000,6133,6096,6162,2828,2358,2162
12/11/2020 18:00,3172,3668,3951,6004,5954,6044,2832,2286,2093
12/11/2020 18:30,3034,3570,3527,5831,5761,5845,2797,2191,2318
12/11/2020 19:00,2911,3408,3395,5656,5567,5649,2745,2159,2254
12/11/2020 19:30,2805,3234,3267,5481,5387,5452,2676,2153,2185
12/11/2020 20:00,2732,3044,3279,5304,5226,5259,2572,2182,1980
12/11/2020 20:30,2692,2949,3114,5119,5050,5084,2427,2101,1970
12/11/2020 21:00,2646,2804,2818,4921,4862,4919,2275,2058,2101
12/11/2020 21:30,2593,2735,2662,4699,4637,4682,2106,1902,2020
12/11/2020 22:00,2549,2639,2443,4461,4385,4448,1912,1746,2005
12/11/2020 22:30,2513,2463,2384,4257,4176,4198,1744,1713,1814
12/11/2020 23:00,2252,2357,2411,4016,4017,4061,1764,1660,1650
12/11/2020 23:30,2147,2317,2274,3859,3861,3886,1712,1544,1612
13/11/2020 0:00,2125,2277,2292,3699,3707,3739,1574,1430,1447
13/11/2020 0:30,2186,2321,2279,3566,3576,3605,1380,1255,1326
13/11/2020 1:00,2241,2345,2317,3465,3469,3516,1224,1124,1199
13/11/2020 1:30,2291,2313,2396,3389,3391,3445,1098,1078,1049
13/11/2020 2:00,2326,2337,2379,3335,3336,3371,1009,999,992
13/11/2020 2:30,2345,2349,2467,3291,3291,3352,946,942,885
13/11/2020 3:00,2379,2374,2484,3256,3253,3315,877,879,831
13/11/2020 3:30,2427,2373,2440,3247,3251,3281,820,878,841
13/11/2020 4:00,2458,2428,2442,3263,3270,3280,805,842,838
13/11/2020 4:30,2469,2536,2469,3288,3297,3308,819,761,839
13/11/2020 5:00,2493,2588,2501,3331,3341,3331,838,753,830
13/11/2020 5:30,2531,2647,2564,3445,3465,3398,914,818,834
13/11/2020 6:00,2546,2658,2732,3650,3682,3630,1104,1024,898
13/11/2020 6:30,2538,2650,2759,3969,4008,3906,1431,1358,1147
13/11/2020 7:00,2517,2627,2717,4370,4398,4323,1853,1771,1606
13/11/2020 7:30,2482,2574,2695,4696,4704,4694,2214,2130,1999
13/11/2020 8:00,2444,2527,2541,4911,4889,4832,2467,2362,2291
13/11/2020 8:30,2403,2407,2402,5021,5002,4881,2618,2595,2479
13/11/2020 9:00,2374,2360,2338,5044,5061,4967,2670,2701,2629
13/11/2020 9:30,2359,2344,2425,5052,5071,5032,2693,2727,2607
13/11/2020 10:00,2364,2331,2259,5060,5051,4946,2696,2720,2687
13/11/2020 10:30,2390,2400,2355,5056,5027,4938,2666,2627,2583
13/11/2020 11:00,2408,2440,2398,5045,5011,4939,2637,2571,2541
13/11/2020 11:30,2420,2482,2499,5065,5025,4965,2645,2543,2466
13/11/2020 12:00,2411,2508,2483,5108,5071,5006,2697,2563,2523
13/11/2020 12:30,2381,2475,2450,5102,5091,5055,2721,2616,2605
13/11/2020 13:00,2344,2429,2476,5043,5072,5041,2699,2643,2565
13/11/2020 13:30,2300,2290,2540,4984,5032,4986,2684,2742,2446
13/11/2020 14:00,2258,2205,2582,4944,4971,4955,2686,2766,2373
13/11/2020 14:30,2218,2191,2498,4947,4952,4924,2729,2761,2426
13/11/2020 15:00,2155,2144,2392,4995,4980,4948,2840,2836,2556
13/11/2020 15:30,2070,2097,2518,5088,5069,5004,3018,2972,2486
13/11/2020 16:00,2045,2068,2547,5236,5223,5117,3191,3155,2570
13/11/2020 16:30,2080,2124,2538,5494,5497,5425,3414,3373,2887
13/11/2020 17:00,2129,2161,2495,5808,5824,5754,3679,3663,3259
13/11/2020 17:30,2191,2340,2355,5915,5941,5861,3724,3601,3506
13/11/2020 18:00,2267,2381,2432,5792,5813,5803,3525,3432,3371
13/11/2020 18:30,2357,2354,2449,5617,5648,5649,3260,3294,3200
13/11/2020 19:00,2431,2387,2523,5439,5487,5427,3008,3100,2904
13/11/2020 19:30,2489,2532,2597,5271,5323,5251,2782,2791,2654
13/11/2020 20:00,2537,2561,2591,5114,5158,5082,2577,2597,2491
13/11/2020 20:30,2574,2500,2680,4957,4993,4905,2383,2493,2225
13/11/2020 21:00,2596,2534,2727,4790,4829,4735,2194,2295,2008
13/11/2020 21:30,2602,2566,2776,4580,4616,4539,1978,2050,1763
13/11/2020 22:00,2617,2558,2914,4344,4376,4358,1727,1818,1444
13/11/2020 22:30,2641,2546,2935,4171,4187,4175,1530,1641,1240
13/11/2020 23:00,2559,2528,2837,4074,4067,4060,1515,1539,1223
13/11/2020 23:30,2572,2587,2813,3952,3945,3921,1380,1358,1108
14/11/2020 0:00,2576,2588,2899,3816,3804,3780,1240,1216,881
14/11/2020 0:30,2573,2617,2964,3680,3670,3665,1107,1053,701
14/11/2020 1:00,2568,2625,2870,3553,3542,3548,985,917,678
14/11/2020 1:30,2563,2721,2757,3453,3447,3433,890,726,676
14/11/2020 2:00,2552,2715,2640,3379,3374,3325,827,659,685
14/11/2020 2:30,2535,2699,2576,3312,3309,3260,777,610,684
14/11/2020 3:00,2523,2686,2513,3252,3245,3219,729,559,706
14/11/2020 3:30,2518,2673,2479,3222,3216,3194,704,543,715
14/11/2020 4:00,2519,2661,2449,3222,3215,3171,703,554,722
14/11/2020 4:30,2527,2644,2458,3219,3215,3182,692,571,724
14/11/2020 5:00,2538,2665,2465,3219,3214,3178,681,549,713
14/11/2020 5:30,2552,2727,2461,3271,3270,3196,719,543,735
14/11/2020 6:00,2576,2792,2549,3385,3389,3319,809,597,770
14/11/2020 6:30,2608,2773,2554,3540,3557,3424,932,784,870
14/11/2020 7:00,2654,2843,2585,3726,3749,3581,1072,906,996
14/11/2020 7:30,2713,2874,2778,3920,3910,3753,1207,1036,975
14/11/2020 8:00,2799,2932,2869,4111,4034,3867,1312,1102,998
14/11/2020 8:30,2911,2980,3089,4283,4182,4086,1372,1202,997
14/11/2020 9:00,2980,3042,3224,4429,4353,4313,1449,1311,1089
14/11/2020 9:30,3006,3079,3309,4550,4485,4481,1544,1406,1172
14/11/2020 10:00,3023,3115,3388,4642,4583,4614,1619,1468,1226
14/11/2020 10:30,3031,3079,3397,4694,4663,4705,1663,1584,1308
14/11/2020 11:00,3035,3091,3310,4716,4717,4765,1681,1626,1455
14/11/2020 11:30,3034,3173,3288,4747,4753,4830,1713,1580,1542
14/11/2020 12:00,3047,3176,3394,4793,4780,4881,1746,1604,1487
14/11/2020 12:30,3075,3265,3407,4827,4794,4930,1752,1529,1523
14/11/2020 13:00,3125,3288,3406,4838,4792,4923,1713,1504,1517
14/11/2020 13:30,3199,3452,3375,4809,4770,4869,1610,1318,1494
14/11/2020 14:00,3256,3492,3370,4748,4733,4772,1492,1241,1402
14/11/2020 14:30,3296,3539,3365,4712,4702,4707,1416,1163,1342
14/11/2020 15:00,3317,3543,3327,4715,4691,4690,1398,1148,1363
14/11/2020 15:30,3321,3541,3252,4760,4728,4730,1439,1187,1478
14/11/2020 16:00,3320,3500,3282,4866,4835,4816,1546,1335,1534
14/11/2020 16:30,3316,3435,3237,5106,5059,5065,1790,1624,1828
14/11/2020 17:00,3308,3379,3155,5429,5361,5409,2121,1982,2254
14/11/2020 17:30,3295,3284,3149,5563,5505,5558,2268,2221,2409
14/11/2020 18:00,3288,3265,3074,5480,5453,5491,2192,2188,2417
14/11/2020 18:30,3286,3277,3027,5332,5314,5301,2046,2037,2274
14/11/2020 19:00,3273,3263,3182,5164,5130,5095,1891,1867,1913
14/11/2020 19:30,3249,3248,3250,4997,4954,4893,1748,1706,1643
14/11/2020 20:00,3213,3202,3250,4836,4800,4713,1623,1598,1463
14/11/2020 20:30,3165,3100,3235,4682,4642,4573,1517,1542,1338
14/11/2020 21:00,3107,3066,3170,4527,4489,4405,1420,1423,1235
14/11/2020 21:30,3039,2949,2930,4349,4316,4180,1310,1367,1250
14/11/2020 22:00,2974,2853,2747,4154,4143,4026,1180,1290,1279
14/11/2020 22:30,2911,2837,2671,3998,3985,3898,1087,1148,1227
14/11/2020 23:00,2754,2747,2529,3856,3855,3822,1102,1108,1293
14/11/2020 23:30,2717,2740,2402,3742,3741,3723,1025,1001,1321
15/11/2020 0:00,2677,2687,2489,3640,3631,3593,963,944,1104
15/11/2020 0:30,2634,2644,2460,3534,3525,3441,900,881,981
15/11/2020 1:00,2575,2576,2317,3423,3413,3318,848,837,1001
15/11/2020 1:30,2500,2418,2290,3317,3312,3254,817,894,964
15/11/2020 2:00,2454,2368,2146,3223,3219,3166,769,851,1020
15/11/2020 2:30,2436,2258,2025,3160,3159,3137,724,901,1112
15/11/2020 3:00,2402,2225,2068,3126,3125,3063,724,900,995
15/11/2020 3:30,2351,2189,2019,3105,3105,3066,754,916,1047
15/11/2020 4:00,2261,2127,1916,3092,3093,3049,831,966,1133
15/11/2020 4:30,2133,1991,1807,3092,3096,3028,959,1105,1221
15/11/2020 5:00,2028,1962,1761,3106,3109,3044,1078,1147,1283
15/11/2020 5:30,1946,1972,1716,3142,3146,3054,1196,1174,1338
15/11/2020 6:00,1858,1961,1688,3201,3205,3143,1343,1244,1455
15/11/2020 6:30,1764,1925,1471,3275,3289,3196,1511,1364,1725
15/11/2020 7:00,1683,1909,1309,3369,3390,3290,1686,1481,1981
15/11/2020 7:30,1618,1822,1263,3499,3506,3396,1881,1684,2133
15/11/2020 8:00,1547,1817,1306,3663,3640,3439,2116,1823,2133
15/11/2020 8:30,1472,1776,1516,3834,3816,3585,2362,2040,2069
15/11/2020 9:00,1445,1842,1811,4002,4034,3840,2557,2192,2029
15/11/2020 9:30,1466,1725,1986,4167,4227,4059,2701,2502,2073
15/11/2020 10:00,1502,1821,2004,4318,4389,4257,2816,2568,2253
15/11/2020 10:30,1554,1874,2106,4428,4496,4414,2874,2622,2308
15/11/2020 11:00,1644,1927,2225,4501,4575,4552,2857,2648,2327
15/11/2020 11:30,1771,1933,2295,4593,4677,4664,2822,2744,2369
15/11/2020 12:00,1933,2033,2399,4697,4793,4787,2764,2760,2388
15/11/2020 12:30,2132,2319,2590,4738,4841,4886,2606,2522,2296
15/11/2020 13:00,2253,2426,2673,4709,4800,4917,2456,2374,2244
15/11/2020 13:30,2299,2666,2801,4662,4732,4852,2363,2066,2051
15/11/2020 14:00,2397,2705,2848,4617,4647,4761,2220,1942,1913
15/11/2020 14:30,2550,2784,3029,4600,4611,4720,2050,1827,1691
15/11/2020 15:00,2657,2802,3114,4621,4631,4660,1964,1829,1546
15/11/2020 15:30,2717,2865,3164,4703,4709,4713,1986,1844,1549
15/11/2020 16:00,2769,2903,3256,4857,4856,4826,2088,1953,1570
15/11/2020 16:30,2811,3001,3247,5102,5108,5081,2291,2107,1834
15/11/2020 17:00,2860,3050,3160,5391,5414,5415,2531,2364,2255
15/11/2020 17:30,2915,3051,3171,5512,5534,5548,2597,2483,2377
15/11/2020 18:00,2977,3084,3241,5444,5438,5525,2467,2354,2284
15/11/2020 18:30,3047,3309,3217,5307,5287,5359,2260,1978,2142
15/11/2020 19:00,3119,3329,3415,5143,5123,5213,2024,1794,1798
15/11/2020 19:30,3194,3393,3444,4987,4963,5051,1793,1570,1607
15/11/2020 20:00,3258,3428,3530,4847,4818,4878,1589,1390,1348
15/11/2020 20:30,3310,3397,3485,4705,4665,4693,1395,1268,1208
15/11/2020 21:00,3338,3405,3320,4553,4512,4461,1215,1107,1141
15/11/2020 21:30,3342,3414,3184,4369,4320,4243,1027,906,1059
15/11/2020 22:00,3314,3374,3045,4163,4117,4050,849,743,1005
15/11/2020 22:30,3255,3346,2963,3995,3957,3912,740,611,949
15/11/2020 23:00,3068,3262,2969,3855,3856,3806,787,594,837
15/11/2020 23:30,2972,3199,2811,3712,3715,3639,740,516,828
16/11/2020 0:00,2850,3071,2691,3529,3535,3494,679,464,803
16/11/2020 0:30,2703,2805,2580,3385,3395,3373,682,590,793
16/11/2020 1:00,2557,2673,2492,3295,3302,3272,738,629,780
16/11/2020 1:30,2413,2470,2334,3232,3236,3194,819,766,860
16/11/2020 2:00,2295,2350,2211,3186,3185,3132,891,835,921
16/11/2020 2:30,2204,2200,2085,3148,3163,3068,944,963,983
16/11/2020 3:00,2109,2087,1906,3118,3133,3025,1009,1046,1119
16/11/2020 3:30,2011,1950,1746,3105,3109,3018,1094,1159,1272
16/11/2020 4:00,1945,1865,1694,3109,3112,3052,1164,1247,1358
16/11/2020 4:30,1909,1784,1601,3125,3130,3067,1216,1346,1466
16/11/2020 5:00,1863,1722,1721,3167,3171,3115,1304,1449,1394
16/11/2020 5:30,1804,1639,1813,3299,3303,3216,1495,1664,1403
16/11/2020 6:00,1761,1607,1882,3536,3537,3444,1775,1930,1562
16/11/2020 6:30,1732,1563,1811,3869,3878,3741,2137,2315,1930
16/11/2020 7:00,1727,1557,1736,4268,4285,4191,2541,2728,2455
16/11/2020 7:30,1746,1499,1690,4617,4618,4647,2871,3119,2957
16/11/2020 8:00,1790,1560,1779,4880,4841,4850,3090,3281,3071
16/11/2020 8:30,1859,1664,1934,5024,4968,4955,3165,3304,3021
16/11/2020 9:00,1961,1791,2096,5066,5027,5026,3105,3236,2930
16/11/2020 9:30,2097,1985,2295,5104,5070,5126,3007,3085,2831
16/11/2020 10:00,2232,2130,2387,5157,5124,5143,2925,2994,2756
16/11/2020 10:30,2367,2312,2402,5196,5184,5154,2829,2872,2752
16/11/2020 11:00,2483,2449,2479,5225,5227,5187,2742,2778,2708
16/11/2020 11:30,2579,2648,2523,5276,5270,5213,2697,2622,2690
16/11/2020 12:00,2685,2757,2719,5343,5310,5302,2658,2553,2583
16/11/2020 12:30,2799,2924,2986,5360,5323,5396,2561,2399,2410
16/11/2020 13:00,2896,3008,3079,5324,5300,5404,2428,2292,2325
16/11/2020 13:30,2974,3122,3139,5281,5268,5314,2307,2146,2175
16/11/2020 14:00,3032,3162,3199,5248,5232,5324,2216,2070,2125
16/11/2020 14:30,3070,2963,3205,5247,5216,5308,2177,2253,2103
16/11/2020 15:00,3091,2964,3236,5293,5232,5349,2202,2268,2113
16/11/2020 15:30,3094,2981,3234,5419,5338,5403,2325,2357,2169
16/11/2020 16:00,3100,2976,3176,5624,5541,5552,2524,2565,2376
16/11/2020 16:30,3109,3100,3190,5874,5804,5888,2765,2704,2698
16/11/2020 17:00,3108,3095,3195,6115,6074,6162,3007,2979,2967
16/11/2020 17:30,3098,3100,3264,6170,6156,6219,3072,3056,2955
16/11/2020 18:00,3112,3111,3243,6031,6037,6018,2919,2926,2775
16/11/2020 18:30,3150,3223,3212,5840,5868,5784,2690,2645,2572
16/11/2020 19:00,3186,3242,3283,5639,5690,5582,2453,2448,2299
16/11/2020 19:30,3222,3249,3313,5454,5509,5396,2232,2260,2083
16/11/2020 20:00,3241,3279,3288,5284,5330,5228,2043,2051,1940
16/11/2020 20:30,3243,3289,3287,5107,5125,5049,1864,1836,1762
16/11/2020 21:00,3236,3295,3313,4914,4907,4883,1678,1612,1570
16/11/2020 21:30,3221,3286,3283,4688,4670,4597,1467,1384,1314
16/11/2020 22:00,3191,3264,3239,4442,4439,4368,1251,1175,1129
16/11/2020 22:30,3146,3262,3095,4233,4226,4156,1087,964,1061
16/11/2020 23:00,3144,3203,3006,4039,4045,3996,895,842,990
16/11/2020 23:30,3086,3123,2870,3854,3862,3836,768,739,966
17/11/2020 0:00,3026,3053,2754,3675,3678,3663,649,625,909
17/11/2020 0:30,2964,2932,2721,3538,3541,3519,574,609,798
17/11/2020 1:00,2918,2881,2716,3445,3445,3433,527,564,717
17/11/2020 1:30,2889,2909,2693,3367,3370,3350,478,461,657
17/11/2020 2:00,2854,2871,2651,3300,3303,3295,446,432,644
17/11/2020 2:30,2811,2789,2624,3247,3249,3267,436,460,643
17/11/2020 3:00,2774,2775,2575,3211,3209,3221,437,434,646
17/11/2020 3:30,2743,2701,2555,3200,3196,3206,457,495,651
17/11/2020 4:00,2740,2704,2539,3213,3207,3199,473,503,660
17/11/2020 4:30,2765,2716,2539,3234,3231,3200,469,515,661
17/11/2020 5:00,2805,2743,2581,3273,3275,3259,468,532,678
17/11/2020 5:30,2860,2773,2610,3387,3387,3324,527,614,714
17/11/2020 6:00,2926,2826,2647,3597,3589,3521,671,763,874
17/11/2020 6:30,3002,2884,2774,3940,3936,3791,938,1052,1017
17/11/2020 7:00,3073,2948,3170,4383,4386,4254,1310,1438,1084
17/11/2020 7:30,3140,2988,3260,4752,4741,4709,1612,1753,1449
17/11/2020 8:00,3196,3039,3268,4999,4959,4839,1803,1920,1571
17/11/2020 8:30,3241,2997,3294,5108,5073,4901,1867,2076,1607
17/11/2020 9:00,3268,3022,3417,5104,5105,4994,1836,2083,1577
17/11/2020 9:30,3276,3085,3463,5105,5120,5058,1829,2035,1595
17/11/2020 10:00,3289,3071,3372,5134,5141,5009,1845,2070,1637
17/11/2020 10:30,3307,3127,3387,5158,5139,5009,1851,2012,1622
17/11/2020 11:00,3297,3114,3415,5174,5134,5058,1877,2020,1643
17/11/2020 11:30,3260,3196,3350,5203,5170,5063,1943,1974,1713
17/11/2020 12:00,3235,3176,3342,5238,5240,5098,2003,2064,1756
17/11/2020 12:30,3220,3231,3379,5239,5265,5147,2019,2034,1768
17/11/2020 13:00,3206,3182,3472,5202,5227,5163,1996,2045,1691
17/11/2020 13:30,3195,3115,3419,5162,5197,5078,1967,2082,1659
17/11/2020 14:00,3185,3104,3419,5131,5176,5052,1946,2072,1633
17/11/2020 14:30,3177,3202,3346,5120,5182,5050,1943,1980,1704
17/11/2020 15:00,3185,3208,3334,5146,5215,5063,1961,2007,1729
17/11/2020 15:30,3209,3308,3422,5257,5323,5134,2048,2015,1712
17/11/2020 16:00,3242,3327,3430,5459,5505,5273,2217,2178,1843
17/11/2020 16:30,3283,3397,3592,5728,5765,5605,2445,2368,2013
17/11/2020 17:00,3324,3451,3598,6005,6037,5964,2681,2586,2366
17/11/2020 17:30,3366,3546,3678,6093,6101,6084,2727,2555,2406
17/11/2020 18:00,3406,3592,3745,5979,5934,5926,2573,2342,2181
17/11/2020 18:30,3443,3624,3575,5816,5739,5693,2373,2115,2118
17/11/2020 19:00,3463,3627,3533,5646,5558,5508,2183,1931,1975
17/11/2020 19:30,3464,3685,3574,5472,5382,5355,2008,1697,1781
17/11/2020 20:00,3452,3657,3535,5293,5213,5176,1841,1556,1641
17/11/2020 20:30,3428,3569,3504,5098,5030,5025,1670,1461,1521
17/11/2020 21:00,3396,3522,3416,4886,4839,4845,1490,1317,1429
17/11/2020 21:30,3357,3500,3149,4663,4623,4565,1306,1123,1416
17/11/2020 22:00,3309,3445,2963,4438,4405,4316,1129,960,1353
17/11/2020 22:30,3253,3301,2823,4234,4196,4112,981,895,1289
17/11/2020 23:00,3270,3244,2671,4031,4022,3961,761,778,1290
17/11/2020 23:30,3214,3206,2583,3845,3840,3814,631,634,1231
18/11/2020 0:00,3154,3148,2457,3655,3653,3638,501,505,1181
18/11/2020 0:30,3091,3109,2430,3508,3510,3514,417,401,1084
18/11/2020 1:00,3036,3059,2417,3409,3408,3426,373,349,1009
18/11/2020 1:30,2989,2855,2437,3335,3336,3357,346,481,920
18/11/2020 2:00,2939,2828,2471,3281,3278,3299,342,450,828
18/11/2020 2:30,2885,2648,2421,3244,3239,3248,359,591,827
18/11/2020 3:00,2806,2625,2440,3222,3214,3226,416,589,786
18/11/2020 3:30,2700,2543,2490,3210,3201,3228,510,658,738
18/11/2020 4:00,2627,2495,2525,3207,3194,3242,580,699,717
18/11/2020 4:30,2587,2375,2484,3225,3211,3195,638,836,711
18/11/2020 5:00,2569,2368,2577,3273,3257,3250,704,889,673
18/11/2020 5:30,2575,2425,2618,3379,3365,3345,804,940,727
18/11/2020 6:00,2610,2462,2743,3566,3556,3575,956,1094,832
18/11/2020 6:30,2674,2426,2859,3897,3891,3838,1223,1465,979
18/11/2020 7:00,2750,2461,2921,4340,4328,4307,1590,1867,1386
18/11/2020 7:30,2839,2580,2972,4706,4659,4707,1867,2079,1735
18/11/2020 8:00,2913,2651,3026,4951,4850,4902,2038,2199,1876
18/11/2020 8:30,2971,2838,2861,5074,4960,4936,2103,2122,2075
18/11/2020 9:00,3057,2949,2871,5099,5013,5035,2042,2064,2164
18/11/2020 9:30,3170,3185,3032,5106,5032,5082,1936,1847,2050
18/11/2020 10:00,3266,3293,3122,5112,5044,5052,1846,1751,1930
18/11/2020 10:30,3344,3448,3178,5100,5043,5049,1756,1595,1871
18/11/2020 11:00,3412,3510,3292,5081,5038,5044,1669,1528,1752
18/11/2020 11:30,3468,3498,3350,5105,5047,5023,1637,1549,1673
18/11/2020 12:00,3505,3543,3448,5166,5076,5034,1661,1533,1586
18/11/2020 12:30,3522,3547,3514,5182,5075,5090,1660,1528,1576
18/11/2020 13:00,3528,3556,3483,5143,5041,5059,1615,1485,1576
18/11/2020 13:30,3521,3442,3488,5102,5002,5010,1581,1560,1522
18/11/2020 14:00,3528,3428,3480,5074,4968,5004,1546,1540,1524
18/11/2020 14:30,3548,3441,3388,5077,4962,5014,1529,1521,1626
18/11/2020 15:00,3569,3429,3389,5120,4994,5093,1551,1565,1704
18/11/2020 15:30,3591,3471,3373,5227,5095,5162,1636,1624,1789
18/11/2020 16:00,3613,3499,3326,5409,5283,5295,1796,1784,1969
18/11/2020 16:30,3633,3495,3568,5692,5586,5646,2059,2091,2078
18/11/2020 17:00,3652,3522,3660,6013,5941,6065,2361,2419,2405
18/11/2020 17:30,3669,3564,3668,6101,6062,6183,2432,2498,2515
18/11/2020 18:00,3655,3539,3634,5942,5923,6035,2287,2384,2401
18/11/2020 18:30,3610,3451,3534,5751,5738,5833,2141,2287,2299
18/11/2020 19:00,3555,3396,3464,5578,5561,5644,2023,2165,2180
18/11/2020 19:30,3491,3331,3450,5407,5395,5496,1916,2064,2046
18/11/2020 20:00,3455,3303,3355,5235,5245,5301,1780,1942,1946
18/11/2020 20:30,3448,3236,3326,5054,5061,5135,1606,1825,1809
18/11/2020 21:00,3420,3219,3373,4862,4859,4957,1442,1640,1584
18/11/2020 21:30,3371,3144,3386,4644,4627,4696,1273,1483,1310
18/11/2020 22:00,3317,3142,3356,4410,4402,4506,1093,1260,1150
18/11/2020 22:30,3259,3279,3188,4215,4223,4281,956,944,1093
18/11/2020 23:00,3256,3270,3028,4049,4066,4132,793,796,1104
18/11/2020 23:30,3165,3259,2960,3875,3891,3988,710,632,1028
19/11/2020 0:00,3089,3213,2895,3690,3702,3798,601,489,903
19/11/2020 0:30,3028,3167,2818,3551,3562,3667,523,395,849
19/11/2020 1:00,2955,3085,2870,3466,3473,3573,511,388,703
19/11/2020 1:30,2869,2831,2840,3397,3406,3473,528,575,633
19/11/2020 2:00,2790,2766,2788,3338,3347,3414,548,581,626
19/11/2020 2:30,2716,2792,2730,3300,3312,3358,584,520,628
19/11/2020 3:00,2638,2714,2688,3282,3291,3335,644,577,647
19/11/2020 3:30,2555,2592,2648,3271,3278,3339,716,686,691
19/11/2020 4:00,2477,2506,2600,3267,3272,3347,790,766,747
19/11/2020 4:30,2403,2396,2585,3280,3286,3349,877,890,764
19/11/2020 5:00,2314,2278,2438,3325,3332,3409,1011,1054,971
19/11/2020 5:30,2207,2158,2409,3448,3453,3474,1241,1295,1065
19/11/2020 6:00,2073,1998,2227,3667,3671,3664,1594,1673,1437
19/11/2020 6:30,1912,1879,2116,4018,4029,3973,2106,2150,1857
19/11/2020 7:00,1726,1703,1871,4464,4483,4438,2738,2780,2567
19/11/2020 7:30,1515,1548,1599,4829,4826,4875,3314,3278,3276
19/11/2020 8:00,1302,1354,1422,5069,5020,5008,3767,3666,3586
19/11/2020 8:30,1086,1184,1294,5181,5125,5044,4095,3941,3750
19/11/2020 9:00,880,999,1174,5189,5164,5133,4309,4165,3959
19/11/2020 9:30,682,878,978,5178,5165,5211,4496,4287,4233
19/11/2020 10:00,539,714,766,5167,5156,5199,4628,4442,4433
19/11/2020 10:30,450,516,488,5149,5134,5217,4699,4618,4729
19/11/2020 11:00,394,431,236,5129,5122,5214,4735,4691,4978
19/11/2020 11:30,371,503,173,5139,5129,5229,4768,4626,5056
19/11/2020 12:00,362,496,185,5174,5159,5257,4812,4663,5072
19/11/2020 12:30,367,480,320,5183,5164,5287,4816,4684,4967
19/11/2020 13:00,375,448,360,5159,5143,5253,4784,4695,4893
19/11/2020 13:30,385,359,370,5125,5129,5176,4740,4770,4806
19/11/2020 14:00,398,322,360,5093,5130,5169,4695,4808,4809
19/11/2020 14:30,415,229,347,5083,5145,5204,4668,4916,4857
19/11/2020 15:00,466,232,370,5113,5189,5280,4647,4957,4910
19/11/2020 15:30,551,231,479,5237,5320,5389,4686,5089,4910
19/11/2020 16:00,677,297,684,5461,5545,5586,4784,5248,4902
19/11/2020 16:30,844,426,925,5752,5833,5952,4908,5407,5027
19/11/2020 17:00,1025,529,1085,6049,6124,6244,5024,5595,5159
19/11/2020 17:30,1221,641,1204,6137,6204,6319,4916,5563,5115
19/11/2020 18:00,1422,767,1262,6004,6054,6183,4582,5287,4921
19/11/2020 18:30,1628,942,1404,5823,5875,5988,4195,4933,4584
19/11/2020 19:00,1837,1119,1461,5639,5707,5770,3802,4588,4309
19/11/2020 19:30,2048,1425,1603,5475,5538,5593,3427,4113,3990
19/11/2020 20:00,2236,1618,1776,5324,5375,5390,3088,3757,3614
19/11/2020 20:30,2403,2006,2021,5148,5188,5228,2745,3182,3207
19/11/2020 21:00,2529,2163,2196,4941,4992,5043,2412,2829,2847
19/11/2020 21:30,2616,2268,2323,4711,4758,4781,2095,2490,2458
19/11/2020 22:00,2678,2356,2376,4473,4521,4531,1795,2165,2155
19/11/2020 22:30,2716,2384,2463,4280,4316,4314,1564,1932,1851
19/11/2020 23:00,2392,2405,2512,4161,4161,4159,1769,1756,1647
19/11/2020 23:30,2390,2401,2597,4007,4005,3978,1617,1604,1381
20/11/2020 0:00,2393,2397,2656,3850,3844,3796,1457,1447,1140
20/11/2020 0:30,2400,2430,2670,3713,3706,3664,1313,1276,994
20/11/2020 1:00,2393,2392,2715,3600,3591,3619,1207,1199,904
20/11/2020 1:30,2369,2297,2662,3513,3507,3522,1144,1210,860
20/11/2020 2:00,2355,2228,2578,3451,3442,3440,1096,1214,862
20/11/2020 2:30,2350,2255,2560,3408,3404,3392,1058,1149,832
20/11/2020 3:00,2335,2182,2523,3384,3376,3361,1049,1194,838
20/11/2020 3:30,2312,2133,2487,3374,3367,3355,1062,1234,868
20/11/2020 4:00,2313,2099,2514,3377,3366,3353,1064,1267,839
20/11/2020 4:30,2339,2178,2537,3392,3385,3359,1053,1207,822
20/11/2020 5:00,2383,2202,2527,3429,3424,3419,1046,1222,892
20/11/2020 5:30,2443,2275,2437,3530,3525,3505,1087,1250,1068
20/11/2020 6:00,2497,2340,2435,3716,3711,3713,1219,1371,1278
20/11/2020 6:30,2543,2432,2516,4039,4048,3979,1496,1616,1463
20/11/2020 7:00,2590,2460,2711,4465,4487,4419,1875,2027,1708
20/11/2020 7:30,2638,2647,2811,4805,4794,4856,2167,2147,2045
20/11/2020 8:00,2679,2627,2858,5022,4936,5034,2343,2309,2176
20/11/2020 8:30,2713,2558,2896,5140,5040,5066,2427,2482,2170
20/11/2020 9:00,2739,2593,2934,5181,5127,5146,2442,2534,2212
20/11/2020 9:30,2756,2695,3148,5194,5176,5213,2438,2481,2065
20/11/2020 10:00,2788,2767,3316,5191,5205,5239,2403,2438,1923
20/11/2020 10:30,2836,2911,3310,5170,5200,5265,2334,2289,1955
20/11/2020 11:00,2883,2955,3258,5142,5205,5266,2259,2250,2008
20/11/2020 11:30,2930,3040,3279,5146,5224,5249,2216,2184,1970
20/11/2020 12:00,2970,3071,3325,5180,5257,5270,2210,2186,1945
20/11/2020 12:30,3004,3159,3363,5184,5244,5316,2180,2085,1953
20/11/2020 13:00,3037,3176,3389,5152,5183,5284,2115,2007,1895
20/11/2020 13:30,3070,3208,3430,5116,5134,5195,2046,1926,1765
20/11/2020 14:00,3099,3197,3415,5087,5104,5141,1988,1907,1726
20/11/2020 14:30,3122,3223,3413,5068,5091,5100,1946,1868,1687
20/11/2020 15:00,3145,3195,3451,5078,5111,5137,1933,1916,1686
20/11/2020 15:30,3168,3153,3470,5177,5235,5189,2009,2082,1719
20/11/2020 16:00,3192,3123,3525,5370,5456,5311,2178,2333,1786
20/11/2020 16:30,3218,3154,3530,5616,5689,5599,2398,2535,2069
20/11/2020 17:00,3245,3138,3413,5860,5880,5865,2615,2742,2452
20/11/2020 17:30,3275,3158,3399,5917,5926,5956,2642,2768,2557
20/11/2020 18:00,3295,3150,3579,5779,5810,5876,2484,2660,2297
20/11/2020 18:30,3306,3175,3547,5608,5646,5704,2302,2471,2157
20/11/2020 19:00,3307,3146,3414,5441,5465,5517,2134,2319,2103
20/11/2020 19:30,3297,3216,3351,5277,5290,5333,1980,2074,1982
20/11/2020 20:00,3268,3174,3290,5115,5130,5133,1847,1956,1843
20/11/2020 20:30,3220,3089,3231,4941,4956,4956,1721,1867,1725
20/11/2020 21:00,3176,3055,3272,4753,4775,4792,1577,1720,1520
20/11/2020 21:30,3136,3138,3273,4543,4556,4605,1407,1418,1332
20/11/2020 22:00,3088,3089,3226,4324,4330,4421,1236,1241,1195
20/11/2020 22:30,3031,3022,3173,4150,4154,4230,1119,1132,1057
20/11/2020 23:00,3001,2995,3073,4015,4030,4101,1014,1035,1028
20/11/2020 23:30,2981,3000,3004,3880,3896,3962,899,896,958
21/11/2020 0:00,2945,2972,2910,3734,3749,3803,789,777,893
21/11/2020 0:30,2893,2953,2876,3607,3620,3648,714,667,772
21/11/2020 1:00,2822,2887,2726,3503,3513,3519,681,626,793
21/11/2020 1:30,2732,2889,2581,3406,3414,3396,674,525,815
21/11/2020 2:00,2645,2781,2566,3313,3321,3345,668,540,779
21/11/2020 2:30,2561,2618,2469,3241,3247,3281,680,629,812
21/11/2020 3:00,2470,2522,2461,3191,3192,3253,721,670,792
21/11/2020 3:30,2372,2433,2493,3163,3160,3247,791,727,754
21/11/2020 4:00,2306,2376,2473,3153,3150,3241,847,774,768
21/11/2020 4:30,2272,2210,2447,3156,3156,3238,884,946,791
21/11/2020 5:00,2234,2168,2469,3175,3179,3255,941,1011,786
21/11/2020 5:30,2192,2192,2415,3239,3248,3289,1047,1056,874
21/11/2020 6:00,2157,2143,2258,3354,3368,3401,1197,1225,1143
21/11/2020 6:30,2128,2123,2197,3520,3546,3506,1392,1423,1309
21/11/2020 7:00,2095,2037,2360,3725,3758,3687,1630,1721,1327
21/11/2020 7:30,2056,2029,2336,3922,3937,3887,1866,1908,1551
21/11/2020 8:00,2001,1913,2325,4098,4072,4009,2097,2159,1684
21/11/2020 8:30,1932,1914,2323,4247,4215,4212,2315,2301,1889
21/11/2020 9:00,1865,1796,2153,4371,4366,4380,2506,2570,2227
21/11/2020 9:30,1802,1660,1990,4479,4487,4502,2677,2827,2512
21/11/2020 10:00,1782,1617,1865,4570,4580,4590,2788,2963,2725
21/11/2020 10:30,1806,1726,1769,4625,4619,4663,2819,2893,2894
21/11/2020 11:00,1831,1726,1737,4646,4650,4700,2815,2924,2963
21/11/2020 11:30,1855,1737,1805,4668,4675,4713,2813,2938,2908
21/11/2020 12:00,1873,1742,1714,4692,4698,4699,2819,2956,2985
21/11/2020 12:30,1885,1822,1718,4693,4708,4720,2808,2886,3002
21/11/2020 13:00,1876,1835,1734,4667,4694,4706,2791,2859,2972
21/11/2020 13:30,1849,1793,1755,4623,4649,4647,2774,2856,2892
21/11/2020 14:00,1816,1793,1761,4573,4576,4623,2757,2783,2862
21/11/2020 14:30,1778,1693,1783,4547,4539,4595,2769,2846,2812
21/11/2020 15:00,1744,1664,1827,4561,4551,4594,2817,2887,2767
21/11/2020 15:30,1715,1625,1754,4658,4616,4596,2943,2991,2842
21/11/2020 16:00,1692,1583,1823,4844,4751,4749,3152,3168,2926
21/11/2020 16:30,1674,1539,1866,5103,5012,5023,3429,3473,3157
21/11/2020 17:00,1658,1520,1907,5381,5345,5482,3723,3825,3575
21/11/2020 17:30,1643,1533,1842,5487,5490,5642,3844,3957,3800
21/11/2020 18:00,1640,1536,1788,5404,5413,5557,3764,3877,3769
21/11/2020 18:30,1649,1622,1781,5257,5276,5411,3608,3654,3630
21/11/2020 19:00,1649,1591,1737,5087,5115,5218,3438,3524,3481
21/11/2020 19:30,1643,1535,1650,4925,4951,5000,3282,3416,3350
21/11/2020 20:00,1629,1480,1664,4775,4793,4810,3146,3313,3146
21/11/2020 20:30,1609,1515,1685,4621,4637,4663,3012,3122,2978
21/11/2020 21:00,1585,1446,1726,4458,4494,4515,2873,3048,2789
21/11/2020 21:30,1558,1412,1670,4284,4328,4322,2726,2916,2652
21/11/2020 22:00,1514,1339,1573,4107,4161,4159,2593,2822,2586
21/11/2020 22:30,1455,1274,1458,3962,4014,4012,2507,2740,2554
21/11/2020 23:00,1191,1201,1440,3894,3899,3960,2703,2698,2520
21/11/2020 23:30,1133,1107,1326,3782,3787,3837,2649,2680,2511
22/11/2020 0:00,1078,1043,1199,3667,3670,3694,2589,2627,2495
22/11/2020 0:30,1028,1069,1148,3546,3550,3560,2518,2481,2412
22/11/2020 1:00,975,1006,1099,3423,3429,3473,2448,2423,2374
22/11/2020 1:30,920,979,1012,3318,3326,3381,2398,2347,2369
22/11/2020 2:00,865,922,929,3238,3244,3287,2373,2322,2358
22/11/2020 2:30,810,846,750,3187,3194,3210,2377,2348,2460
22/11/2020 3:00,753,786,690,3162,3168,3164,2409,2382,2474
22/11/2020 3:30,694,693,589,3150,3157,3156,2456,2464,2567
22/11/2020 4:00,647,646,590,3148,3152,3149,2501,2506,2559
22/11/2020 4:30,613,629,569,3153,3158,3132,2540,2529,2563
22/11/2020 5:00,590,614,585,3166,3169,3134,2576,2555,2549
22/11/2020 5:30,578,588,559,3194,3197,3153,2616,2609,2594
22/11/2020 6:00,583,596,562,3240,3241,3224,2657,2645,2662
22/11/2020 6:30,604,551,637,3315,3321,3291,2711,2770,2654
22/11/2020 7:00,624,567,666,3420,3427,3396,2796,2860,2730
22/11/2020 7:30,643,569,694,3550,3546,3504,2907,2977,2810
22/11/2020 8:00,648,587,674,3703,3677,3561,3055,3090,2887
22/11/2020 8:30,640,571,669,3868,3843,3721,3228,3272,3052
22/11/2020 9:00,639,603,737,4042,4040,3936,3403,3437,3199
22/11/2020 9:30,645,617,765,4216,4224,4134,3571,3607,3369
22/11/2020 10:00,632,639,812,4379,4387,4315,3747,3748,3503
22/11/2020 10:30,600,675,798,4499,4508,4443,3899,3833,3645
22/11/2020 11:00,624,701,831,4580,4591,4567,3956,3890,3736
22/11/2020 11:30,705,786,936,4668,4670,4629,3963,3884,3693
22/11/2020 12:00,759,870,1056,4760,4744,4719,4001,3874,3663
22/11/2020 12:30,786,989,1156,4809,4781,4802,4023,3792,3646
22/11/2020 13:00,805,1056,1191,4805,4767,4801,4000,3711,3610
22/11/2020 13:30,818,1156,1234,4757,4730,4723,3939,3574,3489
22/11/2020 14:00,809,1121,1239,4684,4674,4664,3875,3553,3425
22/11/2020 14:30,779,989,1107,4641,4630,4623,3862,3641,3516
22/11/2020 15:00,739,907,953,4650,4617,4611,3911,3710,3658
22/11/2020 15:30,689,895,825,4740,4703,4707,4051,3808,3882
22/11/2020 16:00,639,812,791,4913,4893,4871,4274,4081,4080
22/11/2020 16:30,590,752,735,5164,5173,5217,4574,4421,4482
22/11/2020 17:00,562,708,713,5442,5481,5595,4880,4773,4882
22/11/2020 17:30,557,690,664,5551,5612,5702,4994,4922,5038
22/11/2020 18:00,559,689,703,5476,5532,5656,4917,4843,4953
22/11/2020 18:30,567,626,744,5343,5389,5507,4776,4763,4763
22/11/2020 19:00,575,660,798,5191,5215,5323,4616,4555,4525
22/11/2020 19:30,583,714,865,5037,5045,5123,4454,4331,4258
22/11/2020 20:00,603,762,918,4887,4886,4958,4284,4124,4040
22/11/2020 20:30,636,823,1012,4737,4721,4816,4101,3898,3804
22/11/2020 21:00,676,873,1101,4580,4558,4645,3904,3685,3544
22/11/2020 21:30,724,928,1260,4400,4365,4403,3676,3437,3143
22/11/2020 22:00,763,1009,1397,4204,4174,4181,3441,3165,2784
22/11/2020 22:30,794,1148,1529,4045,4023,4024,3251,2875,2495
22/11/2020 23:00,1175,1269,1641,3916,3885,3920,2741,2616,2279
22/11/2020 23:30,1267,1402,1780,3789,3744,3789,2522,2342,2009
23/11/2020 0:00,1355,1519,1865,3639,3615,3640,2284,2096,1775
23/11/2020 0:30,1440,1690,2031,3527,3503,3529,2087,1813,1498
23/11/2020 1:00,1500,1752,2049,3456,3424,3455,1956,1672,1406
23/11/2020 1:30,1537,1864,2112,3392,3344,3392,1855,1480,1280
23/11/2020 2:00,1574,1885,2119,3329,3283,3323,1755,1398,1204
23/11/2020 2:30,1612,1861,2172,3284,3243,3285,1672,1382,1113
23/11/2020 3:00,1662,1891,2185,3258,3223,3234,1596,1332,1049
23/11/2020 3:30,1725,2022,2211,3247,3221,3231,1522,1199,1020
23/11/2020 4:00,1790,2080,2344,3247,3239,3231,1457,1159,887
23/11/2020 4:30,1858,2140,2447,3256,3229,3251,1398,1089,804
23/11/2020 5:00,1948,2216,2465,3288,3283,3279,1340,1067,814
23/11/2020 5:30,2060,2353,2523,3413,3370,3412,1353,1017,889
23/11/2020 6:00,2188,2444,2677,3649,3597,3640,1461,1153,963
23/11/2020 6:30,2331,2591,2812,3999,3858,3997,1668,1267,1185
23/11/2020 7:00,2447,2679,3006,4425,4349,4414,1978,1670,1408
23/11/2020 7:30,2535,2812,3012,4759,4762,4752,2224,1950,1740
23/11/2020 8:00,2613,2877,3035,4969,4966,4962,2356,2089,1927
23/11/2020 8:30,2680,2963,3061,5091,5051,5093,2411,2088,2032
23/11/2020 9:00,2734,3029,3180,5148,5175,5166,2414,2146,1986
23/11/2020 9:30,2775,3148,3208,5196,5249,5204,2421,2101,1996
23/11/2020 10:00,2830,3206,3237,5244,5260,5237,2414,2054,2000
23/11/2020 10:30,2900,3345,3256,5274,5300,5252,2374,1955,1996
23/11/2020 11:00,2951,3354,3369,5290,5324,5264,2339,1970,1895
23/11/2020 11:30,2985,3323,3479,5317,5361,5281,2332,2038,1802
23/11/2020 12:00,3007,3298,3428,5349,5398,5311,2342,2100,1883
23/11/2020 12:30,3019,3226,3438,5343,5445,5297,2324,2219,1859
23/11/2020 13:00,3026,3203,3476,5301,5440,5242,2275,2237,1766
23/11/2020 13:30,3029,3227,3379,5280,5353,5207,2251,2126,1828
23/11/2020 14:00,3056,3227,3386,5287,5324,5207,2231,2097,1821
23/11/2020 14:30,3106,3289,3437,5293,5325,5215,2187,2036,1778
23/11/2020 15:00,3140,3304,3520,5314,5393,5263,2174,2089,1743
23/11/2020 15:30,3156,3359,3583,5447,5477,5416,2291,2118,1833
23/11/2020 16:00,3184,3379,3626,5693,5651,5686,2509,2272,2060
23/11/2020 16:30,3224,3434,3666,5974,6027,5970,2750,2593,2304
23/11/2020 17:00,3257,3446,3651,6228,6268,6214,2971,2822,2563
23/11/2020 17:30,3285,3487,3642,6303,6303,6279,3018,2816,2637
23/11/2020 18:00,3306,3477,3612,6188,6103,6138,2882,2626,2526
23/11/2020 18:30,3321,3491,3622,6006,5873,5948,2685,2382,2326
23/11/2020 19:00,3320,3444,3592,5797,5653,5740,2477,2209,2148
23/11/2020 19:30,3304,3415,3508,5599,5473,5543,2295,2058,2035
23/11/2020 20:00,3260,3325,3414,5417,5284,5383,2157,1959,1969
23/11/2020 20:30,3189,3173,3373,5234,5117,5194,2045,1944,1821
23/11/2020 21:00,3120,3063,3271,5040,4938,5014,1920,1875,1743
23/11/2020 21:30,3051,3007,3208,4807,4680,4768,1756,1673,1560
23/11/2020 22:00,2979,2893,3149,4546,4452,4521,1567,1559,1372
23/11/2020 22:30,2901,2803,3044,4331,4221,4299,1430,1418,1255
23/11/2020 23:00,2614,2684,2879,4122,4127,4070,1508,1443,1191
23/11/2020 23:30,2532,2585,2794,3944,3950,3931,1412,1365,1137
24/11/2020 0:00,2455,2492,2675,3757,3755,3767,1302,1263,1092
24/11/2020 0:30,2384,2448,2629,3609,3613,3661,1225,1165,1032
24/11/2020 1:00,2322,2361,2577,3508,3504,3581,1186,1143,1004
24/11/2020 1:30,2269,2294,2480,3429,3432,3496,1160,1138,1016
24/11/2020 2:00,2209,2198,2365,3366,3365,3425,1157,1167,1060
24/11/2020 2:30,2143,2149,2313,3319,3329,3376,1176,1180,1063
24/11/2020 3:00,2094,2092,2249,3289,3308,3334,1195,1216,1085
24/11/2020 3:30,2063,2043,2130,3282,3305,3299,1219,1262,1169
24/11/2020 4:00,2043,2014,2040,3295,3308,3301,1252,1294,1261
24/11/2020 4:30,2033,2037,2016,3320,3332,3287,1287,1295,1271
24/11/2020 5:00,2050,2040,2022,3369,3381,3330,1319,1341,1308
24/11/2020 5:30,2093,2127,1954,3491,3505,3408,1398,1378,1454
24/11/2020 6:00,2146,2161,2034,3710,3720,3637,1564,1559,1603
24/11/2020 6:30,2210,2217,2133,4065,4079,3899,1855,1862,1766
24/11/2020 7:00,2275,2265,2297,4515,4526,4355,2240,2261,2058
24/11/2020 7:30,2343,2316,2366,4861,4870,4873,2518,2554,2507
24/11/2020 8:00,2386,2351,2368,5063,5061,5039,2677,2710,2671
24/11/2020 8:30,2404,2339,2354,5168,5178,5101,2764,2839,2747
24/11/2020 9:00,2366,2314,2387,5203,5234,5180,2837,2920,2793
24/11/2020 9:30,2271,2276,2462,5226,5258,5223,2955,2982,2761
24/11/2020 10:00,2175,2168,2478,5249,5274,5213,3074,3106,2735
24/11/2020 10:30,2080,1981,2521,5260,5280,5206,3180,3299,2685
24/11/2020 11:00,1931,1837,2546,5263,5282,5242,3332,3445,2696
24/11/2020 11:30,1731,1800,2477,5282,5313,5215,3551,3513,2738
24/11/2020 12:00,1555,1673,2309,5310,5358,5253,3755,3685,2944
24/11/2020 12:30,1405,1490,1991,5296,5365,5326,3891,3875,3335
24/11/2020 13:00,1280,1350,1743,5243,5310,5357,3963,3960,3614
24/11/2020 13:30,1181,1244,1547,5215,5278,5279,4034,4034,3732
24/11/2020 14:00,1071,1145,1303,5222,5262,5280,4151,4117,3977
24/11/2020 14:30,951,1058,1262,5248,5282,5307,4297,4224,4045
24/11/2020 15:00,846,971,1186,5305,5355,5407,4459,4384,4221
24/11/2020 15:30,755,885,928,5456,5518,5513,4701,4633,4585
24/11/2020 16:00,692,795,772,5700,5759,5727,5008,4964,4955
24/11/2020 16:30,658,761,633,5972,6015,6069,5314,5254,5436
24/11/2020 17:00,664,688,601,6216,6212,6323,5552,5524,5722
24/11/2020 17:30,712,629,537,6281,6240,6361,5569,5611,5824
24/11/2020 18:00,770,628,579,6162,6076,6223,5392,5448,5644
24/11/2020 18:30,836,571,601,5986,5888,6006,5150,5317,5405
24/11/2020 19:00,896,622,687,5794,5715,5803,4898,5093,5116
24/11/2020 19:30,950,659,718,5615,5530,5632,4665,4871,4914
24/11/2020 20:00,993,710,783,5450,5380,5433,4457,4670,4650
24/11/2020 20:30,1027,630,860,5276,5183,5203,4249,4553,4343
24/11/2020 21:00,1058,640,914,5081,5002,5006,4023,4362,4092
24/11/2020 21:30,1087,656,918,4845,4754,4772,3758,4098,3854
24/11/2020 22:00,1095,661,886,4582,4542,4549,3487,3881,3663
24/11/2020 22:30,1082,722,901,4366,4329,4324,3284,3607,3423
24/11/2020 23:00,954,718,827,4171,4182,4164,3217,3464,3337
24/11/2020 23:30,928,684,800,4009,4020,3995,3081,3336,3195
25/11/2020 0:00,907,684,769,3837,3849,3830,2930,3165,3061
25/11/2020 0:30,893,762,721,3710,3728,3693,2817,2966,2972
25/11/2020 1:00,867,739,682,3632,3652,3605,2765,2913,2923
25/11/2020 1:30,829,635,689,3565,3589,3523,2736,2954,2834
25/11/2020 2:00,783,606,694,3500,3520,3468,2717,2914,2774
25/11/2020 2:30,729,490,652,3447,3469,3408,2718,2979,2756
25/11/2020 3:00,689,482,607,3409,3425,3383,2720,2943,2776
25/11/2020 3:30,663,477,567,3389,3402,3373,2726,2925,2806
25/11/2020 4:00,640,479,560,3388,3401,3374,2748,2922,2814
25/11/2020 4:30,620,548,563,3407,3421,3372,2787,2873,2809
25/11/2020 5:00,605,549,527,3455,3466,3435,2850,2917,2908
25/11/2020 5:30,593,557,512,3570,3577,3518,2977,3020,3006
25/11/2020 6:00,604,579,518,3773,3776,3754,3169,3197,3236
25/11/2020 6:30,638,587,524,4116,4128,4046,3478,3541,3522
25/11/2020 7:00,663,619,517,4566,4587,4498,3903,3968,3981
25/11/2020 7:30,680,631,563,4937,4941,4959,4257,4310,4396
25/11/2020 8:00,698,655,612,5184,5149,5082,4486,4494,4470
25/11/2020 8:30,716,624,621,5313,5268,5197,4597,4644,4576
25/11/2020 9:00,712,625,578,5343,5318,5285,4631,4693,4707
25/11/2020 9:30,686,600,553,5347,5325,5330,4661,4725,4777
25/11/2020 10:00,670,591,549,5343,5313,5311,4673,4722,4762
25/11/2020 10:30,667,548,547,5330,5288,5312,4663,4740,4765
25/11/2020 11:00,675,563,572,5317,5275,5324,4642,4712,4752
25/11/2020 11:30,695,591,538,5331,5278,5304,4636,4687,4766
25/11/2020 12:00,743,662,620,5366,5301,5301,4623,4639,4681
25/11/2020 12:30,817,755,718,5362,5318,5299,4545,4563,4581
25/11/2020 13:00,879,844,843,5316,5316,5272,4437,4472,4429
25/11/2020 13:30,928,858,940,5266,5293,5182,4338,4435,4242
25/11/2020 14:00,956,884,1021,5228,5253,5149,4272,4369,4128
25/11/2020 14:30,964,892,1003,5226,5247,5150,4262,4355,4147
25/11/2020 15:00,964,870,925,5277,5293,5210,4313,4423,4285
25/11/2020 15:30,955,882,912,5428,5447,5292,4473,4565,4380
25/11/2020 16:00,949,853,951,5677,5703,5452,4728,4850,4501
25/11/2020 16:30,945,804,998,5973,6010,5859,5028,5206,4861
25/11/2020 17:00,921,790,1036,6252,6293,6230,5331,5503,5194
25/11/2020 17:30,876,802,1131,6313,6367,6346,5437,5565,5215
25/11/2020 18:00,846,768,1184,6153,6211,6202,5307,5443,5018
25/11/2020 18:30,831,689,1209,5968,6031,6027,5137,5342,4818
25/11/2020 19:00,807,661,1106,5802,5856,5823,4995,5195,4717
25/11/2020 19:30,774,660,995,5638,5674,5650,4864,5014,4655
25/11/2020 20:00,729,640,922,5471,5484,5475,4742,4844,4553
25/11/2020 20:30,673,841,849,5296,5287,5303,4623,4446,4454
25/11/2020 21:00,636,788,730,5106,5086,5126,4470,4298,4396
25/11/2020 21:30,618,692,752,4883,4851,4874,4265,4159,4122
25/11/2020 22:00,602,645,691,4639,4615,4625,4037,3970,3934
25/11/2020 22:30,588,596,621,4453,4434,4410,3865,3838,3789
25/11/2020 23:00,588,551,559,4290,4301,4248,3702,3750,3689
25/11/2020 23:30,521,510,515,4122,4134,4081,3601,3624,3566
26/11/2020 0:00,462,463,416,3925,3937,3913,3463,3474,3497
26/11/2020 0:30,411,365,361,3776,3790,3770,3365,3425,3409
26/11/2020 1:00,363,342,310,3685,3697,3676,3322,3355,3366
26/11/2020 1:30,318,362,266,3610,3622,3604,3292,3260,3338
26/11/2020 2:00,286,348,239,3542,3549,3536,3256,3201,3297
26/11/2020 2:30,269,283,201,3492,3501,3491,3223,3218,3290
26/11/2020 3:00,249,265,194,3462,3469,3468,3213,3204,3274
26/11/2020 3:30,227,248,205,3453,3455,3454,3226,3207,3249
26/11/2020 4:00,203,222,209,3465,3464,3449,3262,3242,3240
26/11/2020 4:30,178,166,210,3487,3486,3439,3309,3320,3229
26/11/2020 5:00,158,144,190,3532,3529,3499,3374,3385,3309
26/11/2020 5:30,144,114,141,3653,3650,3580,3509,3536,3439
26/11/2020 6:00,134,96,103,3874,3869,3807,3740,3773,3704
26/11/2020 6:30,129,71,86,4227,4234,4108,4098,4163,4022
26/11/2020 7:00,121,70,74,4677,4692,4575,4556,4622,4501
26/11/2020 7:30,110,99,82,5042,5027,5029,4932,4928,4947
26/11/2020 8:00,100,95,93,5281,5200,5227,5181,5105,5134
26/11/2020 8:30,92,62,103,5409,5318,5265,5317,5256,5162
26/11/2020 9:00,86,68,103,5445,5397,5366,5359,5329,5263
26/11/2020 9:30,81,78,94,5451,5432,5435,5370,5354,5341
26/11/2020 10:00,79,88,104,5444,5439,5418,5365,5351,5314
26/11/2020 10:30,81,86,110,5426,5411,5422,5345,5325,5312
26/11/2020 11:00,83,101,107,5405,5411,5446,5322,5310,5339
26/11/2020 11:30,87,118,130,5410,5414,5416,5323,5296,5286
26/11/2020 12:00,92,138,145,5439,5418,5430,5347,5280,5285
26/11/2020 12:30,99,158,194,5451,5389,5459,5352,5231,5265
26/11/2020 13:00,106,172,243,5439,5326,5436,5333,5154,5193
26/11/2020 13:30,114,158,258,5414,5275,5333,5300,5117,5075
26/11/2020 14:00,125,164,292,5382,5244,5314,5257,5080,5022
26/11/2020 14:30,141,151,287,5372,5234,5317,5231,5083,5030
26/11/2020 15:00,158,171,269,5408,5266,5379,5250,5095,5110
26/11/2020 15:30,175,260,298,5563,5404,5461,5388,5144,5163
26/11/2020 16:00,193,288,307,5831,5655,5638,5638,5367,5331
26/11/2020 16:30,210,285,317,6122,5958,6021,5912,5673,5704
26/11/2020 17:00,227,303,313,6372,6249,6343,6145,5946,6030
26/11/2020 17:30,244,367,308,6425,6332,6422,6181,5965,6114
26/11/2020 18:00,260,371,318,6283,6195,6274,6023,5824,5956
26/11/2020 18:30,277,350,355,6106,6017,6061,5829,5667,5706
26/11/2020 19:00,290,366,349,5933,5840,5868,5643,5474,5519
26/11/2020 19:30,299,379,313,5752,5666,5700,5453,5287,5387
26/11/2020 20:00,308,391,303,5562,5507,5524,5254,5116,5221
26/11/2020 20:30,317,390,314,5367,5323,5344,5050,4933,5030
26/11/2020 21:00,330,406,304,5163,5125,5121,4833,4719,4817
26/11/2020 21:30,347,447,346,4932,4883,4873,4585,4436,4527
26/11/2020 22:00,368,466,375,4686,4635,4635,4318,4169,4260
26/11/2020 22:30,391,455,422,4496,4425,4402,4105,3970,3980
26/11/2020 23:00,454,467,468,4313,4298,4248,3859,3831,3780
26/11/2020 23:30,475,431,504,4156,4143,4082,3681,3712,3578
27/11/2020 0:00,490,439,547,3968,3960,3920,3478,3521,3373
27/11/2020 0:30,500,449,564,3814,3809,3776,3314,3360,3212
27/11/2020 1:00,504,451,581,3706,3700,3671,3202,3249,3090
27/11/2020 1:30,501,429,595,3619,3616,3589,3118,3187,2994
27/11/2020 2:00,498,427,560,3549,3545,3506,3051,3118,2946
27/11/2020 2:30,496,443,526,3500,3499,3463,3004,3056,2937
27/11/2020 3:00,492,441,531,3472,3468,3417,2980,3027,2886
27/11/2020 3:30,487,457,520,3455,3450,3397,2968,2993,2877
27/11/2020 4:00,487,460,505,3450,3441,3407,2963,2981,2902
27/11/2020 4:30,493,482,547,3462,3455,3400,2969,2973,2853
27/11/2020 5:00,502,493,594,3504,3496,3453,3002,3003,2859
27/11/2020 5:30,514,530,606,3615,3608,3532,3101,3078,2926
27/11/2020 6:00,526,546,591,3818,3809,3753,3292,3263,3162
27/11/2020 6:30,536,592,588,4156,4155,4022,3620,3563,3434
27/11/2020 7:00,533,608,625,4593,4597,4470,4060,3989,3845
27/11/2020 7:30,517,573,619,4943,4923,4918,4426,4350,4299
27/11/2020 8:00,503,570,596,5167,5097,5112,4664,4527,4516
27/11/2020 8:30,490,571,551,5296,5217,5188,4806,4646,4637
27/11/2020 9:00,473,545,503,5353,5299,5295,4880,4754,4792
27/11/2020 9:30,449,539,450,5394,5358,5347,4945,4819,4897
27/11/2020 10:00,427,503,362,5430,5401,5302,5003,4898,4940
27/11/2020 10:30,407,435,357,5442,5403,5350,5035,4968,4993
27/11/2020 11:00,383,409,301,5433,5397,5348,5050,4988,5047
27/11/2020 11:30,356,362,276,5441,5407,5341,5085,5045,5065
27/11/2020 12:00,333,336,248,5460,5435,5350,5127,5099,5102
27/11/2020 12:30,313,274,221,5441,5439,5379,5128,5165,5158
27/11/2020 13:00,296,251,214,5382,5408,5342,5086,5157,5128
27/11/2020 13:30,282,192,209,5327,5362,5259,5045,5170,5050
27/11/2020 14:00,276,181,205,5288,5307,5226,5012,5126,5021
27/11/2020 14:30,279,195,196,5271,5293,5230,4992,5098,5034
27/11/2020 15:00,295,210,217,5291,5327,5279,4996,5117,5062
27/11/2020 15:30,325,262,239,5405,5457,5331,5080,5195,5092
27/11/2020 16:00,363,308,259,5617,5670,5445,5254,5362,5186
27/11/2020 16:30,410,365,292,5874,5928,5788,5464,5563,5496
27/11/2020 17:00,465,430,408,6121,6163,6094,5656,5733,5686
27/11/2020 17:30,530,468,523,6186,6217,6170,5656,5749,5647
27/11/2020 18:00,598,532,609,6064,6071,6027,5466,5539,5418
27/11/2020 18:30,671,563,606,5899,5897,5879,5228,5334,5273
27/11/2020 19:00,730,621,684,5731,5725,5704,5001,5104,5020
27/11/2020 19:30,775,674,811,5568,5558,5510,4793,4884,4699
27/11/2020 20:00,819,741,871,5408,5400,5323,4589,4659,4452
27/11/2020 20:30,862,829,871,5240,5224,5151,4378,4395,4280
27/11/2020 21:00,905,911,919,5056,5031,4966,4151,4120,4047
27/11/2020 21:30,948,1053,1024,4834,4799,4750,3886,3746,3726
27/11/2020 22:00,963,1127,1062,4595,4564,4526,3632,3437,3464
27/11/2020 22:30,948,1156,1171,4435,4389,4355,3487,3233,3184
27/11/2020 23:00,986,1172,1292,4315,4300,4310,3329,3128,3018
27/11/2020 23:30,951,1185,1308,4202,4183,4206,3251,2998,2898
28/11/2020 0:00,926,1144,1307,4048,4026,4068,3122,2882,2761
28/11/2020 0:30,910,1049,1290,3895,3872,3919,2985,2823,2629
28/11/2020 1:00,897,1014,1233,3753,3730,3780,2856,2716,2547
28/11/2020 1:30,886,987,1097,3635,3617,3651,2749,2630,2554
28/11/2020 2:00,882,988,985,3540,3524,3552,2658,2536,2567
28/11/2020 2:30,885,1048,891,3458,3447,3480,2573,2399,2589
28/11/2020 3:00,899,1063,859,3390,3379,3404,2491,2316,2545
28/11/2020 3:30,924,1075,854,3349,3340,3361,2425,2265,2507
28/11/2020 4:00,956,1111,891,3333,3328,3339,2377,2217,2448
28/11/2020 4:30,996,1148,960,3320,3321,3317,2324,2173,2357
28/11/2020 5:00,1027,1191,987,3317,3318,3333,2290,2127,2346
28/11/2020 5:30,1049,1185,1066,3365,3365,3362,2316,2180,2296
28/11/2020 6:00,1075,1215,1158,3468,3465,3464,2393,2250,2306
28/11/2020 6:30,1105,1142,1143,3604,3606,3567,2499,2464,2424
28/11/2020 7:00,1131,1155,1138,3766,3772,3717,2635,2617,2579
28/11/2020 7:30,1152,1123,1192,3953,3941,3887,2801,2818,2695
28/11/2020 8:00,1165,1142,1195,4157,4106,4011,2992,2964,2816
28/11/2020 8:30,1171,1132,1235,4341,4281,4171,3170,3149,2936
28/11/2020 9:00,1149,1153,1227,4501,4454,4374,3352,3301,3147
28/11/2020 9:30,1100,1203,1222,4648,4594,4572,3548,3391,3350
28/11/2020 10:00,1059,1198,1228,4776,4703,4687,3717,3505,3459
28/11/2020 10:30,1026,1171,1234,4855,4790,4792,3829,3619,3558
28/11/2020 11:00,999,1136,1266,4885,4826,4883,3886,3690,3617
28/11/2020 11:30,976,1093,1170,4910,4845,4940,3934,3752,3770
28/11/2020 12:00,959,1051,1203,4938,4861,5011,3979,3810,3808
28/11/2020 12:30,950,1036,1155,4954,4864,5062,4004,3828,3907
28/11/2020 13:00,940,1024,1096,4952,4849,5038,4012,3825,3942
28/11/2020 13:30,930,1012,1031,4924,4821,4966,3994,3809,3935
28/11/2020 14:00,915,1009,1112,4877,4785,4898,3962,3776,3786
28/11/2020 14:30,896,1047,1119,4847,4757,4875,3951,3710,3756
28/11/2020 15:00,885,1027,1148,4859,4760,4882,3974,3733,3734
28/11/2020 15:30,882,1018,1139,4960,4859,4921,4078,3841,3782
28/11/2020 16:00,877,1017,1140,5154,5058,5073,4277,4041,3933
28/11/2020 16:30,869,993,1115,5394,5304,5393,4525,4311,4278
28/11/2020 17:00,848,980,1091,5630,5548,5689,4782,4568,4598
28/11/2020 17:30,813,944,1031,5705,5637,5802,4892,4693,4771
28/11/2020 18:00,778,903,936,5608,5557,5716,4830,4654,4780
28/11/2020 18:30,744,906,838,5454,5416,5555,4710,4510,4717
28/11/2020 19:00,705,843,735,5278,5245,5344,4573,4402,4609
28/11/2020 19:30,661,750,662,5114,5076,5146,4453,4326,4484
28/11/2020 20:00,620,697,610,4966,4932,4978,4346,4235,4368
28/11/2020 20:30,581,611,540,4807,4785,4806,4226,4174,4266
28/11/2020 21:00,545,564,489,4635,4650,4634,4090,4086,4145
28/11/2020 21:30,511,485,447,4458,4492,4469,3947,4007,4022
28/11/2020 22:00,478,448,388,4289,4344,4307,3811,3896,3919
28/11/2020 22:30,446,359,354,4173,4230,4159,3727,3871,3805
28/11/2020 23:00,350,332,308,4152,4152,4089,3802,3820,3781
28/11/2020 23:30,297,323,257,4051,4052,3987,3754,3729,3730
29/11/2020 0:00,257,295,234,3918,3922,3841,3661,3627,3607
29/11/2020 0:30,228,231,221,3782,3790,3693,3554,3559,3472
29/11/2020 1:00,202,209,228,3651,3658,3580,3449,3449,3352
29/11/2020 1:30,179,188,225,3533,3544,3481,3354,3356,3256
29/11/2020 2:00,167,177,199,3433,3442,3398,3266,3265,3199
29/11/2020 2:30,166,138,179,3354,3365,3338,3188,3227,3159
29/11/2020 3:00,169,133,157,3295,3301,3294,3126,3168,3137
29/11/2020 3:30,176,117,140,3256,3247,3265,3080,3130,3125
29/11/2020 4:00,175,114,120,3233,3222,3252,3058,3108,3132
29/11/2020 4:30,167,140,91,3228,3218,3232,3061,3078,3141
29/11/2020 5:00,154,140,39,3240,3229,3239,3086,3089,3200
29/11/2020 5:30,137,119,0,3270,3258,3250,3133,3139,3250
29/11/2020 6:00,122,112,0,3318,3301,3305,3196,3189,3305
29/11/2020 6:30,109,65,0,3380,3372,3369,3271,3307,3369
29/11/2020 7:00,96,59,0,3460,3460,3477,3364,3401,3477
29/11/2020 7:30,84,54,0,3579,3550,3576,3495,3496,3576
29/11/2020 8:00,75,54,36,3736,3649,3650,3661,3595,3614
29/11/2020 8:30,69,57,38,3908,3805,3768,3839,3748,3730
29/11/2020 9:00,67,60,0,4088,4017,3975,4021,3957,3975
29/11/2020 9:30,68,60,0,4277,4223,4210,4209,4163,4210
29/11/2020 10:00,69,67,0,4462,4420,4436,4393,4353,4436
29/11/2020 10:30,72,75,0,4597,4569,4608,4525,4494,4608
29/11/2020 11:00,75,83,0,4683,4704,4749,4608,4621,4749
29/11/2020 11:30,78,91,0,4775,4834,4837,4697,4743,4837
29/11/2020 12:00,85,99,0,4872,4959,4967,4787,4860,4967
29/11/2020 12:30,97,103,0,4918,5012,5056,4821,4909,5056
29/11/2020 13:00,106,108,0,4909,4980,5067,4803,4872,5067
29/11/2020 13:30,114,117,33,4872,4925,4996,4758,4808,4963
29/11/2020 14:00,116,111,76,4822,4855,4926,4706,4744,4850
29/11/2020 14:30,112,100,80,4783,4811,4862,4671,4711,4782
29/11/2020 15:00,113,99,78,4779,4812,4902,4666,4713,4824
29/11/2020 15:30,122,106,91,4876,4926,4944,4754,4820,4853
29/11/2020 16:00,132,123,112,5074,5144,5163,4942,5021,5051
29/11/2020 16:30,143,136,148,5315,5395,5460,5172,5259,5312
29/11/2020 17:00,154,151,174,5549,5624,5685,5395,5473,5511
29/11/2020 17:30,165,130,198,5635,5705,5707,5470,5575,5509
29/11/2020 18:00,175,149,246,5561,5621,5673,5386,5472,5427
29/11/2020 18:30,185,192,290,5430,5478,5535,5245,5286,5245
29/11/2020 19:00,197,223,342,5274,5303,5359,5077,5080,5017
29/11/2020 19:30,211,251,426,5122,5132,5186,4911,4881,4760
29/11/2020 20:00,230,290,508,4977,4981,5023,4747,4691,4515
29/11/2020 20:30,255,370,578,4826,4807,4867,4571,4437,4289
29/11/2020 21:00,283,410,662,4665,4629,4687,4382,4219,4025
29/11/2020 21:30,315,457,734,4486,4429,4457,4171,3972,3723
29/11/2020 22:00,350,508,802,4299,4240,4232,3949,3732,3430
29/11/2020 22:30,390,574,900,4151,4064,4063,3761,3490,3163
29/11/2020 23:00,562,641,952,3966,3945,3948,3404,3304,2996
29/11/2020 23:30,622,762,986,3826,3802,3820,3204,3040,2834
30/11/2020 0:00,680,832,1056,3660,3641,3671,2980,2809,2615
30/11/2020 0:30,738,1035,1112,3522,3505,3534,2784,2470,2422
30/11/2020 1:00,801,1100,1252,3421,3406,3413,2620,2306,2161
30/11/2020 1:30,868,1230,1445,3343,3329,3354,2475,2099,1909
30/11/2020 2:00,934,1297,1361,3284,3269,3286,2350,1972,1925
30/11/2020 2:30,998,1369,1350,3247,3234,3207,2249,1865,1857
30/11/2020 3:00,1067,1433,1479,3230,3214,3156,2163,1781,1677
30/11/2020 3:30,1143,1542,1654,3219,3198,3134,2076,1656,1480
30/11/2020 4:00,1214,1616,1900,3213,3194,3163,1999,1578,1263
30/11/2020 4:30,1280,1687,2042,3222,3209,3201,1942,1522,1159
30/11/2020 5:00,1365,1783,2109,3261,3249,3251,1896,1466,1142
30/11/2020 5:30,1470,1894,2195,3387,3380,3327,1917,1486,1132
30/11/2020 6:00,1582,2009,2372,3622,3613,3585,2040,1604,1213
30/11/2020 6:30,1701,2123,2619,3990,3988,3847,2289,1865,1228
30/11/2020 7:00,1806,2213,2777,4452,4446,4306,2646,2233,1529
30/11/2020 7:30,1899,2399,2765,4815,4785,4817,2916,2386,2052
30/11/2020 8:00,1968,2429,2750,5041,4965,4999,3073,2536,2249
30/11/2020 8:30,2014,2477,2823,5168,5083,5088,3154,2606,2265
30/11/2020 9:00,2054,2475,2735,5218,5156,5167,3164,2681,2432
30/11/2020 9:30,2088,2619,2763,5239,5202,5246,3151,2583,2483
30/11/2020 10:00,2114,2597,2775,5247,5237,5270,3133,2640,2495
30/11/2020 10:30,2134,2624,2787,5257,5265,5290,3123,2641,2503
30/11/2020 11:00,2146,2599,2822,5278,5284,5335,3132,2685,2513
30/11/2020 11:30,2149,2561,2724,5326,5316,5372,3177,2755,2648
30/11/2020 12:00,2130,2559,2610,5387,5358,5422,3257,2799,2812
30/11/2020 12:30,2090,2629,2530,5394,5363,5464,3304,2734,2934
30/11/2020 13:00,2053,2594,2479,5347,5329,5468,3294,2735,2989
30/11/2020 13:30,2018,2563,2334,5312,5305,5368,3294,2742,3034
30/11/2020 14:00,1963,2466,2282,5306,5298,5348,3343,2832,3066
30/11/2020 14:30,1885,2359,2254,5328,5317,5337,3443,2958,3083
30/11/2020 15:00,1809,2205,2071,5390,5376,5400,3581,3171,3329
30/11/2020 15:30,1734,1969,1832,5547,5547,5477,3813,3578,3645
30/11/2020 16:00,1658,1818,1644,5794,5814,5683,4136,3996,4039
30/11/2020 16:30,1581,1542,1449,6050,6065,6091,4469,4523,4642
30/11/2020 17:00,1499,1385,1246,6261,6242,6341,4762,4857,5095
30/11/2020 17:30,1411,1224,1143,6299,6271,6406,4888,5047,5263
30/11/2020 18:00,1326,1089,1084,6162,6143,6227,4836,5054,5143
30/11/2020 18:30,1245,926,986,5981,5971,6029,4736,5045,5043
30/11/2020 19:00,1173,845,923,5791,5783,5821,4618,4938,4898
30/11/2020 19:30,1109,704,880,5612,5604,5648,4503,4900,4768
30/11/2020 20:00,1049,642,835,5441,5445,5487,4392,4803,4652
30/11/2020 20:30,992,594,832,5259,5264,5321,4267,4670,4489
30/11/2020 21:00,949,543,828,5058,5070,5147,4109,4527,4319
30/11/2020 21:30,921,479,835,4826,4824,4892,3905,4345,4057
30/11/2020 22:00,893,440,775,4576,4569,4645,3683,4129,3870
30/11/2020 22:30,867,429,728,4368,4366,4437,3501,3937,3709
30/11/2020 23:00,535,404,661,4225,4228,4271,3690,3824,3610
30/11/2020 23:30,512,439,569,4045,4048,4112,3533,3609,3543
1/12/2020 0:00,489,429,510,3827,3833,3929,3338,3404,3419
1/12/2020 0:30,467,471,459,3666,3674,3800,3199,3203,3341
1/12/2020 1:00,448,451,400,3572,3581,3703,3124,3130,3303
1/12/2020 1:30,430,456,390,3497,3506,3630,3067,3050,3240
1/12/2020 2:00,405,418,385,3429,3441,3563,3024,3023,3178
1/12/2020 2:30,372,385,340,3379,3394,3512,3007,3009,3172
1/12/2020 3:00,353,356,369,3346,3364,3470,2993,3008,3101
1/12/2020 3:30,346,297,428,3331,3348,3451,2985,3051,3023
1/12/2020 4:00,346,302,449,3335,3347,3441,2989,3045,2992
1/12/2020 4:30,353,284,437,3357,3367,3450,3004,3083,3013
1/12/2020 5:00,368,301,466,3411,3421,3493,3043,3120,3027
1/12/2020 5:30,393,331,497,3541,3549,3592,3148,3218,3095
1/12/2020 6:00,417,365,551,3768,3775,3823,3351,3410,3272
1/12/2020 6:30,443,504,620,4118,4129,4117,3675,3625,3497
1/12/2020 7:00,470,519,661,4558,4573,4579,4088,4054,3918
1/12/2020 7:30,498,487,677,4919,4928,5009,4421,4441,4332
1/12/2020 8:00,518,493,663,5161,5153,5254,4643,4660,4591
1/12/2020 8:30,528,568,573,5285,5269,5275,4757,4701,4702
1/12/2020 9:00,530,549,545,5312,5300,5348,4782,4751,4803
1/12/2020 9:30,524,555,510,5318,5310,5401,4794,4755,4891
1/12/2020 10:00,517,516,527,5323,5324,5396,4806,4808,4869
1/12/2020 10:30,507,436,545,5321,5337,5401,4814,4901,4856
1/12/2020 11:00,503,422,527,5317,5342,5400,4814,4920,4873
1/12/2020 11:30,504,416,531,5332,5364,5399,4828,4948,4868
1/12/2020 12:00,536,459,577,5362,5401,5421,4826,4942,4844
1/12/2020 12:30,598,499,629,5359,5393,5453,4761,4894,4824
1/12/2020 13:00,641,552,669,5321,5340,5449,4680,4788,4780
1/12/2020 13:30,666,554,711,5284,5288,5356,4618,4734,4645
1/12/2020 14:00,669,581,797,5261,5259,5333,4592,4678,4536
1/12/2020 14:30,652,653,847,5266,5255,5317,4614,4602,4470
1/12/2020 15:00,654,685,947,5319,5294,5363,4665,4609,4416
1/12/2020 15:30,676,770,1124,5491,5464,5445,4815,4694,4321
1/12/2020 16:00,711,816,1309,5770,5757,5638,5059,4941,4329
1/12/2020 16:30,758,821,1447,6043,6056,6063,5285,5235,4616
1/12/2020 17:00,803,868,1593,6253,6298,6337,5450,5430,4744
1/12/2020 17:30,844,963,1826,6288,6342,6414,5444,5379,4588
1/12/2020 18:00,882,1019,1895,6153,6185,6268,5271,5166,4373
1/12/2020 18:30,915,1128,1866,5975,5998,6090,5060,4870,4224
1/12/2020 19:00,952,1151,1891,5792,5818,5890,4840,4667,3999
1/12/2020 19:30,994,1464,1956,5616,5644,5728,4622,4180,3772
1/12/2020 20:00,1009,1404,1904,5447,5484,5557,4438,4080,3653
1/12/2020 20:30,997,1254,1923,5272,5303,5393,4275,4049,3470
1/12/2020 21:00,981,1207,1856,5078,5108,5222,4097,3901,3366
1/12/2020 21:30,962,1347,1777,4842,4868,4966,3880,3521,3189
1/12/2020 22:00,958,1307,1750,4579,4617,4715,3621,3310,2965
1/12/2020 22:30,971,1264,1685,4378,4397,4440,3407,3133,2755
1/12/2020 23:00,961,1242,1756,4260,4239,4262,3299,2997,2506
1/12/2020 23:30,996,1255,1807,4083,4065,4109,3087,2810,2302
2/12/2020 0:00,1051,1314,1820,3890,3873,3918,2839,2559,2098
2/12/2020 0:30,1126,1420,1899,3744,3727,3780,2618,2307,1881
2/12/2020 1:00,1184,1502,2037,3650,3634,3678,2466,2132,1641
2/12/2020 1:30,1225,1597,2024,3573,3557,3591,2348,1960,1567
2/12/2020 2:00,1270,1601,2049,3503,3491,3512,2233,1890,1463
2/12/2020 2:30,1317,1558,1943,3447,3437,3434,2130,1879,1491
2/12/2020 3:00,1397,1567,1884,3405,3397,3389,2008,1830,1505
2/12/2020 3:30,1512,1663,1930,3383,3375,3356,1871,1712,1426
2/12/2020 4:00,1630,1760,2002,3379,3372,3370,1749,1612,1368
2/12/2020 4:30,1750,1849,2176,3392,3390,3416,1642,1541,1240
2/12/2020 5:00,1828,1914,2185,3434,3440,3493,1606,1526,1308
2/12/2020 5:30,1863,1881,2031,3560,3561,3564,1697,1680,1533
2/12/2020 6:00,1870,1888,1941,3788,3775,3774,1918,1887,1833
2/12/2020 6:30,1847,1887,1949,4137,4127,4050,2290,2240,2101
2/12/2020 7:00,1846,1858,2040,4571,4577,4498,2725,2719,2458
2/12/2020 7:30,1865,1811,1995,4931,4921,4946,3066,3110,2951
2/12/2020 8:00,1892,1813,2040,5174,5121,5207,3282,3308,3167
2/12/2020 8:30,1928,1848,2129,5289,5227,5172,3361,3379,3043
2/12/2020 9:00,1950,1880,2027,5296,5263,5249,3346,3383,3222
2/12/2020 9:30,1959,1940,2161,5289,5273,5318,3330,3333,3157
2/12/2020 10:00,1978,1996,2085,5287,5272,5276,3309,3276,3191
2/12/2020 10:30,2009,2042,2022,5274,5252,5286,3265,3210,3264
2/12/2020 11:00,2080,2104,2030,5256,5250,5305,3176,3146,3275
2/12/2020 11:30,2193,2181,2128,5269,5269,5296,3076,3088,3168
2/12/2020 12:00,2334,2314,2375,5307,5303,5333,2973,2989,2958
2/12/2020 12:30,2504,2563,2481,5313,5308,5361,2809,2745,2880
2/12/2020 13:00,2596,2681,2442,5281,5281,5354,2685,2600,2912
2/12/2020 13:30,2611,2702,2580,5247,5257,5274,2636,2555,2694
2/12/2020 14:00,2627,2721,2632,5222,5239,5273,2595,2518,2641
2/12/2020 14:30,2644,2687,2646,5220,5242,5306,2576,2555,2660
2/12/2020 15:00,2631,2709,2552,5265,5290,5339,2634,2581,2787
2/12/2020 15:30,2586,2713,2550,5444,5467,5474,2858,2754,2924
2/12/2020 16:00,2581,2728,2528,5747,5763,5655,3166,3035,3127
2/12/2020 16:30,2616,2810,2556,6048,6060,6068,3432,3250,3512
2/12/2020 17:00,2616,2810,2605,6285,6297,6357,3669,3487,3752
2/12/2020 17:30,2580,2622,2682,6326,6344,6415,3746,3722,3733
2/12/2020 18:00,2579,2566,2690,6177,6210,6245,3598,3644,3555
2/12/2020 18:30,2613,2478,2644,5994,6050,6064,3381,3572,3420
2/12/2020 19:00,2639,2463,2547,5817,5897,5895,3178,3434,3348
2/12/2020 19:30,2658,2511,2569,5651,5738,5739,2993,3227,3170
2/12/2020 20:00,2664,2538,2469,5492,5568,5542,2828,3030,3073
2/12/2020 20:30,2659,2506,2504,5320,5384,5380,2661,2878,2876
2/12/2020 21:00,2639,2506,2427,5124,5179,5194,2485,2673,2767
2/12/2020 21:30,2606,2570,2411,4894,4929,4938,2288,2359,2527
2/12/2020 22:00,2563,2523,2337,4644,4653,4685,2081,2130,2348
2/12/2020 22:30,2513,2386,2309,4441,4432,4445,1928,2046,2136
2/12/2020 23:00,2397,2271,2352,4279,4278,4308,1882,2007,1956
2/12/2020 23:30,2307,2118,2271,4111,4111,4102,1804,1993,1831
3/12/2020 0:00,2206,2020,2245,3924,3926,3934,1718,1906,1689
3/12/2020 0:30,2097,1961,2165,3782,3786,3803,1685,1825,1638
3/12/2020 1:00,1985,1866,1908,3693,3697,3696,1708,1831,1788
3/12/2020 1:30,1872,1698,1662,3621,3627,3636,1749,1929,1974
3/12/2020 2:00,1792,1620,1415,3559,3568,3551,1767,1948,2136
3/12/2020 2:30,1745,1626,1083,3509,3518,3509,1764,1892,2426
3/12/2020 3:00,1670,1524,1025,3472,3480,3477,1802,1956,2452
3/12/2020 3:30,1568,1307,948,3452,3446,3469,1884,2139,2521
3/12/2020 4:00,1483,1239,857,3451,3467,3477,1968,2228,2620
3/12/2020 4:30,1418,1203,822,3472,3500,3483,2054,2297,2661
3/12/2020 5:00,1345,1144,767,3525,3550,3553,2180,2406,2786
3/12/2020 5:30,1264,1015,665,3653,3677,3621,2389,2662,2956
3/12/2020 6:00,1170,951,665,3874,3899,3848,2704,2948,3183
3/12/2020 6:30,1060,714,561,4230,4263,4139,3170,3549,3578
3/12/2020 7:00,971,664,529,4679,4716,4599,3708,4052,4070
3/12/2020 7:30,903,596,474,5025,5061,5088,4122,4465,4614
3/12/2020 8:00,841,573,417,5230,5254,5357,4389,4681,4940
3/12/2020 8:30,787,474,380,5349,5369,5415,4562,4895,5035
3/12/2020 9:00,770,484,359,5403,5426,5505,4633,4942,5146
3/12/2020 9:30,790,534,474,5430,5452,5564,4640,4918,5090
3/12/2020 10:00,788,596,539,5440,5467,5584,4652,4871,5045
3/12/2020 10:30,766,603,641,5446,5477,5614,4680,4874,4973
3/12/2020 11:00,752,627,732,5453,5485,5617,4701,4858,4885
3/12/2020 11:30,746,607,658,5481,5509,5608,4735,4902,4950
3/12/2020 12:00,766,642,758,5521,5544,5626,4755,4902,4868
3/12/2020 12:30,811,694,763,5528,5544,5653,4717,4850,4890
3/12/2020 13:00,812,733,798,5498,5506,5654,4686,4773,4856
3/12/2020 13:30,768,828,810,5464,5474,5552,4696,4646,4742
3/12/2020 14:00,757,848,852,5438,5451,5545,4681,4603,4693
3/12/2020 14:30,779,948,980,5427,5451,5559,4648,4503,4579
3/12/2020 15:00,755,938,896,5458,5490,5611,4703,4552,4715
3/12/2020 15:30,686,866,828,5621,5650,5694,4935,4784,4866
3/12/2020 16:00,643,844,814,5912,5923,5866,5269,5079,5052
3/12/2020 16:30,626,828,834,6213,6216,6276,5587,5388,5442
3/12/2020 17:00,627,833,832,6458,6461,6551,5831,5628,5719
3/12/2020 17:30,646,807,841,6510,6506,6623,5864,5699,5782
3/12/2020 18:00,689,832,831,6375,6345,6479,5686,5513,5648
3/12/2020 18:30,756,916,819,6212,6163,6273,5456,5247,5454
3/12/2020 19:00,815,980,900,6058,5991,6105,5243,5011,5205
3/12/2020 19:30,868,1010,971,5896,5818,5932,5028,4808,4961
3/12/2020 20:00,927,1091,1073,5722,5651,5768,4795,4560,4695
3/12/2020 20:30,993,1200,1186,5534,5469,5604,4541,4269,4418
3/12/2020 21:00,1050,1274,1193,5326,5279,5385,4276,4005,4192
3/12/2020 21:30,1096,1323,1259,5077,5038,5129,3981,3715,3870
3/12/2020 22:00,1146,1395,1404,4803,4782,4876,3657,3387,3472
3/12/2020 22:30,1198,1486,1463,4590,4562,4630,3392,3076,3167
3/12/2020 23:00,1413,1556,1572,4405,4400,4449,2992,2844,2877
3/12/2020 23:30,1476,1582,1678,4244,4238,4259,2768,2656,2581
4/12/2020 0:00,1527,1637,1710,4078,4074,4091,2551,2437,2381
4/12/2020 0:30,1565,1668,1767,3939,3936,3957,2374,2268,2190
4/12/2020 1:00,1604,1747,1810,3829,3827,3844,2225,2080,2034
4/12/2020 1:30,1644,1862,1787,3731,3732,3732,2087,1870,1945
4/12/2020 2:00,1713,1925,1936,3644,3644,3644,1931,1719,1708
4/12/2020 2:30,1812,1892,2053,3583,3583,3609,1771,1691,1556
4/12/2020 3:00,1901,1951,2129,3547,3546,3547,1646,1595,1418
4/12/2020 3:30,1981,2055,2057,3528,3533,3507,1547,1478,1450
4/12/2020 4:00,2079,2108,2173,3525,3529,3492,1446,1421,1319
4/12/2020 4:30,2197,2163,2289,3539,3545,3498,1342,1382,1209
4/12/2020 5:00,2274,2228,2494,3582,3586,3573,1308,1358,1079
4/12/2020 5:30,2310,2318,2763,3695,3699,3667,1385,1381,904
4/12/2020 6:00,2346,2426,2852,3898,3901,3899,1552,1475,1047
4/12/2020 6:30,2382,2611,2839,4229,4243,4181,1847,1632,1342
4/12/2020 7:00,2439,2714,2758,4655,4679,4624,2216,1965,1866
4/12/2020 7:30,2518,2896,2683,5000,5015,5078,2482,2119,2395
4/12/2020 8:00,2597,2967,2745,5227,5208,5305,2630,2241,2560
4/12/2020 8:30,2676,3160,2890,5361,5330,5355,2685,2170,2465
4/12/2020 9:00,2757,3207,3045,5420,5396,5454,2663,2189,2409
4/12/2020 9:30,2839,3153,3155,5460,5445,5533,2621,2292,2378
4/12/2020 10:00,2930,3200,3312,5491,5485,5566,2561,2285,2254
4/12/2020 10:30,3027,3253,3422,5498,5487,5583,2471,2234,2161
4/12/2020 11:00,3125,3309,3540,5490,5486,5598,2365,2177,2058
4/12/2020 11:30,3223,3266,3591,5510,5511,5613,2287,2245,2022
4/12/2020 12:00,3312,3345,3628,5553,5560,5646,2241,2215,2018
4/12/2020 12:30,3393,3558,3593,5558,5571,5676,2165,2013,2083
4/12/2020 13:00,3478,3609,3533,5520,5534,5660,2042,1925,2127
4/12/2020 13:30,3566,3703,3636,5477,5492,5614,1911,1789,1978
4/12/2020 14:00,3634,3763,3599,5443,5458,5626,1809,1695,2027
4/12/2020 14:30,3681,3886,3495,5439,5454,5622,1758,1568,2127
4/12/2020 15:00,3703,3941,3532,5479,5495,5665,1776,1554,2133
4/12/2020 15:30,3701,3989,3585,5598,5623,5750,1897,1634,2165
4/12/2020 16:00,3707,4011,3681,5796,5833,5930,2089,1822,2249
4/12/2020 16:30,3720,3976,3659,6033,6066,6160,2313,2090,2501
4/12/2020 17:00,3736,3987,3971,6257,6270,6358,2521,2283,2387
4/12/2020 17:30,3754,3770,4137,6297,6310,6384,2543,2540,2247
4/12/2020 18:00,3752,3773,4191,6150,6179,6269,2398,2406,2078
4/12/2020 18:30,3730,3763,4168,5978,6010,6119,2248,2247,1951
4/12/2020 19:00,3700,3734,4077,5816,5832,5913,2116,2098,1836
4/12/2020 19:30,3663,3686,4122,5652,5658,5738,1989,1972,1616
4/12/2020 20:00,3628,3643,4067,5483,5491,5566,1855,1848,1499
4/12/2020 20:30,3596,3671,3878,5312,5319,5359,1716,1648,1481
4/12/2020 21:00,3568,3637,3707,5132,5135,5153,1564,1498,1446
4/12/2020 21:30,3546,3751,3683,4909,4919,4932,1363,1168,1249
4/12/2020 22:00,3518,3696,3557,4657,4689,4707,1139,993,1150
4/12/2020 22:30,3484,3733,3422,4474,4496,4509,990,763,1087
4/12/2020 23:00,3537,3678,3331,4372,4365,4423,835,687,1092
4/12/2020 23:30,3496,3657,3240,4241,4237,4264,745,580,1024
5/12/2020 0:00,3465,3625,3169,4099,4098,4083,634,473,914
5/12/2020 0:30,3443,3453,3109,3947,3947,3912,504,494,803
5/12/2020 1:00,3428,3452,3080,3794,3791,3782,366,339,702
5/12/2020 1:30,3420,3484,3059,3671,3668,3682,251,184,623
5/12/2020 2:00,3410,3480,3030,3583,3580,3597,173,100,567
5/12/2020 2:30,3399,3386,2946,3507,3507,3525,108,121,579
5/12/2020 3:00,3399,3360,2926,3440,3441,3466,41,81,540
5/12/2020 3:30,3412,3270,2909,3394,3396,3435,-18,126,526
5/12/2020 4:00,3418,3244,2931,3371,3371,3423,-47,127,492
5/12/2020 4:30,3417,3153,2905,3377,3378,3406,-40,225,501
5/12/2020 5:00,3420,3146,2900,3412,3416,3425,-8,270,525
5/12/2020 5:30,3425,3103,2916,3476,3482,3436,51,379,520
5/12/2020 6:00,3418,3098,2974,3570,3575,3572,152,477,598
5/12/2020 6:30,3400,2999,3040,3691,3703,3688,291,704,648
5/12/2020 7:00,3364,2996,3081,3840,3860,3873,476,864,792
5/12/2020 7:30,3311,2954,3140,4025,4021,4079,714,1067,939
5/12/2020 8:00,3236,2929,3058,4238,4183,4241,1002,1254,1183
5/12/2020 8:30,3139,2854,3024,4441,4373,4384,1302,1519,1360
5/12/2020 9:00,3042,2787,3106,4624,4579,4633,1582,1792,1527
5/12/2020 9:30,2947,2761,3105,4781,4752,4819,1834,1991,1714
5/12/2020 10:00,2853,2690,3005,4907,4880,4968,2054,2190,1963
5/12/2020 10:30,2760,2637,2869,4983,4961,5032,2223,2324,2163
5/12/2020 11:00,2685,2590,2788,5015,5006,5107,2330,2416,2319
5/12/2020 11:30,2628,2694,2711,5052,5049,5110,2424,2355,2399
5/12/2020 12:00,2539,2630,2657,5095,5091,5145,2556,2461,2488
5/12/2020 12:30,2419,2543,2583,5101,5100,5180,2682,2557,2597
5/12/2020 13:00,2283,2421,2369,5067,5070,5134,2784,2649,2765
5/12/2020 13:30,2132,2271,2332,5012,5032,5073,2880,2761,2741
5/12/2020 14:00,1985,2129,2141,4948,4972,4988,2963,2843,2847
5/12/2020 14:30,1842,1998,2051,4897,4919,4951,3055,2921,2900
5/12/2020 15:00,1730,1858,1853,4885,4901,4958,3155,3043,3105
5/12/2020 15:30,1647,1660,1773,4996,5016,4985,3349,3356,3212
5/12/2020 16:00,1571,1575,1696,5231,5262,5136,3660,3687,3440
5/12/2020 16:30,1502,1529,1596,5505,5533,5520,4003,4004,3924
5/12/2020 17:00,1429,1485,1406,5760,5770,5803,4331,4285,4397
5/12/2020 17:30,1352,1442,1377,5848,5855,5865,4496,4413,4488
5/12/2020 18:00,1274,1394,1402,5760,5770,5815,4486,4376,4413
5/12/2020 18:30,1196,1366,1356,5603,5616,5683,4407,4250,4327
5/12/2020 19:00,1111,1300,1349,5414,5424,5540,4303,4124,4191
5/12/2020 19:30,1017,1154,1263,5237,5239,5375,4220,4085,4112
5/12/2020 20:00,923,1076,1136,5080,5082,5189,4157,4006,4053
5/12/2020 20:30,828,904,944,4931,4933,5021,4103,4029,4077
5/12/2020 21:00,740,830,844,4786,4799,4906,4046,3969,4062
5/12/2020 21:30,661,773,733,4635,4636,4736,3974,3863,4003
5/12/2020 22:00,593,706,599,4481,4469,4597,3888,3763,3998
5/12/2020 22:30,537,712,520,4349,4334,4426,3812,3622,3906
5/12/2020 23:00,615,651,484,4236,4246,4341,3621,3595,3857
5/12/2020 23:30,577,582,425,4128,4128,4213,3551,3546,3788
6/12/2020 0:00,539,536,390,4011,3976,4051,3472,3440,3661
6/12/2020 0:30,500,387,324,3878,3834,3904,3378,3447,3580
6/12/2020 1:00,473,357,259,3736,3715,3779,3263,3358,3520
6/12/2020 1:30,458,317,218,3621,3616,3674,3163,3299,3456
6/12/2020 2:00,433,298,216,3539,3536,3586,3106,3238,3370
6/12/2020 2:30,400,273,209,3471,3474,3519,3071,3201,3310
6/12/2020 3:00,377,267,191,3415,3424,3480,3038,3157,3289
6/12/2020 3:30,364,243,174,3375,3406,3458,3011,3163,3284
6/12/2020 4:00,352,234,145,3356,3391,3440,3004,3157,3295
6/12/2020 4:30,341,203,109,3364,3387,3422,3023,3184,3313
6/12/2020 5:00,321,193,94,3396,3389,3424,3075,3196,3330
6/12/2020 5:30,290,157,97,3434,3415,3424,3144,3258,3327
6/12/2020 6:00,265,152,94,3477,3465,3486,3212,3313,3392
6/12/2020 6:30,245,137,88,3546,3546,3570,3301,3409,3482
6/12/2020 7:00,225,126,77,3641,3647,3683,3416,3521,3606
6/12/2020 7:30,203,82,66,3748,3757,3811,3545,3675,3745
6/12/2020 8:00,179,76,57,3872,3875,3932,3693,3799,3875
6/12/2020 8:30,153,65,56,4038,4045,4065,3885,3980,4009
6/12/2020 9:00,126,53,44,4246,4260,4315,4120,4207,4271
6/12/2020 9:30,100,42,21,4463,4477,4547,4363,4435,4526
6/12/2020 10:00,77,34,0,4670,4685,4764,4593,4651,4764
6/12/2020 10:30,58,19,0,4825,4839,4918,4767,4820,4918
6/12/2020 11:00,45,17,0,4930,4952,5038,4885,4935,5038
6/12/2020 11:30,40,12,0,5037,5060,5112,4997,5048,5112
6/12/2020 12:00,37,11,0,5145,5165,5218,5108,5154,5218
6/12/2020 12:30,34,10,0,5193,5208,5292,5159,5198,5292
6/12/2020 13:00,33,9,0,5173,5179,5287,5140,5170,5287
6/12/2020 13:30,32,6,0,5123,5131,5208,5091,5125,5208
6/12/2020 14:00,33,6,0,5058,5069,5147,5025,5063,5147
6/12/2020 14:30,36,6,0,5002,5024,5126,4966,5018,5126
6/12/2020 15:00,39,8,0,4987,5019,5147,4948,5011,5147
6/12/2020 15:30,43,12,0,5127,5158,5209,5084,5146,5209
6/12/2020 16:00,49,18,0,5408,5423,5394,5359,5405,5394
6/12/2020 16:30,56,27,46,5670,5677,5765,5614,5650,5719
6/12/2020 17:00,66,42,64,5860,5864,6011,5794,5822,5947
6/12/2020 17:30,80,61,84,5924,5931,6112,5844,5870,6028
6/12/2020 18:00,96,77,122,5862,5870,6017,5766,5793,5895
6/12/2020 18:30,113,106,141,5735,5755,5868,5622,5649,5727
6/12/2020 19:00,134,132,157,5568,5606,5729,5434,5474,5572
6/12/2020 19:30,158,171,167,5405,5449,5582,5247,5278,5415
6/12/2020 20:00,184,212,211,5253,5299,5415,5069,5087,5204
6/12/2020 20:30,211,287,265,5096,5133,5253,4885,4846,4988
6/12/2020 21:00,238,330,324,4929,4963,5088,4691,4633,4764
6/12/2020 21:30,264,367,382,4745,4764,4899,4481,4397,4517
6/12/2020 22:00,290,395,416,4554,4567,4674,4264,4172,4258
6/12/2020 22:30,315,408,464,4392,4419,4451,4077,4011,3987
6/12/2020 23:00,379,424,503,4311,4322,4331,3932,3898,3828
6/12/2020 23:30,390,437,545,4171,4180,4184,3781,3743,3639
7/12/2020 0:00,401,441,502,3990,3994,3996,3589,3553,3494
7/12/2020 0:30,412,408,506,3857,3859,3866,3445,3451,3360
7/12/2020 1:00,407,398,524,3780,3784,3775,3373,3386,3251
7/12/2020 1:30,385,407,531,3713,3718,3689,3328,3311,3158
7/12/2020 2:00,368,385,499,3646,3651,3616,3278,3266,3117
7/12/2020 2:30,355,445,486,3598,3609,3571,3243,3164,3085
7/12/2020 3:00,343,425,493,3570,3585,3529,3227,3160,3036
7/12/2020 3:30,331,412,473,3555,3579,3521,3224,3167,3048
7/12/2020 4:00,325,396,492,3554,3579,3536,3229,3183,3044
7/12/2020 4:30,326,356,453,3568,3599,3529,3242,3243,3076
7/12/2020 5:00,330,345,398,3613,3645,3576,3283,3300,3178
7/12/2020 5:30,337,359,362,3749,3782,3662,3412,3423,3300
7/12/2020 6:00,341,348,343,3996,4025,3895,3655,3677,3552
7/12/2020 6:30,340,409,348,4373,4410,4167,4033,4001,3819
7/12/2020 7:00,333,381,342,4837,4877,4639,4504,4496,4297
7/12/2020 7:30,320,329,330,5208,5231,5128,4888,4902,4798
7/12/2020 8:00,306,308,337,5449,5429,5448,5143,5121,5111
7/12/2020 8:30,294,250,336,5588,5561,5546,5294,5311,5210
7/12/2020 9:00,277,227,336,5648,5642,5677,5371,5415,5341
7/12/2020 9:30,257,172,308,5685,5694,5792,5428,5522,5484
7/12/2020 10:00,240,150,277,5712,5725,5835,5472,5575,5558
7/12/2020 10:30,227,132,248,5726,5740,5857,5499,5608,5609
7/12/2020 11:00,222,114,197,5732,5751,5881,5510,5637,5684
7/12/2020 11:30,225,175,172,5760,5780,5888,5535,5605,5716
7/12/2020 12:00,235,162,169,5800,5817,5923,5565,5655,5754
7/12/2020 12:30,255,163,148,5798,5817,5943,5543,5654,5795
7/12/2020 13:00,276,169,142,5750,5777,5925,5474,5608,5783
7/12/2020 13:30,301,184,167,5710,5748,5827,5409,5564,5660
7/12/2020 14:00,329,207,166,5691,5737,5778,5362,5530,5612
7/12/2020 14:30,362,240,173,5692,5746,5760,5330,5506,5587
7/12/2020 15:00,397,277,191,5737,5797,5828,5340,5520,5637
7/12/2020 15:30,433,287,234,5909,5974,5935,5476,5687,5701
7/12/2020 16:00,477,329,296,6198,6262,6147,5721,5933,5851
7/12/2020 16:30,530,357,346,6468,6537,6583,5938,6180,6237
7/12/2020 17:00,575,409,374,6661,6736,6839,6086,6327,6465
7/12/2020 17:30,612,484,429,6688,6767,6880,6076,6283,6451
7/12/2020 18:00,647,532,501,6554,6627,6710,5907,6095,6209
7/12/2020 18:30,679,564,554,6383,6449,6501,5704,5885,5947
7/12/2020 19:00,714,596,585,6207,6261,6286,5493,5665,5701
7/12/2020 19:30,753,585,597,6030,6076,6090,5277,5491,5493
7/12/2020 20:00,787,620,636,5851,5904,5886,5064,5284,5250
7/12/2020 20:30,817,596,642,5666,5722,5687,4849,5126,5045
7/12/2020 21:00,846,620,699,5468,5533,5497,4622,4913,4798
7/12/2020 21:30,876,653,757,5229,5295,5259,4353,4642,4502
7/12/2020 22:00,907,691,818,4965,5038,4974,4058,4347,4156
7/12/2020 22:30,939,726,860,4758,4803,4703,3819,4077,3843
7/12/2020 23:00,777,767,940,4649,4631,4542,3872,3864,3602
7/12/2020 23:30,809,869,898,4440,4420,4338,3631,3551,3440
8/12/2020 0:00,859,935,929,4195,4173,4145,3336,3238,3216
8/12/2020 0:30,926,1025,904,4011,3990,4002,3085,2965,3098
8/12/2020 1:00,1002,1129,1027,3899,3878,3883,2897,2749,2856
8/12/2020 1:30,1087,1237,1115,3805,3787,3804,2718,2550,2689
8/12/2020 2:00,1161,1331,1324,3719,3697,3735,2558,2366,2411
8/12/2020 2:30,1223,1369,1368,3651,3631,3671,2428,2262,2303
8/12/2020 3:00,1284,1432,843,3605,3582,3628,2321,2150,2785
8/12/2020 3:30,1344,1493,1733,3582,3559,3598,2238,2066,1865
8/12/2020 4:00,1409,1548,1847,3579,3557,3603,2170,2009,1756
8/12/2020 4:30,1479,1623,1995,3589,3569,3607,2110,1946,1612
8/12/2020 5:00,1556,1695,2108,3624,3604,3661,2068,1909,1553
8/12/2020 5:30,1641,1700,2134,3738,3723,3730,2097,2023,1596
8/12/2020 6:00,1691,1745,2068,3956,3946,3971,2265,2201,1903
8/12/2020 6:30,1706,1794,2131,4313,4304,4279,2607,2510,2148
8/12/2020 7:00,1737,1840,2207,4771,4758,4729,3034,2918,2522
8/12/2020 7:30,1784,2054,2318,5141,5130,5175,3357,3076,2857
8/12/2020 8:00,1821,2109,2334,5380,5381,5476,3559,3272,3142
8/12/2020 8:30,1849,2263,2435,5521,5530,5547,3672,3267,3112
8/12/2020 9:00,1882,2274,2534,5584,5596,5657,3702,3322,3123
8/12/2020 9:30,1920,2299,2497,5618,5632,5740,3698,3333,3243
8/12/2020 10:00,1952,2268,2390,5634,5651,5736,3682,3383,3346
8/12/2020 10:30,1979,2220,2442,5628,5633,5769,3649,3413,3327
8/12/2020 11:00,2003,2202,2485,5609,5614,5787,3606,3412,3302
8/12/2020 11:30,2025,2251,2464,5620,5627,5747,3595,3376,3283
8/12/2020 12:00,2051,2245,2580,5657,5666,5776,3606,3421,3196
8/12/2020 12:30,2081,2242,2570,5655,5667,5818,3574,3425,3248
8/12/2020 13:00,2117,2248,2570,5612,5624,5773,3495,3376,3203
8/12/2020 13:30,2159,2323,2546,5574,5580,5651,3415,3257,3105
8/12/2020 14:00,2183,2344,2576,5554,5547,5618,3371,3203,3042
8/12/2020 14:30,2189,2377,2513,5555,5538,5603,3366,3161,3090
8/12/2020 15:00,2202,2347,2463,5597,5578,5695,3395,3231,3232
8/12/2020 15:30,2221,2366,2495,5761,5757,5783,3540,3391,3288
8/12/2020 16:00,2228,2320,2502,6041,6060,5991,3813,3740,3489
8/12/2020 16:30,2222,2275,2546,6327,6354,6409,4105,4079,3863
8/12/2020 17:00,2206,2214,2614,6560,6575,6689,4354,4361,4075
8/12/2020 17:30,2180,2165,2431,6605,6611,6705,4425,4446,4274
8/12/2020 18:00,2143,2087,2324,6467,6468,6548,4324,4381,4224
8/12/2020 18:30,2096,1998,2198,6292,6288,6341,4196,4290,4143
8/12/2020 19:00,2034,1922,2210,6118,6106,6178,4084,4184,3968
8/12/2020 19:30,1958,2066,2141,5947,5925,6019,3989,3859,3878
8/12/2020 20:00,1871,1960,2018,5778,5743,5841,3907,3783,3823
8/12/2020 20:30,1775,1819,1935,5603,5558,5671,3828,3739,3736
8/12/2020 21:00,1666,1700,1793,5413,5360,5489,3747,3660,3696
8/12/2020 21:30,1544,1561,1702,5183,5116,5239,3639,3555,3537
8/12/2020 22:00,1438,1454,1581,4926,4840,4975,3488,3386,3394
8/12/2020 22:30,1349,1374,1470,4721,4639,4707,3372,3265,3237
8/12/2020 23:00,1262,1262,1335,4460,4479,4519,3198,3217,3184
8/12/2020 23:30,1191,1141,1107,4285,4304,4348,3094,3163,3241
9/12/2020 0:00,1123,1058,996,4094,4112,4146,2971,3054,3150
9/12/2020 0:30,1057,1048,884,3946,3965,3996,2889,2917,3112
9/12/2020 1:00,996,994,915,3849,3872,3902,2853,2878,2987
9/12/2020 1:30,939,907,978,3775,3799,3832,2836,2892,2854
9/12/2020 2:00,873,867,884,3714,3737,3750,2841,2870,2866
9/12/2020 2:30,798,789,831,3659,3680,3705,2861,2891,2874
9/12/2020 3:00,745,751,779,3613,3630,3648,2868,2879,2869
9/12/2020 3:30,715,662,773,3594,3605,3631,2879,2943,2858
9/12/2020 4:00,700,670,728,3599,3606,3627,2899,2936,2899
9/12/2020 4:30,699,753,743,3613,3620,3634,2914,2867,2891
9/12/2020 5:00,727,812,833,3645,3651,3699,2918,2839,2866
9/12/2020 5:30,783,860,882,3762,3767,3780,2979,2907,2898
9/12/2020 6:00,848,976,1059,3984,3991,3999,3136,3015,2940
9/12/2020 6:30,919,1080,1248,4339,4348,4294,3420,3268,3046
9/12/2020 7:00,1015,1253,1493,4790,4799,4763,3775,3546,3270
9/12/2020 7:30,1135,1451,1702,5161,5167,5235,4026,3716,3533
9/12/2020 8:00,1285,1650,1797,5413,5414,5543,4128,3764,3746
9/12/2020 8:30,1464,1987,1951,5565,5564,5593,4101,3577,3642
9/12/2020 9:00,1622,2138,2133,5636,5636,5699,4014,3498,3566
9/12/2020 9:30,1760,2272,2296,5677,5681,5778,3917,3409,3482
9/12/2020 10:00,1899,2380,2420,5701,5711,5766,3802,3331,3346
9/12/2020 10:30,2039,2522,2536,5711,5719,5826,3672,3197,3290
9/12/2020 11:00,2148,2568,2545,5716,5724,5875,3568,3156,3330
9/12/2020 11:30,2226,2558,2657,5741,5750,5903,3515,3192,3246
9/12/2020 12:00,2259,2518,2667,5779,5787,5927,3520,3269,3260
9/12/2020 12:30,2247,2415,2634,5780,5786,5954,3533,3371,3320
9/12/2020 13:00,2196,2307,2493,5744,5745,5917,3548,3438,3424
9/12/2020 13:30,2107,2224,2386,5717,5713,5820,3610,3489,3434
9/12/2020 14:00,1996,2096,2202,5712,5702,5803,3716,3606,3601
9/12/2020 14:30,1862,1991,2112,5733,5717,5816,3871,3726,3704
9/12/2020 15:00,1780,1854,2086,5791,5770,5893,4011,3916,3807
9/12/2020 15:30,1752,1825,1925,5937,5917,6003,4185,4092,4078
9/12/2020 16:00,1718,1723,1830,6163,6147,6223,4445,4424,4393
9/12/2020 16:30,1678,1626,1606,6390,6383,6565,4712,4757,4959
9/12/2020 17:00,1649,1615,1281,6570,6573,6755,4921,4958,5474
9/12/2020 17:30,1632,1686,1267,6593,6601,6779,4961,4915,5512
9/12/2020 18:00,1592,1730,1661,6459,6464,6630,4867,4734,4969
9/12/2020 18:30,1530,1941,1959,6283,6281,6470,4753,4340,4511
9/12/2020 19:00,1476,1982,2095,6096,6086,6275,4620,4104,4180
9/12/2020 19:30,1430,1810,2153,5910,5896,6100,4480,4086,3947
9/12/2020 20:00,1392,1814,2144,5727,5712,5902,4335,3898,3758
9/12/2020 20:30,1362,1822,2128,5542,5527,5742,4180,3705,3614
9/12/2020 21:00,1334,1780,2133,5345,5328,5514,4011,3548,3381
9/12/2020 21:30,1307,1846,1993,5104,5087,5258,3797,3241,3265
9/12/2020 22:00,1279,1799,1978,4832,4817,4984,3553,3018,3006
9/12/2020 22:30,1250,1756,1879,4613,4605,4674,3363,2849,2795
9/12/2020 23:00,1393,1716,1873,4432,4439,4495,3039,2723,2622
9/12/2020 23:30,1357,1804,1965,4253,4263,4330,2896,2459,2365
10/12/2020 0:00,1309,1750,1906,4056,4071,4149,2747,2321,2243
10/12/2020 0:30,1248,1701,1766,3906,3921,4004,2658,2220,2238
10/12/2020 1:00,1172,1602,1633,3809,3820,3899,2637,2218,2266
10/12/2020 1:30,1083,1501,1462,3736,3743,3805,2653,2242,2343
10/12/2020 2:00,988,1361,1421,3677,3681,3743,2689,2320,2322
10/12/2020 2:30,890,1145,1243,3619,3621,3663,2729,2476,2420
10/12/2020 3:00,815,1032,1061,3565,3567,3600,2750,2535,2539
10/12/2020 3:30,763,993,983,3539,3555,3575,2776,2562,2592
10/12/2020 4:00,720,905,822,3543,3559,3573,2823,2654,2751
10/12/2020 4:30,686,801,654,3554,3585,3574,2868,2784,2920
10/12/2020 5:00,659,746,645,3584,3639,3637,2925,2893,2992
10/12/2020 5:30,637,704,625,3698,3756,3728,3061,3052,3103
10/12/2020 6:00,615,652,570,3917,3964,3938,3302,3312,3368
10/12/2020 6:30,595,566,537,4272,4338,4220,3677,3772,3683
10/12/2020 7:00,596,549,537,4724,4830,4673,4128,4281,4136
10/12/2020 7:30,618,526,583,5098,5184,5133,4480,4658,4550
10/12/2020 8:00,663,567,596,5355,5382,5402,4692,4815,4806
10/12/2020 8:30,730,577,750,5509,5502,5421,4779,4925,4671
10/12/2020 9:00,810,687,901,5575,5561,5518,4765,4874,4617
10/12/2020 9:30,903,825,1064,5603,5586,5557,4700,4761,4493
10/12/2020 10:00,1007,1022,1302,5608,5591,5563,4601,4569,4261
10/12/2020 10:30,1123,1243,1555,5603,5580,5564,4480,4337,4009
10/12/2020 11:00,1288,1483,1890,5598,5574,5568,4310,4091,3678
10/12/2020 11:30,1503,1755,2169,5620,5591,5540,4117,3836,3371
10/12/2020 12:00,1709,1974,2477,5663,5624,5602,3954,3650,3125
10/12/2020 12:30,1906,2359,2752,5673,5630,5661,3767,3271,2909
10/12/2020 13:00,2082,2517,2968,5646,5602,5662,3564,3085,2694
10/12/2020 13:30,2237,2623,3031,5626,5585,5605,3389,2962,2574
10/12/2020 14:00,2356,2708,3065,5624,5583,5615,3268,2875,2550
10/12/2020 14:30,2439,2819,3052,5647,5610,5643,3208,2791,2591
10/12/2020 15:00,2473,2888,2924,5710,5676,5703,3237,2788,2779
10/12/2020 15:30,2458,3072,3057,5860,5835,5871,3402,2763,2814
10/12/2020 16:00,2475,3127,3273,6087,6074,6125,3612,2947,2852
10/12/2020 16:30,2523,3228,3386,6307,6303,6439,3784,3075,3053
10/12/2020 17:00,2577,3161,3233,6476,6471,6582,3899,3310,3349
10/12/2020 17:30,2636,3051,3159,6493,6491,6602,3857,3440,3443
10/12/2020 18:00,2650,2931,3017,6360,6355,6439,3710,3424,3422
10/12/2020 18:30,2618,2761,2807,6186,6183,6229,3568,3422,3422
10/12/2020 19:00,2560,2662,2671,6003,6002,6040,3443,3340,3369
10/12/2020 19:30,2477,2641,2570,5822,5826,5886,3345,3185,3316
10/12/2020 20:00,2395,2578,2416,5644,5667,5675,3249,3089,3259
10/12/2020 20:30,2312,2513,2264,5462,5490,5512,3150,2977,3248
10/12/2020 21:00,2228,2433,2368,5267,5305,5335,3039,2872,2967
10/12/2020 21:30,2142,2336,2360,5032,5075,5102,2890,2739,2742
10/12/2020 22:00,2046,2237,2214,4768,4832,4842,2722,2595,2628
10/12/2020 22:30,1939,2039,2085,4554,4613,4585,2615,2574,2500
10/12/2020 23:00,2009,1957,1899,4430,4435,4422,2421,2478,2523
10/12/2020 23:30,1917,1879,1723,4262,4265,4252,2345,2386,2529
11/12/2020 0:00,1855,1806,1547,4102,4103,4053,2247,2297,2506
11/12/2020 0:30,1825,1780,1523,3960,3959,3914,2135,2179,2391
11/12/2020 1:00,1783,1701,1478,3840,3841,3812,2057,2140,2334
11/12/2020 1:30,1729,1621,1339,3747,3752,3711,2018,2131,2372
11/12/2020 2:00,1684,1535,1330,3679,3681,3619,1995,2146,2289
11/12/2020 2:30,1647,1246,1306,3622,3624,3565,1975,2378,2259
11/12/2020 3:00,1586,1158,1144,3573,3572,3525,1987,2414,2381
11/12/2020 3:30,1501,1023,1072,3544,3549,3495,2043,2526,2423
11/12/2020 4:00,1424,938,1054,3539,3542,3498,2115,2604,2444
11/12/2020 4:30,1355,845,1009,3561,3566,3497,2206,2721,2488
11/12/2020 5:00,1287,781,880,3615,3619,3561,2328,2838,2681
11/12/2020 5:30,1219,779,759,3728,3733,3649,2509,2954,2890
11/12/2020 6:00,1147,700,758,3921,3924,3901,2774,3224,3143
11/12/2020 6:30,1070,583,752,4260,4270,4174,3190,3687,3422
11/12/2020 7:00,996,516,687,4709,4722,4636,3713,4206,3949
11/12/2020 7:30,924,478,526,5063,5068,5101,4139,4590,4575
11/12/2020 8:00,825,433,455,5281,5262,5380,4456,4829,4925
11/12/2020 8:30,698,416,431,5410,5382,5415,4712,4966,4984
11/12/2020 9:00,615,449,453,5473,5444,5477,4858,4995,5024
11/12/2020 9:30,574,500,492,5509,5485,5555,4935,4985,5063
11/12/2020 10:00,559,598,539,5529,5510,5558,4970,4912,5019
11/12/2020 10:30,570,745,641,5534,5497,5559,4964,4752,4918
11/12/2020 11:00,615,848,804,5532,5483,5582,4917,4635,4778
11/12/2020 11:30,695,951,932,5549,5500,5571,4854,4549,4639
11/12/2020 12:00,773,1090,1076,5581,5547,5553,4808,4457,4477
11/12/2020 12:30,850,1237,1110,5581,5555,5571,4731,4318,4461
11/12/2020 13:00,971,1392,1313,5543,5521,5543,4572,4129,4230
11/12/2020 13:30,1136,1550,1540,5496,5486,5476,4360,3936,3936
11/12/2020 14:00,1300,1644,1742,5451,5456,5510,4151,3812,3768
11/12/2020 14:30,1462,1678,1690,5430,5448,5458,3968,3770,3768
11/12/2020 15:00,1597,1744,1711,5457,5478,5474,3860,3734,3763
11/12/2020 15:30,1704,1792,1690,5613,5621,5527,3909,3829,3837
11/12/2020 16:00,1802,1862,1785,5884,5865,5677,4082,4003,3892
11/12/2020 16:30,1892,1910,1906,6134,6112,6030,4242,4202,4124
11/12/2020 17:00,1985,1951,1957,6309,6298,6228,4324,4347,4271
11/12/2020 17:30,2082,2061,2055,6331,6327,6297,4249,4266,4242
11/12/2020 18:00,2177,2042,2081,6207,6188,6211,4030,4146,4130
11/12/2020 18:30,2269,1922,2078,6042,6021,6076,3773,4099,3998
11/12/2020 19:00,2291,1942,2082,5866,5853,5884,3575,3911,3802
11/12/2020 19:30,2242,1977,2123,5698,5682,5735,3456,3705,3612
11/12/2020 20:00,2198,2028,2094,5537,5518,5545,3339,3490,3451
11/12/2020 20:30,2161,2011,2130,5370,5347,5364,3209,3336,3234
11/12/2020 21:00,2127,2026,2080,5189,5171,5200,3062,3145,3120
11/12/2020 21:30,2097,2090,1984,4975,4946,4971,2878,2856,2987
11/12/2020 22:00,2063,2069,1993,4742,4703,4766,2679,2634,2773
11/12/2020 22:30,2024,2049,1961,4557,4519,4573,2533,2470,2612
11/12/2020 23:00,2040,2006,1922,4397,4403,4467,2357,2397,2545
11/12/2020 23:30,2005,1921,1953,4266,4271,4304,2261,2350,2351
12/12/2020 0:00,1980,1903,1911,4111,4119,4104,2131,2216,2193
12/12/2020 0:30,1965,1911,1902,3963,3970,3920,1998,2059,2018
12/12/2020 1:00,1938,1913,1862,3828,3836,3793,1890,1923,1931
12/12/2020 1:30,1901,1843,1920,3705,3714,3700,1804,1871,1780
12/12/2020 2:00,1873,1838,1994,3596,3605,3623,1723,1767,1629
12/12/2020 2:30,1853,1758,2099,3511,3519,3556,1658,1761,1457
12/12/2020 3:00,1838,1759,1989,3451,3458,3489,1613,1699,1500
12/12/2020 3:30,1826,1790,1993,3418,3430,3480,1592,1640,1487
12/12/2020 4:00,1793,1791,1939,3407,3420,3460,1614,1629,1521
12/12/2020 4:30,1739,1894,1974,3405,3418,3460,1666,1524,1486
12/12/2020 5:00,1720,1877,1866,3417,3426,3452,1697,1549,1586
12/12/2020 5:30,1736,1862,1716,3481,3490,3464,1745,1628,1748
12/12/2020 6:00,1742,1833,1692,3603,3610,3580,1861,1777,1888
12/12/2020 6:30,1736,1804,1674,3757,3766,3722,2021,1962,2048
12/12/2020 7:00,1701,1742,1605,3935,3942,3899,2234,2200,2294
12/12/2020 7:30,1636,1647,1535,4126,4126,4125,2490,2479,2590
12/12/2020 8:00,1568,1584,1539,4323,4304,4324,2755,2720,2785
12/12/2020 8:30,1496,1489,1581,4510,4488,4486,3014,2999,2905
12/12/2020 9:00,1413,1426,1419,4680,4664,4672,3267,3238,3253
12/12/2020 9:30,1319,1348,1264,4830,4820,4851,3511,3472,3587
12/12/2020 10:00,1243,1278,1149,4950,4948,4970,3707,3670,3821
12/12/2020 10:30,1185,1192,1061,5012,5026,5026,3827,3834,3965
12/12/2020 11:00,1117,1113,999,5025,5070,5044,3908,3957,4045
12/12/2020 11:30,1040,996,959,5056,5091,5068,4016,4095,4109
12/12/2020 12:00,970,926,905,5106,5096,5068,4136,4170,4163
12/12/2020 12:30,908,903,803,5122,5087,5086,4214,4184,4283
12/12/2020 13:00,833,819,703,5096,5062,5056,4263,4243,4353
12/12/2020 13:30,746,607,605,5051,5028,4998,4305,4421,4393
12/12/2020 14:00,671,526,572,5000,4986,4951,4329,4460,4379
12/12/2020 14:30,609,433,450,4962,4946,4928,4353,4513,4478
12/12/2020 15:00,552,412,402,4967,4932,4943,4415,4520,4541
12/12/2020 15:30,501,462,415,5110,5040,5039,4609,4578,4624
12/12/2020 16:00,487,507,432,5385,5264,5244,4898,4757,4812
12/12/2020 16:30,511,601,537,5659,5525,5623,5148,4924,5086
12/12/2020 17:00,572,719,614,5877,5765,5896,5305,5046,5282
12/12/2020 17:30,670,840,732,5936,5865,5970,5266,5025,5238
12/12/2020 18:00,803,1018,985,5839,5806,5877,5036,4788,4892
12/12/2020 18:30,971,1121,1253,5686,5672,5730,4715,4551,4477
12/12/2020 19:00,1156,1338,1486,5508,5492,5540,4352,4154,4054
12/12/2020 19:30,1358,1570,1727,5332,5310,5392,3974,3740,3665
12/12/2020 20:00,1572,1796,2128,5166,5149,5255,3594,3353,3127
12/12/2020 20:30,1799,2096,2322,5018,4995,5088,3219,2899,2766
12/12/2020 21:00,2015,2314,2528,4879,4860,4954,2864,2546,2426
12/12/2020 21:30,2221,2589,2740,4710,4690,4778,2489,2101,2038
12/12/2020 22:00,2404,2762,2867,4518,4515,4607,2114,1753,1740
12/12/2020 22:30,2562,2996,3096,4373,4384,4432,1811,1388,1336
12/12/2020 23:00,2930,3095,3342,4294,4298,4374,1364,1203,1032
12/12/2020 23:30,3016,3197,3372,4170,4172,4255,1154,975,883
13/12/2020 0:00,3081,3245,3308,4001,4005,4135,920,760,827
13/12/2020 0:30,3125,3232,3228,3839,3843,3930,714,611,702
13/12/2020 1:00,3121,3218,3239,3698,3705,3792,577,487,553
13/12/2020 1:30,3071,3161,3190,3585,3591,3675,514,430,485
13/12/2020 2:00,2971,3059,3108,3499,3501,3588,528,442,480
13/12/2020 2:30,2821,2934,3000,3432,3435,3486,611,501,486
13/12/2020 3:00,2692,2790,2806,3384,3388,3384,692,598,578
13/12/2020 3:30,2584,2650,2716,3355,3365,3353,771,715,637
13/12/2020 4:00,2515,2541,2570,3341,3349,3348,826,808,778
13/12/2020 4:30,2487,2392,2416,3325,3334,3314,838,942,898
13/12/2020 5:00,2442,2318,2342,3313,3320,3304,871,1002,962
13/12/2020 5:30,2379,2275,2237,3332,3337,3288,953,1062,1051
13/12/2020 6:00,2363,2281,2203,3389,3391,3357,1026,1110,1154
13/12/2020 6:30,2395,2368,2063,3479,3482,3401,1084,1114,1338
13/12/2020 7:00,2446,2407,2187,3596,3599,3533,1150,1192,1346
13/12/2020 7:30,2517,2407,2483,3723,3717,3674,1206,1310,1191
13/12/2020 8:00,2561,2470,2519,3862,3835,3793,1301,1365,1274
13/12/2020 8:30,2578,2421,2497,4032,4009,3949,1454,1588,1452
13/12/2020 9:00,2598,2470,2555,4233,4225,4150,1635,1755,1595
13/12/2020 9:30,2623,2548,2803,4436,4437,4431,1813,1889,1628
13/12/2020 10:00,2655,2621,2767,4629,4624,4658,1974,2003,1891
13/12/2020 10:30,2692,2757,2912,4789,4764,4868,2097,2007,1956
13/12/2020 11:00,2731,2788,2962,4913,4876,4980,2182,2088,2018
13/12/2020 11:30,2770,2761,3206,5022,4983,5076,2252,2222,1870
13/12/2020 12:00,2810,2786,3210,5111,5083,5192,2301,2297,1982
13/12/2020 12:30,2852,2893,3195,5153,5132,5244,2301,2239,2049
13/12/2020 13:00,2890,2934,3210,5147,5124,5262,2257,2190,2052
13/12/2020 13:30,2924,2985,3196,5122,5081,5199,2198,2096,2003
13/12/2020 14:00,2949,3030,3143,5086,5016,5102,2137,1986,1959
13/12/2020 14:30,2963,3050,3221,5047,4979,5019,2084,1929,1798
13/12/2020 15:00,3005,3111,3224,5031,4998,5085,2026,1887,1861
13/12/2020 15:30,3074,3289,3146,5130,5139,5066,2056,1850,1920
13/12/2020 16:00,3128,3330,3186,5339,5389,5239,2211,2059,2053
13/12/2020 16:30,3168,3377,3268,5557,5625,5547,2389,2248,2279
13/12/2020 17:00,3220,3434,3315,5739,5796,5742,2519,2362,2427
13/12/2020 17:30,3283,3498,3446,5808,5839,5875,2525,2341,2429
13/12/2020 18:00,3339,3550,3474,5757,5747,5777,2418,2197,2303
13/12/2020 18:30,3388,3509,3462,5633,5609,5659,2245,2100,2197
13/12/2020 19:00,3423,3514,3469,5462,5448,5513,2039,1934,2044
13/12/2020 19:30,3446,3482,3417,5295,5301,5331,1849,1819,1914
13/12/2020 20:00,3449,3459,3423,5140,5176,5191,1691,1717,1768
13/12/2020 20:30,3433,3360,3393,4980,5023,5065,1547,1663,1672
13/12/2020 21:00,3409,3310,3367,4806,4841,4903,1397,1531,1536
13/12/2020 21:30,3379,3265,3367,4604,4625,4704,1225,1360,1337
13/12/2020 22:00,3331,3200,3341,4384,4405,4506,1053,1205,1165
13/12/2020 22:30,3265,3138,3241,4206,4229,4275,941,1091,1034
13/12/2020 23:00,3093,3058,3091,4108,4112,4108,1015,1054,1017
13/12/2020 23:30,3016,2972,2938,3969,3975,3954,953,1003,1016
14/12/2020 0:00,2935,2892,2807,3808,3814,3763,873,922,956
14/12/2020 0:30,2850,2846,2811,3676,3681,3650,826,835,839
14/12/2020 1:00,2789,2800,2738,3580,3582,3554,791,782,816
14/12/2020 1:30,2751,2758,2659,3504,3505,3450,753,747,791
14/12/2020 2:00,2714,2740,2604,3440,3439,3384,726,699,780
14/12/2020 2:30,2678,2702,2513,3383,3383,3307,705,681,794
14/12/2020 3:00,2657,2700,2503,3333,3333,3284,676,633,781
14/12/2020 3:30,2653,2690,2466,3307,3305,3260,654,615,794
14/12/2020 4:00,2660,2690,2547,3305,3306,3261,645,616,714
14/12/2020 4:30,2678,2722,2515,3315,3321,3266,637,599,751
14/12/2020 5:00,2687,2740,2729,3350,3357,3391,663,617,662
14/12/2020 5:30,2687,2727,2723,3469,3479,3479,782,752,756
14/12/2020 6:00,2702,2736,2683,3698,3705,3728,996,969,1045
14/12/2020 6:30,2732,2662,2731,4081,4089,4015,1349,1427,1284
14/12/2020 7:00,2763,2679,2810,4575,4576,4479,1812,1897,1669
14/12/2020 7:30,2796,2770,2774,4964,4951,4922,2168,2181,2148
14/12/2020 8:00,2819,2754,2735,5205,5168,5223,2386,2414,2488
14/12/2020 8:30,2834,2723,2682,5342,5308,5262,2508,2585,2580
14/12/2020 9:00,2846,2727,2685,5398,5383,5336,2552,2656,2651
14/12/2020 9:30,2856,2749,2742,5416,5416,5412,2560,2667,2670
14/12/2020 10:00,2870,2784,2807,5411,5422,5453,2541,2638,2646
14/12/2020 10:30,2887,2847,2768,5400,5428,5447,2513,2581,2679
14/12/2020 11:00,2893,2869,2724,5392,5443,5474,2499,2574,2750
14/12/2020 11:30,2888,2898,2707,5403,5465,5459,2515,2567,2752
14/12/2020 12:00,2891,2884,2762,5426,5483,5479,2535,2599,2717
14/12/2020 12:30,2901,2798,2811,5421,5479,5492,2520,2681,2681
14/12/2020 13:00,2892,2791,2881,5384,5443,5477,2492,2652,2596
14/12/2020 13:30,2864,2765,2887,5352,5404,5401,2488,2639,2514
14/12/2020 14:00,2817,2755,2856,5335,5363,5363,2518,2608,2507
14/12/2020 14:30,2752,2709,2815,5345,5353,5384,2593,2644,2569
14/12/2020 15:00,2713,2665,2686,5404,5395,5439,2691,2730,2753
14/12/2020 15:30,2699,2702,2656,5599,5568,5534,2900,2866,2878
14/12/2020 16:00,2698,2671,2715,5916,5843,5701,3218,3172,2986
14/12/2020 16:30,2707,2624,2766,6213,6132,6146,3506,3508,3380
14/12/2020 17:00,2731,2626,2768,6429,6374,6430,3698,3748,3662
14/12/2020 17:30,2768,2662,2853,6456,6424,6476,3688,3762,3623
14/12/2020 18:00,2796,2673,2881,6303,6280,6314,3507,3607,3433
14/12/2020 18:30,2814,2649,2961,6118,6103,6126,3304,3454,3165
14/12/2020 19:00,2822,2659,2971,5941,5929,5966,3119,3270,2995
14/12/2020 19:30,2820,2738,2867,5781,5753,5783,2961,3015,2916
14/12/2020 20:00,2821,2733,2789,5632,5592,5601,2811,2859,2812
14/12/2020 20:30,2824,2703,2725,5460,5419,5446,2636,2716,2721
14/12/2020 21:00,2813,2696,2729,5256,5231,5268,2443,2535,2539
14/12/2020 21:30,2789,2740,2811,5016,4996,5054,2227,2256,2243
14/12/2020 22:00,2747,2699,2838,4755,4741,4780,2008,2042,1942
14/12/2020 22:30,2688,2704,2806,4543,4528,4512,1855,1824,1706
14/12/2020 23:00,2542,2650,2759,4382,4362,4345,1840,1712,1586
14/12/2020 23:30,2458,2580,2587,4178,4171,4161,1720,1591,1574
15/12/2020 0:00,2389,2535,2431,3955,3956,3972,1566,1421,1541
15/12/2020 0:30,2336,2460,2535,3789,3794,3847,1453,1334,1312
15/12/2020 1:00,2276,2394,2525,3688,3692,3754,1412,1298,1229
15/12/2020 1:30,2207,2311,2504,3604,3612,3653,1397,1301,1149
15/12/2020 2:00,2139,2238,2429,3529,3542,3618,1390,1304,1189
15/12/2020 2:30,2070,2097,2312,3476,3491,3567,1406,1394,1255
15/12/2020 3:00,2024,2043,2219,3444,3455,3501,1420,1412,1282
15/12/2020 3:30,2000,2020,2185,3426,3437,3505,1426,1417,1320
15/12/2020 4:00,1979,1992,2127,3425,3439,3498,1446,1447,1371
15/12/2020 4:30,1961,2040,2064,3458,3473,3492,1497,1433,1428
15/12/2020 5:00,1960,2039,2080,3535,3545,3553,1575,1506,1473
15/12/2020 5:30,1975,2068,2038,3681,3681,3634,1706,1613,1596
15/12/2020 6:00,1992,2105,2042,3912,3901,3854,1920,1796,1812
15/12/2020 6:30,2011,2150,1997,4274,4270,4144,2263,2120,2147
15/12/2020 7:00,2048,2171,2070,4731,4740,4609,2683,2569,2539
15/12/2020 7:30,2102,2164,2127,5097,5105,5125,2995,2941,2998
15/12/2020 8:00,2144,2157,2068,5333,5321,5335,3189,3164,3267
15/12/2020 8:30,2173,2155,1857,5471,5450,5362,3298,3295,3505
15/12/2020 9:00,2199,2179,1842,5529,5510,5432,3330,3331,3590
15/12/2020 9:30,2219,2166,1795,5545,5533,5471,3326,3367,3676
15/12/2020 10:00,2225,2135,1780,5536,5534,5390,3311,3399,3610
15/12/2020 10:30,2214,2106,1866,5528,5521,5486,3314,3415,3620
15/12/2020 11:00,2198,2111,1793,5529,5510,5461,3331,3399,3668
15/12/2020 11:30,2177,2172,1897,5541,5518,5442,3364,3346,3545
15/12/2020 12:00,2168,2242,1992,5557,5536,5460,3389,3294,3468
15/12/2020 12:30,2169,2151,1993,5546,5531,5467,3377,3380,3474
15/12/2020 13:00,2223,2185,2108,5506,5494,5456,3283,3309,3348
15/12/2020 13:30,2328,2100,2185,5457,5450,5371,3129,3350,3186
15/12/2020 14:00,2358,2086,2173,5412,5403,5340,3054,3317,3167
15/12/2020 14:30,2311,2096,2216,5403,5396,5332,3092,3300,3116
15/12/2020 15:00,2280,2041,2145,5454,5446,5399,3174,3405,3254
15/12/2020 15:30,2264,2006,2075,5631,5614,5492,3367,3608,3417
15/12/2020 16:00,2284,1994,2029,5919,5888,5718,3635,3894,3689
15/12/2020 16:30,2340,2010,1976,6204,6185,6140,3864,4175,4164
15/12/2020 17:00,2404,2081,2013,6426,6435,6377,4022,4354,4364
15/12/2020 17:30,2479,2208,2285,6468,6484,6463,3989,4276,4178
15/12/2020 18:00,2556,2340,2533,6336,6331,6394,3780,3991,3861
15/12/2020 18:30,2636,2486,2649,6170,6161,6222,3534,3675,3573
15/12/2020 19:00,2708,2624,2789,6006,6002,6056,3298,3378,3267
15/12/2020 19:30,2772,2730,2861,5846,5836,5876,3074,3106,3015
15/12/2020 20:00,2843,2834,2983,5688,5668,5724,2845,2834,2741
15/12/2020 20:30,2921,2979,3056,5522,5500,5557,2601,2521,2501
15/12/2020 21:00,2982,3052,3035,5340,5328,5361,2358,2276,2326
15/12/2020 21:30,3025,3243,2997,5116,5095,5124,2091,1852,2127
15/12/2020 22:00,3056,3259,3054,4865,4827,4881,1809,1568,1827
15/12/2020 22:30,3075,3292,2982,4658,4606,4587,1583,1314,1605
15/12/2020 23:00,3225,3289,2993,4461,4463,4408,1236,1174,1415
15/12/2020 23:30,3232,3249,3001,4278,4280,4206,1046,1031,1205
16/12/2020 0:00,3237,3251,2989,4064,4060,4015,827,809,1026
16/12/2020 0:30,3241,3167,3011,3908,3901,3880,667,734,869
16/12/2020 1:00,3246,3177,3037,3820,3817,3757,574,640,720
16/12/2020 1:30,3252,3166,3057,3744,3747,3677,492,581,620
16/12/2020 2:00,3253,3162,3080,3670,3674,3612,417,512,532
16/12/2020 2:30,3249,3078,3124,3613,3621,3542,364,543,418
16/12/2020 3:00,3217,3065,3015,3577,3582,3502,360,517,487
16/12/2020 3:30,3158,2920,2966,3555,3560,3474,397,640,508
16/12/2020 4:00,3108,2895,2959,3548,3551,3490,440,656,531
16/12/2020 4:30,3066,2923,2939,3560,3564,3469,494,641,530
16/12/2020 5:00,3058,2899,2985,3603,3602,3518,545,703,533
16/12/2020 5:30,3083,2867,2972,3723,3723,3625,640,856,653
16/12/2020 6:00,3143,2915,3088,3942,3944,3857,799,1029,769
16/12/2020 6:30,3236,3056,3270,4304,4314,4138,1068,1258,868
16/12/2020 7:00,3300,3104,3510,4768,4778,4596,1468,1674,1086
16/12/2020 7:30,3333,3110,3549,5139,5135,5114,1806,2025,1565
16/12/2020 8:00,3324,3123,3509,5378,5339,5313,2054,2216,1804
16/12/2020 8:30,3272,3155,3407,5524,5464,5367,2252,2309,1960
16/12/2020 9:00,3239,3108,3406,5595,5523,5436,2356,2415,2030
16/12/2020 9:30,3226,3076,3456,5617,5540,5510,2391,2464,2054
16/12/2020 10:00,3190,2961,3313,5605,5528,5540,2415,2567,2227
16/12/2020 10:30,3130,2929,3113,5592,5491,5547,2462,2562,2434
16/12/2020 11:00,3067,2845,2943,5589,5487,5566,2522,2642,2623
16/12/2020 11:30,3000,2856,2839,5602,5495,5548,2602,2639,2709
16/12/2020 12:00,2943,2786,2743,5624,5511,5537,2681,2725,2794
16/12/2020 12:30,2897,2777,2564,5616,5502,5587,2719,2725,3023
16/12/2020 13:00,2843,2695,2528,5574,5464,5556,2731,2769,3028
16/12/2020 13:30,2781,2589,2370,5525,5432,5476,2744,2843,3106
16/12/2020 14:00,2690,2522,2218,5485,5413,5507,2795,2891,3289
16/12/2020 14:30,2571,2337,2036,5486,5414,5517,2915,3077,3481
16/12/2020 15:00,2487,2256,1892,5542,5456,5559,3055,3200,3667
16/12/2020 15:30,2438,2089,1841,5675,5603,5651,3237,3514,3810
16/12/2020 16:00,2384,2039,1683,5885,5854,5758,3501,3815,4075
16/12/2020 16:30,2323,1993,1722,6147,6118,6108,3824,4125,4386
16/12/2020 17:00,2277,1978,1846,6403,6344,6378,4126,4366,4532
16/12/2020 17:30,2247,1825,1905,6454,6408,6421,4207,4583,4516
16/12/2020 18:00,2236,1856,1983,6297,6306,6301,4061,4450,4318
16/12/2020 18:30,2244,1873,1933,6117,6149,6122,3873,4276,4189
16/12/2020 19:00,2265,1927,1969,5956,5974,5961,3691,4047,3992
16/12/2020 19:30,2300,2004,2003,5792,5805,5793,3492,3801,3790
16/12/2020 20:00,2315,2044,2054,5623,5653,5646,3308,3609,3592
16/12/2020 20:30,2312,2032,2091,5456,5484,5464,3144,3452,3373
16/12/2020 21:00,2287,2050,2061,5281,5294,5278,2994,3244,3217
16/12/2020 21:30,2239,2039,2036,5049,5051,5017,2810,3012,2981
16/12/2020 22:00,2203,2061,2134,4776,4778,4795,2573,2717,2661
16/12/2020 22:30,2181,2093,2099,4559,4550,4523,2378,2457,2424
16/12/2020 23:00,2319,2113,2103,4368,4371,4351,2049,2258,2248
16/12/2020 23:30,2294,2140,2170,4175,4177,4202,1881,2037,2032
17/12/2020 0:00,2263,2145,2202,3968,3970,3989,1705,1825,1787
17/12/2020 0:30,2228,2139,2177,3812,3811,3856,1584,1672,1679
17/12/2020 1:00,2180,2112,2207,3711,3710,3724,1531,1598,1517
17/12/2020 1:30,2120,2048,2167,3631,3632,3624,1511,1584,1457
17/12/2020 2:00,2057,1998,2176,3561,3559,3559,1504,1561,1383
17/12/2020 2:30,1992,1960,2035,3503,3503,3491,1511,1543,1456
17/12/2020 3:00,1934,1907,2037,3462,3461,3456,1528,1554,1419
17/12/2020 3:30,1884,1886,2023,3442,3444,3457,1558,1558,1434
17/12/2020 4:00,1855,1863,2002,3446,3444,3445,1591,1581,1443
17/12/2020 4:30,1848,1882,1949,3467,3465,3424,1619,1583,1475
17/12/2020 5:00,1850,1892,2060,3516,3516,3500,1666,1624,1440
17/12/2020 5:30,1861,1969,2137,3635,3636,3585,1774,1667,1448
17/12/2020 6:00,1911,2015,2105,3849,3847,3823,1938,1832,1718
17/12/2020 6:30,2001,2014,2071,4205,4208,4095,2204,2194,2024
17/12/2020 7:00,2091,2081,2109,4665,4672,4526,2574,2591,2417
17/12/2020 7:30,2181,2199,2165,5037,5036,5026,2856,2837,2861
17/12/2020 8:00,2272,2271,2234,5280,5256,5235,3008,2985,3001
17/12/2020 8:30,2363,2329,2192,5424,5391,5266,3061,3062,3074
17/12/2020 9:00,2457,2427,2283,5484,5457,5340,3027,3030,3057
17/12/2020 9:30,2553,2584,2319,5489,5482,5397,2936,2898,3078
17/12/2020 10:00,2650,2724,2385,5456,5482,5382,2806,2758,2997
17/12/2020 10:30,2749,2869,2472,5436,5476,5409,2687,2607,2937
17/12/2020 11:00,2859,3014,2713,5441,5495,5432,2582,2481,2719
17/12/2020 11:30,2980,3147,2903,5467,5532,5454,2487,2385,2551
17/12/2020 12:00,3090,3264,3044,5502,5571,5503,2412,2307,2459
17/12/2020 12:30,3188,3216,3218,5511,5574,5550,2323,2358,2332
17/12/2020 13:00,3273,3313,3316,5492,5537,5545,2219,2224,2229
17/12/2020 13:30,3346,3335,3441,5477,5531,5496,2131,2196,2055
17/12/2020 14:00,3389,3371,3494,5477,5553,5484,2088,2182,1990
17/12/2020 14:30,3404,3326,3468,5506,5582,5490,2102,2256,2022
17/12/2020 15:00,3396,3316,3479,5578,5624,5561,2182,2308,2082
17/12/2020 15:30,3365,3307,3538,5742,5755,5676,2377,2448,2138
17/12/2020 16:00,3298,3240,3409,5986,5964,5846,2688,2724,2437
17/12/2020 16:30,3194,3243,3444,6212,6180,6133,3018,2937,2689
17/12/2020 17:00,3070,3136,3468,6378,6350,6318,3308,3214,2850
17/12/2020 17:30,2926,3045,3337,6413,6372,6344,3487,3327,3007
17/12/2020 18:00,2808,2956,3279,6317,6241,6213,3509,3285,2934
17/12/2020 18:30,2715,2926,3098,6167,6078,6054,3452,3152,2956
17/12/2020 19:00,2637,2877,3042,5989,5911,5912,3352,3034,2870
17/12/2020 19:30,2573,2877,2968,5819,5749,5748,3246,2872,2780
17/12/2020 20:00,2521,2875,3194,5661,5599,5632,3140,2724,2438
17/12/2020 20:30,2482,3111,3233,5490,5425,5475,3008,2314,2242
17/12/2020 21:00,2436,3004,3014,5295,5228,5248,2859,2224,2234
17/12/2020 21:30,2384,2799,2901,5052,4989,5005,2668,2190,2104
17/12/2020 22:00,2345,2622,2801,4775,4733,4779,2430,2111,1978
17/12/2020 22:30,2320,2469,2666,4540,4511,4528,2220,2042,1862
17/12/2020 23:00,2133,2377,2391,4338,4334,4349,2205,1957,1958
17/12/2020 23:30,2094,2272,2298,4163,4157,4165,2069,1885,1867
18/12/2020 0:00,2096,2244,2150,3984,3976,3936,1888,1732,1786
18/12/2020 0:30,2139,2290,2101,3836,3824,3790,1697,1534,1689
18/12/2020 1:00,2188,2322,2405,3722,3707,3738,1534,1385,1333
18/12/2020 1:30,2243,2356,2426,3626,3613,3668,1383,1257,1242
18/12/2020 2:00,2317,2401,2326,3545,3530,3550,1228,1129,1224
18/12/2020 2:30,2411,2414,2211,3491,3481,3450,1080,1067,1239
18/12/2020 3:00,2506,2486,2167,3463,3458,3416,957,972,1249
18/12/2020 3:30,2602,2595,2350,3445,3449,3394,843,854,1044
18/12/2020 4:00,2690,2695,2449,3439,3448,3415,749,753,966
18/12/2020 4:30,2771,2763,2652,3457,3474,3431,686,711,779
18/12/2020 5:00,2863,2884,2849,3512,3530,3498,649,646,649
18/12/2020 5:30,2967,2914,2951,3630,3646,3585,663,732,634
18/12/2020 6:00,3067,3056,3103,3829,3843,3792,762,787,689
18/12/2020 6:30,3164,3174,3206,4149,4167,4052,985,993,846
18/12/2020 7:00,3213,3269,3389,4561,4575,4486,1348,1306,1097
18/12/2020 7:30,3214,3322,3405,4900,4895,4963,1686,1573,1558
18/12/2020 8:00,3181,3339,3336,5133,5090,5159,1952,1751,1823
18/12/2020 8:30,3114,3223,3229,5291,5229,5247,2177,2006,2018
18/12/2020 9:00,3034,3116,3059,5384,5322,5321,2350,2206,2262
18/12/2020 9:30,2939,2973,3118,5425,5360,5399,2486,2387,2281
18/12/2020 10:00,2863,2880,2942,5427,5354,5378,2564,2474,2436
18/12/2020 10:30,2804,2890,2896,5429,5303,5389,2625,2413,2493
18/12/2020 11:00,2739,2791,2695,5441,5309,5365,2702,2518,2670
18/12/2020 11:30,2668,2636,2462,5460,5323,5331,2792,2687,2869
18/12/2020 12:00,2595,2504,2504,5475,5341,5345,2880,2837,2841
18/12/2020 12:30,2520,2340,2438,5458,5336,5362,2938,2996,2924
18/12/2020 13:00,2449,2248,2305,5410,5308,5277,2961,3060,2972
18/12/2020 13:30,2382,2325,2250,5371,5261,5217,2989,2936,2967
18/12/2020 14:00,2311,2269,2287,5348,5205,5160,3037,2936,2873
18/12/2020 14:30,2235,2214,2318,5329,5179,5187,3094,2965,2869
18/12/2020 15:00,2223,2234,2240,5331,5209,5200,3108,2975,2960
18/12/2020 15:30,2276,2291,2102,5429,5355,5300,3153,3064,3198
18/12/2020 16:00,2327,2293,2093,5625,5607,5430,3298,3314,3337
18/12/2020 16:30,2378,2348,2040,5851,5857,5711,3473,3509,3671
18/12/2020 17:00,2450,2356,2180,6055,6047,5928,3605,3691,3748
18/12/2020 17:30,2545,2374,2176,6100,6082,5980,3555,3708,3804
18/12/2020 18:00,2641,2456,2196,5985,5961,5911,3344,3505,3715
18/12/2020 18:30,2737,2454,2321,5838,5813,5756,3101,3359,3435
18/12/2020 19:00,2813,2546,2496,5693,5668,5596,2880,3122,3100
18/12/2020 19:30,2868,2558,2677,5553,5535,5467,2685,2977,2790
18/12/2020 20:00,2929,2638,2726,5414,5414,5324,2485,2776,2598
18/12/2020 20:30,2993,2782,2736,5257,5253,5162,2264,2471,2426
18/12/2020 21:00,3024,2872,2706,5075,5054,5008,2051,2182,2302
18/12/2020 21:30,3020,2897,2688,4859,4836,4809,1839,1939,2121
18/12/2020 22:00,3016,2929,2700,4626,4626,4610,1610,1697,1910
18/12/2020 22:30,3013,3036,2756,4448,4451,4436,1435,1415,1680
18/12/2020 23:00,2996,3023,2807,4327,4326,4326,1331,1303,1519
18/12/2020 23:30,2990,3018,2875,4172,4176,4201,1182,1158,1326
19/12/2020 0:00,2975,2997,2790,3992,3998,4007,1017,1001,1217
19/12/2020 0:30,2952,2744,2942,3843,3848,3833,891,1104,891
19/12/2020 1:00,2926,2725,2881,3729,3731,3696,803,1006,815
19/12/2020 1:30,2899,2749,2718,3609,3610,3555,710,861,837
19/12/2020 2:00,2861,2696,2760,3481,3477,3473,620,781,713
19/12/2020 2:30,2812,2675,2722,3386,3385,3386,574,710,664
19/12/2020 3:00,2771,2654,2731,3331,3331,3339,560,677,608
19/12/2020 3:30,2739,2675,2549,3304,3304,3282,565,629,733
19/12/2020 4:00,2715,2672,2541,3298,3296,3260,583,624,719
19/12/2020 4:30,2699,2682,2466,3295,3297,3235,596,615,769
19/12/2020 5:00,2718,2696,2544,3302,3307,3309,584,611,765
19/12/2020 5:30,2773,2755,2610,3359,3365,3345,586,610,735
19/12/2020 6:00,2833,2813,2528,3473,3474,3422,640,661,894
19/12/2020 6:30,2900,2908,2537,3624,3625,3551,724,717,1014
19/12/2020 7:00,2931,2966,2454,3806,3805,3741,875,839,1287
19/12/2020 7:30,2927,2927,2512,4001,4004,3982,1074,1077,1470
19/12/2020 8:00,2937,2954,2701,4200,4203,4140,1263,1249,1439
19/12/2020 8:30,2963,2923,2904,4374,4374,4300,1411,1451,1396
19/12/2020 9:00,3003,2955,2837,4521,4511,4461,1518,1556,1624
19/12/2020 9:30,3057,3006,2891,4659,4662,4630,1602,1656,1739
19/12/2020 10:00,3065,3032,2889,4785,4817,4755,1720,1785,1866
19/12/2020 10:30,3027,2916,3286,4860,4911,4881,1833,1995,1595
19/12/2020 11:00,3020,2962,3337,4886,4919,4950,1866,1957,1613
19/12/2020 11:30,3043,3027,3471,4908,4921,4966,1865,1894,1495
19/12/2020 12:00,3074,3045,3533,4932,4925,5033,1858,1880,1500
19/12/2020 12:30,3113,3039,3522,4932,4915,5049,1819,1876,1527
19/12/2020 13:00,3094,3032,3625,4905,4887,5060,1811,1855,1435
19/12/2020 13:30,3019,3184,3418,4861,4848,5015,1842,1664,1597
19/12/2020 14:00,2974,3101,3322,4806,4798,4941,1832,1697,1619
19/12/2020 14:30,2959,2969,3167,4763,4755,4875,1804,1786,1708
19/12/2020 15:00,2961,2913,3122,4759,4745,4903,1798,1832,1781
19/12/2020 15:30,2980,2987,3270,4888,4859,4958,1908,1872,1688
19/12/2020 16:00,2994,2993,3428,5144,5100,5131,2150,2107,1703
19/12/2020 16:30,3004,3042,3278,5413,5373,5450,2409,2331,2172
19/12/2020 17:00,3010,3050,3454,5637,5624,5667,2627,2574,2213
19/12/2020 17:30,3014,3094,3370,5708,5707,5700,2694,2613,2330
19/12/2020 18:00,3022,3092,3384,5622,5620,5609,2600,2528,2225
19/12/2020 18:30,3034,3212,3236,5483,5478,5435,2449,2266,2199
19/12/2020 19:00,3044,3134,2992,5323,5315,5362,2279,2181,2370
19/12/2020 19:30,3052,3095,2937,5177,5146,5226,2125,2051,2289
19/12/2020 20:00,3042,2997,2885,5045,4995,5059,2003,1998,2174
19/12/2020 20:30,3014,2846,2760,4900,4853,4910,1886,2007,2150
19/12/2020 21:00,2980,2753,2524,4738,4726,4740,1758,1973,2216
19/12/2020 21:30,2940,2716,2406,4565,4564,4577,1625,1848,2171
19/12/2020 22:00,2890,2673,2406,4392,4390,4411,1502,1717,2005
19/12/2020 22:30,2830,2552,2478,4265,4268,4268,1435,1716,1790
19/12/2020 23:00,2368,2504,2298,4187,4193,4139,1819,1689,1841
19/12/2020 23:30,2332,2430,2167,4060,4067,4024,1728,1637,1857
20/12/2020 0:00,2308,2384,2167,3876,3887,3855,1568,1503,1688
20/12/2020 0:30,2296,2328,2208,3717,3729,3689,1421,1401,1481
20/12/2020 1:00,2291,2329,2281,3596,3609,3581,1305,1280,1300
20/12/2020 1:30,2294,2274,2342,3488,3501,3475,1194,1227,1133
20/12/2020 2:00,2299,2274,2198,3389,3401,3381,1090,1127,1183
20/12/2020 2:30,2306,2169,2098,3317,3330,3289,1011,1161,1191
20/12/2020 3:00,2320,2187,2035,3272,3282,3233,952,1095,1198
20/12/2020 3:30,2340,2190,2176,3238,3261,3219,898,1071,1043
20/12/2020 4:00,2381,2216,2156,3213,3234,3195,832,1018,1039
20/12/2020 4:30,2442,2308,2115,3203,3227,3169,761,919,1054
20/12/2020 5:00,2492,2347,2258,3210,3236,3187,718,889,929
20/12/2020 5:30,2531,2383,2306,3231,3256,3178,700,873,872
20/12/2020 6:00,2591,2453,2433,3269,3290,3257,678,837,824
20/12/2020 6:30,2672,2460,2482,3344,3369,3350,672,909,868
20/12/2020 7:00,2725,2542,2702,3458,3482,3505,733,940,803
20/12/2020 7:30,2751,2637,2752,3594,3605,3708,843,968,956
20/12/2020 8:00,2786,2672,2698,3746,3730,3804,960,1058,1106
20/12/2020 8:30,2830,2639,2700,3898,3875,3931,1068,1236,1231
20/12/2020 9:00,2872,2614,2676,4058,4041,4092,1186,1427,1416
20/12/2020 9:30,2912,2620,2649,4261,4244,4330,1349,1624,1681
20/12/2020 10:00,2957,2600,2565,4491,4472,4500,1534,1872,1935
20/12/2020 10:30,3007,2632,2487,4642,4631,4643,1635,1999,2156
20/12/2020 11:00,3018,2675,2568,4709,4728,4739,1691,2053,2171
20/12/2020 11:30,2989,2742,2601,4774,4820,4775,1785,2078,2174
20/12/2020 12:00,2975,2795,2630,4845,4915,4847,1870,2120,2217
20/12/2020 12:30,2976,2832,2623,4874,4961,4861,1898,2129,2238
20/12/2020 13:00,2986,2868,2790,4854,4945,4878,1868,2077,2088
20/12/2020 13:30,3006,2923,2833,4799,4882,4801,1793,1959,1968
20/12/2020 14:00,2976,2914,2945,4723,4786,4762,1747,1872,1817
20/12/2020 14:30,2897,2737,3009,4674,4730,4732,1777,1993,1723
20/12/2020 15:00,2792,2687,3003,4676,4740,4761,1884,2053,1758
20/12/2020 15:30,2662,2639,2969,4791,4869,4816,2129,2230,1847
20/12/2020 16:00,2530,2580,2969,5012,5103,5008,2482,2523,2039
20/12/2020 16:30,2397,2530,2964,5263,5344,5362,2866,2814,2398
20/12/2020 17:00,2280,2485,2867,5493,5536,5588,3213,3051,2721
20/12/2020 17:30,2179,2525,2757,5574,5588,5686,3395,3063,2929
20/12/2020 18:00,2086,2454,2611,5500,5495,5606,3414,3041,2995
20/12/2020 18:30,2002,2407,2452,5377,5377,5482,3375,2970,3030
20/12/2020 19:00,1921,2289,2208,5238,5261,5339,3317,2972,3131
20/12/2020 19:30,1840,2265,2079,5100,5132,5195,3260,2867,3116
20/12/2020 20:00,1757,2145,1783,4967,5005,5043,3210,2860,3260
20/12/2020 20:30,1669,1978,1598,4833,4855,4905,3164,2877,3307
20/12/2020 21:00,1601,1866,1539,4692,4690,4757,3091,2824,3218
20/12/2020 21:30,1554,1696,1501,4518,4498,4591,2964,2802,3090
20/12/2020 22:00,1513,1618,1360,4324,4308,4410,2811,2690,3050
20/12/2020 22:30,1479,1506,1219,4182,4151,4224,2703,2645,3005
20/12/2020 23:00,1450,1465,1265,4042,4043,4114,2592,2578,2849
20/12/2020 23:30,1416,1346,1378,3903,3904,3974,2487,2558,2596
21/12/2020 0:00,1386,1319,1306,3737,3736,3816,2351,2417,2510
21/12/2020 0:30,1360,1256,1356,3602,3601,3687,2242,2345,2331
21/12/2020 1:00,1324,1249,1307,3510,3512,3580,2186,2263,2273
21/12/2020 1:30,1278,1228,1242,3433,3438,3486,2155,2210,2244
21/12/2020 2:00,1257,1239,1204,3367,3372,3394,2110,2133,2190
21/12/2020 2:30,1261,1166,1249,3320,3321,3342,2059,2155,2093
21/12/2020 3:00,1231,1166,1275,3293,3286,3303,2062,2120,2028
21/12/2020 3:30,1169,1189,1383,3280,3277,3296,2111,2088,1913
21/12/2020 4:00,1101,1172,1428,3281,3282,3304,2180,2110,1876
21/12/2020 4:30,1028,1134,1358,3300,3304,3316,2272,2170,1958
21/12/2020 5:00,961,1092,1468,3348,3351,3384,2387,2259,1916
21/12/2020 5:30,902,1025,1392,3466,3468,3453,2564,2443,2061
21/12/2020 6:00,835,944,1273,3680,3678,3665,2845,2734,2392
21/12/2020 6:30,761,818,1211,4050,4049,3913,3289,3231,2702
21/12/2020 7:00,712,701,1136,4536,4530,4299,3824,3829,3163
21/12/2020 7:30,688,786,954,4909,4895,4750,4221,4109,3796
21/12/2020 8:00,689,666,837,5132,5106,4968,4443,4440,4131
21/12/2020 8:30,714,710,693,5285,5277,5127,4571,4567,4434
21/12/2020 9:00,756,701,663,5387,5409,5240,4631,4708,4577
21/12/2020 9:30,812,740,680,5435,5469,5352,4623,4729,4672
21/12/2020 10:00,839,743,723,5438,5459,5416,4599,4716,4693
21/12/2020 10:30,836,782,771,5437,5451,5466,4601,4669,4695
21/12/2020 11:00,831,786,768,5446,5458,5501,4615,4672,4733
21/12/2020 11:30,826,791,828,5470,5466,5515,4644,4675,4687
21/12/2020 12:00,823,851,902,5500,5469,5546,4677,4618,4644
21/12/2020 12:30,823,894,900,5495,5447,5590,4672,4553,4690
21/12/2020 13:00,810,942,952,5453,5402,5556,4643,4460,4604
21/12/2020 13:30,785,910,1062,5402,5374,5468,4617,4464,4406
21/12/2020 14:00,739,869,1080,5355,5369,5435,4616,4500,4355
21/12/2020 14:30,673,980,1050,5339,5382,5410,4666,4402,4360
21/12/2020 15:00,615,905,1047,5379,5428,5453,4764,4523,4406
21/12/2020 15:30,565,826,1078,5541,5565,5509,4976,4739,4431
21/12/2020 16:00,526,764,1073,5814,5795,5682,5288,5031,4609
21/12/2020 16:30,496,678,1074,6086,6060,6030,5590,5382,4956
21/12/2020 17:00,470,648,1065,6300,6305,6272,5830,5657,5207
21/12/2020 17:30,448,663,1110,6328,6362,6330,5880,5699,5220
21/12/2020 18:00,439,645,1138,6179,6225,6212,5740,5580,5074
21/12/2020 18:30,442,654,1179,6023,6028,6064,5581,5374,4885
21/12/2020 19:00,445,632,1093,5894,5866,5894,5449,5234,4801
21/12/2020 19:30,446,792,1072,5754,5707,5720,5308,4915,4648
21/12/2020 20:00,456,763,1137,5594,5555,5558,5138,4792,4421
21/12/2020 20:30,473,876,1112,5416,5385,5397,4943,4509,4285
21/12/2020 21:00,479,825,1041,5218,5197,5223,4739,4372,4182
21/12/2020 21:30,475,772,921,4988,4972,5020,4513,4200,4099
21/12/2020 22:00,468,740,818,4739,4734,4809,4271,3994,3991
21/12/2020 22:30,459,724,781,4545,4551,4572,4086,3827,3791
21/12/2020 23:00,508,690,707,4450,4399,4439,3942,3709,3732
21/12/2020 23:30,471,671,687,4262,4219,4259,3791,3548,3572
22/12/2020 0:00,437,624,594,4021,4014,4063,3584,3390,3469
22/12/2020 0:30,403,612,562,3831,3849,3897,3428,3237,3335
22/12/2020 1:00,373,566,517,3706,3736,3767,3333,3170,3250
22/12/2020 1:30,345,457,459,3607,3644,3674,3262,3187,3215
22/12/2020 2:00,322,423,392,3525,3567,3596,3203,3144,3204
22/12/2020 2:30,304,401,370,3464,3506,3536,3160,3105,3166
22/12/2020 3:00,291,372,359,3425,3463,3498,3134,3091,3139
22/12/2020 3:30,282,317,313,3412,3451,3483,3130,3134,3170
22/12/2020 4:00,273,295,317,3422,3463,3478,3149,3168,3161
22/12/2020 4:30,265,257,280,3439,3478,3470,3174,3221,3190
22/12/2020 5:00,255,248,251,3472,3500,3512,3217,3252,3261
22/12/2020 5:30,244,230,246,3580,3598,3580,3336,3368,3334
22/12/2020 6:00,237,243,215,3779,3792,3773,3542,3549,3558
22/12/2020 6:30,234,300,198,4086,4122,4025,3852,3822,3827
22/12/2020 7:00,238,309,216,4473,4549,4407,4235,4240,4191
22/12/2020 7:30,250,301,221,4803,4900,4867,4553,4599,4646
22/12/2020 8:00,259,308,221,5047,5133,5098,4788,4825,4877
22/12/2020 8:30,265,315,225,5209,5273,5227,4944,4958,5002
22/12/2020 9:00,273,331,255,5299,5336,5346,5026,5005,5091
22/12/2020 9:30,285,328,298,5347,5383,5448,5062,5055,5150
22/12/2020 10:00,291,332,308,5365,5423,5481,5074,5091,5173
22/12/2020 10:30,293,309,311,5372,5431,5500,5079,5122,5189
22/12/2020 11:00,300,306,328,5376,5423,5499,5076,5117,5171
22/12/2020 11:30,314,272,365,5383,5422,5479,5069,5150,5114
22/12/2020 12:00,321,286,375,5389,5466,5483,5068,5180,5108
22/12/2020 12:30,321,289,395,5374,5486,5545,5053,5197,5150
22/12/2020 13:00,339,329,412,5344,5471,5569,5005,5142,5157
22/12/2020 13:30,374,405,478,5329,5446,5508,4955,5041,5030
22/12/2020 14:00,401,464,522,5338,5417,5486,4937,4953,4964
22/12/2020 14:30,419,679,598,5363,5414,5464,4944,4735,4866
22/12/2020 15:00,445,775,696,5420,5460,5492,4975,4685,4796
22/12/2020 15:30,480,854,826,5580,5621,5581,5100,4767,4755
22/12/2020 16:00,516,944,1013,5838,5889,5788,5322,4945,4775
22/12/2020 16:30,553,1022,1183,6099,6152,6144,5546,5130,4961
22/12/2020 17:00,581,1100,1205,6309,6359,6331,5728,5259,5126
22/12/2020 17:30,598,1166,1262,6349,6404,6379,5751,5238,5117
22/12/2020 18:00,621,1244,1240,6224,6292,6259,5603,5048,5019
22/12/2020 18:30,649,1331,1411,6068,6143,6134,5419,4812,4723
22/12/2020 19:00,679,1384,1479,5915,5986,5940,5236,4602,4461
22/12/2020 19:30,712,1418,1505,5761,5826,5787,5049,4408,4282
22/12/2020 20:00,727,1468,1510,5604,5669,5628,4877,4201,4118
22/12/2020 20:30,726,1563,1587,5444,5501,5489,4718,3938,3902
22/12/2020 21:00,734,1599,1818,5270,5320,5358,4536,3721,3540
22/12/2020 21:30,751,1702,1895,5053,5096,5142,4302,3394,3247
22/12/2020 22:00,787,1755,1908,4812,4854,4929,4025,3099,3021
22/12/2020 22:30,842,1817,1938,4654,4676,4667,3812,2859,2729
22/12/2020 23:00,1672,1867,1964,4542,4553,4522,2870,2686,2558
22/12/2020 23:30,1744,1850,2036,4340,4353,4354,2596,2503,2318
23/12/2020 0:00,1797,1887,2090,4065,4077,4150,2268,2190,2060
23/12/2020 0:30,1832,2009,2164,3860,3871,3976,2028,1862,1812
23/12/2020 1:00,1871,2052,2211,3741,3753,3847,1870,1701,1636
23/12/2020 1:30,1916,2172,2334,3643,3655,3779,1727,1483,1445
23/12/2020 2:00,1981,2224,2361,3551,3560,3678,1570,1336,1317
23/12/2020 2:30,2066,2282,2380,3476,3486,3611,1410,1204,1231
23/12/2020 3:00,2149,2351,2407,3425,3434,3561,1276,1083,1154
23/12/2020 3:30,2232,2425,2478,3400,3409,3533,1168,984,1055
23/12/2020 4:00,2317,2505,2514,3400,3407,3533,1083,902,1019
23/12/2020 4:30,2404,2621,2644,3406,3416,3538,1002,795,894
23/12/2020 5:00,2488,2687,2641,3423,3435,3545,935,748,904
23/12/2020 5:30,2570,2767,2677,3487,3500,3573,917,733,896
23/12/2020 6:00,2644,2839,2779,3622,3636,3741,978,797,962
23/12/2020 6:30,2712,2936,2802,3897,3914,3910,1185,978,1108
23/12/2020 7:00,2767,2996,2916,4284,4303,4174,1517,1307,1258
23/12/2020 7:30,2809,3039,3076,4612,4622,4521,1803,1583,1445
23/12/2020 8:00,2857,3088,3166,4842,4837,4707,1985,1749,1541
23/12/2020 8:30,2910,3150,3214,5004,5006,4912,2094,1856,1698
23/12/2020 9:00,2972,3204,3314,5110,5141,5106,2138,1937,1792
23/12/2020 9:30,3042,3227,3342,5187,5234,5237,2145,2007,1895
23/12/2020 10:00,3115,3284,3339,5241,5287,5322,2126,2003,1983
23/12/2020 10:30,3189,3351,3449,5272,5318,5379,2083,1967,1930
23/12/2020 11:00,3260,3409,3477,5287,5333,5408,2027,1924,1931
23/12/2020 11:30,3331,3529,3507,5314,5359,5415,1983,1830,1908
23/12/2020 12:00,3390,3583,3560,5349,5389,5419,1959,1806,1859
23/12/2020 12:30,3440,3683,3669,5355,5389,5439,1915,1706,1770
23/12/2020 13:00,3483,3725,3676,5327,5354,5369,1844,1629,1693
23/12/2020 13:30,3519,3744,3748,5283,5322,5318,1764,1578,1570
23/12/2020 14:00,3547,3774,3827,5234,5296,5277,1687,1522,1450
23/12/2020 14:30,3566,3791,3835,5210,5269,5266,1644,1478,1431
23/12/2020 15:00,3572,3791,3824,5233,5261,5260,1661,1470,1436
23/12/2020 15:30,3563,3759,3746,5354,5368,5268,1791,1609,1522
23/12/2020 16:00,3551,3747,3850,5574,5592,5422,2023,1845,1572
23/12/2020 16:30,3538,3746,3821,5840,5847,5728,2302,2101,1907
23/12/2020 17:00,3522,3726,3815,6095,6073,5968,2573,2347,2153
23/12/2020 17:30,3503,3748,3829,6163,6125,6048,2660,2377,2219
23/12/2020 18:00,3460,3702,3833,6039,6003,5979,2579,2301,2146
23/12/2020 18:30,3392,3661,3723,5889,5853,5855,2497,2192,2132
23/12/2020 19:00,3319,3585,3656,5749,5708,5718,2430,2123,2062
23/12/2020 19:30,3240,3514,3580,5602,5565,5571,2362,2051,1991
23/12/2020 20:00,3161,3422,3585,5445,5424,5439,2284,2002,1854
23/12/2020 20:30,3083,3390,3486,5283,5278,5285,2200,1888,1799
23/12/2020 21:00,2991,3278,3390,5110,5118,5125,2119,1840,1735
23/12/2020 21:30,2886,3135,3402,4902,4916,4939,2016,1781,1537
23/12/2020 22:00,2768,2995,3188,4673,4689,4722,1905,1694,1534
23/12/2020 22:30,2637,2856,3177,4511,4513,4531,1874,1657,1354
23/12/2020 23:00,2578,2751,3136,4394,4393,4430,1816,1642,1294
23/12/2020 23:30,2491,2725,3091,4233,4231,4267,1742,1506,1176
24/12/2020 0:00,2440,2677,3115,4027,4023,4073,1587,1346,958
24/12/2020 0:30,2425,2652,2986,3850,3843,3867,1425,1191,881
24/12/2020 1:00,2386,2606,2866,3711,3702,3738,1325,1096,872
24/12/2020 1:30,2325,2614,2590,3579,3571,3597,1254,957,1007
24/12/2020 2:00,2248,2543,2307,3453,3449,3499,1205,906,1192
24/12/2020 2:30,2155,2619,2036,3364,3362,3374,1209,743,1338
24/12/2020 3:00,2106,2558,1883,3313,3311,3286,1207,753,1403
24/12/2020 3:30,2101,2524,1779,3276,3269,3271,1175,745,1492
24/12/2020 4:00,2100,2491,1536,3248,3240,3236,1148,749,1700
24/12/2020 4:30,2102,2496,1431,3231,3223,3223,1129,727,1792
24/12/2020 5:00,2101,2488,1482,3237,3227,3238,1136,739,1756
24/12/2020 5:30,2095,2308,1627,3304,3295,3285,1209,987,1658
24/12/2020 6:00,2087,2362,2031,3435,3429,3434,1348,1067,1403
24/12/2020 6:30,2076,2280,2334,3600,3595,3615,1524,1315,1281
24/12/2020 7:00,2083,2358,2378,3787,3780,3816,1704,1422,1438
24/12/2020 7:30,2107,2099,2558,3984,3973,4093,1877,1874,1535
24/12/2020 8:00,2121,2119,2578,4184,4170,4240,2063,2051,1662
24/12/2020 8:30,2124,2078,2544,4382,4332,4448,2258,2254,1904
24/12/2020 9:00,2082,2024,2392,4575,4550,4691,2493,2526,2299
24/12/2020 9:30,1995,2071,2287,4765,4754,4897,2770,2683,2610
24/12/2020 10:00,1886,1973,2179,4936,4931,5024,3050,2958,2845
24/12/2020 10:30,1754,1939,1989,5033,5018,5081,3279,3079,3092
24/12/2020 11:00,1610,1791,1722,5057,5033,5098,3447,3242,3376
24/12/2020 11:30,1453,1683,1594,5072,5044,5071,3619,3361,3477
24/12/2020 12:00,1358,1558,1403,5091,5063,5062,3733,3505,3659
24/12/2020 12:30,1325,1521,1393,5101,5069,5074,3776,3548,3681
24/12/2020 13:00,1307,1459,1364,5094,5051,5035,3787,3592,3671
24/12/2020 13:30,1302,1313,1339,5050,5007,4970,3748,3694,3631
24/12/2020 14:00,1247,1246,1345,4977,4936,4928,3730,3690,3583
24/12/2020 14:30,1141,1196,1297,4921,4884,4914,3780,3688,3617
24/12/2020 15:00,1037,1119,1176,4907,4874,4930,3870,3755,3754
24/12/2020 15:30,934,1019,1094,4992,4962,4999,4058,3943,3905
24/12/2020 16:00,841,962,1066,5177,5149,5167,4336,4187,4101
24/12/2020 16:30,758,932,1026,5410,5378,5479,4652,4446,4453
24/12/2020 17:00,690,890,1042,5636,5599,5775,4946,4709,4733
24/12/2020 17:30,638,858,1002,5685,5645,5843,5047,4787,4841
24/12/2020 18:00,593,809,998,5552,5515,5758,4959,4706,4760
24/12/2020 18:30,556,731,938,5393,5364,5630,4837,4633,4692
24/12/2020 19:00,514,662,853,5246,5233,5505,4732,4571,4652
24/12/2020 19:30,466,661,743,5110,5102,5316,4644,4441,4573
24/12/2020 20:00,420,588,577,4982,4975,5182,4562,4387,4605
24/12/2020 20:30,375,457,438,4853,4839,5037,4478,4382,4599
24/12/2020 21:00,341,395,277,4720,4703,4857,4379,4308,4580
24/12/2020 21:30,317,370,217,4589,4572,4700,4272,4202,4483
24/12/2020 22:00,296,328,219,4464,4461,4549,4168,4133,4330
24/12/2020 22:30,278,313,206,4360,4377,4389,4082,4064,4183
24/12/2020 23:00,258,287,184,4279,4292,4324,4021,4005,4140
24/12/2020 23:30,229,221,182,4198,4207,4210,3969,3986,4028
25/12/2020 0:00,213,215,174,4106,4110,4031,3893,3895,3857
25/12/2020 0:30,209,144,177,3966,3966,3840,3757,3822,3663
25/12/2020 1:00,205,162,195,3780,3779,3664,3575,3617,3469
25/12/2020 1:30,201,149,225,3602,3599,3522,3401,3450,3297
25/12/2020 2:00,215,169,273,3450,3445,3392,3235,3276,3119
25/12/2020 2:30,246,207,296,3345,3339,3300,3099,3132,3004
25/12/2020 3:00,287,224,314,3285,3280,3234,2998,3056,2920
25/12/2020 3:30,337,215,336,3241,3237,3183,2904,3022,2847
25/12/2020 4:00,391,241,390,3205,3201,3156,2814,2960,2766
25/12/2020 4:30,449,277,450,3180,3174,3133,2731,2897,2683
25/12/2020 5:00,499,329,501,3174,3165,3143,2675,2836,2642
25/12/2020 5:30,542,417,515,3207,3197,3160,2665,2780,2645
25/12/2020 6:00,592,492,527,3280,3274,3238,2688,2782,2711
25/12/2020 6:30,647,568,572,3381,3377,3342,2734,2809,2770
25/12/2020 7:00,707,645,637,3506,3503,3507,2799,2858,2870
25/12/2020 7:30,771,735,751,3655,3652,3738,2884,2917,2987
25/12/2020 8:00,842,825,823,3834,3832,3899,2992,3007,3076
25/12/2020 8:30,919,925,973,4071,4066,4116,3152,3141,3143
25/12/2020 9:00,995,1019,1080,4358,4347,4375,3363,3328,3295
25/12/2020 9:30,1071,1101,1182,4637,4620,4639,3566,3519,3457
25/12/2020 10:00,1137,1182,1287,4875,4853,4866,3738,3671,3579
25/12/2020 10:30,1194,1240,1397,5000,4993,4975,3806,3753,3578
25/12/2020 11:00,1271,1335,1453,5026,5024,5065,3755,3689,3612
25/12/2020 11:30,1369,1432,1681,5074,5066,5128,3705,3634,3447
25/12/2020 12:00,1474,1540,1906,5156,5130,5228,3682,3590,3322
25/12/2020 12:30,1584,1718,1996,5201,5155,5338,3617,3437,3342
25/12/2020 13:00,1668,1762,1968,5194,5132,5386,3526,3370,3418
25/12/2020 13:30,1727,1764,1976,5153,5090,5357,3426,3326,3381
25/12/2020 14:00,1779,1773,1972,5076,5024,5307,3297,3251,3335
25/12/2020 14:30,1824,1706,1976,4934,4897,5148,3110,3191,3172
25/12/2020 15:00,1886,1760,2060,4743,4722,4982,2857,2962,2922
25/12/2020 15:30,1963,1973,2175,4587,4598,4798,2624,2625,2623
25/12/2020 16:00,2071,2071,2342,4484,4536,4703,2413,2465,2361
25/12/2020 16:30,2208,2241,2524,4423,4501,4703,2215,2260,2179
25/12/2020 17:00,2327,2326,2551,4387,4472,4657,2060,2146,2106
25/12/2020 17:30,2426,2379,2594,4321,4414,4546,1895,2035,1952
25/12/2020 18:00,2516,2429,2756,4224,4326,4457,1708,1897,1701
25/12/2020 18:30,2598,2542,2847,4142,4203,4361,1544,1661,1514
25/12/2020 19:00,2648,2543,2855,4081,4144,4276,1433,1601,1421
25/12/2020 19:30,2668,2566,2826,4025,4086,4223,1357,1520,1397
25/12/2020 20:00,2656,2511,2768,3972,4021,4192,1316,1510,1424
25/12/2020 20:30,2615,2489,2709,3922,3960,4099,1307,1471,1390
25/12/2020 21:00,2581,2447,2687,3872,3900,4023,1291,1453,1336
25/12/2020 21:30,2556,2552,2683,3811,3830,3919,1255,1278,1236
25/12/2020 22:00,2546,2517,2740,3746,3756,3853,1200,1239,1113
25/12/2020 22:30,2549,2470,2666,3720,3724,3788,1171,1254,1122
25/12/2020 23:00,2339,2452,2663,3736,3744,3758,1397,1292,1095
25/12/2020 23:30,2377,2511,2386,3747,3745,3685,1370,1234,1299
26/12/2020 0:00,2409,2527,2078,3730,3683,3529,1321,1156,1451
26/12/2020 0:30,2438,2559,2032,3622,3555,3390,1184,996,1358
26/12/2020 1:00,2448,2594,2116,3437,3384,3279,989,790,1163
26/12/2020 1:30,2439,2698,2088,3292,3255,3175,853,557,1087
26/12/2020 2:00,2437,2696,2112,3207,3185,3080,770,489,968
26/12/2020 2:30,2440,2639,2154,3135,3122,3021,695,483,867
26/12/2020 3:00,2450,2611,2189,3068,3055,2949,618,444,760
26/12/2020 3:30,2467,2199,2226,3011,2998,2925,544,799,699
26/12/2020 4:00,2513,2252,2329,2968,2954,2936,455,702,607
26/12/2020 4:30,2590,2349,2412,2954,2941,2918,364,592,506
26/12/2020 5:00,2670,2453,2358,2972,2959,2901,302,506,543
26/12/2020 5:30,2755,2588,2309,3025,3013,2895,270,425,586
26/12/2020 6:00,2867,2727,2339,3106,3092,2935,239,365,596
26/12/2020 6:30,3004,2879,2380,3181,3179,2970,177,300,590
26/12/2020 7:00,3118,2998,2382,3245,3256,2999,127,258,617
26/12/2020 7:30,3210,3111,2532,3305,3323,3084,95,212,552
26/12/2020 8:00,3298,3227,2503,3373,3389,3118,75,162,615
26/12/2020 8:30,3381,3196,2528,3494,3515,3175,113,319,647
26/12/2020 9:00,3470,3318,2588,3672,3697,3356,202,379,768
26/12/2020 9:30,3565,3299,2706,3877,3899,3557,312,600,851
26/12/2020 10:00,3640,3387,2949,4091,4102,3773,451,715,824
26/12/2020 10:30,3695,3439,3059,4269,4271,3939,574,832,880
26/12/2020 11:00,3731,3489,3180,4402,4417,4101,671,928,921
26/12/2020 11:30,3748,3288,3261,4500,4526,4221,752,1238,960
26/12/2020 12:00,3759,3344,3297,4566,4599,4364,807,1255,1067
26/12/2020 12:30,3764,3374,3347,4601,4650,4478,837,1276,1131
26/12/2020 13:00,3770,3417,3399,4606,4672,4536,836,1255,1137
26/12/2020 13:30,3778,3450,3400,4593,4661,4543,815,1211,1143
26/12/2020 14:00,3782,3481,3396,4568,4617,4505,786,1136,1109
26/12/2020 14:30,3785,3521,3382,4543,4580,4499,758,1059,1117
26/12/2020 15:00,3794,3556,3360,4537,4567,4544,743,1011,1184
26/12/2020 15:30,3809,3611,3391,4622,4648,4581,813,1037,1190
26/12/2020 16:00,3822,3643,3373,4799,4820,4708,977,1177,1335
26/12/2020 16:30,3833,3674,3456,5008,5031,4884,1175,1357,1428
26/12/2020 17:00,3832,3675,3433,5201,5227,4974,1369,1552,1541
26/12/2020 17:30,3816,3642,3352,5253,5274,4956,1437,1632,1604
26/12/2020 18:00,3788,3617,3287,5161,5163,4864,1373,1546,1577
26/12/2020 18:30,3748,3535,3248,5043,5039,4743,1295,1504,1495
26/12/2020 19:00,3699,3521,3307,4924,4928,4651,1225,1407,1344
26/12/2020 19:30,3640,3478,3244,4798,4811,4536,1158,1333,1292
26/12/2020 20:00,3588,3468,3276,4665,4687,4471,1077,1219,1195
26/12/2020 20:30,3544,3335,3145,4538,4562,4329,994,1227,1184
26/12/2020 21:00,3495,3305,3143,4420,4435,4239,925,1130,1096
26/12/2020 21:30,3440,3282,3050,4301,4295,4156,861,1013,1106
26/12/2020 22:00,3390,3223,3047,4187,4153,4028,797,930,981
26/12/2020 22:30,3346,3179,2959,4105,4063,3903,759,884,944
26/12/2020 23:00,3106,3151,2880,4022,4018,3841,916,867,961
26/12/2020 23:30,3110,3040,2880,3961,3954,3782,851,914,902
27/12/2020 0:00,3098,3019,2794,3861,3854,3636,763,835,842
27/12/2020 0:30,3073,2982,2866,3715,3713,3486,642,731,620
27/12/2020 1:00,3036,2939,2808,3537,3544,3386,501,605,578
27/12/2020 1:30,2989,2882,2751,3387,3396,3294,398,514,543
27/12/2020 2:00,2960,2863,2426,3277,3283,3171,317,420,745
27/12/2020 2:30,2950,2794,2218,3200,3203,3093,250,409,875
27/12/2020 3:00,2939,2808,2130,3152,3153,3050,213,345,920
27/12/2020 3:30,2927,2795,2013,3132,3129,3030,205,334,1017
27/12/2020 4:00,2915,2814,2032,3132,3126,3001,217,312,969
27/12/2020 4:30,2903,2708,1997,3122,3113,2984,219,405,987
27/12/2020 5:00,2918,2737,2031,3096,3087,2958,178,350,927
27/12/2020 5:30,2959,2776,2018,3065,3052,2847,106,276,829
27/12/2020 6:00,2997,2831,2294,3042,3025,3058,45,194,764
27/12/2020 6:30,3031,2742,2449,3072,3058,3154,41,316,705
27/12/2020 7:00,3056,2804,2431,3157,3156,3191,101,352,760
27/12/2020 7:30,3072,2599,2462,3273,3274,3275,201,675,813
27/12/2020 8:00,3067,2610,2316,3411,3407,3333,344,797,1017
27/12/2020 8:30,3040,2538,2255,3571,3558,3366,531,1020,1111
27/12/2020 9:00,2995,2545,2228,3759,3737,3521,764,1192,1293
27/12/2020 9:30,2931,2561,2377,3995,3963,3788,1064,1402,1411
27/12/2020 10:00,2886,2549,2517,4261,4219,3975,1375,1670,1458
27/12/2020 10:30,2858,2474,2567,4468,4418,4189,1610,1944,1622
27/12/2020 11:00,2835,2473,2456,4602,4528,4342,1767,2055,1886
27/12/2020 11:30,2815,2354,2481,4708,4628,4435,1893,2274,1954
27/12/2020 12:00,2775,2378,2414,4789,4722,4601,2014,2344,2187
27/12/2020 12:30,2715,2523,2349,4824,4761,4714,2109,2238,2365
27/12/2020 13:00,2697,2542,2188,4809,4739,4781,2112,2197,2593
27/12/2020 13:30,2721,2495,2330,4755,4689,4774,2034,2194,2444
27/12/2020 14:00,2744,2535,2266,4678,4628,4763,1934,2093,2497
27/12/2020 14:30,2767,2503,2356,4635,4602,4757,1868,2099,2401
27/12/2020 15:00,2742,2570,2354,4647,4627,4684,1905,2057,2330
27/12/2020 15:30,2670,2653,2424,4736,4709,4722,2066,2056,2298
27/12/2020 16:00,2634,2702,2512,4904,4849,4818,2270,2147,2306
27/12/2020 16:30,2636,2645,2541,5137,5050,5129,2501,2405,2588
27/12/2020 17:00,2676,2676,2700,5387,5272,5319,2711,2596,2619
27/12/2020 17:30,2755,2691,2694,5480,5357,5367,2725,2666,2673
27/12/2020 18:00,2823,2749,2828,5402,5292,5300,2579,2543,2472
27/12/2020 18:30,2881,2863,2931,5282,5174,5180,2401,2311,2249
27/12/2020 19:00,2886,2947,3166,5154,5036,5107,2268,2089,1941
27/12/2020 19:30,2838,2987,3519,5034,4913,4976,2196,1926,1457
27/12/2020 20:00,2756,3016,3479,4921,4804,4809,2165,1788,1330
27/12/2020 20:30,2641,3083,3398,4798,4685,4675,2157,1602,1277
27/12/2020 21:00,2556,3082,3368,4657,4543,4568,2101,1461,1200
27/12/2020 21:30,2503,3219,3418,4476,4370,4462,1973,1151,1044
27/12/2020 22:00,2491,3257,3352,4280,4187,4314,1789,930,962
27/12/2020 22:30,2522,3437,3238,4175,4093,4162,1653,656,924
27/12/2020 23:00,3136,3454,3159,4074,4076,4069,938,622,910
27/12/2020 23:30,3144,3471,3182,3955,3960,3939,811,489,757
28/12/2020 0:00,3140,3466,3228,3731,3737,3825,591,271,597
28/12/2020 0:30,3123,3460,3111,3546,3552,3678,423,92,567
28/12/2020 1:00,3106,3454,3010,3424,3428,3546,318,-26,536
28/12/2020 1:30,3089,3479,2924,3315,3316,3425,226,-163,501
28/12/2020 2:00,3084,3485,2829,3212,3210,3304,128,-275,475
28/12/2020 2:30,3092,3377,2794,3137,3131,3231,45,-246,437
28/12/2020 3:00,3116,3437,2723,3094,3085,3174,-22,-352,451
28/12/2020 3:30,3157,3519,2741,3089,3078,3160,-68,-441,419
28/12/2020 4:00,3211,3570,2728,3111,3102,3137,-100,-468,409
28/12/2020 4:30,3279,3520,2684,3120,3046,3108,-159,-474,424
28/12/2020 5:00,3350,3515,2688,3112,3051,3139,-238,-464,451
28/12/2020 5:30,3424,3334,2659,3118,3098,3153,-306,-236,494
28/12/2020 6:00,3455,3276,2656,3163,3204,3252,-292,-72,596
28/12/2020 6:30,3441,3117,2715,3326,3393,3364,-115,276,649
28/12/2020 7:00,3414,3097,2660,3594,3644,3458,180,547,798
28/12/2020 7:30,3376,2829,2732,3834,3862,3593,458,1033,861
28/12/2020 8:00,3339,2859,2806,4016,4020,3703,677,1161,897
28/12/2020 8:30,3305,2925,2857,4158,4123,3779,853,1198,922
28/12/2020 9:00,3267,3081,3070,4278,4233,3971,1011,1152,901
28/12/2020 9:30,3227,3293,3263,4430,4380,4198,1203,1087,935
28/12/2020 10:00,3214,3394,3357,4609,4565,4402,1395,1171,1045
28/12/2020 10:30,3227,3437,3478,4747,4716,4590,1520,1279,1112
28/12/2020 11:00,3264,3475,3515,4839,4801,4719,1575,1326,1204
28/12/2020 11:30,3322,3534,3620,4926,4889,4815,1604,1355,1195
28/12/2020 12:00,3401,3571,3694,5008,4984,4930,1607,1413,1236
28/12/2020 12:30,3499,3640,3756,5044,5039,5025,1545,1399,1269
28/12/2020 13:00,3529,3672,3797,5029,5049,5063,1500,1377,1266
28/12/2020 13:30,3489,3667,3770,4991,5037,5022,1502,1370,1252
28/12/2020 14:00,3449,3685,3755,4947,5011,4983,1498,1326,1228
28/12/2020 14:30,3406,3718,3742,4936,4987,4946,1530,1269,1204
28/12/2020 15:00,3396,3699,3731,4967,4981,4924,1571,1282,1193
28/12/2020 15:30,3418,3740,3715,5040,5038,4944,1622,1298,1229
28/12/2020 16:00,3416,3712,3739,5162,5171,5051,1746,1459,1312
28/12/2020 16:30,3392,3700,3821,5368,5382,5375,1976,1682,1554
28/12/2020 17:00,3353,3683,4001,5615,5622,5744,2262,1939,1743
28/12/2020 17:30,3300,3664,4003,5693,5686,5823,2393,2022,1820
28/12/2020 18:00,3245,3646,4048,5586,5567,5730,2341,1921,1682
28/12/2020 18:30,3189,3595,4046,5443,5431,5562,2254,1836,1516
28/12/2020 19:00,3142,3569,3864,5302,5312,5326,2160,1743,1462
28/12/2020 19:30,3105,3578,3765,5165,5175,5152,2060,1597,1387
28/12/2020 20:00,3085,3574,3743,5031,5020,5002,1946,1446,1259
28/12/2020 20:30,3081,3735,3636,4887,4877,4853,1806,1142,1217
28/12/2020 21:00,3072,3692,3543,4726,4739,4695,1654,1047,1152
28/12/2020 21:30,3056,3715,3467,4526,4568,4549,1470,853,1082
28/12/2020 22:00,3043,3629,3338,4310,4375,4378,1267,746,1040
28/12/2020 22:30,3032,3422,3207,4186,4221,4193,1154,799,986
28/12/2020 23:00,2936,3302,3220,4177,4157,4130,1241,855,910
28/12/2020 23:30,2922,3113,3162,4059,4043,4012,1137,930,850
29/12/2020 0:00,2915,3017,3057,3883,3872,3864,968,855,807
29/12/2020 0:30,2914,2909,2987,3717,3710,3721,803,801,734
29/12/2020 1:00,2890,2864,2959,3578,3573,3615,688,709,656
29/12/2020 1:30,2843,2863,2883,3460,3458,3514,617,595,631
29/12/2020 2:00,2817,2854,2845,3362,3365,3441,545,511,596
29/12/2020 2:30,2811,2884,2844,3289,3295,3365,478,411,521
29/12/2020 3:00,2804,2892,2834,3241,3249,3312,437,357,478
29/12/2020 3:30,2795,2929,2766,3224,3230,3270,429,301,504
29/12/2020 4:00,2799,2952,2771,3233,3237,3264,434,285,493
29/12/2020 4:30,2817,2991,2782,3241,3245,3240,424,254,458
29/12/2020 5:00,2860,3014,2847,3245,3251,3257,385,237,410
29/12/2020 5:30,2931,2998,2839,3257,3261,3283,326,263,444
29/12/2020 6:00,2988,3013,2883,3306,3306,3415,318,293,532
29/12/2020 6:30,3034,3045,2847,3497,3497,3536,463,452,689
29/12/2020 7:00,3078,3059,2853,3816,3818,3686,738,759,833
29/12/2020 7:30,3122,2986,2994,4096,4100,3868,974,1114,874
29/12/2020 8:00,3163,3022,3030,4296,4302,3961,1133,1280,931
29/12/2020 8:30,3202,2952,3096,4422,4428,4066,1220,1476,970
29/12/2020 9:00,3225,2987,3216,4497,4501,4261,1272,1514,1045
29/12/2020 9:30,3231,3018,3333,4600,4605,4478,1369,1587,1145
29/12/2020 10:00,3213,3060,3334,4735,4743,4630,1522,1683,1296
29/12/2020 10:30,3172,3177,3293,4839,4841,4745,1667,1664,1452
29/12/2020 11:00,3177,3220,3362,4905,4903,4849,1728,1683,1487
29/12/2020 11:30,3228,3281,3432,4966,4959,4923,1738,1678,1491
29/12/2020 12:00,3249,3279,3494,5024,5011,4980,1775,1732,1486
29/12/2020 12:30,3240,3278,3461,5044,5029,5042,1804,1751,1581
29/12/2020 13:00,3183,3219,3513,5026,5013,5075,1843,1794,1562
29/12/2020 13:30,3078,3222,3359,4998,4989,5007,1920,1767,1648
29/12/2020 14:00,3000,3119,3184,4967,4962,4914,1967,1843,1730
29/12/2020 14:30,2949,3010,2983,4934,4928,4859,1985,1918,1876
29/12/2020 15:00,2872,2870,2898,4919,4908,4909,2047,2038,2011
29/12/2020 15:30,2769,2731,2718,5004,4992,4982,2235,2261,2264
29/12/2020 16:00,2651,2613,2609,5202,5194,5144,2551,2581,2535
29/12/2020 16:30,2518,2554,2492,5480,5474,5566,2962,2920,3074
29/12/2020 17:00,2416,2433,2425,5775,5769,5858,3359,3336,3433
29/12/2020 17:30,2344,2258,2231,5865,5860,5992,3521,3602,3761
29/12/2020 18:00,2247,2144,2137,5744,5740,5816,3497,3596,3679
29/12/2020 18:30,2122,2052,1936,5600,5597,5662,3478,3545,3726
29/12/2020 19:00,1969,1907,1591,5473,5473,5456,3504,3566,3865
29/12/2020 19:30,1788,1733,1443,5338,5339,5267,3550,3606,3824
29/12/2020 20:00,1618,1572,1275,5191,5192,5118,3573,3620,3843
29/12/2020 20:30,1460,1311,1102,5044,5045,4964,3584,3734,3862
29/12/2020 21:00,1317,1162,964,4892,4891,4820,3575,3729,3856
29/12/2020 21:30,1191,990,922,4707,4706,4660,3516,3716,3738
29/12/2020 22:00,1075,865,749,4503,4504,4492,3428,3639,3743
29/12/2020 22:30,970,648,669,4365,4363,4300,3395,3715,3631
29/12/2020 23:00,777,597,608,4287,4282,4227,3510,3685,3619
29/12/2020 23:30,688,565,526,4159,4154,4106,3471,3589,3580
30/12/2020 0:00,614,533,486,3974,3971,3955,3360,3438,3469
30/12/2020 0:30,554,512,433,3805,3818,3808,3251,3306,3375
30/12/2020 1:00,512,467,460,3668,3680,3689,3156,3213,3229
30/12/2020 1:30,488,335,415,3554,3564,3587,3066,3229,3172
30/12/2020 2:00,453,284,357,3460,3466,3499,3007,3182,3142
30/12/2020 2:30,410,231,336,3388,3394,3421,2978,3163,3085
30/12/2020 3:00,371,207,271,3343,3345,3364,2972,3138,3093
30/12/2020 3:30,338,172,260,3328,3330,3344,2990,3158,3084
30/12/2020 4:00,332,181,239,3337,3340,3322,3005,3159,3083
30/12/2020 4:30,353,199,213,3336,3339,3319,2983,3140,3106
30/12/2020 5:00,371,196,191,3324,3326,3343,2953,3130,3152
30/12/2020 5:30,387,227,154,3334,3336,3377,2947,3109,3223
30/12/2020 6:00,410,209,161,3396,3399,3500,2986,3190,3339
30/12/2020 6:30,441,210,163,3606,3605,3621,3165,3395,3458
30/12/2020 7:00,472,205,141,3941,3933,3784,3469,3728,3643
30/12/2020 7:30,504,144,134,4229,4218,3970,3725,4074,3836
30/12/2020 8:00,516,152,128,4429,4420,4075,3913,4268,3947
30/12/2020 8:30,510,124,119,4561,4564,4197,4051,4440,4078
30/12/2020 9:00,506,128,109,4647,4666,4383,4141,4538,4274
30/12/2020 9:30,505,132,97,4746,4770,4579,4241,4638,4482
30/12/2020 10:00,504,139,112,4865,4881,4738,4361,4742,4626
30/12/2020 10:30,501,106,119,4968,4987,4857,4467,4881,4738
30/12/2020 11:00,513,116,139,5048,5065,4957,4535,4949,4818
30/12/2020 11:30,539,126,163,5111,5119,5018,4572,4993,4855
30/12/2020 12:00,546,154,172,5157,5147,5077,4611,4993,4905
30/12/2020 12:30,536,198,165,5170,5177,5134,4634,4979,4969
30/12/2020 13:00,527,247,191,5153,5153,5133,4626,4906,4942
30/12/2020 13:30,519,318,245,5130,5106,5060,4611,4788,4815
30/12/2020 14:00,523,369,284,5106,5043,5000,4583,4674,4716
30/12/2020 14:30,539,396,337,5078,5011,4961,4539,4615,4624
30/12/2020 15:00,578,463,380,5065,5027,4966,4487,4564,4586
30/12/2020 15:30,643,512,430,5150,5142,5009,4507,4630,4579
30/12/2020 16:00,696,572,461,5343,5357,5146,4647,4785,4685
30/12/2020 16:30,737,606,532,5609,5633,5510,4872,5027,4978
30/12/2020 17:00,782,659,618,5889,5910,5928,5107,5251,5310
30/12/2020 17:30,830,676,687,5977,5999,6075,5147,5323,5388
30/12/2020 18:00,857,715,784,5865,5884,5948,5008,5169,5164
30/12/2020 18:30,863,709,781,5722,5725,5801,4859,5016,5020
30/12/2020 19:00,869,731,855,5587,5561,5654,4718,4830,4799
30/12/2020 19:30,875,774,800,5444,5403,5446,4569,4629,4646
30/12/2020 20:00,888,785,778,5289,5251,5276,4401,4466,4498
30/12/2020 20:30,909,817,778,5129,5094,5115,4220,4277,4337
30/12/2020 21:00,929,820,798,4959,4930,4941,4030,4110,4143
30/12/2020 21:30,949,849,769,4759,4729,4754,3810,3880,3985
30/12/2020 22:00,973,856,769,4543,4516,4581,3570,3660,3812
30/12/2020 22:30,1002,833,845,4396,4388,4404,3394,3555,3559
30/12/2020 23:00,1168,866,896,4298,4299,4309,3130,3433,3413
30/12/2020 23:30,1210,875,796,4170,4166,4178,2960,3291,3382
31/12/2020 0:00,1233,932,780,3979,3983,4006,2746,3051,3226
31/12/2020 0:30,1237,1003,881,3805,3820,3867,2568,2817,2986
31/12/2020 1:00,1254,1060,954,3663,3695,3736,2409,2635,2782
31/12/2020 1:30,1284,1100,1041,3540,3583,3624,2256,2483,2583
31/12/2020 2:00,1313,1120,1093,3433,3483,3519,2120,2363,2426
31/12/2020 2:30,1341,997,1121,3351,3402,3434,2010,2405,2313
31/12/2020 3:00,1364,1010,1113,3296,3340,3367,1932,2330,2254
31/12/2020 3:30,1381,1031,1221,3271,3302,3341,1890,2271,2120
31/12/2020 4:00,1400,1063,1222,3270,3284,3315,1870,2221,2093
31/12/2020 4:30,1419,1107,1193,3270,3281,3315,1851,2174,2122
31/12/2020 5:00,1461,1187,1151,3269,3290,3336,1808,2103,2185
31/12/2020 5:30,1526,1316,1141,3286,3334,3387,1760,2018,2246
31/12/2020 6:00,1572,1398,1219,3344,3425,3507,1772,2027,2288
31/12/2020 6:30,1599,1420,1315,3514,3590,3634,1915,2170,2319
31/12/2020 7:00,1626,1492,1428,3775,3804,3787,2149,2312,2359
31/12/2020 7:30,1654,1632,1603,3965,3959,3962,2311,2327,2359
31/12/2020 8:00,1691,1704,1684,4069,4048,4042,2378,2344,2358
31/12/2020 8:30,1737,1692,1756,4188,4168,4121,2451,2476,2365
31/12/2020 9:00,1787,1767,1889,4345,4347,4353,2558,2580,2464
31/12/2020 9:30,1841,1787,1958,4543,4555,4550,2702,2768,2592
31/12/2020 10:00,1918,1893,2080,4759,4775,4721,2841,2882,2641
31/12/2020 10:30,2017,2049,2171,4906,4925,4847,2889,2876,2676
31/12/2020 11:00,2112,2167,2344,4977,4995,4966,2865,2828,2622
31/12/2020 11:30,2203,2299,2424,5031,5056,5020,2828,2757,2596
31/12/2020 12:00,2304,2438,2579,5077,5116,5123,2773,2678,2544
31/12/2020 12:30,2417,2619,2762,5092,5131,5223,2675,2512,2461
31/12/2020 13:00,2534,2731,2850,5077,5100,5271,2543,2369,2421
31/12/2020 13:30,2655,2757,3111,5054,5054,5274,2399,2297,2163
31/12/2020 14:00,2766,2873,3323,5031,5026,5227,2265,2153,1904
31/12/2020 14:30,2867,2973,3303,5027,5024,5176,2160,2051,1873
31/12/2020 15:00,2948,3094,3364,5051,5057,5195,2103,1963,1831
31/12/2020 15:30,3009,3249,3395,5137,5144,5131,2128,1895,1736
31/12/2020 16:00,3047,3340,3470,5299,5302,5343,2252,1962,1873
31/12/2020 16:30,3063,3632,3442,5560,5572,5615,2497,1940,2173
31/12/2020 17:00,3078,3620,3397,5863,5900,5876,2785,2280,2479
31/12/2020 17:30,3094,3548,3351,5946,6002,5943,2852,2454,2592
31/12/2020 18:00,3089,3508,3287,5793,5857,5828,2704,2349,2541
31/12/2020 18:30,3063,3496,3200,5603,5662,5656,2540,2166,2456
31/12/2020 19:00,3028,3414,3087,5419,5462,5422,2391,2048,2335
31/12/2020 19:30,2985,3184,3029,5219,5246,5186,2234,2062,2157
31/12/2020 20:00,2926,3100,3007,5004,5028,4981,2078,1928,1974
31/12/2020 20:30,2853,2959,3016,4817,4840,4818,1964,1881,1802
31/12/2020 21:00,2777,2877,2955,4659,4688,4635,1882,1811,1680
31/12/2020 21:30,2698,2765,2877,4492,4517,4466,1794,1752,1589
31/12/2020 22:00,2616,2686,2838,4327,4346,4330,1711,1660,1492
31/12/2020 22:30,2532,2601,2746,4241,4257,4207,1709,1656,1461
31/12/2020 23:00,2527,2531,2690,4256,4245,4209,1729,1714,1519
31/12/2020 23:30,2445,2493,2571,4218,4208,4159,1773,1715,1588
1/1/2021 0:00,2374,2441,2506,4134,4130,4016,1760,1689,1510
1/1/2021 0:30,2315,2452,2513,4036,4037,3891,1721,1585,1378
1/1/2021 1:00,2275,2409,2503,3930,3935,3767,1655,1526,1264
1/1/2021 1:30,2255,2406,2582,3814,3823,3634,1559,1417,1052
1/1/2021 2:00,2232,2359,2580,3689,3700,3524,1457,1341,944
1/1/2021 2:30,2206,2309,2501,3569,3584,3423,1363,1275,922
1/1/2021 3:00,2169,2243,2437,3463,3476,3338,1294,1233,901
1/1/2021 3:30,2121,2199,2441,3386,3406,3283,1265,1207,842
1/1/2021 4:00,2094,2129,2393,3336,3357,3270,1242,1228,877
1/1/2021 4:30,2089,2168,2348,3295,3320,3240,1206,1152,892
1/1/2021 5:00,2067,2116,2336,3266,3290,3240,1199,1174,904
1/1/2021 5:30,2030,2083,2302,3290,3314,3243,1260,1231,941
1/1/2021 6:00,1981,2050,2184,3355,3373,3283,1374,1323,1099
1/1/2021 6:30,1921,2080,2106,3381,3395,3333,1460,1315,1227
1/1/2021 7:00,1869,2026,1912,3360,3371,3364,1491,1345,1452
1/1/2021 7:30,1825,1954,1858,3350,3400,3436,1525,1446,1578
1/1/2021 8:00,1773,1892,1844,3363,3393,3467,1590,1501,1623
1/1/2021 8:30,1713,1853,1781,3397,3431,3458,1684,1578,1677
1/1/2021 9:00,1646,1762,1716,3464,3526,3597,1818,1764,1881
1/1/2021 9:30,1571,1572,1587,3623,3688,3759,2052,2116,2172
1/1/2021 10:00,1488,1470,1496,3861,3900,3938,2373,2430,2442
1/1/2021 10:30,1397,1359,1354,4072,4109,4095,2675,2750,2741
1/1/2021 11:00,1322,1273,1291,4241,4258,4262,2919,2985,2971
1/1/2021 11:30,1263,1202,1327,4416,4422,4402,3153,3220,3075
1/1/2021 12:00,1224,1169,1313,4599,4601,4545,3375,3432,3232
1/1/2021 12:30,1203,1175,1340,4738,4737,4682,3535,3562,3342
1/1/2021 13:00,1200,1170,1324,4814,4813,4739,3614,3643,3415
1/1/2021 13:30,1214,1151,1325,4801,4801,4754,3587,3650,3429
1/1/2021 14:00,1187,1144,1330,4713,4716,4703,3526,3572,3373
1/1/2021 14:30,1119,1099,1350,4635,4645,4678,3516,3546,3328
1/1/2021 15:00,1086,1096,1302,4598,4617,4664,3512,3521,3362
1/1/2021 15:30,1088,1232,1276,4648,4678,4731,3560,3446,3455
1/1/2021 16:00,1098,1225,1307,4799,4833,4864,3701,3608,3557
1/1/2021 16:30,1118,1208,1364,5069,5064,5131,3951,3856,3767
1/1/2021 17:00,1124,1223,1422,5396,5315,5465,4272,4092,4043
1/1/2021 17:30,1116,1251,1293,5519,5404,5530,4403,4153,4237
1/1/2021 18:00,1107,1244,1215,5420,5313,5427,4313,4069,4212
1/1/2021 18:30,1097,1220,1189,5291,5187,5247,4194,3967,4058
1/1/2021 19:00,1080,1189,1104,5174,5064,5086,4094,3875,3982
1/1/2021 19:30,1056,1225,1058,5044,4944,4935,3988,3719,3877
1/1/2021 20:00,1026,1172,1021,4903,4833,4788,3877,3661,3767
1/1/2021 20:30,988,1097,1007,4789,4722,4650,3801,3625,3643
1/1/2021 21:00,950,1039,909,4695,4617,4557,3745,3578,3648
1/1/2021 21:30,912,894,808,4564,4481,4406,3652,3587,3598
1/1/2021 22:00,875,866,836,4399,4334,4300,3524,3468,3464
1/1/2021 22:30,839,813,798,4272,4213,4171,3433,3400,3373
1/1/2021 23:00,818,797,763,4114,4121,4124,3296,3324,3361
1/1/2021 23:30,757,750,761,4049,4057,4014,3292,3307,3253
2/1/2021 0:00,730,759,758,3993,3997,3862,3263,3238,3104
2/1/2021 0:30,736,799,737,3876,3878,3718,3140,3079,2981
2/1/2021 1:00,736,826,722,3701,3701,3582,2965,2875,2860
2/1/2021 1:30,728,809,767,3555,3551,3474,2827,2742,2707
2/1/2021 2:00,721,821,864,3453,3445,3391,2732,2624,2527
2/1/2021 2:30,714,753,911,3367,3357,3315,2653,2604,2404
2/1/2021 3:00,716,763,951,3298,3286,3242,2582,2523,2291
2/1/2021 3:30,726,772,1041,3268,3255,3203,2542,2483,2162
2/1/2021 4:00,742,796,1068,3274,3261,3184,2532,2465,2116
2/1/2021 4:30,763,791,1072,3273,3258,3167,2510,2467,2095
2/1/2021 5:00,790,820,1086,3259,3241,3177,2469,2421,2091
2/1/2021 5:30,822,913,1087,3259,3244,3177,2437,2331,2090
2/1/2021 6:00,837,933,1065,3287,3276,3253,2450,2343,2188
2/1/2021 6:30,836,1014,1007,3377,3367,3324,2541,2353,2317
2/1/2021 7:00,842,1029,973,3526,3510,3420,2684,2481,2447
2/1/2021 7:30,856,1086,991,3692,3683,3556,2836,2597,2565
2/1/2021 8:00,859,1099,1053,3866,3870,3623,3007,2771,2570
2/1/2021 8:30,851,1147,1042,4045,4067,3686,3194,2920,2644
2/1/2021 9:00,841,1203,1140,4229,4263,3854,3388,3060,2714
2/1/2021 9:30,829,1245,1221,4411,4446,4029,3582,3201,2808
2/1/2021 10:00,817,1259,1284,4581,4602,4226,3764,3343,2942
2/1/2021 10:30,805,1155,1264,4707,4705,4381,3902,3550,3117
2/1/2021 11:00,801,1159,1206,4787,4778,4507,3986,3619,3301
2/1/2021 11:30,804,1220,1206,4855,4834,4596,4051,3614,3390
2/1/2021 12:00,823,1254,1262,4912,4871,4714,4089,3617,3452
2/1/2021 12:30,859,1272,1254,4932,4869,4798,4073,3597,3544
2/1/2021 13:00,896,1307,1260,4911,4826,4831,4015,3519,3571
2/1/2021 13:30,935,1393,1278,4870,4788,4801,3935,3395,3523
2/1/2021 14:00,953,1404,1175,4821,4759,4740,3868,3355,3565
2/1/2021 14:30,951,1337,1090,4791,4750,4744,3840,3413,3654
2/1/2021 15:00,945,1325,1146,4795,4767,4750,3850,3442,3604
2/1/2021 15:30,935,1258,1143,4861,4848,4767,3926,3590,3624
2/1/2021 16:00,932,1214,1112,5000,5000,4896,4068,3786,3784
2/1/2021 16:30,934,1155,1157,5238,5252,5234,4304,4097,4077
2/1/2021 17:00,940,1126,1188,5525,5546,5676,4585,4420,4488
2/1/2021 17:30,949,1031,1176,5644,5658,5881,4695,4627,4705
2/1/2021 18:00,960,1028,1178,5575,5563,5777,4615,4535,4599
2/1/2021 18:30,971,1030,1199,5457,5422,5612,4486,4392,4413
2/1/2021 19:00,970,1021,1199,5327,5271,5436,4357,4250,4237
2/1/2021 19:30,957,987,1156,5188,5110,5249,4231,4123,4093
2/1/2021 20:00,945,981,1087,5042,4950,5066,4097,3969,3979
2/1/2021 20:30,934,1113,1056,4895,4794,4915,3961,3681,3859
2/1/2021 21:00,926,1094,1012,4747,4651,4766,3821,3557,3754
2/1/2021 21:30,922,1107,1018,4593,4492,4619,3671,3385,3601
2/1/2021 22:00,918,1110,1025,4441,4340,4460,3523,3230,3435
2/1/2021 22:30,913,1101,1050,4334,4227,4320,3421,3126,3270
2/1/2021 23:00,1193,1111,1068,4173,4165,4263,2980,3054,3195
2/1/2021 23:30,1193,1074,1090,4127,4117,4145,2934,3043,3055
3/1/2021 0:00,1197,1077,1124,4075,4065,3976,2878,2988,2852
3/1/2021 0:30,1205,1056,1173,3955,3941,3845,2750,2885,2672
3/1/2021 1:00,1206,1061,1100,3774,3760,3717,2568,2699,2617
3/1/2021 1:30,1199,1092,1093,3627,3610,3615,2428,2518,2522
3/1/2021 2:00,1195,1090,1118,3528,3511,3517,2333,2421,2399
3/1/2021 2:30,1193,1085,1078,3443,3426,3441,2250,2341,2363
3/1/2021 3:00,1185,1059,1084,3369,3353,3386,2184,2294,2302
3/1/2021 3:30,1170,1011,1109,3325,3306,3350,2155,2295,2241
3/1/2021 4:00,1151,994,1101,3308,3287,3315,2157,2293,2214
3/1/2021 4:30,1127,979,1076,3294,3271,3276,2167,2292,2200
3/1/2021 5:00,1118,984,1016,3281,3256,3245,2163,2272,2229
3/1/2021 5:30,1125,1007,996,3284,3260,3240,2159,2253,2244
3/1/2021 6:00,1129,1022,990,3302,3284,3287,2173,2262,2297
3/1/2021 6:30,1131,1100,989,3323,3316,3350,2192,2216,2361
3/1/2021 7:00,1149,1107,958,3353,3354,3435,2204,2247,2477
3/1/2021 7:30,1182,1087,972,3431,3408,3530,2249,2321,2558
3/1/2021 8:00,1191,1095,954,3560,3483,3572,2369,2388,2618
3/1/2021 8:30,1175,1065,926,3713,3599,3609,2538,2534,2683
3/1/2021 9:00,1150,1061,930,3892,3769,3792,2742,2708,2862
3/1/2021 9:30,1118,1014,899,4130,3998,4011,3012,2984,3112
3/1/2021 10:00,1070,984,851,4407,4278,4204,3337,3294,3353
3/1/2021 10:30,1008,901,870,4613,4502,4386,3605,3601,3516
3/1/2021 11:00,946,854,863,4737,4641,4554,3791,3787,3691
3/1/2021 11:30,884,783,833,4837,4760,4660,3953,3977,3827
3/1/2021 12:00,836,755,801,4921,4876,4797,4085,4121,3996
3/1/2021 12:30,802,711,780,4955,4938,4909,4153,4227,4129
3/1/2021 13:00,790,727,731,4940,4942,4944,4150,4215,4213
3/1/2021 13:30,801,764,672,4902,4911,4913,4101,4147,4241
3/1/2021 14:00,839,805,722,4856,4856,4863,4017,4051,4141
3/1/2021 14:30,905,885,726,4832,4818,4832,3927,3933,4106
3/1/2021 15:00,978,951,757,4842,4814,4859,3864,3863,4102
3/1/2021 15:30,1056,976,847,4906,4877,4915,3850,3901,4068
3/1/2021 16:00,1134,1055,959,5043,5025,5063,3909,3970,4104
3/1/2021 16:30,1210,1124,1107,5303,5305,5390,4093,4181,4283
3/1/2021 17:00,1265,1198,1192,5632,5658,5759,4367,4460,4567
3/1/2021 17:30,1299,1205,1268,5772,5807,5870,4473,4602,4602
3/1/2021 18:00,1319,1262,1324,5698,5725,5762,4379,4463,4438
3/1/2021 18:30,1328,1266,1338,5577,5606,5580,4249,4340,4242
3/1/2021 19:00,1342,1303,1377,5449,5483,5409,4107,4180,4032
3/1/2021 19:30,1362,1299,1350,5310,5345,5222,3948,4046,3872
3/1/2021 20:00,1382,1324,1413,5163,5194,5066,3781,3870,3653
3/1/2021 20:30,1401,1325,1497,5026,5057,4901,3625,3732,3404
3/1/2021 21:00,1415,1317,1562,4895,4929,4751,3480,3612,3189
3/1/2021 21:30,1425,1327,1592,4720,4754,4570,3295,3427,2978
3/1/2021 22:00,1426,1325,1498,4515,4547,4402,3089,3222,2904
3/1/2021 22:30,1419,1321,1429,4371,4387,4201,2952,3066,2772
3/1/2021 23:00,1414,1319,1397,4291,4286,4134,2877,2967,2737
3/1/2021 23:30,1419,1314,1348,4138,4140,4010,2719,2826,2662
4/1/2021 0:00,1424,1305,1339,3935,3942,3856,2511,2637,2517
4/1/2021 0:30,1429,1373,1345,3777,3784,3713,2348,2411,2368
4/1/2021 1:00,1426,1365,1365,3679,3678,3626,2253,2313,2261
4/1/2021 1:30,1414,1363,1364,3598,3593,3539,2184,2230,2175
4/1/2021 2:00,1421,1361,1374,3526,3522,3457,2105,2161,2083
4/1/2021 2:30,1445,1343,1361,3468,3467,3382,2023,2124,2021
4/1/2021 3:00,1464,1344,1405,3428,3423,3329,1964,2079,1924
4/1/2021 3:30,1478,1358,1402,3405,3403,3302,1927,2045,1900
4/1/2021 4:00,1483,1365,1393,3397,3395,3287,1914,2030,1894
4/1/2021 4:30,1480,1368,1457,3390,3393,3283,1910,2025,1826
4/1/2021 5:00,1473,1383,1430,3401,3405,3327,1928,2022,1897
4/1/2021 5:30,1464,1418,1457,3503,3510,3408,2039,2092,1951
4/1/2021 6:00,1467,1420,1470,3714,3723,3599,2247,2303,2129
4/1/2021 6:30,1482,1410,1526,4034,4044,3789,2552,2634,2263
4/1/2021 7:00,1479,1411,1519,4428,4431,4082,2949,3020,2563
4/1/2021 7:30,1457,1416,1503,4753,4750,4428,3296,3334,2925
4/1/2021 8:00,1437,1426,1473,4977,4962,4609,3540,3536,3136
4/1/2021 8:30,1419,1462,1521,5107,5097,4807,3688,3635,3286
4/1/2021 9:00,1402,1459,1552,5166,5167,5046,3764,3708,3494
4/1/2021 9:30,1388,1446,1428,5237,5235,5214,3849,3789,3786
4/1/2021 10:00,1370,1425,1322,5329,5313,5333,3959,3888,4011
4/1/2021 10:30,1346,1411,1302,5404,5396,5428,4058,3985,4126
4/1/2021 11:00,1325,1369,1253,5456,5458,5501,4131,4089,4248
4/1/2021 11:30,1305,1373,1260,5503,5508,5562,4198,4135,4302
4/1/2021 12:00,1296,1347,1273,5542,5546,5648,4246,4199,4375
4/1/2021 12:30,1297,1325,1182,5547,5549,5743,4250,4224,4561
4/1/2021 13:00,1306,1335,1092,5521,5518,5788,4215,4183,4696
4/1/2021 13:30,1325,1261,1053,5493,5485,5706,4168,4224,4653
4/1/2021 14:00,1335,1281,1093,5472,5460,5670,4137,4179,4577
4/1/2021 14:30,1336,1346,1152,5468,5460,5654,4132,4114,4502
4/1/2021 15:00,1345,1345,1218,5492,5500,5664,4147,4155,4446
4/1/2021 15:30,1364,1238,1234,5589,5616,5703,4225,4378,4469
4/1/2021 16:00,1395,1280,1354,5775,5822,5850,4380,4542,4496
4/1/2021 16:30,1439,1268,1464,6068,6118,6152,4629,4850,4688
4/1/2021 17:00,1473,1313,1509,6407,6442,6503,4934,5129,4994
4/1/2021 17:30,1496,1306,1537,6528,6543,6611,5032,5237,5074
4/1/2021 18:00,1515,1315,1550,6413,6403,6416,4898,5088,4866
4/1/2021 18:30,1529,1370,1568,6255,6220,6166,4726,4850,4598
4/1/2021 19:00,1526,1380,1556,6100,6042,5988,4574,4662,4432
4/1/2021 19:30,1505,1455,1594,5941,5866,5804,4436,4411,4210
4/1/2021 20:00,1496,1470,1523,5777,5700,5586,4281,4230,4063
4/1/2021 20:30,1498,1458,1485,5613,5528,5382,4115,4070,3897
4/1/2021 21:00,1500,1446,1449,5439,5354,5239,3939,3908,3790
4/1/2021 21:30,1503,1417,1388,5209,5057,5027,3706,3640,3639
4/1/2021 22:00,1504,1406,1364,4934,4811,4829,3430,3405,3465
4/1/2021 22:30,1502,1405,1393,4713,4599,4616,3211,3194,3223
4/1/2021 23:00,1490,1387,1386,4493,4440,4496,3003,3053,3110
4/1/2021 23:30,1468,1367,1352,4313,4274,4347,2845,2907,2995
5/1/2021 0:00,1436,1333,1243,4105,4102,4165,2669,2769,2922
5/1/2021 0:30,1395,1258,1273,3941,3955,4020,2546,2697,2747
5/1/2021 1:00,1360,1237,1250,3830,3840,3906,2470,2603,2656
5/1/2021 1:30,1333,1232,1261,3735,3746,3811,2402,2514,2550
5/1/2021 2:00,1316,1217,1304,3650,3670,3747,2334,2453,2443
5/1/2021 2:30,1310,1186,1264,3583,3605,3680,2273,2419,2416
5/1/2021 3:00,1301,1177,1254,3536,3554,3630,2235,2377,2376
5/1/2021 3:30,1289,1166,1187,3511,3520,3602,2222,2354,2415
5/1/2021 4:00,1288,1177,1193,3507,3517,3572,2219,2340,2379
5/1/2021 4:30,1297,1264,1198,3510,3522,3577,2213,2258,2379
5/1/2021 5:00,1311,1273,1203,3530,3547,3624,2219,2274,2421
5/1/2021 5:30,1330,1267,1238,3627,3644,3682,2297,2377,2444
5/1/2021 6:00,1345,1271,1281,3819,3835,3867,2474,2564,2586
5/1/2021 6:30,1357,1281,1274,4126,4137,4053,2769,2856,2779
5/1/2021 7:00,1351,1281,1275,4516,4514,4318,3165,3233,3043
5/1/2021 7:30,1328,1246,1190,4851,4815,4634,3523,3569,3444
5/1/2021 8:00,1312,1245,1121,5095,5018,4819,3783,3773,3698
5/1/2021 8:30,1304,1234,1133,5243,5173,5032,3939,3939,3899
5/1/2021 9:00,1275,1218,1085,5312,5304,5223,4037,4086,4138
5/1/2021 9:30,1224,1193,1089,5372,5403,5374,4148,4210,4285
5/1/2021 10:00,1166,1157,1029,5438,5485,5450,4272,4328,4421
5/1/2021 10:30,1101,1116,1014,5494,5549,5515,4393,4433,4501
5/1/2021 11:00,1048,1067,969,5539,5601,5592,4491,4534,4623
5/1/2021 11:30,1007,938,870,5583,5655,5628,4576,4717,4758
5/1/2021 12:00,983,904,826,5621,5698,5675,4638,4794,4849
5/1/2021 12:30,975,855,849,5625,5707,5744,4650,4852,4895
5/1/2021 13:00,987,862,891,5595,5672,5770,4608,4810,4879
5/1/2021 13:30,1018,913,890,5562,5637,5669,4544,4724,4779
5/1/2021 14:00,1036,956,893,5537,5606,5613,4501,4650,4720
5/1/2021 14:30,1041,988,946,5536,5597,5598,4495,4609,4652
5/1/2021 15:00,1063,1017,995,5570,5619,5608,4507,4602,4613
5/1/2021 15:30,1103,986,1099,5672,5720,5682,4569,4734,4583
5/1/2021 16:00,1142,1009,1154,5857,5909,5812,4715,4900,4658
5/1/2021 16:30,1180,1062,1201,6138,6201,6125,4958,5139,4924
5/1/2021 17:00,1192,1077,1296,6460,6528,6522,5268,5451,5226
5/1/2021 17:30,1178,1039,1317,6571,6623,6641,5393,5584,5324
5/1/2021 18:00,1155,1042,1383,6456,6469,6487,5301,5427,5104
5/1/2021 18:30,1122,1034,1302,6298,6294,6285,5176,5260,4983
5/1/2021 19:00,1086,1024,1231,6142,6142,6065,5056,5118,4834
5/1/2021 19:30,1046,1052,1197,5979,5978,5869,4933,4926,4672
5/1/2021 20:00,1007,1012,1146,5811,5805,5690,4804,4793,4544
5/1/2021 20:30,971,1008,1154,5644,5624,5540,4673,4616,4386
5/1/2021 21:00,939,969,1085,5468,5436,5324,4529,4467,4239
5/1/2021 21:30,913,1006,997,5235,5208,5135,4322,4202,4138
5/1/2021 22:00,895,973,1001,4962,4967,4929,4067,3994,3928
5/1/2021 22:30,884,925,944,4755,4773,4696,3871,3848,3752
5/1/2021 23:00,891,890,867,4638,4633,4570,3747,3743,3703
5/1/2021 23:30,858,820,825,4453,4448,4423,3595,3628,3598
6/1/2021 0:00,825,796,768,4223,4217,4232,3398,3421,3464
6/1/2021 0:30,792,814,728,4050,4047,4066,3258,3233,3338
6/1/2021 1:00,758,799,712,3946,3945,3964,3188,3146,3252
6/1/2021 1:30,724,761,657,3863,3864,3880,3139,3103,3223
6/1/2021 2:00,699,740,631,3791,3789,3808,3092,3049,3177
6/1/2021 2:30,683,713,615,3730,3729,3753,3047,3016,3138
6/1/2021 3:00,666,682,613,3683,3680,3710,3017,2998,3097
6/1/2021 3:30,648,630,578,3657,3656,3678,3009,3026,3100
6/1/2021 4:00,627,592,523,3652,3650,3672,3025,3058,3149
6/1/2021 4:30,604,495,507,3659,3660,3669,3055,3165,3162
6/1/2021 5:00,580,460,484,3687,3690,3712,3107,3230,3228
6/1/2021 5:30,556,405,416,3786,3788,3764,3230,3383,3348
6/1/2021 6:00,523,377,390,3972,3971,3955,3449,3594,3565
6/1/2021 6:30,482,360,375,4268,4267,4141,3786,3907,3766
6/1/2021 7:00,449,336,350,4646,4642,4442,4197,4306,4092
6/1/2021 7:30,423,279,324,4968,4946,4777,4545,4667,4453
6/1/2021 8:00,393,258,301,5202,5156,4971,4809,4898,4670
6/1/2021 8:30,358,274,255,5350,5312,5171,4992,5038,4916
6/1/2021 9:00,317,249,233,5431,5437,5383,5114,5188,5150
6/1/2021 9:30,270,241,201,5501,5521,5522,5231,5280,5321
6/1/2021 10:00,222,202,187,5573,5581,5589,5351,5379,5402
6/1/2021 10:30,173,150,168,5631,5624,5645,5458,5474,5477
6/1/2021 11:00,138,115,139,5678,5655,5703,5540,5540,5564
6/1/2021 11:30,118,66,124,5729,5706,5742,5611,5640,5618
6/1/2021 12:00,104,56,106,5780,5766,5782,5676,5710,5676
6/1/2021 12:30,97,55,86,5794,5792,5862,5697,5737,5776
6/1/2021 13:00,92,60,83,5767,5770,5872,5675,5710,5789
6/1/2021 13:30,89,65,98,5728,5727,5776,5639,5662,5678
6/1/2021 14:00,90,73,118,5689,5675,5735,5599,5602,5617
6/1/2021 14:30,94,91,138,5677,5659,5703,5583,5568,5565
6/1/2021 15:00,103,101,147,5701,5688,5710,5598,5587,5563
6/1/2021 15:30,116,120,154,5780,5771,5758,5664,5651,5604
6/1/2021 16:00,128,142,152,5930,5919,5893,5802,5777,5741
6/1/2021 16:30,140,151,160,6199,6184,6223,6059,6033,6063
6/1/2021 17:00,146,174,162,6529,6509,6641,6383,6335,6479
6/1/2021 17:30,145,230,152,6634,6612,6772,6489,6382,6620
6/1/2021 18:00,145,237,143,6497,6473,6609,6352,6236,6466
6/1/2021 18:30,147,194,161,6333,6297,6397,6186,6103,6236
6/1/2021 19:00,150,201,181,6185,6134,6178,6035,5933,5997
6/1/2021 19:30,154,192,174,6025,5963,5973,5871,5771,5799
6/1/2021 20:00,161,206,187,5848,5790,5767,5687,5584,5580
6/1/2021 20:30,171,223,195,5663,5606,5598,5492,5383,5403
6/1/2021 21:00,180,252,207,5469,5416,5402,5289,5164,5195
6/1/2021 21:30,191,263,251,5241,5176,5210,5050,4913,4959
6/1/2021 22:00,200,292,298,4993,4917,4996,4793,4625,4698
6/1/2021 22:30,207,337,317,4804,4720,4776,4597,4383,4459
6/1/2021 23:00,339,348,334,4577,4580,4675,4238,4232,4341
6/1/2021 23:30,350,326,343,4413,4412,4520,4063,4086,4177
7/1/2021 0:00,356,328,348,4219,4213,4340,3863,3885,3992
7/1/2021 0:30,358,299,361,4057,4049,4188,3699,3750,3827
7/1/2021 1:00,355,292,322,3938,3930,4062,3583,3638,3740
7/1/2021 1:30,347,280,333,3845,3837,3969,3498,3557,3636
7/1/2021 2:00,329,258,389,3771,3762,3881,3442,3504,3492
7/1/2021 2:30,303,232,425,3713,3703,3808,3410,3471,3383
7/1/2021 3:00,297,219,423,3670,3657,3759,3373,3438,3336
7/1/2021 3:30,311,215,379,3644,3634,3719,3333,3419,3340
7/1/2021 4:00,325,224,361,3636,3630,3714,3311,3406,3353
7/1/2021 4:30,337,265,349,3642,3642,3698,3305,3377,3349
7/1/2021 5:00,357,283,381,3670,3675,3728,3313,3392,3347
7/1/2021 5:30,384,279,404,3756,3761,3789,3372,3482,3385
7/1/2021 6:00,398,328,425,3920,3921,3965,3522,3593,3540
7/1/2021 6:30,399,496,421,4209,4207,4154,3810,3711,3733
7/1/2021 7:00,421,572,528,4594,4587,4448,4173,4015,3920
7/1/2021 7:30,462,635,636,4918,4894,4780,4456,4259,4144
7/1/2021 8:00,515,691,698,5147,5103,4990,4632,4412,4292
7/1/2021 8:30,580,734,741,5304,5267,5182,4724,4533,4441
7/1/2021 9:00,636,794,908,5401,5406,5416,4765,4612,4508
7/1/2021 9:30,684,841,903,5474,5494,5532,4790,4653,4629
7/1/2021 10:00,692,870,970,5534,5550,5582,4842,4680,4612
7/1/2021 10:30,659,866,1026,5587,5610,5641,4928,4744,4615
7/1/2021 11:00,624,855,979,5638,5649,5678,5014,4794,4699
7/1/2021 11:30,587,812,892,5689,5698,5723,5102,4886,4831
7/1/2021 12:00,577,826,923,5736,5742,5811,5159,4916,4888
7/1/2021 12:30,594,917,852,5747,5754,5869,5153,4837,5017
7/1/2021 13:00,619,953,844,5720,5722,5888,5101,4769,5044
7/1/2021 13:30,652,944,900,5679,5677,5781,5027,4733,4881
7/1/2021 14:00,683,974,960,5638,5626,5713,4955,4652,4753
7/1/2021 14:30,713,988,844,5620,5600,5686,4907,4612,4842
7/1/2021 15:00,772,990,879,5637,5610,5674,4865,4620,4795
7/1/2021 15:30,861,956,937,5705,5689,5693,4844,4733,4756
7/1/2021 16:00,944,984,898,5842,5855,5830,4898,4871,4932
7/1/2021 16:30,1021,985,937,6104,6146,6114,5083,5161,5177
7/1/2021 17:00,1089,1024,981,6434,6499,6525,5345,5475,5544
7/1/2021 17:30,1148,1070,962,6547,6619,6661,5399,5549,5699
7/1/2021 18:00,1212,1130,1015,6420,6479,6481,5208,5349,5466
7/1/2021 18:30,1281,1094,1017,6255,6297,6269,4974,5203,5252
7/1/2021 19:00,1357,1185,1078,6097,6119,6039,4740,4934,4961
7/1/2021 19:30,1441,1306,1157,5934,5938,5822,4493,4632,4665
7/1/2021 20:00,1498,1398,1306,5762,5759,5644,4264,4361,4338
7/1/2021 20:30,1529,1394,1361,5585,5576,5474,4056,4182,4113
7/1/2021 21:00,1547,1444,1402,5396,5391,5288,3849,3947,3886
7/1/2021 21:30,1553,1486,1558,5163,5165,5077,3610,3679,3519
7/1/2021 22:00,1559,1544,1508,4902,4926,4833,3343,3382,3325
7/1/2021 22:30,1563,1582,1463,4701,4735,4647,3138,3153,3184
7/1/2021 23:00,1747,1663,1483,4606,4603,4540,2859,2940,3057
7/1/2021 23:30,1776,1730,1511,4446,4447,4414,2670,2717,2903
8/1/2021 0:00,1810,1819,1694,4254,4259,4256,2444,2440,2562
8/1/2021 0:30,1850,1912,1671,4092,4100,4106,2242,2188,2435
8/1/2021 1:00,1871,1965,1793,3971,3975,3995,2100,2010,2202
8/1/2021 1:30,1875,1879,1826,3873,3878,3911,1998,1999,2085
8/1/2021 2:00,1870,1885,1765,3794,3797,3830,1924,1912,2065
8/1/2021 2:30,1855,1854,1738,3728,3733,3738,1873,1879,2000
8/1/2021 3:00,1846,1843,1763,3677,3679,3698,1831,1836,1935
8/1/2021 3:30,1844,1791,1717,3651,3654,3672,1807,1863,1955
8/1/2021 4:00,1856,1802,1770,3648,3651,3656,1792,1849,1886
8/1/2021 4:30,1881,1828,1805,3656,3661,3652,1775,1833,1847
8/1/2021 5:00,1883,1876,1849,3684,3689,3706,1801,1813,1857
8/1/2021 5:30,1861,1864,1944,3780,3783,3787,1919,1919,1843
8/1/2021 6:00,1834,1888,1844,3958,3957,3951,2124,2069,2107
8/1/2021 6:30,1800,1853,1818,4227,4217,4148,2427,2364,2330
8/1/2021 7:00,1773,1835,1792,4565,4540,4410,2792,2705,2618
8/1/2021 7:30,1752,1835,1740,4866,4834,4782,3114,2999,3042
8/1/2021 8:00,1712,1788,1713,5102,5076,4974,3390,3288,3261
8/1/2021 8:30,1654,1674,1649,5253,5246,5167,3599,3572,3518
8/1/2021 9:00,1594,1617,1594,5334,5366,5380,3740,3749,3786
8/1/2021 9:30,1533,1509,1504,5418,5463,5520,3885,3954,4016
8/1/2021 10:00,1473,1448,1366,5516,5550,5585,4043,4102,4219
8/1/2021 10:30,1412,1421,1319,5593,5624,5656,4181,4203,4337
8/1/2021 11:00,1321,1351,1183,5643,5662,5696,4322,4311,4513
8/1/2021 11:30,1198,1249,1082,5690,5714,5707,4492,4465,4625
8/1/2021 12:00,1116,1207,1009,5730,5766,5732,4614,4559,4723
8/1/2021 12:30,1074,1194,939,5738,5783,5810,4664,4589,4871
8/1/2021 13:00,1041,1163,956,5710,5749,5796,4669,4586,4840
8/1/2021 13:30,1018,1002,994,5657,5693,5696,4639,4691,4702
8/1/2021 14:00,998,970,939,5591,5621,5617,4593,4651,4678
8/1/2021 14:30,984,910,871,5552,5578,5582,4568,4668,4711
8/1/2021 15:00,953,887,833,5553,5572,5574,4600,4685,4741
8/1/2021 15:30,905,835,738,5604,5613,5574,4699,4778,4836
8/1/2021 16:00,875,826,705,5723,5723,5653,4848,4897,4948
8/1/2021 16:30,863,816,733,5980,5976,5913,5117,5160,5180
8/1/2021 17:00,848,829,789,6317,6318,6360,5469,5489,5571
8/1/2021 17:30,830,858,825,6445,6438,6569,5615,5580,5744
8/1/2021 18:00,806,842,761,6338,6309,6449,5532,5467,5688
8/1/2021 18:30,775,732,742,6184,6144,6284,5409,5412,5542
8/1/2021 19:00,738,691,672,6030,5988,6096,5292,5297,5424
8/1/2021 19:30,694,619,619,5872,5825,5874,5178,5206,5255
8/1/2021 20:00,649,578,543,5708,5662,5673,5059,5084,5130
8/1/2021 20:30,602,513,507,5539,5489,5512,4937,4976,5005
8/1/2021 21:00,561,483,457,5358,5311,5320,4797,4828,4863
8/1/2021 21:30,526,465,419,5147,5089,5142,4621,4624,4723
8/1/2021 22:00,493,445,423,4922,4860,4958,4429,4415,4535
8/1/2021 22:30,463,400,405,4769,4710,4779,4306,4310,4374
8/1/2021 23:00,496,372,385,4629,4635,4722,4133,4263,4337
8/1/2021 23:30,466,328,355,4508,4514,4633,4042,4186,4278
9/1/2021 0:00,441,311,313,4333,4339,4443,3892,4028,4130
9/1/2021 0:30,423,314,297,4173,4180,4283,3750,3866,3986
9/1/2021 1:00,409,307,275,4039,4049,4154,3630,3742,3879
9/1/2021 1:30,400,263,245,3919,3930,4043,3519,3667,3798
9/1/2021 2:00,387,260,235,3813,3820,3941,3426,3560,3706
9/1/2021 2:30,370,276,240,3723,3730,3860,3353,3454,3620
9/1/2021 3:00,365,277,234,3655,3661,3804,3290,3384,3570
9/1/2021 3:30,372,270,239,3615,3618,3751,3243,3348,3512
9/1/2021 4:00,384,283,269,3599,3605,3730,3215,3322,3461
9/1/2021 4:30,401,279,292,3588,3596,3698,3187,3317,3406
9/1/2021 5:00,423,306,329,3583,3589,3702,3160,3283,3373
9/1/2021 5:30,451,329,340,3607,3613,3705,3156,3284,3365
9/1/2021 6:00,488,380,333,3665,3674,3791,3177,3294,3458
9/1/2021 6:30,532,437,369,3755,3768,3879,3223,3331,3510
9/1/2021 7:00,569,490,392,3876,3890,3998,3307,3400,3606
9/1/2021 7:30,598,523,479,4026,4038,4155,3428,3515,3676
9/1/2021 8:00,631,565,503,4198,4212,4225,3567,3647,3722
9/1/2021 8:30,669,614,567,4373,4405,4298,3704,3791,3731
9/1/2021 9:00,699,658,622,4547,4622,4493,3848,3964,3871
9/1/2021 9:30,722,692,646,4735,4815,4699,4013,4123,4053
9/1/2021 10:00,736,719,666,4924,4977,4866,4188,4258,4200
9/1/2021 10:30,742,691,688,5059,5092,4988,4317,4401,4300
9/1/2021 11:00,745,698,726,5135,5158,5076,4390,4460,4350
9/1/2021 11:30,746,692,715,5201,5213,5121,4455,4521,4406
9/1/2021 12:00,746,694,709,5260,5257,5166,4514,4563,4457
9/1/2021 12:30,743,713,713,5281,5264,5212,4538,4551,4499
9/1/2021 13:00,731,713,697,5257,5225,5207,4526,4512,4510
9/1/2021 13:30,709,709,696,5204,5171,5154,4495,4462,4458
9/1/2021 14:00,687,704,667,5136,5109,5079,4449,4405,4412
9/1/2021 14:30,663,696,637,5098,5078,5020,4435,4382,4383
9/1/2021 15:00,648,704,633,5100,5093,5023,4452,4389,4390
9/1/2021 15:30,641,735,619,5143,5136,5053,4502,4401,4434
9/1/2021 16:00,634,747,636,5247,5230,5177,4613,4483,4541
9/1/2021 16:30,629,733,657,5487,5475,5453,4858,4742,4796
9/1/2021 17:00,624,741,657,5811,5821,5925,5187,5080,5268
9/1/2021 17:30,620,731,701,5933,5965,6180,5313,5234,5479
9/1/2021 18:00,618,730,765,5827,5874,6150,5209,5144,5385
9/1/2021 18:30,620,715,756,5681,5742,5979,5061,5027,5223
9/1/2021 19:00,619,718,794,5539,5605,5755,4920,4887,4961
9/1/2021 19:30,618,689,763,5390,5458,5520,4772,4769,4757
9/1/2021 20:00,613,692,750,5235,5304,5309,4622,4612,4559
9/1/2021 20:30,606,634,718,5084,5157,5126,4478,4523,4408
9/1/2021 21:00,600,646,724,4934,5017,4961,4334,4371,4237
9/1/2021 21:30,595,694,715,4759,4844,4802,4164,4150,4087
9/1/2021 22:00,595,704,711,4570,4658,4653,3975,3954,3942
9/1/2021 22:30,598,717,741,4435,4496,4488,3837,3779,3747
9/1/2021 23:00,620,724,761,4418,4407,4432,3798,3683,3671
9/1/2021 23:30,626,758,811,4320,4312,4336,3694,3554,3525
10/1/2021 0:00,629,767,841,4209,4194,4185,3580,3427,3344
10/1/2021 0:30,627,750,870,4079,4062,4034,3452,3312,3164
10/1/2021 1:00,621,763,893,3936,3918,3904,3315,3155,3011
10/1/2021 1:30,610,735,886,3810,3793,3797,3200,3058,2911
10/1/2021 2:00,605,730,876,3707,3688,3686,3102,2958,2810
10/1/2021 2:30,607,683,850,3628,3611,3616,3021,2928,2766
10/1/2021 3:00,612,672,815,3573,3555,3561,2961,2883,2746
10/1/2021 3:30,620,695,824,3542,3531,3523,2922,2836,2699
10/1/2021 4:00,639,711,871,3530,3519,3496,2891,2808,2625
10/1/2021 4:30,668,759,893,3509,3501,3452,2841,2742,2559
10/1/2021 5:00,697,789,913,3482,3475,3444,2785,2686,2531
10/1/2021 5:30,726,841,923,3489,3483,3448,2763,2642,2525
10/1/2021 6:00,754,867,924,3534,3528,3506,2780,2661,2582
10/1/2021 6:30,779,875,959,3599,3606,3548,2820,2731,2589
10/1/2021 7:00,810,909,958,3679,3701,3631,2869,2792,2673
10/1/2021 7:30,848,1013,990,3775,3794,3718,2927,2781,2728
10/1/2021 8:00,882,1035,1023,3887,3882,3758,3005,2847,2735
10/1/2021 8:30,913,958,1098,4020,4000,3817,3107,3042,2719
10/1/2021 9:00,923,968,1144,4181,4160,3981,3258,3192,2837
10/1/2021 9:30,912,971,1138,4386,4367,4198,3474,3396,3060
10/1/2021 10:00,898,968,1196,4619,4606,4424,3721,3638,3228
10/1/2021 10:30,881,971,1232,4791,4768,4619,3910,3797,3387
10/1/2021 11:00,888,981,1304,4893,4844,4793,4005,3863,3489
10/1/2021 11:30,919,1007,1382,4989,4928,4922,4070,3921,3540
10/1/2021 12:00,962,1042,1396,5079,5021,5091,4117,3979,3695
10/1/2021 12:30,1014,1126,1477,5112,5072,5233,4098,3946,3756
10/1/2021 13:00,1062,1160,1549,5085,5063,5252,4023,3903,3703
10/1/2021 13:30,1106,1208,1655,5030,5019,5228,3924,3811,3573
10/1/2021 14:00,1138,1230,1644,4965,4949,5168,3827,3719,3524
10/1/2021 14:30,1158,1372,1651,4930,4912,5137,3772,3540,3486
10/1/2021 15:00,1179,1379,1721,4934,4920,5136,3755,3541,3415
10/1/2021 15:30,1200,1439,1717,4987,4988,5149,3787,3549,3432
10/1/2021 16:00,1231,1449,1835,5107,5133,5274,3876,3684,3439
10/1/2021 16:30,1272,1454,1979,5360,5398,5544,4088,3944,3565
10/1/2021 17:00,1310,1491,2082,5694,5731,5891,4384,4240,3809
10/1/2021 17:30,1345,1615,2126,5839,5867,5987,4494,4252,3861
10/1/2021 18:00,1395,1669,2278,5767,5786,5879,4372,4117,3601
10/1/2021 18:30,1462,1897,2413,5645,5667,5668,4183,3770,3255
10/1/2021 19:00,1526,1960,2461,5516,5545,5467,3990,3585,3006
10/1/2021 19:30,1589,2148,2534,5375,5393,5288,3786,3245,2754
10/1/2021 20:00,1647,2206,2725,5227,5220,5131,3580,3014,2406
10/1/2021 20:30,1702,2419,2807,5088,5059,4974,3386,2640,2167
10/1/2021 21:00,1767,2462,2811,4950,4912,4800,3183,2450,1989
10/1/2021 21:30,1842,2607,2941,4772,4727,4616,2930,2120,1675
10/1/2021 22:00,1906,2630,3072,4560,4526,4452,2654,1896,1380
10/1/2021 22:30,1961,2637,3031,4386,4363,4256,2425,1726,1225
10/1/2021 23:00,2318,2635,2914,4238,4243,4171,1920,1608,1257
10/1/2021 23:30,2347,2744,2898,4095,4103,4045,1748,1359,1147
11/1/2021 0:00,2375,2728,2816,3929,3937,3887,1554,1209,1071
11/1/2021 0:30,2403,2737,2754,3799,3810,3733,1396,1073,979
11/1/2021 1:00,2427,2731,2714,3710,3720,3617,1283,989,903
11/1/2021 1:30,2446,2707,2692,3632,3642,3568,1186,935,876
11/1/2021 2:00,2463,2685,2717,3559,3566,3523,1096,881,806
11/1/2021 2:30,2478,2711,2705,3503,3512,3478,1025,801,773
11/1/2021 3:00,2502,2697,2576,3468,3475,3407,966,778,831
11/1/2021 3:30,2537,2598,2443,3446,3452,3378,909,854,935
11/1/2021 4:00,2574,2617,2587,3436,3442,3342,862,825,755
11/1/2021 4:30,2615,2682,2602,3446,3454,3340,831,772,738
11/1/2021 5:00,2673,2728,2810,3488,3496,3383,815,768,573
11/1/2021 5:30,2747,2810,2918,3608,3611,3471,861,801,553
11/1/2021 6:00,2827,2875,3017,3819,3813,3673,992,938,656
11/1/2021 6:30,2914,2876,3034,4134,4131,3870,1220,1255,836
11/1/2021 7:00,2990,2957,3159,4525,4524,4160,1535,1567,1001
11/1/2021 7:30,3056,3046,3479,4865,4850,4469,1809,1804,990
11/1/2021 8:00,3112,3088,3598,5123,5076,4815,2011,1988,1217
11/1/2021 8:30,3157,3129,3587,5291,5239,5072,2134,2110,1485
11/1/2021 9:00,3190,3144,3661,5383,5361,5255,2193,2217,1594
11/1/2021 9:30,3212,3227,3643,5466,5456,5357,2254,2229,1714
11/1/2021 10:00,3237,3231,3679,5546,5537,5409,2309,2306,1730
11/1/2021 10:30,3264,3250,3681,5582,5560,5482,2318,2310,1801
11/1/2021 11:00,3261,3249,3773,5578,5582,5576,2317,2333,1803
11/1/2021 11:30,3228,3437,3764,5590,5627,5590,2362,2190,1826
11/1/2021 12:00,3217,3416,3739,5622,5684,5653,2405,2268,1914
11/1/2021 12:30,3227,3479,3768,5627,5706,5750,2400,2227,1982
11/1/2021 13:00,3217,3459,3802,5601,5676,5788,2384,2217,1986
11/1/2021 13:30,3186,3471,3847,5575,5654,5706,2389,2183,1859
11/1/2021 14:00,3152,3434,3800,5560,5639,5666,2408,2205,1866
11/1/2021 14:30,3115,3434,3753,5566,5646,5612,2451,2212,1859
11/1/2021 15:00,3079,3412,3670,5602,5674,5624,2523,2262,1954
11/1/2021 15:30,3043,3447,3709,5688,5751,5683,2645,2304,1974
11/1/2021 16:00,2997,3405,3722,5839,5886,5780,2842,2481,2058
11/1/2021 16:30,2941,3440,3702,6089,6119,6049,3148,2679,2347
11/1/2021 17:00,2894,3365,3672,6384,6395,6356,3490,3030,2684
11/1/2021 17:30,2856,3318,3636,6481,6473,6433,3625,3155,2797
11/1/2021 18:00,2805,3251,3554,6361,6331,6241,3556,3080,2687
11/1/2021 18:30,2741,3185,3551,6196,6141,6020,3455,2956,2469
11/1/2021 19:00,2687,3103,3478,6029,5944,5813,3342,2841,2335
11/1/2021 19:30,2644,3049,3298,5853,5766,5610,3209,2717,2312
11/1/2021 20:00,2572,2928,3191,5668,5606,5447,3096,2678,2256
11/1/2021 20:30,2472,2824,3055,5481,5431,5254,3009,2607,2199
11/1/2021 21:00,2384,2754,2954,5284,5241,5066,2900,2487,2112
11/1/2021 21:30,2310,2833,2806,5053,5005,4853,2743,2172,2047
11/1/2021 22:00,2248,2750,2750,4797,4746,4614,2549,1996,1864
11/1/2021 22:30,2198,2695,2719,4584,4524,4442,2386,1829,1723
11/1/2021 23:00,2348,2618,2625,4377,4360,4340,2029,1742,1715
11/1/2021 23:30,2299,2560,2504,4198,4194,4229,1899,1634,1725
12/1/2021 0:00,2263,2499,2287,4001,4018,4068,1738,1519,1781
12/1/2021 0:30,2240,2363,2311,3841,3868,3926,1601,1505,1615
12/1/2021 1:00,2203,2306,2358,3726,3749,3838,1523,1443,1480
12/1/2021 1:30,2152,2273,2300,3636,3655,3768,1484,1382,1468
12/1/2021 2:00,2095,2191,2214,3562,3581,3688,1467,1390,1474
12/1/2021 2:30,2030,2135,2123,3501,3521,3615,1471,1386,1492
12/1/2021 3:00,1969,2047,2062,3454,3475,3577,1485,1428,1515
12/1/2021 3:30,1911,1920,1980,3429,3451,3558,1518,1531,1578
12/1/2021 4:00,1856,1853,2007,3424,3449,3551,1568,1596,1544
12/1/2021 4:30,1806,1807,2024,3434,3464,3554,1628,1657,1530
12/1/2021 5:00,1762,1750,1990,3471,3507,3589,1709,1757,1599
12/1/2021 5:30,1727,1708,1986,3590,3622,3614,1863,1914,1628
12/1/2021 6:00,1697,1659,2136,3805,3830,3809,2108,2171,1673
12/1/2021 6:30,1672,1658,2095,4124,4148,4002,2452,2490,1907
12/1/2021 7:00,1636,1602,2112,4516,4544,4279,2880,2942,2167
12/1/2021 7:30,1588,1542,2067,4853,4865,4649,3265,3323,2582
12/1/2021 8:00,1552,1493,1962,5105,5087,4846,3553,3594,2884
12/1/2021 8:30,1528,1704,1874,5271,5247,5074,3743,3543,3200
12/1/2021 9:00,1498,1587,1754,5361,5368,5246,3863,3781,3492
12/1/2021 9:30,1464,1454,1589,5416,5442,5328,3952,3988,3739
12/1/2021 10:00,1429,1327,1503,5451,5486,5347,4022,4159,3844
12/1/2021 10:30,1392,1294,1404,5485,5522,5403,4093,4228,3999
12/1/2021 11:00,1360,1213,1306,5524,5538,5457,4164,4325,4151
12/1/2021 11:30,1336,1167,1306,5570,5568,5497,4234,4401,4191
12/1/2021 12:00,1297,1130,1343,5616,5604,5588,4319,4474,4245
12/1/2021 12:30,1246,1081,1325,5624,5618,5682,4378,4537,4357
12/1/2021 13:00,1223,1039,1308,5594,5595,5700,4371,4556,4392
12/1/2021 13:30,1228,985,1369,5568,5570,5614,4340,4585,4245
12/1/2021 14:00,1226,925,1364,5556,5538,5557,4330,4613,4193
12/1/2021 14:30,1216,855,1317,5566,5520,5540,4350,4665,4223
12/1/2021 15:00,1194,822,1245,5604,5523,5532,4410,4701,4287
12/1/2021 15:30,1160,892,1154,5687,5603,5582,4527,4711,4428
12/1/2021 16:00,1139,870,1113,5831,5772,5715,4692,4902,4602
12/1/2021 16:30,1130,870,1063,6080,6033,6025,4950,5163,4962
12/1/2021 17:00,1129,865,995,6379,6327,6377,5250,5462,5382
12/1/2021 17:30,1136,1064,960,6472,6402,6489,5336,5338,5529
12/1/2021 18:00,1158,1076,970,6339,6247,6310,5181,5171,5340
12/1/2021 18:30,1194,1125,978,6158,6071,6059,4964,4946,5081
12/1/2021 19:00,1243,1158,997,5979,5921,5842,4736,4763,4845
12/1/2021 19:30,1305,1158,947,5811,5761,5650,4506,4603,4703
12/1/2021 20:00,1378,1194,962,5651,5597,5441,4273,4403,4479
12/1/2021 20:30,1465,1187,1063,5475,5423,5263,4010,4236,4200
12/1/2021 21:00,1554,1260,1161,5274,5240,5085,3720,3980,3924
12/1/2021 21:30,1646,1301,1212,5037,5009,4867,3391,3708,3655
12/1/2021 22:00,1724,1389,1283,4778,4755,4635,3054,3366,3352
12/1/2021 22:30,1787,1456,1360,4564,4540,4440,2777,3084,3080
12/1/2021 23:00,1504,1524,1451,4388,4383,4316,2884,2859,2865
12/1/2021 23:30,1572,1524,1530,4210,4209,4180,2638,2685,2650
13/1/2021 0:00,1625,1578,1603,4015,4013,4024,2390,2435,2421
13/1/2021 0:30,1663,1651,1733,3866,3865,3884,2203,2214,2151
13/1/2021 1:00,1691,1684,1763,3770,3768,3773,2079,2084,2010
13/1/2021 1:30,1709,1655,1759,3688,3691,3685,1979,2036,1926
13/1/2021 2:00,1715,1671,1800,3614,3618,3606,1899,1947,1806
13/1/2021 2:30,1709,1728,1752,3555,3560,3526,1846,1832,1774
13/1/2021 3:00,1722,1725,1771,3512,3515,3509,1790,1790,1738
13/1/2021 3:30,1752,1720,1759,3492,3494,3493,1740,1774,1734
13/1/2021 4:00,1765,1728,1742,3492,3492,3481,1727,1764,1739
13/1/2021 4:30,1762,1767,1736,3502,3504,3474,1740,1737,1738
13/1/2021 5:00,1754,1784,1763,3531,3535,3522,1777,1751,1759
13/1/2021 5:30,1741,1804,1774,3628,3630,3570,1887,1826,1796
13/1/2021 6:00,1739,1812,1873,3811,3806,3751,2072,1994,1878
13/1/2021 6:30,1747,1786,1893,4117,4105,3909,2370,2319,2016
13/1/2021 7:00,1753,1788,2040,4517,4496,4215,2764,2708,2175
13/1/2021 7:30,1756,1753,2077,4855,4821,4575,3099,3068,2498
13/1/2021 8:00,1759,1785,2052,5096,5052,4775,3337,3267,2723
13/1/2021 8:30,1763,1841,2040,5247,5208,4995,3484,3367,2955
13/1/2021 9:00,1775,1855,2038,5325,5312,5141,3550,3457,3103
13/1/2021 9:30,1796,1857,2128,5379,5382,5279,3583,3525,3151
13/1/2021 10:00,1820,1864,2083,5420,5432,5326,3600,3568,3243
13/1/2021 10:30,1848,1955,2006,5449,5428,5347,3601,3473,3341
13/1/2021 11:00,1869,1971,1941,5470,5424,5399,3601,3453,3458
13/1/2021 11:30,1883,2028,2004,5500,5460,5431,3617,3432,3427
13/1/2021 12:00,1892,2066,2051,5536,5528,5497,3644,3462,3446
13/1/2021 12:30,1896,2091,2044,5545,5558,5584,3649,3467,3540
13/1/2021 13:00,1884,2105,2069,5527,5532,5586,3643,3427,3517
13/1/2021 13:30,1856,2070,2044,5498,5496,5503,3642,3426,3459
13/1/2021 14:00,1832,2051,1966,5469,5453,5421,3637,3402,3455
13/1/2021 14:30,1814,2065,1942,5455,5437,5382,3641,3372,3440
13/1/2021 15:00,1802,2045,1947,5469,5454,5418,3667,3409,3471
13/1/2021 15:30,1794,1998,1969,5548,5537,5466,3754,3539,3497
13/1/2021 16:00,1781,1951,1945,5701,5692,5569,3920,3741,3624
13/1/2021 16:30,1763,1886,1920,5934,5934,5849,4171,4048,3929
13/1/2021 17:00,1739,1839,1932,6194,6209,6163,4455,4370,4231
13/1/2021 17:30,1710,1746,1836,6265,6279,6285,4555,4533,4449
13/1/2021 18:00,1663,1683,1689,6135,6127,6138,4472,4444,4449
13/1/2021 18:30,1596,1596,1478,5977,5945,5916,4381,4349,4438
13/1/2021 19:00,1527,1492,1327,5830,5774,5711,4303,4282,4384
13/1/2021 19:30,1456,1400,1272,5677,5609,5503,4221,4209,4231
13/1/2021 20:00,1389,1331,1273,5515,5449,5342,4126,4118,4069
13/1/2021 20:30,1327,1254,1176,5347,5278,5142,4020,4024,3966
13/1/2021 21:00,1270,1213,1194,5168,5094,4965,3898,3881,3771
13/1/2021 21:30,1219,1136,1184,4943,4870,4788,3724,3734,3604
13/1/2021 22:00,1168,1174,1336,4684,4624,4574,3516,3450,3238
13/1/2021 22:30,1119,1144,1322,4472,4407,4366,3353,3263,3044
13/1/2021 23:00,1442,1233,1316,4248,4235,4256,2806,3002,2940
13/1/2021 23:30,1461,1458,1439,4076,4067,4124,2615,2609,2685
14/1/2021 0:00,1489,1552,1571,3901,3896,3952,2412,2344,2381
14/1/2021 0:30,1528,1609,1846,3759,3757,3800,2231,2148,1954
14/1/2021 1:00,1574,1710,1947,3654,3647,3686,2080,1937,1739
14/1/2021 1:30,1628,1851,1934,3564,3563,3600,1936,1712,1666
14/1/2021 2:00,1679,1910,1890,3487,3479,3515,1808,1569,1625
14/1/2021 2:30,1727,1897,1723,3434,3424,3455,1707,1527,1732
14/1/2021 3:00,1771,1925,1625,3405,3392,3400,1634,1467,1775
14/1/2021 3:30,1811,2055,1558,3390,3377,3356,1579,1322,1798
14/1/2021 4:00,1822,2066,1557,3386,3373,3360,1564,1307,1803
14/1/2021 4:30,1804,2111,1584,3391,3382,3354,1587,1271,1770
14/1/2021 5:00,1783,2107,1637,3417,3412,3397,1634,1305,1760
14/1/2021 5:30,1762,1999,1665,3515,3512,3474,1753,1513,1809
14/1/2021 6:00,1729,1991,1818,3705,3700,3677,1976,1709,1859
14/1/2021 6:30,1684,1861,1757,4016,4002,3851,2332,2141,2094
14/1/2021 7:00,1639,1852,2003,4415,4385,4152,2776,2533,2149
14/1/2021 7:30,1593,1743,2316,4756,4708,4507,3163,2965,2191
14/1/2021 8:00,1530,1705,2254,5001,4943,4713,3471,3238,2459
14/1/2021 8:30,1449,1704,2072,5150,5102,4865,3701,3398,2793
14/1/2021 9:00,1359,1634,1958,5217,5206,5054,3858,3572,3096
14/1/2021 9:30,1259,1673,1901,5257,5255,5136,3998,3582,3235
14/1/2021 10:00,1188,1602,1729,5283,5271,5184,4095,3669,3455
14/1/2021 10:30,1147,1733,1555,5294,5274,5231,4147,3541,3676
14/1/2021 11:00,1140,1712,1371,5299,5275,5251,4159,3563,3880
14/1/2021 11:30,1168,1737,1325,5331,5306,5248,4163,3569,3923
14/1/2021 12:00,1165,1750,1321,5382,5352,5305,4217,3602,3984
14/1/2021 12:30,1131,1730,1295,5395,5371,5364,4264,3641,4069
14/1/2021 13:00,1095,1719,1291,5362,5338,5349,4267,3619,4058
14/1/2021 13:30,1056,1546,1329,5307,5281,5238,4251,3735,3909
14/1/2021 14:00,996,1461,1366,5251,5207,5186,4255,3746,3820
14/1/2021 14:30,915,1200,1313,5240,5193,5166,4325,3993,3853
14/1/2021 15:00,822,1055,1205,5279,5237,5194,4457,4182,3989
14/1/2021 15:30,718,804,1055,5331,5287,5249,4613,4483,4194
14/1/2021 16:00,643,684,926,5428,5374,5385,4785,4690,4459
14/1/2021 16:30,597,676,851,5727,5671,5659,5130,4995,4808
14/1/2021 17:00,548,597,833,6165,6116,6118,5617,5519,5285
14/1/2021 17:30,496,505,712,6327,6282,6331,5831,5777,5619
14/1/2021 18:00,447,445,558,6181,6131,6233,5734,5686,5675
14/1/2021 18:30,399,401,463,6005,5951,6009,5606,5550,5546
14/1/2021 19:00,349,349,426,5862,5799,5816,5513,5450,5390
14/1/2021 19:30,295,304,378,5718,5646,5643,5423,5342,5265
14/1/2021 20:00,246,252,292,5565,5491,5445,5319,5239,5153
14/1/2021 20:30,202,247,214,5403,5322,5276,5201,5075,5062
14/1/2021 21:00,167,201,167,5226,5147,5116,5059,4946,4949
14/1/2021 21:30,140,125,120,5009,4931,4904,4869,4806,4784
14/1/2021 22:00,122,105,100,4763,4701,4708,4641,4596,4608
14/1/2021 22:30,113,122,78,4555,4507,4507,4442,4385,4429
14/1/2021 23:00,112,108,75,4374,4369,4395,4262,4261,4320
14/1/2021 23:30,104,70,65,4221,4219,4271,4117,4149,4206
15/1/2021 0:00,105,68,79,4052,4051,4121,3947,3983,4042
15/1/2021 0:30,115,55,80,3908,3912,3995,3793,3857,3915
15/1/2021 1:00,131,78,125,3796,3799,3879,3665,3721,3754
15/1/2021 1:30,153,107,183,3699,3707,3796,3546,3600,3613
15/1/2021 2:00,189,150,252,3617,3620,3716,3428,3470,3464
15/1/2021 2:30,237,206,341,3551,3552,3651,3314,3346,3310
15/1/2021 3:00,300,276,461,3502,3499,3605,3202,3223,3144
15/1/2021 3:30,376,395,608,3471,3466,3582,3095,3071,2974
15/1/2021 4:00,478,507,740,3460,3455,3569,2982,2948,2829
15/1/2021 4:30,607,620,886,3468,3465,3561,2861,2845,2675
15/1/2021 5:00,751,773,966,3504,3503,3573,2753,2730,2607
15/1/2021 5:30,911,1048,1128,3597,3594,3628,2686,2546,2500
15/1/2021 6:00,1046,1174,1291,3763,3757,3813,2717,2583,2522
15/1/2021 6:30,1155,1248,1529,4041,4028,4005,2886,2780,2476
15/1/2021 7:00,1266,1354,1754,4405,4383,4314,3139,3029,2560
15/1/2021 7:30,1380,1530,1966,4721,4684,4644,3341,3154,2678
15/1/2021 8:00,1497,1654,2082,4957,4911,4836,3460,3257,2754
15/1/2021 8:30,1619,1799,2176,5109,5070,5040,3490,3271,2864
15/1/2021 9:00,1742,1935,2371,5191,5190,5257,3449,3255,2886
15/1/2021 9:30,1865,2113,2477,5252,5266,5360,3387,3153,2883
15/1/2021 10:00,2002,2272,2561,5305,5319,5415,3303,3047,2854
15/1/2021 10:30,2152,2566,2632,5342,5346,5458,3190,2780,2826
15/1/2021 11:00,2285,2692,2791,5366,5356,5481,3081,2664,2690
15/1/2021 11:30,2401,2858,2870,5403,5384,5499,3002,2526,2629
15/1/2021 12:00,2507,2956,3046,5446,5419,5562,2939,2463,2516
15/1/2021 12:30,2603,3105,3144,5454,5420,5644,2851,2315,2500
15/1/2021 13:00,2682,3189,3220,5419,5373,5659,2737,2184,2439
15/1/2021 13:30,2743,3315,3421,5358,5314,5531,2615,1999,2110
15/1/2021 14:00,2819,3379,3612,5287,5256,5461,2468,1877,1849
15/1/2021 14:30,2908,3384,3563,5253,5227,5378,2345,1843,1815
15/1/2021 15:00,3014,3475,3578,5263,5247,5388,2249,1772,1810
15/1/2021 15:30,3135,3606,3807,5304,5333,5430,2169,1727,1623
15/1/2021 16:00,3259,3697,3970,5396,5496,5534,2137,1799,1564
15/1/2021 16:30,3386,3800,4024,5631,5725,5818,2245,1925,1794
15/1/2021 17:00,3503,3868,4013,5958,5978,6106,2455,2110,2093
15/1/2021 17:30,3609,3945,4014,6078,6066,6213,2469,2121,2199
15/1/2021 18:00,3688,3976,4056,5963,5971,6114,2275,1995,2058
15/1/2021 18:30,3740,4097,4110,5807,5814,5937,2067,1717,1827
15/1/2021 19:00,3770,4054,4132,5655,5637,5729,1885,1583,1597
15/1/2021 19:30,3779,3998,4121,5500,5461,5530,1721,1463,1409
15/1/2021 20:00,3766,3897,4113,5338,5297,5308,1572,1400,1195
15/1/2021 20:30,3732,3781,4150,5172,5123,5163,1440,1342,1013
15/1/2021 21:00,3683,3687,4072,4995,4950,5002,1312,1263,930
15/1/2021 21:30,3618,3632,3895,4780,4735,4781,1162,1103,886
15/1/2021 22:00,3538,3550,3741,4544,4516,4573,1006,966,832
15/1/2021 22:30,3444,3479,3655,4370,4353,4395,926,874,740
15/1/2021 23:00,3250,3357,3595,4260,4259,4335,1010,902,740
15/1/2021 23:30,3124,3275,3371,4144,4146,4214,1020,871,843
16/1/2021 0:00,3023,3169,3332,3996,4003,4047,973,834,715
16/1/2021 0:30,2947,3213,3399,3852,3865,3925,905,652,526
16/1/2021 1:00,2862,3127,3271,3723,3736,3785,861,609,514
16/1/2021 1:30,2767,3010,3032,3612,3626,3639,845,616,607
16/1/2021 2:00,2707,2956,2909,3520,3528,3548,813,572,639
16/1/2021 2:30,2681,2919,2861,3441,3448,3464,760,529,603
16/1/2021 3:00,2670,2909,2932,3378,3381,3418,708,472,486
16/1/2021 3:30,2674,2925,2834,3342,3337,3373,668,412,539
16/1/2021 4:00,2697,2927,2896,3333,3331,3362,636,404,466
16/1/2021 4:30,2740,2921,2847,3331,3331,3361,591,410,514
16/1/2021 5:00,2774,2952,2755,3336,3332,3371,562,380,616
16/1/2021 5:30,2798,3030,2714,3368,3365,3371,570,335,657
16/1/2021 6:00,2844,3087,2601,3437,3436,3438,593,349,837
16/1/2021 6:30,2911,3146,2588,3553,3556,3517,642,410,929
16/1/2021 7:00,2959,3189,2632,3709,3712,3649,750,523,1017
16/1/2021 7:30,2988,3116,2669,3865,3867,3786,877,751,1117
16/1/2021 8:00,2996,3135,2611,4014,4019,3861,1018,884,1250
16/1/2021 8:30,2983,3161,2768,4170,4194,3951,1187,1033,1183
16/1/2021 9:00,2979,3144,2848,4331,4406,4111,1352,1262,1263
16/1/2021 9:30,2982,3002,2993,4479,4578,4297,1497,1576,1304
16/1/2021 10:00,2963,2972,3299,4606,4706,4481,1643,1734,1182
16/1/2021 10:30,2922,2837,3424,4694,4777,4621,1772,1940,1197
16/1/2021 11:00,2895,2791,3450,4747,4804,4712,1852,2013,1262
16/1/2021 11:30,2882,2691,3387,4795,4838,4788,1913,2147,1401
16/1/2021 12:00,2855,2661,3311,4838,4871,4869,1983,2210,1558
16/1/2021 12:30,2813,2687,3213,4842,4880,4899,2029,2193,1686
16/1/2021 13:00,2769,2697,3161,4803,4842,4892,2034,2145,1731
16/1/2021 13:30,2722,2979,3110,4740,4785,4796,2018,1806,1686
16/1/2021 14:00,2653,2930,3119,4668,4708,4743,2015,1778,1624
16/1/2021 14:30,2561,2900,2961,4637,4677,4717,2076,1777,1756
16/1/2021 15:00,2468,2832,3000,4654,4688,4706,2186,1856,1706
16/1/2021 15:30,2373,2781,2979,4700,4721,4745,2327,1940,1766
16/1/2021 16:00,2316,2682,2914,4797,4803,4833,2481,2121,1919
16/1/2021 16:30,2299,2631,2677,5064,5077,5043,2765,2446,2366
16/1/2021 17:00,2270,2574,2557,5449,5489,5470,3179,2915,2913
16/1/2021 17:30,2231,2582,2669,5619,5673,5775,3388,3091,3106
16/1/2021 18:00,2213,2572,2560,5542,5587,5761,3329,3015,3201
16/1/2021 18:30,2216,2615,2517,5406,5448,5603,3190,2833,3086
16/1/2021 19:00,2241,2608,2606,5260,5305,5402,3019,2697,2796
16/1/2021 19:30,2286,2656,2551,5108,5154,5164,2822,2498,2613
16/1/2021 20:00,2310,2707,2723,4953,5001,4974,2643,2294,2251
16/1/2021 20:30,2311,2604,2792,4801,4853,4818,2490,2249,2026
16/1/2021 21:00,2283,2623,2919,4650,4716,4651,2367,2093,1732
16/1/2021 21:30,2226,2620,2828,4475,4542,4473,2249,1922,1645
16/1/2021 22:00,2156,2567,2781,4287,4349,4326,2131,1782,1545
16/1/2021 22:30,2073,2506,2762,4146,4183,4224,2073,1677,1462
16/1/2021 23:00,2155,2391,2696,4073,4068,4208,1918,1677,1512
16/1/2021 23:30,2023,2322,2415,3965,3964,4082,1942,1642,1667
17/1/2021 0:00,1908,2185,2330,3857,3851,3935,1949,1666,1605
17/1/2021 0:30,1809,2078,2281,3736,3733,3796,1927,1655,1515
17/1/2021 1:00,1730,1957,2360,3608,3603,3723,1878,1646,1363
17/1/2021 1:30,1672,1883,2145,3493,3491,3582,1821,1608,1437
17/1/2021 2:00,1596,1803,1999,3399,3395,3509,1803,1592,1510
17/1/2021 2:30,1502,1766,1902,3332,3327,3422,1830,1561,1520
17/1/2021 3:00,1434,1680,1867,3291,3283,3391,1857,1603,1524
17/1/2021 3:30,1391,1509,1787,3270,3255,3349,1879,1746,1562
17/1/2021 4:00,1327,1410,1551,3262,3234,3318,1935,1824,1767
17/1/2021 4:30,1244,1472,1420,3249,3217,3314,2005,1745,1894
17/1/2021 5:00,1173,1378,1268,3233,3207,3310,2060,1829,2042
17/1/2021 5:30,1116,1270,1241,3250,3228,3312,2134,1958,2071
17/1/2021 6:00,1085,1227,1215,3305,3284,3377,2220,2057,2162
17/1/2021 6:30,1078,1206,1089,3376,3362,3430,2298,2156,2341
17/1/2021 7:00,1074,1185,1129,3459,3448,3519,2385,2263,2390
17/1/2021 7:30,1070,1152,1236,3549,3523,3621,2479,2371,2385
17/1/2021 8:00,1076,1146,1232,3653,3600,3651,2577,2454,2419
17/1/2021 8:30,1091,1041,1248,3798,3733,3674,2707,2692,2426
17/1/2021 9:00,1103,1031,1295,3984,3946,3874,2881,2915,2579
17/1/2021 9:30,1113,1038,1315,4179,4141,4095,3066,3103,2780
17/1/2021 10:00,1117,1037,1321,4369,4320,4314,3252,3283,2993
17/1/2021 10:30,1115,999,1257,4516,4468,4487,3401,3469,3230
17/1/2021 11:00,1133,1027,1235,4621,4592,4665,3488,3565,3430
17/1/2021 11:30,1172,1143,1272,4714,4708,4767,3542,3565,3495
17/1/2021 12:00,1230,1207,1253,4795,4804,4905,3565,3597,3652
17/1/2021 12:30,1307,1339,1305,4832,4846,5032,3525,3507,3727
17/1/2021 13:00,1363,1396,1338,4820,4819,5062,3457,3423,3724
17/1/2021 13:30,1396,1505,1407,4786,4786,5025,3390,3281,3618
17/1/2021 14:00,1423,1526,1465,4742,4749,4969,3319,3223,3504
17/1/2021 14:30,1445,1488,1497,4716,4728,4944,3271,3240,3447
17/1/2021 15:00,1449,1479,1428,4718,4729,4951,3269,3250,3523
17/1/2021 15:30,1436,1413,1403,4756,4782,4977,3320,3369,3574
17/1/2021 16:00,1430,1399,1459,4856,4903,5094,3426,3504,3635
17/1/2021 16:30,1430,1368,1508,5101,5139,5280,3671,3771,3772
17/1/2021 17:00,1426,1366,1476,5441,5447,5549,4015,4081,4073
17/1/2021 17:30,1417,1363,1481,5583,5583,5751,4166,4220,4270
17/1/2021 18:00,1425,1381,1478,5502,5519,5622,4077,4138,4144
17/1/2021 18:30,1451,1490,1540,5378,5392,5518,3927,3902,3978
17/1/2021 19:00,1465,1519,1617,5254,5244,5327,3789,3725,3710
17/1/2021 19:30,1466,1518,1644,5121,5091,5149,3655,3573,3505
17/1/2021 20:00,1461,1538,1681,4978,4941,4996,3517,3403,3315
17/1/2021 20:30,1450,1587,1647,4842,4784,4844,3392,3197,3197
17/1/2021 21:00,1443,1603,1682,4706,4630,4687,3263,3027,3005
17/1/2021 21:30,1440,1585,1687,4535,4462,4510,3095,2877,2823
17/1/2021 22:00,1427,1580,1680,4336,4301,4345,2909,2721,2665
17/1/2021 22:30,1405,1566,1725,4168,4159,4162,2763,2593,2437
17/1/2021 23:00,1576,1547,1731,4023,4035,4065,2447,2488,2334
17/1/2021 23:30,1564,1565,1621,3884,3899,3942,2320,2334,2321
18/1/2021 0:00,1548,1537,1579,3735,3746,3803,2187,2209,2224
18/1/2021 0:30,1529,1472,1556,3612,3625,3672,2083,2153,2116
18/1/2021 1:00,1505,1450,1654,3519,3532,3594,2014,2082,1940
18/1/2021 1:30,1474,1481,1661,3441,3458,3530,1967,1977,1869
18/1/2021 2:00,1426,1431,1573,3375,3390,3455,1949,1959,1882
18/1/2021 2:30,1360,1318,1439,3326,3342,3392,1966,2024,1953
18/1/2021 3:00,1307,1276,1349,3296,3309,3354,1989,2033,2005
18/1/2021 3:30,1266,1319,1332,3283,3297,3335,2017,1978,2003
18/1/2021 4:00,1233,1282,1310,3286,3296,3328,2053,2014,2018
18/1/2021 4:30,1207,1230,1301,3301,3310,3341,2094,2080,2040
18/1/2021 5:00,1196,1220,1214,3341,3350,3394,2145,2130,2180
18/1/2021 5:30,1201,1274,1198,3474,3475,3445,2273,2201,2247
18/1/2021 6:00,1198,1291,1177,3708,3694,3642,2510,2403,2465
18/1/2021 6:30,1188,1245,1168,4027,4009,3854,2839,2764,2686
18/1/2021 7:00,1186,1255,1117,4399,4382,4166,3213,3127,3049
18/1/2021 7:30,1193,1284,1153,4719,4699,4536,3526,3415,3383
18/1/2021 8:00,1210,1287,1168,4961,4935,4765,3751,3648,3597
18/1/2021 8:30,1236,1198,1170,5119,5098,4991,3883,3900,3821
18/1/2021 9:00,1237,1204,1210,5205,5218,5187,3968,4014,3977
18/1/2021 9:30,1214,1163,1171,5271,5312,5281,4057,4149,4110
18/1/2021 10:00,1200,1136,1104,5328,5399,5335,4128,4263,4231
18/1/2021 10:30,1194,1052,1034,5375,5450,5388,4181,4398,4354
18/1/2021 11:00,1177,1022,975,5414,5470,5450,4237,4448,4475
18/1/2021 11:30,1147,1021,957,5458,5506,5482,4311,4485,4525
18/1/2021 12:00,1110,994,954,5500,5540,5557,4390,4546,4603
18/1/2021 12:30,1064,964,931,5504,5553,5642,4440,4589,4711
18/1/2021 13:00,999,923,871,5471,5525,5683,4472,4602,4812
18/1/2021 13:30,915,876,846,5441,5503,5599,4526,4627,4753
18/1/2021 14:00,838,843,831,5424,5481,5536,4586,4638,4705
18/1/2021 14:30,769,794,852,5427,5483,5515,4658,4689,4663
18/1/2021 15:00,716,795,910,5456,5504,5515,4740,4709,4605
18/1/2021 15:30,680,816,849,5529,5575,5541,4849,4759,4692
18/1/2021 16:00,657,830,787,5664,5710,5639,5007,4880,4852
18/1/2021 16:30,647,838,805,5915,5959,5890,5268,5121,5085
18/1/2021 17:00,658,840,795,6231,6269,6247,5573,5429,5452
18/1/2021 17:30,689,794,824,6347,6373,6391,5658,5579,5567
18/1/2021 18:00,720,798,840,6239,6244,6258,5519,5446,5418
18/1/2021 18:30,749,748,831,6066,6061,6032,5317,5313,5201
18/1/2021 19:00,792,764,884,5875,5868,5803,5083,5104,4919
18/1/2021 19:30,849,749,1074,5690,5684,5620,4841,4935,4546
18/1/2021 20:00,911,822,1348,5512,5512,5473,4601,4690,4125
18/1/2021 20:30,979,947,1591,5331,5343,5268,4352,4396,3677
18/1/2021 21:00,1060,1084,1820,5140,5169,5119,4080,4085,3299
18/1/2021 21:30,1153,1227,1880,4929,4950,4892,3776,3723,3012
18/1/2021 22:00,1239,1361,2010,4702,4708,4682,3463,3347,2672
18/1/2021 22:30,1317,1483,2081,4502,4513,4493,3185,3030,2412
18/1/2021 23:00,1655,1565,2124,4334,4346,4390,2679,2781,2266
18/1/2021 23:30,1719,2064,2131,4166,4181,4259,2447,2117,2128
19/1/2021 0:00,1774,2075,2243,3990,4008,4101,2216,1933,1858
19/1/2021 0:30,1821,2070,2266,3848,3873,3960,2027,1803,1694
19/1/2021 1:00,1834,2062,2148,3746,3768,3857,1912,1706,1709
19/1/2021 1:30,1814,2079,2075,3664,3686,3765,1850,1607,1690
19/1/2021 2:00,1805,2053,2043,3596,3614,3690,1791,1561,1647
19/1/2021 2:30,1808,1970,2024,3542,3560,3620,1734,1590,1596
19/1/2021 3:00,1801,1934,1993,3503,3517,3577,1702,1583,1584
19/1/2021 3:30,1784,1887,2078,3488,3500,3526,1704,1613,1448
19/1/2021 4:00,1772,1844,2179,3495,3500,3543,1723,1656,1364
19/1/2021 4:30,1766,1760,2164,3510,3511,3537,1744,1751,1373
19/1/2021 5:00,1761,1736,2175,3541,3539,3589,1780,1803,1414
19/1/2021 5:30,1756,1736,2156,3642,3633,3649,1886,1897,1493
19/1/2021 6:00,1768,1744,2072,3826,3807,3823,2058,2063,1751
19/1/2021 6:30,1794,1770,1979,4105,4091,4007,2311,2321,2028
19/1/2021 7:00,1838,1811,2042,4456,4455,4313,2618,2644,2271
19/1/2021 7:30,1898,2015,2030,4775,4766,4640,2877,2751,2610
19/1/2021 8:00,1951,2053,2053,5031,5006,4857,3080,2953,2804
19/1/2021 8:30,1994,2148,2027,5198,5183,5052,3204,3035,3025
19/1/2021 9:00,2027,2183,1975,5289,5324,5220,3262,3141,3245
19/1/2021 9:30,2050,2235,2004,5376,5414,5299,3326,3179,3295
19/1/2021 10:00,2051,2271,2107,5471,5473,5368,3420,3202,3261
19/1/2021 10:30,2030,2275,2160,5537,5500,5423,3507,3225,3263
19/1/2021 11:00,2001,2281,2252,5574,5532,5490,3573,3251,3238
19/1/2021 11:30,1964,2255,2305,5607,5585,5518,3643,3330,3213
19/1/2021 12:00,1929,2249,2267,5637,5641,5593,3708,3392,3326
19/1/2021 12:30,1897,2182,2207,5640,5662,5681,3743,3480,3474
19/1/2021 13:00,1823,2147,2182,5616,5626,5700,3793,3479,3518
19/1/2021 13:30,1708,2075,2141,5585,5582,5573,3877,3507,3432
19/1/2021 14:00,1657,2012,2098,5557,5525,5514,3900,3513,3416
19/1/2021 14:30,1668,2040,2036,5545,5495,5445,3877,3455,3409
19/1/2021 15:00,1651,1986,2127,5560,5490,5475,3909,3504,3348
19/1/2021 15:30,1604,1940,2067,5627,5543,5483,4023,3603,3416
19/1/2021 16:00,1564,1903,2139,5761,5665,5608,4197,3762,3469
19/1/2021 16:30,1528,1859,2171,5998,5909,5882,4470,4050,3711
19/1/2021 17:00,1510,1837,2176,6287,6219,6248,4777,4382,4072
19/1/2021 17:30,1510,1901,2157,6383,6314,6421,4873,4413,4264
19/1/2021 18:00,1497,1840,2131,6265,6168,6252,4768,4328,4121
19/1/2021 18:30,1469,1808,2004,6093,5977,5991,4624,4169,3987
19/1/2021 19:00,1437,1755,1726,5910,5789,5774,4473,4034,4048
19/1/2021 19:30,1401,1797,1544,5730,5612,5541,4329,3815,3997
19/1/2021 20:00,1370,1759,1459,5557,5452,5396,4187,3693,3937
19/1/2021 20:30,1345,1695,1407,5382,5278,5224,4037,3583,3817
19/1/2021 21:00,1312,1622,1462,5196,5096,5072,3884,3474,3610
19/1/2021 21:30,1270,1445,1480,4972,4873,4876,3702,3428,3396
19/1/2021 22:00,1227,1372,1432,4722,4640,4662,3495,3268,3230
19/1/2021 22:30,1183,1293,1369,4517,4463,4453,3334,3170,3084
19/1/2021 23:00,1376,1205,1293,4323,4331,4353,2947,3126,3060
19/1/2021 23:30,1281,1016,1221,4164,4174,4224,2883,3158,3003
20/1/2021 0:00,1211,951,1169,3980,3984,4056,2769,3033,2887
20/1/2021 0:30,1166,925,1079,3838,3845,3929,2672,2920,2850
20/1/2021 1:00,1098,831,914,3748,3752,3813,2650,2921,2899
20/1/2021 1:30,1006,726,845,3672,3680,3737,2666,2954,2892
20/1/2021 2:00,915,625,728,3604,3612,3664,2689,2987,2936
20/1/2021 2:30,826,563,652,3551,3561,3588,2725,2998,2936
20/1/2021 3:00,730,485,588,3514,3520,3542,2784,3035,2954
20/1/2021 3:30,627,411,479,3498,3503,3515,2871,3092,3036
20/1/2021 4:00,569,376,457,3500,3505,3514,2931,3129,3057
20/1/2021 4:30,555,327,495,3517,3522,3519,2962,3195,3024
20/1/2021 5:00,555,347,469,3556,3560,3556,3001,3213,3087
20/1/2021 5:30,570,452,417,3659,3662,3640,3089,3210,3223
20/1/2021 6:00,598,472,404,3838,3842,3810,3240,3370,3406
20/1/2021 6:30,641,465,370,4114,4112,3991,3473,3647,3621
20/1/2021 7:00,669,484,374,4462,4448,4290,3793,3964,3916
20/1/2021 7:30,684,549,375,4776,4751,4640,4092,4202,4265
20/1/2021 8:00,686,543,356,5026,5002,4859,4340,4459,4503
20/1/2021 8:30,674,442,356,5201,5180,5078,4527,4738,4722
20/1/2021 9:00,658,403,343,5306,5312,5246,4648,4909,4903
20/1/2021 9:30,638,313,319,5375,5392,5352,4737,5079,5033
20/1/2021 10:00,628,296,295,5423,5443,5400,4795,5147,5105
20/1/2021 10:30,626,268,300,5470,5464,5457,4844,5196,5157
20/1/2021 11:00,635,265,295,5521,5479,5518,4886,5214,5223
20/1/2021 11:30,654,211,315,5581,5529,5563,4927,5318,5248
20/1/2021 12:00,686,216,339,5642,5600,5645,4956,5384,5306
20/1/2021 12:30,730,262,338,5667,5644,5760,4937,5382,5422
20/1/2021 13:00,776,283,366,5652,5635,5783,4876,5352,5417
20/1/2021 13:30,825,281,376,5615,5601,5681,4790,5320,5305
20/1/2021 14:00,852,286,368,5571,5539,5635,4719,5253,5267
20/1/2021 14:30,855,285,406,5550,5512,5587,4695,5227,5181
20/1/2021 15:00,850,313,447,5559,5518,5566,4709,5205,5119
20/1/2021 15:30,835,366,492,5588,5557,5608,4753,5191,5116
20/1/2021 16:00,839,434,565,5668,5660,5663,4829,5226,5098
20/1/2021 16:30,862,531,650,5927,5936,5791,5065,5405,5141
20/1/2021 17:00,909,616,683,6305,6332,6107,5396,5716,5424
20/1/2021 17:30,979,694,690,6442,6468,6432,5463,5774,5742
20/1/2021 18:00,1071,786,821,6304,6311,6364,5233,5525,5543
20/1/2021 18:30,1182,943,925,6120,6106,6133,4938,5163,5208
20/1/2021 19:00,1288,1044,995,5945,5911,5906,4657,4867,4911
20/1/2021 19:30,1390,1181,1126,5779,5730,5708,4389,4549,4582
20/1/2021 20:00,1500,1255,1285,5619,5569,5523,4119,4314,4238
20/1/2021 20:30,1620,1219,1313,5448,5399,5321,3828,4180,4008
20/1/2021 21:00,1693,1303,1300,5259,5222,5157,3566,3919,3857
20/1/2021 21:30,1720,1321,1324,5032,5000,4937,3312,3679,3613
20/1/2021 22:00,1762,1389,1288,4784,4759,4738,3022,3370,3450
20/1/2021 22:30,1817,1472,1449,4596,4577,4554,2779,3105,3105
20/1/2021 23:00,1677,1545,1575,4450,4454,4442,2773,2909,2867
20/1/2021 23:30,1777,1685,1668,4289,4296,4282,2512,2611,2614
21/1/2021 0:00,1871,1794,1845,4091,4093,4106,2220,2299,2261
21/1/2021 0:30,1958,1829,1898,3940,3946,3965,1982,2117,2067
21/1/2021 1:00,2035,1943,1984,3847,3848,3866,1812,1905,1882
21/1/2021 1:30,2100,2026,2118,3767,3771,3771,1667,1745,1653
21/1/2021 2:00,2163,2123,2337,3692,3691,3726,1529,1568,1389
21/1/2021 2:30,2223,2228,2296,3632,3634,3643,1409,1406,1347
21/1/2021 3:00,2245,2278,2135,3592,3591,3576,1347,1313,1441
21/1/2021 3:30,2228,2317,2119,3571,3569,3552,1343,1252,1433
21/1/2021 4:00,2230,2316,2145,3570,3567,3532,1340,1251,1387
21/1/2021 4:30,2251,2352,2114,3586,3586,3513,1335,1234,1399
21/1/2021 5:00,2270,2331,2106,3628,3630,3524,1358,1299,1418
21/1/2021 5:30,2286,2335,2113,3733,3737,3592,1447,1402,1479
21/1/2021 6:00,2313,2271,2204,3917,3920,3788,1604,1649,1584
21/1/2021 6:30,2350,2146,2171,4197,4196,4002,1847,2050,1831
21/1/2021 7:00,2361,2090,2103,4551,4540,4297,2190,2450,2194
21/1/2021 7:30,2346,1962,1997,4869,4844,4630,2523,2882,2633
21/1/2021 8:00,2277,1854,1862,5119,5088,4810,2842,3234,2948
21/1/2021 8:30,2155,1754,1704,5282,5259,5039,3127,3505,3335
21/1/2021 9:00,2009,1619,1543,5367,5383,5259,3358,3764,3716
21/1/2021 9:30,1841,1433,1341,5430,5455,5343,3589,4022,4002
21/1/2021 10:00,1714,1338,1114,5481,5498,5334,3767,4160,4220
21/1/2021 10:30,1627,1289,1061,5504,5509,5366,3877,4220,4305
21/1/2021 11:00,1532,1256,1068,5506,5532,5407,3974,4276,4339
21/1/2021 11:30,1427,1257,1096,5535,5576,5408,4108,4319,4312
21/1/2021 12:00,1394,1254,1097,5590,5620,5440,4196,4366,4343
21/1/2021 12:30,1434,1195,1116,5608,5633,5498,4174,4438,4382
21/1/2021 13:00,1438,1179,1127,5577,5584,5525,4139,4405,4398
21/1/2021 13:30,1408,1113,1114,5510,5524,5398,4102,4411,4284
21/1/2021 14:00,1343,1087,1035,5426,5447,5338,4083,4360,4303
21/1/2021 14:30,1241,1030,1015,5391,5428,5319,4150,4398,4304
21/1/2021 15:00,1152,964,930,5414,5454,5346,4262,4490,4416
21/1/2021 15:30,1076,909,858,5448,5477,5330,4372,4568,4472
21/1/2021 16:00,1038,862,895,5531,5526,5423,4493,4664,4528
21/1/2021 16:30,1040,834,938,5846,5797,5641,4806,4963,4703
21/1/2021 17:00,1028,809,1003,6325,6236,6053,5297,5427,5050
21/1/2021 17:30,1003,736,933,6508,6429,6388,5505,5693,5455
21/1/2021 18:00,981,724,822,6353,6327,6338,5372,5603,5516
21/1/2021 18:30,962,629,793,6152,6150,6159,5190,5521,5366
21/1/2021 19:00,937,622,736,5974,5956,5939,5037,5334,5203
21/1/2021 19:30,906,630,704,5807,5770,5748,4901,5140,5044
21/1/2021 20:00,877,625,692,5646,5593,5577,4769,4968,4885
21/1/2021 20:30,852,784,691,5481,5412,5394,4629,4628,4703
21/1/2021 21:00,823,778,728,5303,5231,5203,4480,4453,4475
21/1/2021 21:30,790,775,725,5084,5015,4987,4294,4240,4262
21/1/2021 22:00,765,777,718,4838,4789,4792,4073,4012,4074
21/1/2021 22:30,749,702,745,4649,4608,4595,3900,3906,3850
21/1/2021 23:00,870,718,735,4463,4467,4469,3593,3749,3734
21/1/2021 23:30,900,722,737,4309,4317,4325,3409,3595,3588
22/1/2021 0:00,921,752,786,4139,4147,4147,3218,3395,3361
22/1/2021 0:30,935,792,859,3998,4010,4019,3063,3218,3160
22/1/2021 1:00,953,813,842,3892,3900,3912,2939,3087,3070
22/1/2021 1:30,974,793,855,3803,3815,3824,2829,3022,2969
22/1/2021 2:00,988,790,811,3728,3734,3741,2740,2944,2930
22/1/2021 2:30,997,800,815,3666,3676,3697,2669,2876,2882
22/1/2021 3:00,992,781,771,3620,3632,3654,2628,2851,2883
22/1/2021 3:30,975,731,697,3593,3609,3639,2618,2878,2942
22/1/2021 4:00,969,732,675,3582,3597,3632,2613,2865,2957
22/1/2021 4:30,976,772,646,3575,3592,3609,2599,2820,2963
22/1/2021 5:00,984,794,635,3583,3601,3652,2599,2807,3017
22/1/2021 5:30,993,773,625,3674,3689,3707,2681,2916,3082
22/1/2021 6:00,988,784,709,3861,3870,3893,2873,3086,3184
22/1/2021 6:30,971,759,759,4130,4135,4098,3159,3376,3339
22/1/2021 7:00,965,758,783,4457,4460,4383,3492,3702,3600
22/1/2021 7:30,971,755,734,4756,4746,4723,3785,3991,3989
22/1/2021 8:00,969,747,673,5001,4977,4914,4032,4230,4241
22/1/2021 8:30,960,750,660,5171,5151,5120,4211,4401,4460
22/1/2021 9:00,923,751,632,5274,5296,5320,4351,4545,4688
22/1/2021 9:30,858,817,636,5353,5389,5435,4495,4572,4799
22/1/2021 10:00,814,818,656,5420,5451,5476,4606,4633,4820
22/1/2021 10:30,788,775,701,5477,5458,5493,4689,4683,4792
22/1/2021 11:00,777,753,711,5529,5462,5503,4752,4709,4792
22/1/2021 11:30,781,647,688,5583,5487,5507,4802,4840,4819
22/1/2021 12:00,814,680,624,5631,5523,5523,4817,4843,4899
22/1/2021 12:30,875,737,619,5636,5526,5580,4761,4789,4961
22/1/2021 13:00,922,826,671,5593,5482,5560,4671,4656,4889
22/1/2021 13:30,952,878,850,5517,5414,5445,4565,4536,4595
22/1/2021 14:00,960,895,882,5429,5332,5378,4469,4437,4496
22/1/2021 14:30,946,931,860,5388,5286,5326,4442,4355,4466
22/1/2021 15:00,927,888,828,5395,5281,5321,4468,4393,4493
22/1/2021 15:30,904,694,798,5393,5291,5306,4489,4597,4508
22/1/2021 16:00,893,636,767,5419,5358,5366,4526,4722,4599
22/1/2021 16:30,894,622,704,5673,5640,5584,4779,5018,4880
22/1/2021 17:00,896,595,651,6101,6085,5950,5205,5490,5299
22/1/2021 17:30,898,580,625,6291,6275,6249,5393,5695,5624
22/1/2021 18:00,894,576,589,6196,6165,6255,5302,5589,5666
22/1/2021 18:30,886,611,548,6028,5990,6104,5142,5379,5556
22/1/2021 19:00,878,592,494,5847,5812,5900,4969,5220,5406
22/1/2021 19:30,869,536,493,5667,5638,5683,4798,5102,5190
22/1/2021 20:00,840,536,494,5492,5474,5488,4652,4938,4994
22/1/2021 20:30,792,472,539,5322,5305,5321,4530,4833,4782
22/1/2021 21:00,771,484,586,5149,5134,5148,4378,4650,4562
22/1/2021 21:30,777,503,571,4942,4922,4967,4165,4419,4396
22/1/2021 22:00,778,530,645,4716,4699,4736,3938,4169,4091
22/1/2021 22:30,775,581,765,4568,4545,4590,3793,3964,3825
22/1/2021 23:00,682,610,744,4469,4468,4513,3787,3858,3769
22/1/2021 23:30,721,589,712,4349,4350,4408,3628,3761,3696
23/1/2021 0:00,741,640,731,4177,4177,4250,3436,3537,3519
23/1/2021 0:30,742,730,750,4023,4040,4060,3281,3310,3310
23/1/2021 1:00,743,747,748,3901,3916,3989,3158,3169,3241
23/1/2021 1:30,746,732,744,3797,3813,3854,3051,3081,3110
23/1/2021 2:00,734,716,706,3708,3719,3741,2974,3003,3035
23/1/2021 2:30,707,782,654,3636,3648,3662,2929,2866,3008
23/1/2021 3:00,699,780,625,3584,3594,3608,2885,2814,2983
23/1/2021 3:30,709,775,694,3556,3575,3567,2847,2800,2873
23/1/2021 4:00,727,778,804,3548,3565,3562,2821,2787,2758
23/1/2021 4:30,754,721,745,3539,3557,3541,2785,2836,2796
23/1/2021 5:00,758,731,794,3533,3550,3560,2775,2819,2766
23/1/2021 5:30,739,720,840,3563,3579,3580,2824,2859,2740
23/1/2021 6:00,732,701,764,3636,3652,3644,2904,2951,2880
23/1/2021 6:30,736,640,731,3750,3765,3730,3014,3125,2999
23/1/2021 7:00,726,602,668,3895,3905,3870,3169,3303,3202
23/1/2021 7:30,702,605,647,4033,4041,4047,3331,3436,3400
23/1/2021 8:00,677,565,596,4164,4178,4112,3487,3613,3516
23/1/2021 8:30,649,553,555,4318,4357,4210,3669,3804,3655
23/1/2021 9:00,619,502,520,4495,4587,4435,3876,4085,3915
23/1/2021 9:30,584,465,481,4662,4764,4631,4078,4299,4150
23/1/2021 10:00,545,409,384,4809,4888,4773,4264,4479,4389
23/1/2021 10:30,500,308,311,4927,4994,4882,4427,4686,4571
23/1/2021 11:00,457,274,274,5016,5090,4946,4559,4816,4672
23/1/2021 11:30,415,238,256,5084,5158,4992,4669,4920,4736
23/1/2021 12:00,392,223,237,5128,5185,5035,4736,4962,4798
23/1/2021 12:30,387,211,248,5135,5182,5073,4748,4971,4825
23/1/2021 13:00,398,213,285,5103,5141,5082,4705,4928,4797
23/1/2021 13:30,428,192,338,5042,5081,5021,4614,4889,4683
23/1/2021 14:00,446,222,409,4966,5007,4951,4520,4785,4542
23/1/2021 14:30,455,328,521,4923,4973,4918,4468,4645,4397
23/1/2021 15:00,464,403,533,4917,4974,4924,4453,4571,4391
23/1/2021 15:30,472,536,620,4921,4982,4947,4449,4446,4327
23/1/2021 16:00,517,654,772,4974,5029,5071,4457,4375,4299
23/1/2021 16:30,600,794,848,5252,5283,5252,4652,4489,4404
23/1/2021 17:00,683,890,1015,5699,5700,5687,5016,4810,4672
23/1/2021 17:30,765,954,1017,5912,5914,6030,5147,4960,5013
23/1/2021 18:00,840,1000,888,5840,5872,6027,5000,4872,5139
23/1/2021 18:30,909,1027,898,5688,5738,5900,4779,4711,5002
23/1/2021 19:00,959,1007,859,5513,5564,5670,4554,4557,4811
23/1/2021 19:30,992,998,736,5340,5390,5434,4348,4392,4698
23/1/2021 20:00,1013,961,774,5176,5226,5180,4163,4265,4406
23/1/2021 20:30,1022,855,880,5022,5077,5026,4000,4222,4146
23/1/2021 21:00,1015,859,801,4871,4946,4886,3856,4087,4085
23/1/2021 21:30,992,829,738,4701,4778,4734,3709,3949,3996
23/1/2021 22:00,966,807,670,4521,4594,4585,3555,3787,3915
23/1/2021 22:30,935,717,638,4390,4455,4445,3455,3738,3807
23/1/2021 23:00,660,707,604,4367,4364,4396,3707,3657,3792
23/1/2021 23:30,630,700,595,4266,4265,4295,3636,3565,3700
24/1/2021 0:00,599,710,588,4144,4142,4139,3545,3432,3551
24/1/2021 0:30,567,669,594,4021,4023,3996,3454,3354,3402
24/1/2021 1:00,546,669,583,3903,3901,3896,3357,3232,3313
24/1/2021 1:30,535,816,607,3791,3793,3790,3256,2977,3183
24/1/2021 2:00,532,877,639,3690,3692,3701,3158,2815,3062
24/1/2021 2:30,536,899,695,3615,3621,3639,3079,2722,2944
24/1/2021 3:00,556,945,726,3566,3571,3576,3010,2626,2850
24/1/2021 3:30,591,905,843,3525,3534,3546,2934,2629,2703
24/1/2021 4:00,654,977,1068,3489,3501,3533,2835,2524,2465
24/1/2021 4:30,743,1042,1172,3462,3476,3527,2719,2434,2355
24/1/2021 5:00,832,1144,1220,3449,3457,3509,2617,2313,2289
24/1/2021 5:30,920,1229,1371,3463,3465,3540,2543,2236,2169
24/1/2021 6:00,995,1304,1427,3505,3502,3571,2510,2198,2144
24/1/2021 6:30,1058,1436,1422,3573,3570,3621,2515,2134,2199
24/1/2021 7:00,1118,1487,1401,3658,3656,3709,2540,2169,2308
24/1/2021 7:30,1177,1529,1421,3732,3727,3815,2555,2198,2394
24/1/2021 8:00,1213,1554,1399,3803,3796,3835,2590,2242,2436
24/1/2021 8:30,1225,1628,1321,3930,3924,3912,2705,2296,2591
24/1/2021 9:00,1218,1648,1109,4119,4135,4105,2901,2487,2996
24/1/2021 9:30,1191,1645,1090,4321,4336,4341,3130,2691,3251
24/1/2021 10:00,1170,1615,1291,4518,4525,4574,3348,2910,3283
24/1/2021 10:30,1156,1490,1150,4694,4692,4747,3538,3202,3597
24/1/2021 11:00,1144,1440,1009,4842,4815,4901,3698,3375,3892
24/1/2021 11:30,1134,1177,1012,4966,4933,5018,3832,3756,4006
24/1/2021 12:00,1127,1161,1009,5061,5036,5155,3934,3875,4146
24/1/2021 12:30,1124,1142,937,5105,5087,5249,3981,3945,4312
24/1/2021 13:00,1135,1134,875,5098,5075,5260,3963,3941,4385
24/1/2021 13:30,1159,1152,929,5058,5036,5212,3899,3884,4283
24/1/2021 14:00,1153,1113,934,4997,4977,5123,3844,3864,4189
24/1/2021 14:30,1116,1038,959,4944,4932,5079,3828,3894,4120
24/1/2021 15:00,1097,965,919,4910,4914,5088,3813,3949,4169
24/1/2021 15:30,1097,797,873,4914,4941,5101,3817,4144,4228
24/1/2021 16:00,1131,723,807,4987,5046,5168,3856,4323,4361
24/1/2021 16:30,1199,625,754,5245,5318,5328,4046,4693,4574
24/1/2021 17:00,1278,578,745,5633,5709,5629,4355,5131,4884
24/1/2021 17:30,1369,543,792,5817,5884,5939,4448,5341,5147
24/1/2021 18:00,1445,524,722,5757,5806,5973,4312,5282,5251
24/1/2021 18:30,1506,524,641,5631,5662,5767,4125,5138,5126
24/1/2021 19:00,1552,518,559,5486,5505,5592,3934,4987,5033
24/1/2021 19:30,1582,545,505,5333,5335,5458,3751,4790,4953
24/1/2021 20:00,1602,543,496,5180,5161,5302,3578,4618,4806
24/1/2021 20:30,1611,544,461,5041,5005,5146,3430,4461,4685
24/1/2021 21:00,1609,510,460,4908,4879,4991,3299,4369,4531
24/1/2021 21:30,1597,475,477,4735,4714,4811,3138,4239,4334
24/1/2021 22:00,1588,439,439,4531,4533,4621,2943,4094,4182
24/1/2021 22:30,1583,334,412,4367,4396,4446,2784,4062,4034
24/1/2021 23:00,459,313,372,4285,4303,4367,3826,3990,3995
24/1/2021 23:30,449,269,331,4155,4180,4248,3706,3911,3917
25/1/2021 0:00,454,272,332,3997,4023,4078,3543,3751,3746
25/1/2021 0:30,472,335,339,3877,3906,3953,3405,3571,3614
25/1/2021 1:00,489,345,312,3803,3830,3859,3314,3485,3547
25/1/2021 1:30,504,341,326,3735,3763,3764,3231,3422,3438
25/1/2021 2:00,528,359,315,3665,3694,3699,3137,3335,3384
25/1/2021 2:30,561,371,413,3601,3633,3652,3040,3262,3239
25/1/2021 3:00,589,401,398,3547,3579,3606,2958,3178,3208
25/1/2021 3:30,614,423,416,3526,3550,3599,2912,3127,3183
25/1/2021 4:00,630,447,458,3536,3556,3597,2906,3109,3139
25/1/2021 4:30,638,469,480,3557,3572,3580,2919,3103,3100
25/1/2021 5:00,660,484,524,3598,3605,3629,2938,3121,3105
25/1/2021 5:30,695,530,553,3703,3713,3692,3008,3183,3139
25/1/2021 6:00,752,535,565,3887,3904,3885,3135,3369,3320
25/1/2021 6:30,832,499,539,4151,4172,4111,3319,3673,3572
25/1/2021 7:00,905,514,564,4475,4488,4429,3570,3974,3865
25/1/2021 7:30,971,530,579,4778,4782,4814,3807,4252,4235
25/1/2021 8:00,1025,553,584,5032,5030,5011,4007,4477,4427
25/1/2021 8:30,1067,528,562,5205,5217,5283,4138,4689,4721
25/1/2021 9:00,1098,543,600,5303,5362,5530,4205,4819,4930
25/1/2021 9:30,1119,541,681,5391,5470,5669,4272,4929,4988
25/1/2021 10:00,1133,573,693,5476,5560,5711,4343,4987,5018
25/1/2021 10:30,1139,640,716,5537,5636,5754,4398,4996,5038
25/1/2021 11:00,1117,646,777,5573,5681,5780,4456,5035,5003
25/1/2021 11:30,1069,619,824,5609,5732,5779,4540,5113,4955
25/1/2021 12:00,1053,622,832,5643,5776,5816,4590,5154,4984
25/1/2021 12:30,1068,634,852,5642,5788,5890,4574,5154,5038
25/1/2021 13:00,1088,638,861,5604,5755,5916,4516,5117,5055
25/1/2021 13:30,1115,604,870,5552,5699,5815,4437,5095,4945
25/1/2021 14:00,1141,596,817,5501,5628,5738,4360,5032,4921
25/1/2021 14:30,1166,594,772,5488,5599,5685,4322,5005,4913
25/1/2021 15:00,1183,620,762,5518,5616,5658,4335,4996,4896
25/1/2021 15:30,1193,722,769,5574,5658,5656,4381,4936,4887
25/1/2021 16:00,1196,781,826,5685,5755,5724,4489,4974,4898
25/1/2021 16:30,1190,911,898,5985,6037,5925,4795,5126,5027
25/1/2021 17:00,1188,983,974,6411,6451,6293,5223,5468,5319
25/1/2021 17:30,1190,1047,1120,6586,6625,6628,5396,5578,5508
25/1/2021 18:00,1186,1101,1192,6471,6518,6554,5285,5417,5362
25/1/2021 18:30,1175,1093,1231,6275,6329,6321,5100,5236,5090
25/1/2021 19:00,1159,1148,1272,6059,6123,6099,4900,4975,4827
25/1/2021 19:30,1138,1222,1336,5849,5930,5882,4711,4708,4546
25/1/2021 20:00,1105,1303,1487,5651,5753,5695,4546,4450,4208
25/1/2021 20:30,1059,1452,1577,5469,5569,5482,4410,4117,3905
25/1/2021 21:00,1017,1559,1652,5294,5374,5308,4277,3815,3656
25/1/2021 21:30,978,1734,1669,5083,5144,5089,4105,3410,3420
25/1/2021 22:00,954,1830,1718,4843,4899,4862,3889,3069,3144
25/1/2021 22:30,943,1960,1734,4651,4694,4627,3708,2734,2893
25/1/2021 23:00,1665,2025,1746,4544,4547,4525,2879,2522,2779
25/1/2021 23:30,1740,2058,1823,4372,4383,4368,2632,2325,2545
26/1/2021 0:00,1820,2087,1896,4179,4191,4166,2359,2104,2270
26/1/2021 0:30,1906,2095,1977,4027,4042,4020,2121,1947,2043
26/1/2021 1:00,1971,2123,2218,3921,3934,3943,1950,1811,1725
26/1/2021 1:30,2015,2034,2360,3831,3845,3869,1816,1811,1509
26/1/2021 2:00,2066,2097,2342,3751,3760,3796,1685,1663,1454
26/1/2021 2:30,2125,2088,2449,3688,3699,3734,1563,1611,1285
26/1/2021 3:00,2191,2165,2510,3646,3655,3683,1455,1490,1173
26/1/2021 3:30,2264,2394,2612,3624,3634,3671,1360,1240,1059
26/1/2021 4:00,2343,2449,2589,3621,3630,3661,1278,1181,1072
26/1/2021 4:30,2430,2514,2582,3631,3639,3643,1201,1125,1061
26/1/2021 5:00,2528,2540,2597,3664,3667,3682,1136,1127,1085
26/1/2021 5:30,2638,2625,2559,3773,3774,3743,1135,1149,1184
26/1/2021 6:00,2728,2564,2539,3970,3968,3923,1242,1404,1384
26/1/2021 6:30,2799,2398,2576,4254,4247,4105,1455,1849,1529
26/1/2021 7:00,2810,2286,2459,4600,4582,4404,1790,2296,1945
26/1/2021 7:30,2763,2225,2267,4902,4883,4771,2139,2658,2504
26/1/2021 8:00,2676,2167,2131,5137,5131,4970,2461,2964,2839
26/1/2021 8:30,2550,2058,2080,5303,5330,5206,2753,3272,3126
26/1/2021 9:00,2433,2025,2006,5410,5492,5411,2977,3467,3405
26/1/2021 9:30,2324,2134,1957,5493,5585,5529,3169,3451,3572
26/1/2021 10:00,2243,2058,1911,5559,5619,5564,3316,3561,3653
26/1/2021 10:30,2192,1959,1791,5602,5659,5619,3410,3700,3828
26/1/2021 11:00,2144,1880,1628,5629,5658,5667,3485,3778,4039
26/1/2021 11:30,2099,1748,1434,5666,5691,5668,3567,3943,4234
26/1/2021 12:00,2045,1702,1362,5710,5737,5734,3665,4035,4372
26/1/2021 12:30,1979,1614,1413,5721,5760,5821,3742,4146,4408
26/1/2021 13:00,1906,1600,1287,5693,5734,5835,3787,4134,4548
26/1/2021 13:30,1824,1543,1334,5642,5688,5699,3818,4145,4365
26/1/2021 14:00,1754,1537,1417,5580,5621,5628,3826,4084,4211
26/1/2021 14:30,1696,1509,1391,5549,5581,5592,3853,4072,4201
26/1/2021 15:00,1662,1517,1449,5557,5569,5569,3895,4052,4120
26/1/2021 15:30,1652,1443,1536,5598,5594,5572,3946,4151,4036
26/1/2021 16:00,1631,1459,1598,5693,5679,5688,4062,4220,4090
26/1/2021 16:30,1599,1437,1542,5930,5916,5857,4331,4479,4315
26/1/2021 17:00,1567,1449,1507,6260,6259,6174,4693,4810,4667
26/1/2021 17:30,1536,1501,1452,6401,6393,6423,4865,4892,4971
26/1/2021 18:00,1509,1496,1393,6319,6287,6327,4810,4791,4934
26/1/2021 18:30,1487,1487,1389,6158,6110,6092,4671,4623,4703
26/1/2021 19:00,1470,1447,1320,5965,5916,5876,4495,4469,4556
26/1/2021 19:30,1458,1421,1311,5779,5720,5676,4321,4299,4365
26/1/2021 20:00,1426,1317,1217,5608,5534,5496,4182,4217,4279
26/1/2021 20:30,1373,1076,1076,5436,5347,5312,4063,4271,4236
26/1/2021 21:00,1324,1017,1025,5252,5169,5107,3928,4152,4082
26/1/2021 21:30,1279,978,1044,5035,4950,4932,3756,3972,3888
26/1/2021 22:00,1229,952,1035,4792,4716,4711,3563,3764,3676
26/1/2021 22:30,1174,899,1033,4586,4529,4506,3412,3630,3473
26/1/2021 23:00,1098,867,1067,4361,4380,4403,3263,3513,3336
26/1/2021 23:30,1042,829,949,4183,4209,4253,3141,3380,3304
27/1/2021 0:00,995,797,790,3988,4013,4072,2993,3216,3282
27/1/2021 0:30,958,763,768,3854,3883,3938,2896,3120,3170
27/1/2021 1:00,924,745,763,3785,3812,3836,2861,3067,3073
27/1/2021 1:30,893,772,683,3715,3746,3752,2822,2974,3069
27/1/2021 2:00,837,732,609,3639,3666,3655,2802,2934,3046
27/1/2021 2:30,755,695,575,3587,3616,3597,2832,2921,3022
27/1/2021 3:00,700,656,485,3563,3588,3552,2863,2932,3067
27/1/2021 3:30,670,608,446,3548,3573,3545,2878,2965,3099
27/1/2021 4:00,635,577,418,3540,3563,3533,2905,2986,3115
27/1/2021 4:30,595,507,367,3549,3573,3524,2954,3066,3157
27/1/2021 5:00,561,475,322,3586,3606,3575,3025,3131,3253
27/1/2021 5:30,534,408,347,3684,3703,3645,3150,3295,3298
27/1/2021 6:00,511,384,326,3856,3872,3837,3345,3488,3511
27/1/2021 6:30,492,326,294,4122,4139,4038,3630,3813,3744
27/1/2021 7:00,472,312,267,4464,4476,4342,3992,4164,4075
27/1/2021 7:30,452,245,225,4781,4787,4712,4329,4542,4487
27/1/2021 8:00,425,225,194,5042,5048,4909,4617,4823,4715
27/1/2021 8:30,391,180,187,5224,5231,5124,4833,5051,4937
27/1/2021 9:00,359,157,190,5331,5359,5294,4972,5202,5104
27/1/2021 9:30,330,120,195,5405,5432,5381,5075,5312,5186
27/1/2021 10:00,305,117,156,5457,5472,5421,5152,5355,5265
27/1/2021 10:30,286,87,164,5490,5487,5458,5204,5400,5294
27/1/2021 11:00,287,95,157,5511,5501,5502,5224,5406,5345
27/1/2021 11:30,308,95,174,5546,5547,5525,5238,5452,5351
27/1/2021 12:00,341,122,194,5592,5600,5582,5251,5478,5388
27/1/2021 12:30,387,184,231,5610,5621,5643,5223,5437,5412
27/1/2021 13:00,427,240,234,5593,5581,5700,5166,5341,5466
27/1/2021 13:30,462,345,250,5552,5529,5592,5090,5184,5342
27/1/2021 14:00,527,448,297,5498,5460,5493,4971,5012,5196
27/1/2021 14:30,622,623,423,5467,5430,5438,4845,4807,5015
27/1/2021 15:00,726,735,599,5471,5437,5435,4745,4702,4836
27/1/2021 15:30,839,797,793,5521,5488,5481,4682,4691,4688
27/1/2021 16:00,964,918,939,5634,5602,5590,4670,4684,4651
27/1/2021 16:30,1099,1044,994,5868,5842,5793,4769,4798,4799
27/1/2021 17:00,1237,1206,1067,6175,6164,6145,4938,4958,5078
27/1/2021 17:30,1377,1321,1171,6296,6282,6358,4919,4961,5187
27/1/2021 18:00,1526,1478,1322,6202,6173,6237,4676,4695,4915
27/1/2021 18:30,1684,1615,1466,6037,5995,6003,4353,4380,4537
27/1/2021 19:00,1836,1739,1602,5843,5803,5764,4007,4064,4162
27/1/2021 19:30,1981,1836,1810,5651,5615,5549,3670,3779,3739
27/1/2021 20:00,2134,1977,2005,5466,5442,5365,3332,3465,3360
27/1/2021 20:30,2295,2156,2221,5284,5258,5161,2989,3102,2940
27/1/2021 21:00,2416,2310,2343,5097,5075,4996,2681,2765,2653
27/1/2021 21:30,2497,2436,2528,4881,4853,4800,2384,2417,2272
27/1/2021 22:00,2567,2533,2748,4645,4623,4580,2078,2090,1832
27/1/2021 22:30,2628,2618,2978,4450,4418,4420,1822,1800,1442
27/1/2021 23:00,2725,2630,3201,4288,4272,4332,1563,1642,1131
27/1/2021 23:30,2711,2641,3219,4126,4115,4199,1415,1474,980
28/1/2021 0:00,2680,2595,3143,3948,3939,4023,1268,1344,880
28/1/2021 0:30,2632,2534,3164,3804,3804,3926,1172,1270,762
28/1/2021 1:00,2580,2492,3115,3701,3703,3806,1121,1211,691
28/1/2021 1:30,2525,2760,3026,3610,3619,3710,1085,859,684
28/1/2021 2:00,2484,2702,2896,3529,3532,3616,1045,830,720
28/1/2021 2:30,2459,2746,2860,3472,3478,3550,1013,732,690
28/1/2021 3:00,2445,2695,2818,3441,3447,3501,996,752,683
28/1/2021 3:30,2441,2716,2717,3424,3429,3464,983,713,747
28/1/2021 4:00,2426,2650,2733,3420,3427,3469,994,777,736
28/1/2021 4:30,2400,2622,2606,3436,3454,3467,1036,832,861
28/1/2021 5:00,2363,2574,2540,3482,3492,3542,1119,918,1002
28/1/2021 5:30,2315,2538,2433,3588,3588,3583,1273,1050,1150
28/1/2021 6:00,2283,2502,2410,3765,3758,3757,1482,1256,1347
28/1/2021 6:30,2267,2476,2204,4031,4025,3947,1764,1549,1743
28/1/2021 7:00,2191,2402,2080,4368,4365,4238,2177,1963,2158
28/1/2021 7:30,2055,2303,2069,4679,4667,4596,2624,2364,2527
28/1/2021 8:00,1943,2215,2109,4934,4910,4780,2991,2695,2671
28/1/2021 8:30,1854,2130,2036,5099,5081,4968,3245,2951,2932
28/1/2021 9:00,1779,2092,1879,5180,5204,5122,3401,3112,3243
28/1/2021 9:30,1720,2095,1916,5234,5266,5206,3514,3171,3290
28/1/2021 10:00,1705,2082,2072,5275,5295,5236,3570,3213,3164
28/1/2021 10:30,1736,1972,2129,5308,5321,5281,3572,3349,3152
28/1/2021 11:00,1811,1992,2213,5339,5333,5331,3528,3341,3118
28/1/2021 11:30,1930,2007,2108,5384,5373,5342,3454,3366,3234
28/1/2021 12:00,1973,2062,2078,5437,5423,5428,3464,3361,3350
28/1/2021 12:30,1942,2124,2090,5451,5465,5521,3509,3341,3431
28/1/2021 13:00,1863,2163,2206,5419,5464,5599,3556,3301,3393
28/1/2021 13:30,1735,2441,2253,5362,5427,5465,3627,2986,3212
28/1/2021 14:00,1652,2499,2351,5297,5346,5433,3645,2847,3082
28/1/2021 14:30,1614,2534,2384,5274,5313,5381,3660,2779,2997
28/1/2021 15:00,1637,2603,2542,5301,5324,5375,3664,2721,2833
28/1/2021 15:30,1720,2539,2500,5362,5374,5387,3642,2835,2887
28/1/2021 16:00,1809,2580,2703,5471,5481,5445,3662,2901,2742
28/1/2021 16:30,1903,2679,2778,5703,5714,5631,3800,3035,2853
28/1/2021 17:00,2021,2701,2853,6014,6035,5921,3993,3334,3068
28/1/2021 17:30,2162,2729,2895,6152,6171,6204,3990,3442,3309
28/1/2021 18:00,2285,2756,2922,6085,6093,6195,3800,3337,3273
28/1/2021 18:30,2391,2786,2853,5934,5933,5986,3543,3147,3133
28/1/2021 19:00,2468,2823,2938,5741,5739,5770,3273,2916,2832
28/1/2021 19:30,2517,2854,2957,5556,5549,5544,3039,2695,2587
28/1/2021 20:00,2552,2885,2907,5388,5380,5364,2836,2495,2457
28/1/2021 20:30,2572,2906,2963,5219,5202,5174,2647,2296,2211
28/1/2021 21:00,2583,2894,2869,5040,5022,5013,2457,2128,2144
28/1/2021 21:30,2585,2874,2840,4833,4811,4809,2248,1937,1969
28/1/2021 22:00,2570,2844,2763,4608,4599,4614,2038,1755,1851
28/1/2021 22:30,2539,2771,2729,4425,4390,4426,1886,1619,1697
28/1/2021 23:00,2706,2703,2567,4299,4269,4315,1593,1566,1748
28/1/2021 23:30,2633,2647,2494,4170,4143,4202,1537,1496,1708
29/1/2021 0:00,2539,2517,2429,4032,4001,4051,1493,1484,1622
29/1/2021 0:30,2426,2305,2335,3900,3881,3923,1474,1576,1588
29/1/2021 1:00,2335,2220,2108,3779,3771,3835,1444,1551,1727
29/1/2021 1:30,2268,2142,2063,3680,3681,3746,1412,1539,1683
29/1/2021 2:00,2232,2183,2024,3603,3592,3651,1371,1409,1627
29/1/2021 2:30,2227,2097,2030,3542,3525,3598,1315,1428,1568
29/1/2021 3:00,2240,2182,2025,3497,3472,3546,1257,1290,1521
29/1/2021 3:30,2273,2290,2157,3477,3454,3508,1204,1164,1351
29/1/2021 4:00,2318,2398,2263,3483,3460,3485,1165,1062,1222
29/1/2021 4:30,2376,2498,2363,3506,3485,3463,1130,987,1100
29/1/2021 5:00,2422,2575,2403,3550,3532,3526,1128,957,1123
29/1/2021 5:30,2458,2668,2396,3640,3626,3594,1182,958,1198
29/1/2021 6:00,2501,2721,2514,3791,3777,3792,1290,1056,1278
29/1/2021 6:30,2551,2684,2488,4025,4014,3981,1474,1330,1493
29/1/2021 7:00,2541,2667,2581,4328,4316,4272,1787,1649,1691
29/1/2021 7:30,2470,2571,2648,4616,4602,4598,2146,2031,1950
29/1/2021 8:00,2344,2504,2634,4859,4850,4759,2515,2346,2125
29/1/2021 8:30,2162,2409,2723,5029,5026,4966,2867,2617,2243
29/1/2021 9:00,1941,2328,2580,5126,5154,5116,3185,2826,2536
29/1/2021 9:30,1683,2251,2415,5187,5227,5212,3504,2976,2797
29/1/2021 10:00,1450,2129,2213,5227,5270,5233,3777,3141,3020
29/1/2021 10:30,1241,2060,2048,5266,5300,5280,4025,3240,3232
29/1/2021 11:00,1065,1848,1854,5308,5314,5302,4243,3466,3448
29/1/2021 11:30,920,1569,1560,5353,5363,5327,4433,3794,3767
29/1/2021 12:00,748,1344,1379,5396,5428,5407,4648,4084,4028
29/1/2021 12:30,548,1236,1146,5421,5462,5477,4873,4226,4331
29/1/2021 13:00,400,1040,940,5413,5432,5442,5013,4392,4502
29/1/2021 13:30,304,752,791,5340,5365,5348,5036,4613,4557
29/1/2021 14:00,250,579,615,5219,5259,5280,4969,4680,4665
29/1/2021 14:30,237,373,470,5153,5203,5248,4916,4830,4778
29/1/2021 15:00,279,290,356,5157,5190,5205,4878,4900,4849
29/1/2021 15:30,375,308,330,5187,5191,5220,4812,4883,4890
29/1/2021 16:00,558,362,309,5260,5227,5263,4702,4865,4954
29/1/2021 16:30,828,433,396,5492,5435,5397,4664,5002,5001
29/1/2021 17:00,1124,634,580,5836,5784,5704,4712,5150,5124
29/1/2021 17:30,1445,972,775,5995,5979,6023,4550,5007,5248
29/1/2021 18:00,1749,1243,1074,5930,5975,6028,4181,4732,4954
29/1/2021 18:30,2038,1435,1405,5782,5840,5867,3744,4405,4462
29/1/2021 19:00,2309,1722,1821,5597,5623,5678,3288,3901,3857
29/1/2021 19:30,2563,1983,2277,5419,5418,5485,2856,3435,3208
29/1/2021 20:00,2769,2281,2583,5255,5248,5267,2486,2967,2684
29/1/2021 20:30,2926,2598,2827,5091,5078,5096,2165,2480,2269
29/1/2021 21:00,3067,2846,2998,4920,4914,4889,1853,2068,1891
29/1/2021 21:30,3191,3092,3238,4724,4717,4667,1533,1625,1429
29/1/2021 22:00,3282,3255,3490,4518,4522,4524,1236,1267,1034
29/1/2021 22:30,3340,3579,3540,4375,4380,4383,1035,801,843
29/1/2021 23:00,3397,3658,3660,4319,4311,4315,922,653,655
29/1/2021 23:30,3473,3708,3657,4210,4204,4240,737,496,583
30/1/2021 0:00,3522,3751,3582,4053,4045,4066,531,294,484
30/1/2021 0:30,3544,3751,3459,3911,3904,3923,367,153,464
30/1/2021 1:00,3560,3753,3442,3794,3778,3786,234,25,344
30/1/2021 1:30,3569,3717,3414,3683,3667,3683,114,-50,269
30/1/2021 2:00,3575,3638,3365,3578,3553,3602,3,-85,237
30/1/2021 2:30,3576,3551,3332,3495,3469,3521,-81,-82,189
30/1/2021 3:00,3587,3509,3280,3434,3405,3455,-153,-104,175
30/1/2021 3:30,3608,3485,3245,3392,3365,3431,-216,-120,186
30/1/2021 4:00,3624,3471,3244,3366,3338,3425,-258,-133,181
30/1/2021 4:30,3635,3402,3229,3358,3335,3403,-277,-67,174
30/1/2021 5:00,3656,3427,3231,3372,3353,3417,-284,-74,186
30/1/2021 5:30,3686,3437,3242,3428,3412,3429,-258,-25,187
30/1/2021 6:00,3712,3461,3222,3528,3513,3516,-184,52,294
30/1/2021 6:30,3732,3361,3220,3657,3647,3608,-75,286,388
30/1/2021 7:00,3734,3362,3118,3801,3795,3737,67,433,619
30/1/2021 7:30,3717,3368,3267,3929,3911,3884,212,543,617
30/1/2021 8:00,3703,3367,3295,4039,4005,3940,336,638,645
30/1/2021 8:30,3692,3216,3359,4168,4142,4040,476,926,681
30/1/2021 9:00,3675,3234,3574,4320,4346,4258,645,1112,684
30/1/2021 9:30,3652,3243,3749,4480,4514,4476,828,1271,727
30/1/2021 10:00,3633,3261,3826,4637,4647,4649,1004,1386,823
30/1/2021 10:30,3619,3314,3715,4764,4731,4781,1145,1417,1066
30/1/2021 11:00,3620,3327,3639,4857,4814,4872,1237,1487,1233
30/1/2021 11:30,3637,3373,3543,4938,4897,4952,1301,1524,1409
30/1/2021 12:00,3628,3351,3569,5005,4965,5044,1377,1614,1475
30/1/2021 12:30,3593,3440,3581,5032,4985,5117,1439,1545,1536
30/1/2021 13:00,3558,3425,3597,5018,4942,5143,1460,1517,1546
30/1/2021 13:30,3522,3610,3485,4975,4904,5085,1453,1294,1600
30/1/2021 14:00,3458,3598,3406,4917,4867,5007,1459,1269,1601
30/1/2021 14:30,3364,3440,3425,4875,4842,4962,1511,1402,1537
30/1/2021 15:00,3241,3371,3370,4857,4830,4945,1616,1459,1575
30/1/2021 15:30,3089,3277,3212,4859,4850,4936,1770,1573,1724
30/1/2021 16:00,2977,3162,3121,4906,4928,5018,1929,1766,1897
30/1/2021 16:30,2905,3137,2891,5113,5137,5169,2208,2000,2278
30/1/2021 17:00,2794,3044,2857,5447,5454,5470,2653,2410,2613
30/1/2021 17:30,2645,2880,2755,5669,5656,5778,3024,2776,3023
30/1/2021 18:00,2484,2805,2600,5722,5699,5792,3238,2894,3192
30/1/2021 18:30,2311,2663,2516,5616,5602,5666,3305,2939,3150
30/1/2021 19:00,2159,2548,2467,5386,5406,5468,3227,2858,3001
30/1/2021 19:30,2028,2424,2558,5164,5208,5254,3136,2784,2696
30/1/2021 20:00,1956,2349,2642,4981,5037,4989,3025,2688,2347
30/1/2021 20:30,1944,2473,2758,4818,4875,4897,2874,2402,2139
30/1/2021 21:00,1939,2458,2696,4667,4731,4709,2728,2273,2013
30/1/2021 21:30,1942,2434,2625,4509,4573,4552,2567,2139,1927
30/1/2021 22:00,1959,2413,2742,4351,4418,4425,2392,2005,1683
30/1/2021 22:30,1993,2370,2630,4236,4267,4274,2243,1897,1644
30/1/2021 23:00,2158,2402,2541,4172,4156,4209,2014,1754,1668
30/1/2021 23:30,2209,2578,2624,4053,4040,4119,1844,1462,1495
31/1/2021 0:00,2262,2608,2774,3924,3907,3999,1662,1299,1225
31/1/2021 0:30,2317,2688,2828,3794,3778,3870,1477,1090,1042
31/1/2021 1:00,2363,2682,2955,3671,3649,3773,1308,967,818
31/1/2021 1:30,2398,2651,2901,3566,3547,3660,1168,896,759
31/1/2021 2:00,2435,2658,2790,3484,3464,3543,1049,806,753
31/1/2021 2:30,2473,2765,2837,3425,3408,3484,952,643,647
31/1/2021 3:00,2519,2810,2916,3386,3367,3445,867,557,529
31/1/2021 3:30,2573,2857,2882,3354,3331,3399,781,474,517
31/1/2021 4:00,2624,2907,2883,3327,3300,3376,703,393,493
31/1/2021 4:30,2670,3006,2844,3305,3280,3357,635,274,513
31/1/2021 5:00,2729,3048,2955,3295,3271,3372,566,223,417
31/1/2021 5:30,2800,3108,3089,3316,3292,3378,516,184,289
31/1/2021 6:00,2878,3135,3097,3368,3344,3432,490,209,335
31/1/2021 6:30,2964,3163,3177,3437,3419,3498,473,256,321
31/1/2021 7:00,3034,3176,3168,3512,3499,3574,478,323,406
31/1/2021 7:30,3089,3134,3234,3577,3560,3671,488,426,437
31/1/2021 8:00,3134,3125,3252,3639,3613,3696,505,488,444
31/1/2021 8:30,3170,3058,3272,3745,3738,3777,575,680,505
31/1/2021 9:00,3191,3025,3027,3903,3944,3920,712,919,893
31/1/2021 9:30,3198,3039,3088,4094,4168,4148,896,1129,1060
31/1/2021 10:00,3183,2981,3074,4303,4387,4371,1120,1406,1297
31/1/2021 10:30,3146,2956,3060,4489,4534,4568,1343,1578,1508
31/1/2021 11:00,3126,2909,2974,4645,4650,4743,1519,1741,1769
31/1/2021 11:30,3123,2890,2846,4792,4781,4878,1669,1891,2032
31/1/2021 12:00,3128,2822,2867,4921,4925,5059,1793,2103,2192
31/1/2021 12:30,3141,2684,2870,4981,5006,5187,1840,2322,2317
31/1/2021 13:00,3125,2590,2776,4972,5010,5225,1847,2420,2449
31/1/2021 13:30,3080,2690,2631,4949,4979,5151,1869,2289,2520
31/1/2021 14:00,3018,2596,2689,4927,4924,5095,1909,2328,2406
31/1/2021 14:30,2937,2494,2624,4911,4891,5019,1974,2397,2395
31/1/2021 15:00,2846,2399,2578,4909,4887,5015,2063,2488,2437
31/1/2021 15:30,2745,2293,2529,4949,4933,5019,2204,2640,2490
31/1/2021 16:00,2657,2230,2437,5041,5032,5080,2384,2802,2643
31/1/2021 16:30,2581,2238,2398,5203,5207,5190,2622,2969,2792
31/1/2021 17:00,2500,2170,2387,5410,5425,5470,2910,3255,3083
31/1/2021 17:30,2415,2097,2268,5541,5541,5745,3126,3444,3477
31/1/2021 18:00,2337,2045,2207,5567,5526,5744,3230,3481,3537
31/1/2021 18:30,2265,2101,2174,5487,5425,5604,3222,3324,3430
31/1/2021 19:00,2205,2070,2057,5323,5267,5384,3118,3197,3327
31/1/2021 19:30,2155,2035,2000,5165,5110,5209,3010,3075,3209
31/1/2021 20:00,2114,2003,1969,5028,4966,5056,2914,2963,3087
31/1/2021 20:30,2082,2096,1899,4885,4816,4900,2803,2720,3001
31/1/2021 21:00,2048,2045,1817,4729,4657,4740,2681,2612,2923
31/1/2021 21:30,2010,1906,1715,4553,4485,4565,2543,2579,2850
31/1/2021 22:00,1968,1843,1638,4365,4308,4376,2397,2465,2738
31/1/2021 22:30,1920,1757,1598,4202,4158,4205,2282,2401,2607
31/1/2021 23:00,1420,1679,1549,4036,4043,4124,2616,2364,2575
31/1/2021 23:30,1320,1511,1502,3895,3904,4016,2575,2393,2514
1/2/2021 0:00,1243,1431,1418,3737,3743,3870,2494,2312,2452
1/2/2021 0:30,1188,1296,1356,3619,3623,3746,2431,2327,2390
1/2/2021 1:00,1125,1205,1277,3547,3547,3655,2422,2342,2378
1/2/2021 1:30,1052,1075,1210,3478,3484,3576,2426,2409,2366
1/2/2021 2:00,975,1004,1128,3407,3424,3505,2432,2420,2377
1/2/2021 2:30,895,894,1055,3359,3378,3456,2464,2484,2401
1/2/2021 3:00,836,842,975,3336,3344,3419,2500,2502,2444
1/2/2021 3:30,800,822,938,3326,3339,3415,2526,2517,2477
1/2/2021 4:00,766,803,895,3326,3339,3407,2560,2536,2512
1/2/2021 4:30,734,832,848,3343,3353,3415,2609,2521,2567
1/2/2021 5:00,708,832,842,3393,3393,3461,2685,2561,2619
1/2/2021 5:30,687,791,797,3519,3517,3518,2832,2726,2721
1/2/2021 6:00,681,813,803,3729,3732,3723,3048,2919,2920
1/2/2021 6:30,690,820,826,4005,4012,3932,3315,3192,3106
1/2/2021 7:00,715,866,816,4325,4334,4233,3610,3468,3417
1/2/2021 7:30,758,945,814,4623,4674,4595,3865,3729,3781
1/2/2021 8:00,816,1005,827,4878,4896,4785,4062,3891,3958
1/2/2021 8:30,890,978,853,5070,5070,5024,4180,4092,4171
1/2/2021 9:00,939,1027,870,5204,5211,5220,4265,4184,4350
1/2/2021 9:30,964,1007,858,5312,5318,5313,4348,4311,4455
1/2/2021 10:00,1001,1049,903,5395,5412,5365,4394,4363,4462
1/2/2021 10:30,1049,1075,945,5432,5457,5443,4383,4382,4498
1/2/2021 11:00,1108,1126,974,5434,5473,5484,4326,4347,4510
1/2/2021 11:30,1179,1136,991,5481,5515,5508,4302,4379,4517
1/2/2021 12:00,1265,1205,974,5568,5579,5586,4303,4374,4612
1/2/2021 12:30,1366,1252,1035,5605,5602,5685,4239,4350,4650
1/2/2021 13:00,1424,1292,1136,5580,5573,5726,4156,4281,4590
1/2/2021 13:30,1438,1231,1190,5530,5529,5600,4092,4298,4410
1/2/2021 14:00,1452,1258,1254,5471,5479,5533,4019,4221,4279
1/2/2021 14:30,1465,1145,1334,5439,5449,5497,3974,4304,4163
1/2/2021 15:00,1493,1200,1450,5444,5450,5547,3951,4250,4097
1/2/2021 15:30,1537,1248,1553,5498,5502,5570,3961,4254,4017
1/2/2021 16:00,1647,1393,1800,5613,5622,5667,3966,4229,3867
1/2/2021 16:30,1822,1684,2045,5835,5840,5877,4013,4156,3832
1/2/2021 17:00,2003,1884,2269,6118,6118,6179,4115,4234,3910
1/2/2021 17:30,2189,2235,2520,6240,6243,6416,4051,4008,3896
1/2/2021 18:00,2362,2435,2840,6171,6188,6336,3809,3753,3496
1/2/2021 18:30,2522,2709,3104,6016,6039,6137,3494,3330,3033
1/2/2021 19:00,2680,2890,3271,5817,5837,5905,3137,2947,2634
1/2/2021 19:30,2834,3025,3398,5629,5664,5681,2795,2639,2283
1/2/2021 20:00,2931,3126,3500,5459,5500,5532,2528,2374,2032
1/2/2021 20:30,2971,3248,3525,5285,5324,5345,2314,2076,1820
1/2/2021 21:00,2975,3194,3435,5100,5139,5170,2125,1945,1735
1/2/2021 21:30,2942,3118,3350,4889,4914,4908,1947,1796,1558
1/2/2021 22:00,2910,3048,3359,4661,4677,4736,1751,1629,1377
1/2/2021 22:30,2876,3181,3233,4462,4488,4508,1586,1307,1275
1/2/2021 23:00,2569,3133,2998,4300,4326,4362,1731,1193,1364
1/2/2021 23:30,2534,3061,3073,4140,4166,4252,1606,1105,1179
2/2/2021 0:00,2485,2986,3029,3981,4001,4097,1496,1015,1068
2/2/2021 0:30,2422,3013,2943,3851,3876,3954,1429,863,1011
2/2/2021 1:00,2380,2999,2842,3753,3781,3883,1373,782,1041
2/2/2021 1:30,2359,2792,2808,3672,3708,3766,1313,916,958
2/2/2021 2:00,2378,2829,2876,3605,3637,3691,1227,808,815
2/2/2021 2:30,2437,2871,2861,3552,3584,3629,1115,713,768
2/2/2021 3:00,2456,2878,2737,3513,3539,3554,1057,661,817
2/2/2021 3:30,2435,2929,2570,3491,3517,3504,1056,588,934
2/2/2021 4:00,2404,2869,2574,3485,3510,3489,1081,641,915
2/2/2021 4:30,2365,2827,2578,3494,3523,3488,1129,696,910
2/2/2021 5:00,2349,2763,2478,3529,3561,3524,1180,798,1046
2/2/2021 5:30,2357,2643,2588,3638,3669,3606,1281,1026,1018
2/2/2021 6:00,2397,2618,2791,3837,3852,3828,1440,1234,1037
2/2/2021 6:30,2468,2361,2752,4136,4112,4037,1668,1751,1285
2/2/2021 7:00,2540,2388,2890,4505,4425,4360,1965,2037,1470
2/2/2021 7:30,2611,2449,2859,4811,4715,4685,2200,2266,1826
2/2/2021 8:00,2672,2464,2748,5027,4966,4860,2355,2502,2112
2/2/2021 8:30,2723,2860,2553,5173,5156,5057,2450,2296,2504
2/2/2021 9:00,2741,2845,2391,5264,5308,5253,2523,2463,2862
2/2/2021 9:30,2726,2807,2414,5340,5391,5341,2614,2584,2927
2/2/2021 10:00,2703,2773,2336,5405,5429,5385,2702,2656,3049
2/2/2021 10:30,2671,2790,2227,5441,5456,5428,2770,2666,3201
2/2/2021 11:00,2655,2801,2208,5454,5483,5498,2799,2682,3290
2/2/2021 11:30,2654,2782,2151,5493,5545,5517,2839,2763,3366
2/2/2021 12:00,2615,2781,2169,5554,5621,5609,2939,2840,3440
2/2/2021 12:30,2537,2480,2122,5575,5654,5703,3038,3174,3581
2/2/2021 13:00,2515,2423,2098,5544,5611,5705,3029,3188,3607
2/2/2021 13:30,2546,2310,2105,5489,5551,5531,2943,3241,3426
2/2/2021 14:00,2602,2230,2180,5424,5470,5484,2822,3240,3304
2/2/2021 14:30,2683,2161,2175,5388,5437,5413,2705,3276,3238
2/2/2021 15:00,2731,2146,2147,5391,5446,5373,2660,3300,3226
2/2/2021 15:30,2746,2080,2113,5434,5491,5408,2688,3411,3295
2/2/2021 16:00,2765,2141,2161,5534,5587,5496,2769,3446,3335
2/2/2021 16:30,2789,2140,2220,5756,5806,5667,2967,3666,3447
2/2/2021 17:00,2789,2220,2356,6059,6114,5959,3270,3894,3603
2/2/2021 17:30,2766,2350,2479,6209,6264,6278,3443,3914,3799
2/2/2021 18:00,2742,2421,2575,6171,6219,6274,3429,3798,3699
2/2/2021 18:30,2717,2547,2554,6033,6074,6093,3316,3527,3539
2/2/2021 19:00,2685,2594,2565,5834,5866,5830,3149,3272,3265
2/2/2021 19:30,2645,2653,2665,5643,5670,5644,2998,3017,2979
2/2/2021 20:00,2597,2649,2652,5471,5499,5471,2874,2850,2819
2/2/2021 20:30,2542,2612,2645,5296,5312,5293,2754,2700,2648
2/2/2021 21:00,2471,2579,2620,5111,5111,5138,2640,2532,2518
2/2/2021 21:30,2386,2580,2605,4905,4894,4907,2519,2314,2302
2/2/2021 22:00,2292,2529,2595,4686,4686,4702,2394,2157,2107
2/2/2021 22:30,2187,2458,2566,4504,4487,4504,2317,2029,1938
2/2/2021 23:00,2341,2422,2590,4346,4334,4383,2005,1912,1793
2/2/2021 23:30,2256,2370,2514,4182,4174,4254,1926,1804,1740
3/2/2021 0:00,2167,2326,2358,4015,4003,4077,1848,1677,1719
3/2/2021 0:30,2073,2270,2305,3886,3877,3928,1813,1607,1623
3/2/2021 1:00,1986,2210,2297,3796,3787,3821,1810,1577,1524
3/2/2021 1:30,1906,2203,2143,3714,3711,3739,1808,1508,1596
3/2/2021 2:00,1839,2119,2081,3637,3630,3650,1798,1511,1569
3/2/2021 2:30,1783,1995,1900,3578,3574,3578,1795,1579,1678
3/2/2021 3:00,1732,1903,1877,3543,3534,3537,1811,1631,1660
3/2/2021 3:30,1686,1810,1898,3524,3513,3519,1838,1703,1621
3/2/2021 4:00,1651,1746,1858,3522,3509,3489,1871,1763,1631
3/2/2021 4:30,1627,1689,1894,3538,3524,3481,1911,1835,1587
3/2/2021 5:00,1618,1659,1786,3582,3569,3523,1964,1910,1737
3/2/2021 5:30,1624,1648,1716,3701,3687,3606,2077,2039,1890
3/2/2021 6:00,1628,1653,1713,3902,3886,3813,2274,2233,2100
3/2/2021 6:30,1630,1657,1733,4170,4150,4027,2540,2493,2294
3/2/2021 7:00,1629,1671,1849,4486,4473,4328,2857,2802,2479
3/2/2021 7:30,1624,1719,1780,4787,4760,4660,3163,3041,2880
3/2/2021 8:00,1632,1733,1773,5043,4993,4818,3411,3260,3045
3/2/2021 8:30,1652,1765,1623,5211,5165,5030,3559,3400,3407
3/2/2021 9:00,1663,1748,1683,5292,5298,5237,3629,3550,3554
3/2/2021 9:30,1666,1710,1642,5350,5371,5319,3684,3661,3677
3/2/2021 10:00,1675,1699,1601,5398,5410,5352,3723,3711,3751
3/2/2021 10:30,1690,1673,1733,5437,5403,5383,3747,3730,3650
3/2/2021 11:00,1715,1698,1753,5474,5426,5425,3759,3728,3672
3/2/2021 11:30,1750,1748,1852,5535,5500,5453,3785,3752,3601
3/2/2021 12:00,1792,1841,1876,5611,5596,5512,3819,3755,3636
3/2/2021 12:30,1839,1933,1865,5641,5636,5577,3802,3703,3712
3/2/2021 13:00,1883,2037,1904,5616,5582,5613,3733,3545,3709
3/2/2021 13:30,1923,1998,2026,5555,5512,5523,3632,3514,3497
3/2/2021 14:00,1952,2059,2129,5480,5424,5479,3528,3365,3350
3/2/2021 14:30,1972,2258,2108,5448,5386,5463,3476,3128,3355
3/2/2021 15:00,1984,2310,2193,5470,5394,5483,3486,3084,3290
3/2/2021 15:30,1991,2279,2292,5524,5448,5509,3533,3169,3217
3/2/2021 16:00,2004,2317,2402,5624,5564,5604,3620,3247,3202
3/2/2021 16:30,2024,2333,2453,5840,5799,5797,3816,3466,3344
3/2/2021 17:00,2058,2390,2482,6134,6121,6085,4076,3731,3603
3/2/2021 17:30,2105,2516,2522,6287,6287,6364,4182,3771,3842
3/2/2021 18:00,2155,2600,2656,6261,6262,6370,4106,3662,3714
3/2/2021 18:30,2205,2619,2721,6128,6126,6198,3923,3507,3477
3/2/2021 19:00,2250,2676,2770,5926,5916,6004,3676,3240,3234
3/2/2021 19:30,2288,2767,2810,5736,5717,5790,3448,2950,2980
3/2/2021 20:00,2320,2790,2807,5567,5550,5592,3247,2760,2785
3/2/2021 20:30,2344,2703,2795,5385,5373,5419,3041,2670,2624
3/2/2021 21:00,2361,2709,2794,5183,5190,5236,2822,2481,2442
3/2/2021 21:30,2370,2812,2805,4970,4968,5004,2600,2156,2199
3/2/2021 22:00,2366,2774,2782,4755,4739,4788,2389,1965,2006
3/2/2021 22:30,2350,2701,2734,4574,4553,4571,2224,1852,1837
3/2/2021 23:00,2649,2639,2675,4423,4421,4454,1774,1782,1779
3/2/2021 23:30,2602,2584,2659,4264,4265,4313,1662,1681,1654
4/2/2021 0:00,2562,2511,2517,4078,4079,4130,1516,1568,1613
4/2/2021 0:30,2529,2419,2478,3937,3941,3984,1408,1522,1506
4/2/2021 1:00,2485,2338,2390,3847,3844,3870,1362,1506,1480
4/2/2021 1:30,2429,2283,2324,3761,3760,3778,1332,1477,1454
4/2/2021 2:00,2369,2187,2284,3675,3671,3711,1306,1484,1427
4/2/2021 2:30,2306,2104,2235,3612,3612,3652,1306,1508,1417
4/2/2021 3:00,2239,1998,2200,3575,3573,3617,1336,1575,1417
4/2/2021 3:30,2169,1913,2082,3546,3544,3603,1377,1631,1521
4/2/2021 4:00,2091,1797,1917,3524,3523,3581,1433,1726,1664
4/2/2021 4:30,2005,1600,1765,3523,3525,3578,1518,1925,1813
4/2/2021 5:00,1944,1489,1613,3558,3564,3620,1614,2075,2007
4/2/2021 5:30,1907,1459,1475,3671,3676,3683,1764,2217,2208
4/2/2021 6:00,1854,1376,1354,3866,3874,3847,2012,2498,2493
4/2/2021 6:30,1784,1381,1297,4124,4133,4060,2340,2752,2763
4/2/2021 7:00,1723,1310,1204,4426,4434,4343,2703,3124,3139
4/2/2021 7:30,1670,1235,1046,4718,4713,4681,3048,3478,3635
4/2/2021 8:00,1610,1157,974,4974,4960,4853,3364,3803,3879
4/2/2021 8:30,1542,986,866,5147,5144,5038,3605,4158,4172
4/2/2021 9:00,1467,903,797,5237,5290,5225,3770,4387,4428
4/2/2021 9:30,1384,749,698,5296,5362,5323,3912,4613,4625
4/2/2021 10:00,1323,685,645,5339,5392,5354,4016,4707,4709
4/2/2021 10:30,1283,622,612,5381,5433,5401,4098,4811,4789
4/2/2021 11:00,1240,577,574,5429,5465,5448,4189,4888,4874
4/2/2021 11:30,1193,478,545,5499,5511,5450,4306,5033,4905
4/2/2021 12:00,1138,450,541,5577,5549,5504,4439,5099,4963
4/2/2021 12:30,1075,414,565,5589,5570,5574,4514,5156,5009
4/2/2021 13:00,1017,404,560,5527,5545,5592,4510,5141,5032
4/2/2021 13:30,963,420,528,5438,5500,5475,4475,5080,4947
4/2/2021 14:00,932,410,467,5346,5431,5405,4414,5021,4938
4/2/2021 14:30,925,395,420,5296,5403,5349,4371,5008,4929
4/2/2021 15:00,908,388,370,5298,5409,5332,4390,5021,4962
4/2/2021 15:30,881,303,345,5337,5447,5335,4456,5144,4990
4/2/2021 16:00,862,293,321,5431,5527,5389,4569,5234,5068
4/2/2021 16:30,851,343,303,5662,5740,5539,4811,5397,5236
4/2/2021 17:00,861,335,322,5992,6052,5820,5131,5717,5498
4/2/2021 17:30,894,309,392,6188,6240,6165,5294,5931,5773
4/2/2021 18:00,944,323,407,6204,6253,6238,5260,5930,5831
4/2/2021 18:30,1013,319,453,6088,6136,6078,5075,5817,5625
4/2/2021 19:00,1068,357,459,5877,5915,5852,4809,5558,5393
4/2/2021 19:30,1108,378,497,5681,5713,5663,4573,5335,5166
4/2/2021 20:00,1141,417,577,5517,5546,5464,4376,5129,4887
4/2/2021 20:30,1166,508,624,5350,5369,5287,4184,4861,4663
4/2/2021 21:00,1186,562,695,5167,5175,5113,3981,4613,4418
4/2/2021 21:30,1202,652,744,4957,4953,4895,3755,4301,4151
4/2/2021 22:00,1217,704,803,4731,4728,4675,3514,4024,3872
4/2/2021 22:30,1232,746,888,4552,4548,4451,3320,3802,3563
4/2/2021 23:00,681,781,890,4415,4417,4361,3734,3636,3471
4/2/2021 23:30,723,895,891,4273,4280,4217,3550,3385,3326
5/2/2021 0:00,761,918,945,4115,4120,4068,3354,3202,3123
5/2/2021 0:30,795,905,990,3979,3990,3918,3184,3085,2928
5/2/2021 1:00,823,937,1048,3870,3877,3819,3047,2940,2771
5/2/2021 1:30,845,993,1075,3778,3790,3744,2933,2797,2669
5/2/2021 2:00,884,1018,1123,3702,3709,3646,2818,2691,2523
5/2/2021 2:30,939,1079,1238,3646,3657,3578,2707,2578,2340
5/2/2021 3:00,976,1104,1221,3610,3618,3547,2634,2514,2326
5/2/2021 3:30,995,1188,1261,3583,3592,3528,2588,2404,2267
5/2/2021 4:00,1014,1186,1245,3566,3572,3520,2552,2386,2275
5/2/2021 4:30,1034,1126,1291,3571,3579,3529,2537,2453,2238
5/2/2021 5:00,1055,1126,1264,3607,3614,3579,2552,2488,2315
5/2/2021 5:30,1080,1117,1196,3698,3704,3636,2618,2587,2440
5/2/2021 6:00,1108,1108,1167,3854,3856,3828,2746,2748,2661
5/2/2021 6:30,1141,1148,1188,4093,4096,4055,2952,2948,2867
5/2/2021 7:00,1163,1133,1106,4397,4396,4353,3234,3263,3247
5/2/2021 7:30,1174,1134,1038,4680,4671,4672,3506,3537,3634
5/2/2021 8:00,1177,1112,1023,4917,4901,4824,3740,3789,3801
5/2/2021 8:30,1173,1110,965,5085,5077,5051,3912,3967,4086
5/2/2021 9:00,1152,1089,921,5188,5220,5232,4036,4131,4311
5/2/2021 9:30,1114,984,885,5253,5297,5330,4139,4313,4445
5/2/2021 10:00,1097,997,884,5296,5332,5355,4199,4335,4471
5/2/2021 10:30,1102,997,897,5345,5354,5376,4243,4357,4479
5/2/2021 11:00,1106,1033,971,5402,5377,5443,4296,4344,4472
5/2/2021 11:30,1109,1053,1022,5454,5426,5445,4345,4373,4423
5/2/2021 12:00,1126,1103,1156,5493,5483,5497,4367,4380,4341
5/2/2021 12:30,1159,1131,1172,5508,5501,5553,4349,4370,4381
5/2/2021 13:00,1183,1153,1251,5492,5454,5574,4309,4301,4323
5/2/2021 13:30,1199,1166,1211,5434,5378,5479,4235,4212,4268
5/2/2021 14:00,1206,1182,1217,5348,5280,5382,4142,4098,4165
5/2/2021 14:30,1206,1265,1233,5298,5218,5324,4092,3953,4091
5/2/2021 15:00,1178,1271,1232,5295,5200,5288,4117,3929,4056
5/2/2021 15:30,1120,1314,1302,5320,5220,5281,4200,3906,3979
5/2/2021 16:00,1070,1300,1189,5384,5295,5301,4314,3995,4112
5/2/2021 16:30,1026,1253,1134,5562,5463,5416,4536,4210,4282
5/2/2021 17:00,1009,1266,1202,5829,5714,5666,4820,4448,4464
5/2/2021 17:30,1019,1257,1250,6011,5898,5978,4992,4641,4728
5/2/2021 18:00,1010,1285,1266,6064,5976,6079,5054,4691,4813
5/2/2021 18:30,981,1282,1277,5971,5897,5946,4990,4615,4669
5/2/2021 19:00,954,1253,1317,5763,5690,5785,4809,4437,4468
5/2/2021 19:30,929,1192,1272,5565,5491,5564,4636,4299,4292
5/2/2021 20:00,903,1145,1197,5401,5331,5341,4498,4186,4144
5/2/2021 20:30,876,1001,1143,5234,5168,5154,4358,4167,4011
5/2/2021 21:00,864,945,1072,5054,5000,4983,4190,4055,3911
5/2/2021 21:30,867,848,1036,4844,4798,4782,3977,3950,3746
5/2/2021 22:00,876,796,965,4624,4594,4591,3748,3798,3626
5/2/2021 22:30,891,770,894,4475,4446,4417,3584,3676,3523
5/2/2021 23:00,891,728,817,4351,4354,4329,3460,3626,3512
5/2/2021 23:30,862,768,841,4220,4226,4271,3358,3458,3430
6/2/2021 0:00,842,722,753,4046,4052,4098,3204,3330,3345
6/2/2021 0:30,830,643,673,3889,3900,3938,3059,3257,3265
6/2/2021 1:00,828,620,635,3762,3771,3815,2934,3151,3180
6/2/2021 1:30,835,656,641,3652,3662,3713,2817,3006,3072
6/2/2021 2:00,853,644,615,3555,3562,3623,2702,2918,3008
6/2/2021 2:30,882,629,655,3480,3486,3563,2598,2857,2908
6/2/2021 3:00,902,634,625,3428,3429,3498,2526,2795,2873
6/2/2021 3:30,914,606,612,3399,3401,3459,2485,2795,2847
6/2/2021 4:00,942,652,653,3391,3390,3438,2449,2738,2785
6/2/2021 4:30,987,653,674,3386,3386,3428,2399,2733,2754
6/2/2021 5:00,1025,695,696,3389,3389,3432,2364,2694,2736
6/2/2021 5:30,1055,765,744,3439,3438,3435,2384,2673,2691
6/2/2021 6:00,1071,803,814,3538,3538,3524,2467,2735,2710
6/2/2021 6:30,1072,900,860,3670,3675,3605,2598,2775,2745
6/2/2021 7:00,1081,945,839,3820,3831,3742,2739,2886,2903
6/2/2021 7:30,1095,943,859,3945,3947,3890,2850,3004,3031
6/2/2021 8:00,1108,967,871,4048,4036,3934,2940,3069,3063
6/2/2021 8:30,1119,830,856,4185,4187,4063,3066,3357,3207
6/2/2021 9:00,1133,842,796,4359,4420,4264,3226,3578,3468
6/2/2021 9:30,1149,846,807,4522,4601,4433,3373,3755,3626
6/2/2021 10:00,1192,894,835,4659,4727,4571,3467,3833,3736
6/2/2021 10:30,1259,985,894,4755,4812,4701,3496,3827,3807
6/2/2021 11:00,1302,1029,892,4816,4860,4792,3514,3831,3900
6/2/2021 11:30,1319,1024,942,4870,4904,4859,3551,3880,3917
6/2/2021 12:00,1322,1019,911,4918,4932,4922,3596,3913,4011
6/2/2021 12:30,1310,937,858,4927,4949,4989,3617,4012,4131
6/2/2021 13:00,1277,931,799,4892,4928,4985,3615,3997,4186
6/2/2021 13:30,1222,982,751,4832,4886,4910,3610,3904,4159
6/2/2021 14:00,1180,985,766,4759,4813,4849,3579,3828,4083
6/2/2021 14:30,1151,965,835,4714,4775,4807,3563,3810,3972
6/2/2021 15:00,1133,956,884,4706,4764,4787,3573,3808,3903
6/2/2021 15:30,1125,898,915,4741,4781,4802,3616,3883,3887
6/2/2021 16:00,1139,860,932,4830,4840,4888,3691,3980,3956
6/2/2021 16:30,1173,769,912,5004,5018,5032,3831,4249,4120
6/2/2021 17:00,1223,762,941,5250,5307,5271,4027,4545,4330
6/2/2021 17:30,1289,786,948,5482,5550,5627,4193,4764,4679
6/2/2021 18:00,1356,835,924,5645,5696,5744,4289,4861,4820
6/2/2021 18:30,1423,884,1026,5611,5656,5642,4188,4772,4616
6/2/2021 19:00,1496,971,1090,5392,5445,5483,3896,4474,4393
6/2/2021 19:30,1575,1113,1130,5175,5219,5263,3600,4106,4133
6/2/2021 20:00,1658,1199,1260,5000,5027,5028,3342,3828,3768
6/2/2021 20:30,1745,1415,1409,4844,4862,4835,3099,3447,3426
6/2/2021 21:00,1815,1512,1509,4697,4727,4674,2882,3215,3165
6/2/2021 21:30,1869,1567,1625,4540,4564,4509,2671,2997,2884
6/2/2021 22:00,1906,1625,1717,4378,4395,4363,2472,2770,2646
6/2/2021 22:30,1928,1673,1759,4252,4250,4212,2324,2577,2453
6/2/2021 23:00,1596,1715,1845,4144,4144,4153,2548,2429,2308
6/2/2021 23:30,1606,1763,1711,4027,4030,4064,2421,2267,2353
7/2/2021 0:00,1622,1793,1642,3899,3899,3905,2277,2106,2263
7/2/2021 0:30,1642,1860,1575,3776,3778,3782,2134,1918,2207
7/2/2021 1:00,1675,1877,1560,3664,3662,3650,1989,1785,2090
7/2/2021 1:30,1720,1837,1580,3570,3571,3546,1850,1734,1966
7/2/2021 2:00,1763,1865,1597,3494,3494,3485,1731,1629,1888
7/2/2021 2:30,1805,2004,1550,3435,3437,3420,1630,1433,1870
7/2/2021 3:00,1855,2046,1627,3390,3390,3361,1535,1344,1734
7/2/2021 3:30,1913,2043,1649,3358,3355,3336,1445,1312,1687
7/2/2021 4:00,1979,2107,1759,3335,3330,3331,1356,1223,1572
7/2/2021 4:30,2054,2081,1793,3320,3315,3313,1266,1234,1520
7/2/2021 5:00,2132,2155,1794,3314,3309,3304,1182,1154,1510
7/2/2021 5:30,2214,2117,1803,3322,3318,3290,1108,1201,1487
7/2/2021 6:00,2310,2194,1999,3350,3349,3337,1040,1155,1338
7/2/2021 6:30,2420,2225,2136,3418,3425,3397,998,1200,1261
7/2/2021 7:00,2539,2309,2237,3519,3535,3491,980,1226,1254
7/2/2021 7:30,2669,2335,2321,3599,3612,3578,930,1277,1257
7/2/2021 8:00,2781,2457,2406,3665,3671,3592,884,1214,1186
7/2/2021 8:30,2876,2573,2704,3788,3789,3730,912,1216,1026
7/2/2021 9:00,2953,2687,3004,3975,3994,3956,1022,1307,952
7/2/2021 9:30,3013,2751,3180,4184,4200,4181,1171,1449,1001
7/2/2021 10:00,3109,2887,3386,4397,4401,4408,1288,1514,1022
7/2/2021 10:30,3243,3098,3560,4589,4577,4623,1346,1479,1063
7/2/2021 11:00,3374,3249,3592,4754,4728,4810,1380,1479,1218
7/2/2021 11:30,3501,3360,3680,4900,4883,4931,1399,1523,1251
7/2/2021 12:00,3583,3432,3705,5017,5024,5093,1434,1592,1388
7/2/2021 12:30,3618,3630,3730,5064,5080,5216,1446,1450,1486
7/2/2021 13:00,3633,3617,3688,5044,5038,5247,1411,1421,1559
7/2/2021 13:30,3627,3761,3783,5002,4989,5213,1375,1228,1430
7/2/2021 14:00,3623,3739,3871,4956,4944,5194,1333,1205,1323
7/2/2021 14:30,3621,3777,3910,4936,4931,5158,1315,1154,1248
7/2/2021 15:00,3607,3756,3840,4945,4946,5095,1338,1190,1255
7/2/2021 15:30,3583,3589,3784,4974,4990,5059,1391,1401,1275
7/2/2021 16:00,3532,3563,3901,5033,5069,5179,1501,1506,1278
7/2/2021 16:30,3453,3554,3938,5171,5216,5269,1718,1662,1331
7/2/2021 17:00,3413,3527,3882,5374,5419,5484,1961,1892,1602
7/2/2021 17:30,3412,3656,3857,5545,5562,5849,2133,1906,1992
7/2/2021 18:00,3415,3636,3824,5641,5615,5843,2226,1979,2019
7/2/2021 18:30,3424,3670,3813,5595,5556,5708,2171,1886,1895
7/2/2021 19:00,3430,3650,3814,5422,5397,5527,1992,1747,1713
7/2/2021 19:30,3433,3630,3815,5250,5229,5321,1817,1599,1506
7/2/2021 20:00,3425,3595,3839,5106,5082,5173,1681,1487,1334
7/2/2021 20:30,3406,3717,3757,4970,4927,5050,1564,1210,1293
7/2/2021 21:00,3386,3673,3718,4829,4768,4917,1443,1095,1199
7/2/2021 21:30,3368,3599,3688,4658,4582,4743,1290,983,1055
7/2/2021 22:00,3343,3536,3656,4463,4398,4562,1120,862,906
7/2/2021 22:30,3312,3535,3364,4298,4253,4332,986,718,968
7/2/2021 23:00,3313,3462,3259,4133,4145,4238,820,683,979
7/2/2021 23:30,3272,3372,3376,4020,4033,4160,748,661,784
8/2/2021 0:00,3221,3312,3312,3901,3915,4023,680,603,711
8/2/2021 0:30,3161,3275,3399,3797,3812,3920,636,537,521
8/2/2021 1:00,3105,3209,3397,3713,3725,3836,608,516,439
8/2/2021 1:30,3053,3186,3342,3651,3664,3765,598,478,423
8/2/2021 2:00,2999,3117,3320,3606,3619,3697,607,502,377
8/2/2021 2:30,2943,2905,3287,3563,3578,3658,620,673,371
8/2/2021 3:00,2891,2862,3195,3522,3536,3609,631,674,414
8/2/2021 3:30,2843,2934,3166,3499,3511,3577,656,577,411
8/2/2021 4:00,2813,2899,3128,3495,3504,3552,682,605,424
8/2/2021 4:30,2802,2982,3109,3500,3506,3547,698,524,438
8/2/2021 5:00,2790,2959,3120,3528,3533,3590,738,574,470
8/2/2021 5:30,2778,3001,2981,3646,3650,3638,868,649,657
8/2/2021 6:00,2765,2969,2973,3860,3863,3835,1095,894,862
8/2/2021 6:30,2752,2975,3102,4129,4111,4051,1377,1136,949
8/2/2021 7:00,2740,2943,3126,4430,4408,4376,1690,1465,1250
8/2/2021 7:30,2727,2936,3195,4714,4693,4739,1987,1757,1544
8/2/2021 8:00,2710,2904,3191,4960,4954,4929,2250,2050,1738
8/2/2021 8:30,2686,2822,3174,5133,5149,5214,2447,2327,2040
8/2/2021 9:00,2633,2762,3141,5236,5303,5439,2603,2541,2298
8/2/2021 9:30,2550,2688,3066,5308,5400,5548,2758,2712,2482
8/2/2021 10:00,2659,2749,3089,5363,5465,5589,2704,2716,2500
8/2/2021 10:30,2962,2969,3176,5424,5513,5610,2462,2544,2434
8/2/2021 11:00,3188,3120,3274,5496,5554,5691,2308,2434,2417
8/2/2021 11:30,3338,3380,3351,5571,5603,5722,2233,2223,2371
8/2/2021 12:00,3394,3421,3379,5640,5672,5809,2246,2251,2430
8/2/2021 12:30,3355,3525,3374,5661,5703,5859,2306,2178,2485
8/2/2021 13:00,3303,3503,3364,5629,5672,5900,2326,2169,2536
8/2/2021 13:30,3236,3482,3223,5572,5621,5786,2336,2139,2563
8/2/2021 14:00,3192,3442,3275,5506,5550,5699,2314,2108,2424
8/2/2021 14:30,3171,3288,3217,5470,5506,5665,2299,2218,2448
8/2/2021 15:00,3101,3249,3323,5473,5498,5679,2372,2249,2356
8/2/2021 15:30,2980,3183,3177,5511,5533,5701,2531,2350,2524
8/2/2021 16:00,2874,3103,3063,5595,5619,5760,2721,2516,2697
8/2/2021 16:30,2783,3008,3077,5768,5804,5953,2985,2796,2876
8/2/2021 17:00,2729,2930,3080,6008,6062,6211,3279,3132,3131
8/2/2021 17:30,2713,2873,3110,6187,6263,6492,3474,3390,3382
8/2/2021 18:00,2725,2867,3184,6261,6352,6537,3536,3485,3353
8/2/2021 18:30,2766,2996,3106,6183,6265,6365,3417,3269,3259
8/2/2021 19:00,2815,3036,3143,5975,6023,6118,3160,2987,2975
8/2/2021 19:30,2873,3038,3208,5768,5807,5928,2895,2769,2720
8/2/2021 20:00,2922,3085,3300,5589,5645,5763,2667,2560,2463
8/2/2021 20:30,2963,3235,3338,5411,5478,5578,2448,2243,2240
8/2/2021 21:00,2988,3243,3352,5220,5290,5405,2232,2047,2053
8/2/2021 21:30,2998,3277,3322,5000,5067,5211,2002,1790,1889
8/2/2021 22:00,2996,3266,3257,4762,4829,4964,1766,1563,1707
8/2/2021 22:30,2981,3222,3335,4579,4648,4742,1598,1426,1407
8/2/2021 23:00,3043,3195,3249,4527,4526,4621,1484,1331,1372
8/2/2021 23:30,3029,3192,3195,4377,4374,4490,1348,1182,1295
9/2/2021 0:00,3006,3165,3118,4190,4187,4314,1184,1022,1196
9/2/2021 0:30,2976,3193,3147,4047,4045,4180,1071,852,1033
9/2/2021 1:00,2955,3160,3181,3957,3953,4087,1002,793,906
9/2/2021 1:30,2943,3146,3141,3881,3880,4015,938,734,874
9/2/2021 2:00,2927,3133,3216,3813,3815,3972,886,682,756
9/2/2021 2:30,2906,3158,3273,3757,3764,3928,851,606,655
9/2/2021 3:00,2883,3148,3236,3716,3726,3871,833,578,635
9/2/2021 3:30,2857,3145,3239,3690,3703,3875,833,558,636
9/2/2021 4:00,2854,3137,3235,3681,3695,3868,827,558,633
9/2/2021 4:30,2872,3116,3223,3691,3705,3822,819,589,599
9/2/2021 5:00,2899,3126,3254,3730,3744,3858,831,618,604
9/2/2021 5:30,2934,3163,3278,3834,3848,3919,900,685,641
9/2/2021 6:00,2964,3186,3306,4015,4030,4096,1051,844,790
9/2/2021 6:30,2988,3251,3366,4280,4291,4321,1292,1040,955
9/2/2021 7:00,3011,3267,3465,4607,4610,4636,1596,1343,1171
9/2/2021 7:30,3034,3316,3579,4901,4907,4991,1867,1591,1412
9/2/2021 8:00,3029,3298,3574,5133,5160,5151,2104,1862,1577
9/2/2021 8:30,2998,3267,3479,5290,5350,5381,2292,2083,1902
9/2/2021 9:00,2932,3216,3427,5382,5479,5627,2450,2263,2200
9/2/2021 9:30,2829,3218,3362,5457,5557,5706,2628,2339,2344
9/2/2021 10:00,2852,3233,3354,5526,5597,5728,2674,2364,2374
9/2/2021 10:30,2999,3383,3457,5582,5614,5750,2583,2231,2293
9/2/2021 11:00,3144,3489,3634,5631,5625,5790,2487,2136,2156
9/2/2021 11:30,3287,3578,3702,5695,5662,5840,2408,2084,2138
9/2/2021 12:00,3375,3638,3634,5767,5719,5894,2392,2081,2260
9/2/2021 12:30,3408,3711,3709,5795,5740,5953,2387,2029,2244
9/2/2021 13:00,3400,3705,3677,5772,5717,5976,2372,2012,2299
9/2/2021 13:30,3353,3757,3729,5718,5676,5862,2365,1919,2133
9/2/2021 14:00,3304,3683,3693,5650,5626,5789,2346,1943,2096
9/2/2021 14:30,3251,3447,3583,5606,5596,5775,2355,2149,2192
9/2/2021 15:00,3147,3332,3546,5597,5591,5783,2450,2259,2237
9/2/2021 15:30,2991,3215,3417,5626,5656,5787,2635,2441,2370
9/2/2021 16:00,2845,3080,3345,5705,5757,5843,2860,2677,2498
9/2/2021 16:30,2710,2955,3270,5875,5935,6018,3165,2980,2748
9/2/2021 17:00,2623,2876,3244,6116,6176,6244,3493,3300,3000
9/2/2021 17:30,2585,2898,3170,6311,6358,6501,3726,3460,3331
9/2/2021 18:00,2554,2865,3105,6409,6438,6600,3855,3573,3495
9/2/2021 18:30,2529,2913,2987,6328,6349,6427,3799,3436,3440
9/2/2021 19:00,2498,2851,2863,6093,6106,6201,3595,3255,3338
9/2/2021 19:30,2459,2858,2830,5878,5882,6005,3419,3024,3175
9/2/2021 20:00,2417,2784,2771,5715,5714,5797,3298,2930,3026
9/2/2021 20:30,2372,2716,2685,5551,5542,5625,3179,2826,2940
9/2/2021 21:00,2314,2633,2537,5369,5367,5424,3055,2734,2887
9/2/2021 21:30,2242,2476,2486,5152,5144,5248,2910,2668,2762
9/2/2021 22:00,2170,2421,2470,4917,4915,5017,2747,2494,2547
9/2/2021 22:30,2099,2419,2466,4750,4749,4784,2651,2330,2318
9/2/2021 23:00,2270,2347,2399,4626,4642,4674,2356,2295,2275
9/2/2021 23:30,2192,2257,2234,4480,4500,4516,2288,2243,2282
10/2/2021 0:00,2099,2155,2209,4295,4316,4347,2196,2161,2138
10/2/2021 0:30,1990,2018,2191,4149,4175,4211,2159,2157,2020
10/2/2021 1:00,1902,1933,2062,4054,4074,4098,2152,2141,2036
10/2/2021 1:30,1834,1914,1987,3974,3994,4009,2140,2080,2022
10/2/2021 2:00,1780,1847,1948,3902,3917,3931,2122,2070,1983
10/2/2021 2:30,1739,1757,1878,3843,3862,3882,2104,2105,2004
10/2/2021 3:00,1701,1693,1747,3801,3818,3821,2100,2125,2074
10/2/2021 3:30,1665,1706,1701,3781,3799,3796,2116,2093,2095
10/2/2021 4:00,1633,1651,1647,3783,3795,3793,2150,2144,2146
10/2/2021 4:30,1606,1640,1632,3791,3806,3785,2185,2166,2153
10/2/2021 5:00,1580,1622,1563,3815,3838,3807,2235,2216,2244
10/2/2021 5:30,1556,1561,1538,3911,3938,3854,2355,2377,2316
10/2/2021 6:00,1537,1570,1613,4089,4116,4040,2552,2546,2427
10/2/2021 6:30,1525,1587,1667,4344,4367,4275,2819,2780,2608
10/2/2021 7:00,1510,1591,1641,4656,4668,4595,3146,3077,2954
10/2/2021 7:30,1493,1583,1567,4955,4942,4930,3462,3359,3363
10/2/2021 8:00,1470,1559,1524,5214,5186,5091,3744,3627,3567
10/2/2021 8:30,1440,1497,1494,5398,5382,5349,3958,3885,3855
10/2/2021 9:00,1370,1401,1487,5511,5530,5574,4141,4129,4087
10/2/2021 9:30,1261,1238,1312,5591,5619,5670,4330,4381,4358
10/2/2021 10:00,1236,1225,1255,5647,5657,5692,4411,4432,4437
10/2/2021 10:30,1297,1336,1366,5668,5661,5707,4371,4325,4341
10/2/2021 11:00,1413,1461,1504,5665,5659,5727,4252,4198,4223
10/2/2021 11:30,1584,1580,1701,5690,5682,5733,4106,4102,4032
10/2/2021 12:00,1717,1674,1858,5741,5728,5765,4024,4054,3907
10/2/2021 12:30,1812,1735,1918,5759,5740,5841,3947,4005,3923
10/2/2021 13:00,1852,1766,1942,5736,5709,5847,3884,3943,3905
10/2/2021 13:30,1838,1877,1820,5687,5663,5718,3849,3786,3898
10/2/2021 14:00,1806,1888,1646,5625,5612,5636,3819,3724,3990
10/2/2021 14:30,1756,1929,1577,5590,5580,5597,3834,3651,4020
10/2/2021 15:00,1689,1900,1639,5592,5577,5620,3903,3677,3981
10/2/2021 15:30,1605,1905,1692,5629,5673,5634,4024,3768,3942
10/2/2021 16:00,1556,1869,1744,5713,5771,5722,4157,3902,3978
10/2/2021 16:30,1543,1625,1834,5882,5935,5909,4339,4310,4075
10/2/2021 17:00,1569,1665,1770,6125,6160,6127,4556,4495,4357
10/2/2021 17:30,1635,1721,1785,6340,6356,6414,4705,4635,4629
10/2/2021 18:00,1711,1802,1977,6475,6477,6594,4764,4675,4617
10/2/2021 18:30,1798,2030,2146,6415,6416,6482,4617,4386,4336
10/2/2021 19:00,1882,2137,2226,6179,6182,6264,4297,4045,4038
10/2/2021 19:30,1963,2243,2291,5963,5963,6070,4000,3720,3779
10/2/2021 20:00,2047,2342,2389,5801,5800,5862,3754,3458,3473
10/2/2021 20:30,2133,2397,2604,5639,5631,5685,3506,3234,3081
10/2/2021 21:00,2223,2486,2666,5456,5454,5498,3233,2968,2832
10/2/2021 21:30,2317,2556,2724,5235,5232,5278,2918,2676,2554
10/2/2021 22:00,2401,2618,2740,4994,5003,5050,2593,2385,2310
10/2/2021 22:30,2475,2733,2775,4816,4824,4834,2341,2091,2059
10/2/2021 23:00,2683,2779,2851,4690,4709,4719,2007,1930,1868
10/2/2021 23:30,2729,2920,3000,4531,4557,4568,1802,1637,1568
11/2/2021 0:00,2772,2968,3061,4329,4362,4390,1557,1394,1329
11/2/2021 0:30,2812,3029,3144,4173,4214,4251,1361,1185,1107
11/2/2021 1:00,2845,3068,3324,4073,4112,4166,1228,1044,842
11/2/2021 1:30,2871,3085,3440,3989,4021,4103,1118,936,663
11/2/2021 2:00,2904,3104,3477,3913,3925,4026,1009,821,549
11/2/2021 2:30,2942,3154,3462,3850,3856,3950,908,702,488
11/2/2021 3:00,2971,3168,3527,3803,3808,3906,832,640,379
11/2/2021 3:30,2992,3286,3506,3776,3781,3887,784,495,381
11/2/2021 4:00,3025,3314,3506,3767,3773,3866,742,459,360
11/2/2021 4:30,3072,3366,3473,3768,3774,3849,696,408,376
11/2/2021 5:00,3128,3413,3478,3790,3790,3868,662,377,390
11/2/2021 5:30,3194,3576,3539,3882,3882,3939,688,306,400
11/2/2021 6:00,3262,3622,3582,4059,4063,4127,797,441,545
11/2/2021 6:30,3333,3660,3657,4318,4322,4318,985,662,661
11/2/2021 7:00,3406,3712,3945,4636,4636,4674,1230,924,729
11/2/2021 7:30,3484,3794,4114,4928,4916,5014,1444,1122,900
11/2/2021 8:00,3558,3847,4152,5170,5148,5197,1612,1301,1045
11/2/2021 8:30,3628,3862,4235,5355,5342,5489,1727,1480,1254
11/2/2021 9:00,3674,3923,4292,5485,5515,5750,1811,1592,1458
11/2/2021 9:30,3697,4113,4276,5568,5611,5867,1871,1498,1591
11/2/2021 10:00,3791,4172,4280,5611,5645,5919,1820,1473,1639
11/2/2021 10:30,3957,4390,4382,5638,5667,5969,1681,1277,1587
11/2/2021 11:00,4045,4419,4422,5658,5694,6012,1613,1275,1590
11/2/2021 11:30,4055,4427,4419,5697,5747,6039,1642,1320,1620
11/2/2021 12:00,4059,4396,4437,5748,5805,6118,1689,1409,1681
11/2/2021 12:30,4059,4395,4425,5765,5827,6186,1706,1432,1761
11/2/2021 13:00,4057,4362,4416,5740,5792,6212,1683,1430,1796
11/2/2021 13:30,4054,4302,4379,5697,5731,6112,1643,1429,1733
11/2/2021 14:00,4047,4279,4355,5648,5660,6045,1601,1381,1690
11/2/2021 14:30,4037,4295,4342,5618,5631,6005,1581,1336,1663
11/2/2021 15:00,4029,4272,4377,5617,5649,6014,1588,1377,1637
11/2/2021 15:30,4024,4268,4322,5649,5699,6017,1625,1431,1695
11/2/2021 16:00,4019,4239,4350,5728,5785,6083,1709,1546,1733
11/2/2021 16:30,4016,4221,4358,5891,5961,6215,1875,1740,1857
11/2/2021 17:00,4012,4188,4355,6116,6201,6400,2104,2013,2045
11/2/2021 17:30,4009,4157,4371,6278,6357,6641,2269,2200,2270
11/2/2021 18:00,4000,4132,4328,6334,6387,6677,2334,2255,2349
11/2/2021 18:30,3985,4156,4331,6247,6285,6514,2262,2129,2183
11/2/2021 19:00,3966,4124,4349,6041,6075,6316,2075,1951,1967
11/2/2021 19:30,3945,4138,4372,5840,5873,6102,1895,1735,1730
11/2/2021 20:00,3916,4092,4389,5670,5698,5915,1754,1606,1526
11/2/2021 20:30,3880,4107,4410,5498,5517,5724,1618,1410,1314
11/2/2021 21:00,3837,4048,4303,5310,5319,5537,1473,1271,1234
11/2/2021 21:30,3788,4025,4181,5086,5094,5310,1298,1069,1129
11/2/2021 22:00,3735,3957,4083,4844,4858,5079,1109,901,996
11/2/2021 22:30,3681,3943,3880,4666,4674,4827,985,731,947
11/2/2021 23:00,3680,3866,3788,4543,4546,4702,863,680,914
11/2/2021 23:30,3623,3883,3687,4403,4410,4556,780,527,869
12/2/2021 0:00,3562,3804,3602,4248,4256,4379,686,452,777
12/2/2021 0:30,3499,3759,3608,4111,4123,4244,612,364,636
12/2/2021 1:00,3444,3687,3556,4000,4013,4140,556,326,584
12/2/2021 1:30,3399,3441,3519,3903,3917,4060,504,476,541
12/2/2021 2:00,3362,3401,3539,3820,3830,3967,458,429,428
12/2/2021 2:30,3334,3396,3494,3761,3772,3908,427,376,414
12/2/2021 3:00,3317,3381,3415,3724,3739,3853,407,358,438
12/2/2021 3:30,3311,3369,3382,3701,3721,3812,390,352,430
12/2/2021 4:00,3317,3379,3382,3691,3714,3805,374,335,423
12/2/2021 4:30,3334,3438,3385,3697,3721,3800,363,283,415
12/2/2021 5:00,3365,3470,3402,3728,3748,3834,363,278,432
12/2/2021 5:30,3407,3601,3439,3814,3831,3881,407,230,442
12/2/2021 6:00,3457,3645,3548,3967,3983,4079,510,338,531
12/2/2021 6:30,3514,3647,3634,4204,4221,4287,690,574,653
12/2/2021 7:00,3577,3701,3736,4509,4524,4590,932,823,854
12/2/2021 7:30,3646,3691,3924,4790,4814,4928,1144,1123,1004
12/2/2021 8:00,3705,3744,3980,5024,5061,5095,1319,1317,1115
12/2/2021 8:30,3755,3824,4201,5209,5240,5374,1454,1416,1173
12/2/2021 9:00,3788,3852,4295,5348,5355,5575,1560,1503,1280
12/2/2021 9:30,3804,3899,4296,5454,5447,5680,1650,1548,1384
12/2/2021 10:00,3821,3924,4224,5533,5525,5709,1712,1601,1485
12/2/2021 10:30,3839,3996,4204,5591,5573,5722,1752,1577,1518
12/2/2021 11:00,3872,4029,4184,5635,5600,5749,1763,1571,1565
12/2/2021 11:30,3918,4136,4172,5683,5645,5740,1765,1509,1568
12/2/2021 12:00,3941,4138,4173,5729,5702,5779,1788,1564,1606
12/2/2021 12:30,3940,4277,4231,5734,5709,5824,1794,1432,1593
12/2/2021 13:00,3941,4263,4198,5690,5658,5827,1749,1395,1629
12/2/2021 13:30,3944,4255,3957,5608,5581,5709,1664,1326,1752
12/2/2021 14:00,3953,4238,4079,5510,5489,5649,1557,1251,1570
12/2/2021 14:30,3969,4184,4067,5463,5447,5596,1494,1263,1529
12/2/2021 15:00,3983,4178,4055,5476,5460,5559,1493,1282,1504
12/2/2021 15:30,3998,4179,4051,5516,5502,5542,1518,1323,1491
12/2/2021 16:00,4014,4176,4139,5587,5577,5587,1573,1401,1448
12/2/2021 16:30,4033,4191,4290,5741,5739,5763,1708,1548,1473
12/2/2021 17:00,4049,4186,4402,5960,5968,5983,1911,1782,1581
12/2/2021 17:30,4062,4093,4443,6125,6135,6251,2063,2042,1808
12/2/2021 18:00,4073,4098,4363,6194,6194,6368,2121,2096,2005
12/2/2021 18:30,4083,4111,4401,6114,6118,6277,2031,2007,1876
12/2/2021 19:00,4090,4117,4461,5904,5922,6092,1814,1805,1631
12/2/2021 19:30,4093,4134,4397,5702,5719,5882,1609,1585,1485
12/2/2021 20:00,4084,4126,4331,5533,5536,5648,1449,1410,1317
12/2/2021 20:30,4062,4267,4319,5358,5371,5491,1296,1104,1172
12/2/2021 21:00,4035,4228,4297,5165,5191,5346,1130,963,1049
12/2/2021 21:30,4002,4194,4033,4948,4971,5119,946,777,1086
12/2/2021 22:00,3962,4138,3972,4725,4754,4930,763,616,958
12/2/2021 22:30,3913,4127,3873,4573,4602,4752,660,475,879
12/2/2021 23:00,3907,4050,3872,4490,4538,4689,583,488,817
12/2/2021 23:30,3838,3947,3863,4373,4425,4587,535,478,724
13/2/2021 0:00,3777,3873,3809,4209,4249,4448,432,376,639
13/2/2021 0:30,3724,3832,3658,4058,4088,4299,334,256,641
13/2/2021 1:00,3678,3776,3514,3933,3950,4159,255,174,645
13/2/2021 1:30,3640,3596,3557,3819,3833,4056,179,237,499
13/2/2021 2:00,3621,3574,3499,3716,3729,3951,95,155,452
13/2/2021 2:30,3618,3547,3444,3638,3655,3878,20,108,434
13/2/2021 3:00,3610,3550,3362,3587,3603,3815,-23,53,453
13/2/2021 3:30,3596,3429,3344,3556,3582,3782,-40,153,438
13/2/2021 4:00,3594,3461,3234,3542,3566,3758,-52,105,524
13/2/2021 4:30,3603,3554,3136,3532,3558,3727,-71,4,591
13/2/2021 5:00,3626,3578,3112,3528,3553,3732,-98,-25,620
13/2/2021 5:30,3662,3552,3103,3553,3579,3733,-109,27,630
13/2/2021 6:00,3703,3586,3223,3616,3643,3821,-87,57,598
13/2/2021 6:30,3748,3625,3365,3725,3760,3905,-23,135,540
13/2/2021 7:00,3763,3636,3375,3871,3911,4019,108,275,644
13/2/2021 7:30,3747,3539,3397,4004,4038,4155,257,499,758
13/2/2021 8:00,3723,3543,3468,4123,4145,4226,400,602,758
13/2/2021 8:30,3693,3345,3502,4264,4306,4368,571,961,866
13/2/2021 9:00,3663,3323,3459,4432,4533,4578,769,1210,1119
13/2/2021 9:30,3633,3294,3507,4605,4718,4769,972,1424,1262
13/2/2021 10:00,3629,3314,3537,4769,4850,4954,1140,1536,1417
13/2/2021 10:30,3650,3413,3648,4894,4968,5096,1244,1555,1448
13/2/2021 11:00,3681,3477,3784,4980,5058,5224,1299,1581,1440
13/2/2021 11:30,3723,3663,3881,5063,5145,5324,1340,1482,1443
13/2/2021 12:00,3743,3726,3964,5139,5217,5416,1396,1491,1452
13/2/2021 12:30,3742,3838,4045,5161,5246,5469,1419,1408,1424
13/2/2021 13:00,3755,3881,4063,5128,5219,5473,1373,1338,1410
13/2/2021 13:30,3781,3996,3919,5075,5172,5427,1294,1176,1508
13/2/2021 14:00,3827,4031,3879,5019,5113,5348,1192,1082,1469
13/2/2021 14:30,3890,4072,3843,4986,5077,5290,1096,1005,1447
13/2/2021 15:00,3947,4104,3884,4987,5070,5278,1040,966,1394
13/2/2021 15:30,3997,4161,4004,5034,5110,5284,1037,949,1280
13/2/2021 16:00,4047,4177,4061,5134,5202,5346,1087,1025,1285
13/2/2021 16:30,4097,4233,4122,5302,5363,5510,1205,1130,1388
13/2/2021 17:00,4133,4249,4127,5518,5581,5712,1385,1332,1585
13/2/2021 17:30,4155,4122,4129,5701,5773,5941,1546,1651,1812
13/2/2021 18:00,4161,4133,4129,5806,5891,6006,1645,1758,1877
13/2/2021 18:30,4151,4128,4122,5748,5836,5918,1597,1708,1796
13/2/2021 19:00,4139,4115,4099,5541,5616,5745,1402,1501,1646
13/2/2021 19:30,4126,4112,4133,5328,5395,5532,1202,1283,1399
13/2/2021 20:00,4102,4082,4051,5141,5218,5312,1039,1136,1261
13/2/2021 20:30,4069,4021,3935,4971,5051,5119,902,1030,1184
13/2/2021 21:00,4030,3977,3914,4812,4898,4963,782,921,1049
13/2/2021 21:30,3986,3945,3900,4642,4724,4801,656,779,901
13/2/2021 22:00,3933,3888,3734,4468,4556,4633,535,668,899
13/2/2021 22:30,3869,3793,3575,4335,4435,4460,466,642,885
13/2/2021 23:00,3770,3726,3482,4337,4357,4404,567,631,922
13/2/2021 23:30,3698,3667,3409,4243,4265,4319,545,598,910
14/2/2021 0:00,3626,3598,3388,4121,4143,4181,495,545,793
14/2/2021 0:30,3555,3502,3387,3989,4017,4051,434,515,664
14/2/2021 1:00,3495,3444,3399,3856,3883,3922,361,439,523
14/2/2021 1:30,3446,3371,3434,3739,3768,3822,293,397,388
14/2/2021 2:00,3412,3340,3319,3643,3667,3723,231,327,404
14/2/2021 2:30,3393,3243,3245,3570,3595,3644,177,352,399
14/2/2021 3:00,3384,3240,3168,3517,3541,3570,133,301,402
14/2/2021 3:30,3384,3215,3123,3480,3509,3528,96,294,405
14/2/2021 4:00,3401,3234,3086,3454,3485,3497,53,251,411
14/2/2021 4:30,3433,3317,3027,3436,3467,3449,3,150,422
14/2/2021 5:00,3484,3365,3005,3426,3451,3428,-58,86,423
14/2/2021 5:30,3553,3353,2999,3436,3459,3427,-117,106,428
14/2/2021 6:00,3623,3423,2998,3472,3495,3472,-151,72,474
14/2/2021 6:30,3695,3435,3007,3546,3569,3519,-149,134,512
14/2/2021 7:00,3766,3518,2985,3646,3667,3597,-120,149,612
14/2/2021 7:30,3837,3615,2947,3727,3752,3655,-110,137,708
14/2/2021 8:00,3893,3692,2966,3794,3833,3683,-99,141,717
14/2/2021 8:30,3933,3541,3075,3913,3977,3810,-20,436,735
14/2/2021 9:00,3958,3590,3291,4093,4202,4030,135,612,739
14/2/2021 9:30,3967,3490,3511,4301,4431,4268,334,941,757
14/2/2021 10:00,3971,3527,3718,4518,4646,4501,547,1119,783
14/2/2021 10:30,3968,3574,3797,4699,4814,4677,731,1240,880
14/2/2021 11:00,3966,3613,3703,4840,4921,4831,874,1308,1128
14/2/2021 11:30,3964,3494,3639,4972,5043,4958,1008,1549,1319
14/2/2021 12:00,3969,3555,3797,5090,5156,5138,1121,1601,1341
14/2/2021 12:30,3980,3647,3927,5146,5205,5271,1166,1558,1344
14/2/2021 13:00,3981,3690,3786,5136,5167,5279,1155,1477,1493
14/2/2021 13:30,3970,3926,3645,5092,5120,5178,1122,1194,1533
14/2/2021 14:00,3944,3929,3748,5029,5059,5090,1085,1130,1342
14/2/2021 14:30,3902,3854,3658,4973,5001,4977,1071,1147,1319
14/2/2021 15:00,3833,3794,3522,4937,4945,4865,1104,1151,1343
14/2/2021 15:30,3740,3707,3555,4940,4944,4785,1200,1237,1230
14/2/2021 16:00,3651,3606,3640,4988,4989,4835,1337,1383,1195
14/2/2021 16:30,3569,3525,3541,5073,5057,4837,1504,1532,1296
14/2/2021 17:00,3486,3425,3446,5198,5155,5032,1712,1730,1586
14/2/2021 17:30,3402,3215,3341,5373,5336,5245,1971,2121,1904
14/2/2021 18:00,3338,3160,3113,5552,5548,5471,2214,2388,2358
14/2/2021 18:30,3294,3028,3111,5535,5556,5481,2241,2528,2370
14/2/2021 19:00,3254,3015,3099,5327,5347,5309,2073,2332,2210
14/2/2021 19:30,3218,3203,3163,5141,5161,5137,1923,1958,1974
14/2/2021 20:00,3195,3177,3233,5015,5040,4998,1820,1863,1765
14/2/2021 20:30,3187,3138,3204,4884,4913,4850,1697,1775,1646
14/2/2021 21:00,3166,3123,3240,4732,4765,4724,1566,1642,1484
14/2/2021 21:30,3132,3007,3232,4554,4585,4518,1422,1578,1286
14/2/2021 22:00,3097,3003,3091,4362,4395,4345,1265,1392,1254
14/2/2021 22:30,3059,3134,2864,4214,4245,4137,1155,1111,1273
14/2/2021 23:00,2960,3110,2706,4136,4141,4059,1176,1031,1353
14/2/2021 23:30,2931,3091,2778,4015,4023,3944,1084,932,1166
15/2/2021 0:00,2910,3058,2762,3878,3878,3829,968,820,1067
15/2/2021 0:30,2895,3055,2756,3766,3768,3722,871,713,966
15/2/2021 1:00,2879,3031,2816,3685,3684,3655,806,653,839
15/2/2021 1:30,2860,2993,2808,3617,3619,3590,757,626,782
15/2/2021 2:00,2844,2982,2809,3557,3555,3513,713,573,704
15/2/2021 2:30,2830,2769,2849,3507,3509,3456,677,740,607
15/2/2021 3:00,2826,2772,2873,3470,3467,3427,644,695,554
15/2/2021 3:30,2831,2831,2833,3446,3454,3411,615,623,578
15/2/2021 4:00,2851,2834,2870,3437,3442,3393,586,608,523
15/2/2021 4:30,2885,2824,2887,3443,3453,3406,558,629,519
15/2/2021 5:00,2921,2858,2881,3479,3492,3441,558,634,560
15/2/2021 5:30,2959,2909,2895,3595,3613,3514,636,704,619
15/2/2021 6:00,3027,2954,2942,3801,3819,3708,774,865,766
15/2/2021 6:30,3123,3018,2981,4081,4104,3925,958,1086,944
15/2/2021 7:00,3176,3072,3177,4410,4433,4224,1234,1361,1047
15/2/2021 7:30,3187,3161,3306,4707,4720,4467,1520,1559,1161
15/2/2021 8:00,3206,3204,3286,4950,4945,4662,1744,1741,1376
15/2/2021 8:30,3233,3289,3278,5136,5135,4869,1903,1846,1591
15/2/2021 9:00,3214,3257,3183,5267,5301,5098,2053,2044,1915
15/2/2021 9:30,3150,3195,3153,5350,5387,5198,2200,2192,2045
15/2/2021 10:00,3142,3163,2971,5394,5395,5230,2252,2232,2259
15/2/2021 10:30,3190,3166,2925,5419,5387,5247,2229,2221,2322
15/2/2021 11:00,3224,3157,2973,5435,5384,5277,2211,2227,2304
15/2/2021 11:30,3246,3137,2865,5467,5418,5253,2221,2281,2388
15/2/2021 12:00,3245,3111,2700,5506,5480,5289,2261,2369,2589
15/2/2021 12:30,3223,3091,2709,5508,5503,5371,2285,2412,2662
15/2/2021 13:00,3218,3085,2747,5469,5473,5313,2251,2388,2566
15/2/2021 13:30,3231,3127,2726,5427,5409,5219,2196,2282,2493
15/2/2021 14:00,3191,3156,2836,5394,5327,5172,2203,2171,2336
15/2/2021 14:30,3100,3194,2913,5378,5274,5147,2278,2080,2234
15/2/2021 15:00,3062,3219,2651,5385,5262,5154,2323,2043,2503
15/2/2021 15:30,3075,2992,2771,5437,5299,5168,2362,2307,2397
15/2/2021 16:00,3132,3067,2784,5539,5389,5230,2407,2322,2446
15/2/2021 16:30,3233,3254,2997,5700,5563,5428,2467,2309,2431
15/2/2021 17:00,3332,3399,3266,5909,5811,5702,2577,2412,2436
15/2/2021 17:30,3428,3344,3383,6113,6035,5968,2685,2691,2585
15/2/2021 18:00,3553,3483,3610,6262,6185,6106,2709,2702,2496
15/2/2021 18:30,3706,3602,3833,6212,6151,5985,2506,2549,2152
15/2/2021 19:00,3816,3707,4038,5978,5932,5813,2162,2225,1775
15/2/2021 19:30,3883,3789,4041,5762,5720,5631,1879,1931,1590
15/2/2021 20:00,3917,3802,4191,5602,5551,5454,1685,1749,1263
15/2/2021 20:30,3919,3879,4171,5439,5379,5272,1520,1500,1101
15/2/2021 21:00,3899,3845,4097,5254,5191,5106,1355,1346,1009
15/2/2021 21:30,3859,3892,3797,5034,4965,4855,1175,1073,1058
15/2/2021 22:00,3815,3851,3677,4793,4722,4624,978,871,947
15/2/2021 22:30,3768,3856,3643,4591,4523,4417,823,667,774
15/2/2021 23:00,3706,3791,3575,4366,4371,4301,660,580,726
15/2/2021 23:30,3622,3728,3453,4194,4204,4166,572,476,713
16/2/2021 0:00,3547,3657,3473,4008,4012,4004,461,355,531
16/2/2021 0:30,3479,3408,3400,3859,3866,3872,380,458,472
16/2/2021 1:00,3428,3354,3294,3754,3760,3769,326,406,475
16/2/2021 1:30,3391,3331,3211,3667,3676,3682,276,345,471
16/2/2021 2:00,3347,3282,3135,3594,3598,3607,247,316,472
16/2/2021 2:30,3294,3238,3065,3537,3542,3533,243,304,468
16/2/2021 3:00,3246,3195,2990,3498,3501,3476,252,306,486
16/2/2021 3:30,3201,3077,2978,3479,3479,3448,278,402,470
16/2/2021 4:00,3164,3051,2962,3477,3473,3427,313,422,465
16/2/2021 4:30,3135,3062,2972,3485,3481,3437,350,419,465
16/2/2021 5:00,3128,3056,2977,3516,3511,3467,388,455,490
16/2/2021 5:30,3142,3005,3059,3632,3625,3536,490,620,477
16/2/2021 6:00,3137,3021,3104,3846,3818,3712,709,797,608
16/2/2021 6:30,3111,2992,3078,4154,4098,3907,1043,1106,829
16/2/2021 7:00,3089,2991,3089,4519,4429,4210,1430,1438,1121
16/2/2021 7:30,3072,2973,3154,4800,4696,4496,1728,1723,1342
16/2/2021 8:00,3017,2908,3084,4982,4885,4637,1965,1977,1553
16/2/2021 8:30,2925,2901,2912,5152,5047,4842,2227,2146,1930
16/2/2021 9:00,2835,2862,2891,5312,5198,5023,2477,2336,2132
16/2/2021 9:30,2747,2875,2787,5390,5265,5107,2643,2390,2320
16/2/2021 10:00,2665,2833,2655,5383,5263,5122,2718,2430,2467
16/2/2021 10:30,2589,2828,2472,5355,5223,5154,2766,2395,2682
16/2/2021 11:00,2505,2757,2458,5333,5231,5188,2828,2474,2730
16/2/2021 11:30,2413,2672,2408,5358,5266,5195,2945,2594,2787
16/2/2021 12:00,2349,2619,2541,5420,5318,5240,3071,2699,2699
16/2/2021 12:30,2311,2478,2554,5443,5333,5290,3132,2855,2736
16/2/2021 13:00,2283,2443,2612,5412,5288,5284,3129,2845,2672
16/2/2021 13:30,2266,2362,2698,5352,5221,5172,3086,2859,2474
16/2/2021 14:00,2227,2329,2769,5278,5139,5105,3051,2810,2336
16/2/2021 14:30,2169,2276,2729,5227,5093,5043,3058,2817,2314
16/2/2021 15:00,2097,2226,2581,5212,5090,5003,3115,2864,2422
16/2/2021 15:30,2013,2238,2469,5245,5154,4995,3232,2916,2526
16/2/2021 16:00,1945,2156,2333,5330,5256,5041,3385,3100,2708
16/2/2021 16:30,1893,2207,2335,5470,5386,5197,3577,3179,2862
16/2/2021 17:00,1900,2206,2177,5664,5557,5400,3764,3351,3223
16/2/2021 17:30,1966,2432,2134,5906,5805,5668,3940,3373,3534
16/2/2021 18:00,2103,2552,2421,6141,6074,5961,4038,3522,3540
16/2/2021 18:30,2311,2663,2676,6152,6088,5951,3841,3425,3275
16/2/2021 19:00,2502,2860,2844,5943,5844,5787,3441,2984,2943
16/2/2021 19:30,2678,3036,3008,5742,5628,5578,3064,2592,2570
16/2/2021 20:00,2827,3162,3168,5593,5487,5397,2766,2325,2229
16/2/2021 20:30,2951,3180,3401,5439,5333,5234,2488,2153,1833
16/2/2021 21:00,3049,3250,3419,5262,5154,5069,2213,1904,1650
16/2/2021 21:30,3122,3263,3543,5047,4943,4867,1925,1680,1324
16/2/2021 22:00,3184,3328,3553,4807,4719,4679,1623,1391,1126
16/2/2021 22:30,3235,3497,3348,4610,4526,4446,1375,1029,1098
16/2/2021 23:00,3345,3549,3175,4387,4380,4276,1042,831,1101
16/2/2021 23:30,3377,3560,3026,4226,4226,4117,849,666,1091
17/2/2021 0:00,3387,3547,3132,4056,4057,3961,669,510,829
17/2/2021 0:30,3378,3664,3415,3921,3921,3898,543,257,483
17/2/2021 1:00,3350,3602,3420,3825,3817,3790,475,215,370
17/2/2021 1:30,3304,3097,3345,3743,3738,3685,439,641,340
17/2/2021 2:00,3261,3070,3277,3668,3667,3612,407,597,335
17/2/2021 2:30,3223,3091,3196,3611,3613,3538,388,522,342
17/2/2021 3:00,3186,3046,3098,3571,3565,3471,385,519,373
17/2/2021 3:30,3151,3167,3058,3546,3540,3451,395,373,393
17/2/2021 4:00,3137,3116,3025,3536,3533,3444,399,417,419
17/2/2021 4:30,3144,3043,3019,3544,3542,3447,400,499,428
17/2/2021 5:00,3165,3044,2998,3582,3577,3494,417,533,496
17/2/2021 5:30,3202,3120,2966,3694,3686,3555,492,566,589
17/2/2021 6:00,3266,3179,3040,3892,3883,3762,626,704,722
17/2/2021 6:30,3357,3193,3016,4183,4172,3939,826,979,923
17/2/2021 7:00,3414,3267,2994,4535,4518,4252,1121,1251,1258
17/2/2021 7:30,3438,3400,3202,4816,4786,4511,1378,1386,1309
17/2/2021 8:00,3452,3430,3181,5008,4967,4664,1556,1537,1483
17/2/2021 8:30,3457,3371,3122,5167,5131,4866,1710,1760,1744
17/2/2021 9:00,3443,3359,3010,5297,5297,5001,1854,1938,1991
17/2/2021 9:30,3408,3136,3057,5359,5366,5100,1951,2230,2043
17/2/2021 10:00,3442,3218,3077,5357,5353,5108,1915,2135,2031
17/2/2021 10:30,3545,3404,3178,5354,5327,5146,1809,1923,1968
17/2/2021 11:00,3602,3507,3237,5365,5341,5140,1763,1834,1903
17/2/2021 11:30,3613,3576,3311,5401,5382,5147,1788,1806,1836
17/2/2021 12:00,3570,3566,3324,5451,5431,5179,1881,1865,1855
17/2/2021 12:30,3474,3421,3239,5462,5446,5263,1988,2025,2024
17/2/2021 13:00,3371,3311,3048,5427,5405,5242,2056,2094,2194
17/2/2021 13:30,3264,3139,3061,5364,5343,5167,2100,2204,2106
17/2/2021 14:00,3131,2932,2851,5287,5269,5130,2156,2337,2279
17/2/2021 14:30,2973,2451,2616,5246,5230,5108,2273,2779,2492
17/2/2021 15:00,2807,2247,2501,5252,5231,5103,2445,2984,2602
17/2/2021 15:30,2634,2064,2358,5305,5283,5139,2671,3219,2781
17/2/2021 16:00,2459,1922,2138,5406,5389,5217,2947,3467,3079
17/2/2021 16:30,2281,1745,2225,5549,5538,5395,3268,3793,3170
17/2/2021 17:00,2161,1695,2157,5734,5732,5655,3573,4037,3498
17/2/2021 17:30,2100,1880,2173,5958,5946,5940,3858,4066,3767
17/2/2021 18:00,2068,1863,2170,6171,6132,6142,4103,4269,3972
17/2/2021 18:30,2064,1951,2094,6164,6110,6056,4100,4159,3962
17/2/2021 19:00,2045,1892,2136,5942,5886,5854,3897,3994,3718
17/2/2021 19:30,2009,1928,2085,5734,5679,5652,3725,3751,3567
17/2/2021 20:00,1995,1830,1897,5581,5524,5450,3586,3694,3553
17/2/2021 20:30,2004,1522,1870,5419,5350,5263,3415,3828,3393
17/2/2021 21:00,2017,1433,1804,5231,5160,5097,3214,3727,3293
17/2/2021 21:30,2036,1318,1900,5011,4940,4881,2975,3622,2981
17/2/2021 22:00,2035,1256,1855,4773,4717,4637,2738,3461,2782
17/2/2021 22:30,2013,1364,1909,4583,4504,4444,2570,3140,2535
17/2/2021 23:00,1084,1341,1875,4407,4362,4356,3323,3021,2481
17/2/2021 23:30,1034,1450,1906,4238,4199,4196,3204,2749,2290
18/2/2021 0:00,1028,1445,1780,4048,4012,4023,3020,2567,2243
18/2/2021 0:30,1067,1532,1510,3903,3872,3857,2836,2340,2347
18/2/2021 1:00,1104,1574,1572,3812,3782,3754,2708,2208,2182
18/2/2021 1:30,1138,1536,1705,3735,3707,3673,2597,2171,1968
18/2/2021 2:00,1205,1618,1803,3663,3630,3588,2458,2012,1785
18/2/2021 2:30,1306,1945,1907,3606,3570,3512,2300,1625,1605
18/2/2021 3:00,1431,2108,1897,3568,3525,3452,2137,1417,1555
18/2/2021 3:30,1580,2274,1923,3548,3503,3422,1968,1229,1499
18/2/2021 4:00,1720,2407,1978,3546,3498,3450,1826,1091,1472
18/2/2021 4:30,1851,2464,2040,3556,3510,3458,1705,1046,1418
18/2/2021 5:00,1984,2542,2058,3588,3549,3500,1604,1007,1442
18/2/2021 5:30,2120,2637,2232,3694,3659,3573,1574,1022,1341
18/2/2021 6:00,2240,2692,2411,3887,3853,3756,1647,1161,1345
18/2/2021 6:30,2344,2436,2751,4174,4133,4000,1830,1697,1249
18/2/2021 7:00,2442,2517,2844,4523,4466,4316,2081,1949,1472
18/2/2021 7:30,2533,2594,2791,4800,4728,4561,2267,2134,1770
18/2/2021 8:00,2593,2655,2760,4988,4909,4714,2395,2254,1954
18/2/2021 8:30,2622,2744,2781,5151,5071,4930,2529,2327,2149
18/2/2021 9:00,2674,2797,2750,5294,5233,5107,2620,2436,2357
18/2/2021 9:30,2751,2853,2904,5368,5309,5197,2617,2456,2293
18/2/2021 10:00,2824,2896,2922,5377,5316,5233,2553,2420,2311
18/2/2021 10:30,2894,3006,2891,5393,5331,5258,2499,2325,2367
18/2/2021 11:00,2917,2998,3055,5431,5360,5286,2514,2362,2231
18/2/2021 11:30,2894,2833,3153,5478,5408,5327,2584,2575,2174
18/2/2021 12:00,2900,2860,3123,5521,5457,5385,2621,2597,2262
18/2/2021 12:30,2937,3046,3248,5524,5471,5481,2587,2425,2233
18/2/2021 13:00,2934,3081,3400,5485,5432,5443,2551,2351,2043
18/2/2021 13:30,2894,3085,3425,5422,5363,5335,2528,2278,1910
18/2/2021 14:00,2832,3037,3322,5349,5280,5244,2517,2243,1922
18/2/2021 14:30,2748,3018,3272,5299,5229,5192,2551,2211,1920
18/2/2021 15:00,2614,2879,3047,5283,5216,5155,2669,2337,2108
18/2/2021 15:30,2430,2803,2855,5319,5249,5159,2889,2446,2304
18/2/2021 16:00,2257,2584,2663,5404,5332,5215,3147,2748,2552
18/2/2021 16:30,2095,2398,2327,5506,5446,5325,3411,3048,2998
18/2/2021 17:00,2033,2318,2254,5636,5626,5551,3603,3308,3297
18/2/2021 17:30,2070,2370,2335,5868,5863,5817,3798,3493,3482
18/2/2021 18:00,2166,2484,2424,6145,6102,6047,3979,3618,3623
18/2/2021 18:30,2320,2577,2526,6171,6110,6029,3851,3533,3503
18/2/2021 19:00,2472,2747,2459,5941,5879,5812,3469,3132,3353
18/2/2021 19:30,2621,2969,2564,5730,5666,5593,3109,2697,3029
18/2/2021 20:00,2774,3097,2680,5587,5519,5421,2813,2422,2741
18/2/2021 20:30,2930,3118,2927,5434,5355,5241,2504,2237,2314
18/2/2021 21:00,3068,3235,3302,5252,5174,5113,2184,1939,1811
18/2/2021 21:30,3186,3389,3470,5043,4962,4915,1857,1573,1445
18/2/2021 22:00,3279,3471,3605,4821,4748,4733,1542,1277,1128
18/2/2021 22:30,3349,3389,3531,4633,4561,4510,1284,1172,979
18/2/2021 23:00,3450,3438,3508,4449,4433,4371,999,995,863
18/2/2021 23:30,3489,3588,3490,4293,4286,4251,804,698,761
19/2/2021 0:00,3504,3592,3508,4114,4110,4101,610,518,593
19/2/2021 0:30,3495,3673,3639,3965,3966,4006,470,293,367
19/2/2021 1:00,3475,3636,3556,3855,3849,3886,380,213,330
19/2/2021 1:30,3444,3591,3446,3759,3754,3782,315,163,336
19/2/2021 2:00,3406,3527,3440,3675,3668,3705,269,141,265
19/2/2021 2:30,3363,3298,3357,3608,3601,3637,245,303,280
19/2/2021 3:00,3328,3256,3205,3563,3549,3558,235,293,353
19/2/2021 3:30,3299,3212,3177,3543,3528,3539,244,316,362
19/2/2021 4:00,3286,3206,3168,3547,3540,3533,261,334,365
19/2/2021 4:30,3288,3272,3163,3562,3553,3532,274,281,369
19/2/2021 5:00,3311,3296,3165,3595,3578,3565,284,282,400
19/2/2021 5:30,3357,3344,3176,3692,3671,3617,335,327,441
19/2/2021 6:00,3411,3403,3290,3865,3847,3793,454,444,503
19/2/2021 6:30,3476,3425,3338,4124,4103,3988,648,678,650
19/2/2021 7:00,3543,3501,3532,4444,4413,4272,901,912,740
19/2/2021 7:30,3614,3558,3774,4714,4667,4567,1100,1109,793
19/2/2021 8:00,3676,3612,3826,4915,4856,4714,1239,1244,888
19/2/2021 8:30,3731,3623,3828,5079,5021,4926,1348,1398,1098
19/2/2021 9:00,3772,3662,3794,5209,5189,5116,1437,1527,1322
19/2/2021 9:30,3799,3690,3777,5299,5292,5237,1500,1602,1460
19/2/2021 10:00,3817,3716,3758,5351,5346,5278,1534,1630,1520
19/2/2021 10:30,3827,3907,3620,5392,5341,5324,1565,1434,1704
19/2/2021 11:00,3806,3894,3625,5432,5356,5366,1626,1462,1741
19/2/2021 11:30,3754,3884,3606,5474,5401,5400,1720,1517,1794
19/2/2021 12:00,3711,3864,3501,5513,5464,5445,1802,1600,1944
19/2/2021 12:30,3677,3770,3395,5520,5490,5485,1843,1720,2090
19/2/2021 13:00,3663,3776,3417,5487,5454,5508,1824,1678,2091
19/2/2021 13:30,3669,3870,3474,5416,5381,5451,1747,1511,1977
19/2/2021 14:00,3645,3862,3516,5320,5275,5374,1675,1413,1858
19/2/2021 14:30,3592,3647,3510,5253,5211,5292,1661,1564,1782
19/2/2021 15:00,3535,3589,3482,5228,5192,5255,1693,1603,1773
19/2/2021 15:30,3474,3511,3340,5240,5188,5219,1766,1677,1879
19/2/2021 16:00,3389,3465,3177,5294,5213,5183,1905,1748,2006
19/2/2021 16:30,3281,3297,3069,5405,5331,5246,2124,2034,2177
19/2/2021 17:00,3165,3260,2967,5570,5532,5382,2405,2272,2415
19/2/2021 17:30,3040,3222,2854,5752,5717,5542,2712,2495,2688
19/2/2021 18:00,2937,3160,2907,5902,5842,5782,2965,2682,2875
19/2/2021 18:30,2854,3084,2659,5869,5795,5759,3015,2711,3100
19/2/2021 19:00,2787,2981,2528,5658,5583,5596,2871,2602,3068
19/2/2021 19:30,2736,2778,2419,5456,5376,5387,2720,2598,2968
19/2/2021 20:00,2683,2704,2561,5296,5216,5176,2613,2512,2615
19/2/2021 20:30,2626,2530,2510,5133,5052,5015,2507,2522,2505
19/2/2021 21:00,2575,2445,2365,4954,4881,4823,2379,2436,2458
19/2/2021 21:30,2530,2371,2231,4752,4680,4635,2222,2309,2404
19/2/2021 22:00,2483,2278,2181,4543,4474,4431,2060,2196,2250
19/2/2021 22:30,2433,2111,2061,4391,4313,4255,1958,2202,2194
19/2/2021 23:00,2250,2066,2028,4216,4211,4197,1966,2145,2169
19/2/2021 23:30,2153,2062,1799,4108,4107,4120,1955,2045,2321
20/2/2021 0:00,2040,2015,1752,3986,3985,3951,1946,1970,2199
20/2/2021 0:30,1912,1934,1843,3864,3866,3826,1952,1932,1983
20/2/2021 1:00,1833,1899,1794,3748,3744,3721,1915,1845,1927
20/2/2021 1:30,1804,1876,1722,3647,3647,3603,1843,1771,1881
20/2/2021 2:00,1829,1919,1696,3562,3558,3526,1733,1639,1830
20/2/2021 2:30,1910,1860,1672,3486,3485,3464,1576,1625,1792
20/2/2021 3:00,1982,1943,1708,3422,3418,3376,1440,1475,1668
20/2/2021 3:30,2046,1946,1707,3388,3385,3333,1342,1439,1626
20/2/2021 4:00,2132,2060,1747,3384,3378,3290,1252,1318,1543
20/2/2021 4:30,2239,2299,1824,3376,3370,3291,1137,1071,1467
20/2/2021 5:00,2339,2380,1915,3368,3361,3333,1029,981,1418
20/2/2021 5:30,2433,2245,2009,3403,3396,3335,970,1151,1326
20/2/2021 6:00,2541,2334,2188,3487,3479,3442,946,1145,1254
20/2/2021 6:30,2665,2436,2370,3602,3594,3542,937,1158,1172
20/2/2021 7:00,2789,2550,2631,3738,3727,3700,949,1177,1069
20/2/2021 7:30,2913,2549,2797,3862,3847,3800,949,1298,1003
20/2/2021 8:00,3004,2648,2856,3975,3963,3874,971,1315,1018
20/2/2021 8:30,3062,2691,2942,4109,4118,4029,1047,1427,1087
20/2/2021 9:00,3169,2794,3045,4267,4329,4239,1098,1535,1194
20/2/2021 9:30,3326,2945,3255,4423,4494,4419,1097,1549,1164
20/2/2021 10:00,3461,3092,3462,4567,4616,4541,1106,1524,1079
20/2/2021 10:30,3573,3420,3550,4676,4731,4660,1103,1311,1110
20/2/2021 11:00,3659,3567,3594,4754,4811,4732,1095,1244,1138
20/2/2021 11:30,3717,3718,3675,4835,4892,4794,1118,1174,1119
20/2/2021 12:00,3780,3813,3807,4918,4960,4894,1138,1147,1087
20/2/2021 12:30,3846,3899,3802,4959,4990,4948,1113,1091,1146
20/2/2021 13:00,3866,3908,3915,4951,4965,4979,1085,1057,1064
20/2/2021 13:30,3839,3760,3917,4898,4925,4936,1059,1165,1019
20/2/2021 14:00,3802,3737,3891,4815,4872,4859,1013,1135,968
20/2/2021 14:30,3755,3743,3842,4758,4830,4798,1003,1087,956
20/2/2021 15:00,3738,3715,3769,4740,4805,4748,1002,1090,979
20/2/2021 15:30,3751,3698,3783,4760,4812,4738,1009,1114,955
20/2/2021 16:00,3722,3659,3798,4819,4848,4764,1097,1189,966
20/2/2021 16:30,3649,3678,3866,4926,4893,4858,1277,1215,992
20/2/2021 17:00,3580,3628,3732,5083,4974,5015,1503,1346,1283
20/2/2021 17:30,3514,3532,3722,5294,5173,5213,1780,1641,1491
20/2/2021 18:00,3482,3529,3736,5506,5446,5420,2024,1917,1684
20/2/2021 18:30,3485,3610,3715,5507,5489,5486,2022,1879,1771
20/2/2021 19:00,3502,3677,3719,5293,5288,5351,1791,1611,1632
20/2/2021 19:30,3532,3794,3735,5076,5076,5168,1544,1282,1433
20/2/2021 20:00,3569,3842,3730,4902,4914,4986,1333,1072,1256
20/2/2021 20:30,3613,3886,3694,4750,4772,4813,1137,886,1119
20/2/2021 21:00,3627,3886,3745,4608,4646,4658,981,760,913
20/2/2021 21:30,3609,3838,3698,4453,4490,4500,844,652,802
20/2/2021 22:00,3577,3801,3594,4288,4325,4339,711,524,745
20/2/2021 22:30,3531,3766,3379,4159,4185,4162,628,419,783
20/2/2021 23:00,3610,3686,3264,4083,4081,4098,473,395,834
20/2/2021 23:30,3520,3536,3205,3972,3970,4016,452,434,811
21/2/2021 0:00,3432,3436,3225,3848,3841,3892,416,405,667
21/2/2021 0:30,3347,3287,3314,3718,3710,3763,371,423,449
21/2/2021 1:00,3265,3194,3259,3588,3580,3659,323,386,400
21/2/2021 1:30,3187,2844,3089,3478,3473,3550,291,629,461
21/2/2021 2:00,3119,2784,2946,3392,3384,3449,273,600,503
21/2/2021 2:30,3060,2755,2836,3318,3309,3360,258,554,524
21/2/2021 3:00,3013,2706,2756,3256,3243,3307,243,537,551
21/2/2021 3:30,2980,2671,2688,3222,3199,3287,242,528,599
21/2/2021 4:00,2939,2644,2635,3213,3190,3283,274,546,648
21/2/2021 4:30,2889,2779,2592,3207,3185,3268,318,406,676
21/2/2021 5:00,2894,2779,2723,3205,3186,3273,311,407,550
21/2/2021 5:30,2954,2751,2811,3231,3211,3292,277,460,481
21/2/2021 6:00,2994,2790,2718,3288,3270,3318,294,480,600
21/2/2021 6:30,3015,2787,2729,3364,3350,3369,349,563,640
21/2/2021 7:00,3017,2806,2657,3449,3443,3461,432,637,804
21/2/2021 7:30,3001,2792,2367,3526,3522,3490,525,730,1123
21/2/2021 8:00,2980,2787,2395,3602,3604,3552,622,817,1157
21/2/2021 8:30,2955,2798,2587,3726,3741,3683,771,943,1096
21/2/2021 9:00,2902,2752,2693,3898,3956,3876,996,1204,1183
21/2/2021 9:30,2822,2608,2692,4076,4136,4069,1254,1528,1377
21/2/2021 10:00,2868,2644,2764,4244,4279,4204,1376,1635,1440
21/2/2021 10:30,3043,2785,2930,4381,4370,4354,1338,1585,1424
21/2/2021 11:00,3118,2898,2962,4486,4439,4427,1368,1541,1465
21/2/2021 11:30,3094,2766,2805,4581,4520,4479,1487,1754,1674
21/2/2021 12:00,3050,2773,2779,4661,4608,4569,1611,1835,1790
21/2/2021 12:30,2985,2972,2766,4696,4668,4661,1711,1696,1895
21/2/2021 13:00,2910,2875,2683,4680,4677,4674,1770,1802,1991
21/2/2021 13:30,2825,2693,2735,4623,4629,4571,1798,1936,1836
21/2/2021 14:00,2735,2547,2646,4541,4532,4493,1806,1985,1847
21/2/2021 14:30,2640,2226,2422,4483,4465,4391,1843,2239,1969
21/2/2021 15:00,2526,2073,2314,4462,4441,4365,1936,2368,2051
21/2/2021 15:30,2395,1911,2158,4478,4461,4380,2083,2550,2222
21/2/2021 16:00,2256,1740,1937,4524,4520,4458,2268,2780,2521
21/2/2021 16:30,2111,1750,1730,4573,4595,4618,2462,2845,2888
21/2/2021 17:00,2027,1631,1566,4656,4713,4826,2629,3082,3260
21/2/2021 17:30,2003,1555,1395,4914,4961,5027,2911,3406,3632
21/2/2021 18:00,1997,1545,1338,5287,5287,5291,3290,3742,3953
21/2/2021 18:30,2011,1549,1320,5387,5375,5419,3376,3826,4099
21/2/2021 19:00,2035,1605,1424,5194,5202,5246,3159,3597,3822
21/2/2021 19:30,2070,1669,1396,5013,5032,5038,2943,3363,3642
21/2/2021 20:00,2101,1733,1360,4904,4920,4908,2803,3187,3548
21/2/2021 20:30,2126,1686,1382,4790,4791,4708,2664,3105,3326
21/2/2021 21:00,2140,1716,1433,4652,4636,4561,2512,2920,3128
21/2/2021 21:30,2145,1658,1490,4477,4441,4375,2332,2783,2885
21/2/2021 22:00,2144,1682,1478,4277,4241,4212,2133,2559,2734
21/2/2021 22:30,2137,1657,1531,4113,4083,4020,1976,2426,2489
21/2/2021 23:00,1800,1660,1553,3976,3973,3936,2176,2313,2383
21/2/2021 23:30,1783,1552,1599,3858,3857,3828,2075,2305,2229
22/2/2021 0:00,1769,1549,1636,3728,3727,3702,1959,2178,2066
22/2/2021 0:30,1757,1524,1645,3627,3631,3582,1870,2107,1937
22/2/2021 1:00,1744,1519,1691,3558,3558,3519,1814,2039,1828
22/2/2021 1:30,1728,1430,1707,3489,3493,3453,1761,2063,1746
22/2/2021 2:00,1728,1442,1787,3417,3418,3405,1689,1976,1618
22/2/2021 2:30,1742,1529,1731,3368,3372,3364,1626,1843,1633
22/2/2021 3:00,1748,1551,1715,3345,3344,3319,1597,1793,1604
22/2/2021 3:30,1746,1573,1673,3340,3321,3307,1594,1748,1634
22/2/2021 4:00,1749,1620,1779,3349,3332,3331,1600,1712,1552
22/2/2021 4:30,1757,1812,1750,3367,3357,3317,1610,1545,1567
22/2/2021 5:00,1779,1872,1728,3407,3400,3361,1628,1528,1633
22/2/2021 5:30,1815,1900,1887,3527,3524,3424,1712,1624,1537
22/2/2021 6:00,1856,1968,1970,3737,3731,3632,1881,1763,1662
22/2/2021 6:30,1902,2032,1987,4021,4017,3855,2119,1985,1868
22/2/2021 7:00,1946,2098,2016,4352,4345,4176,2406,2247,2160
22/2/2021 7:30,1987,2141,2024,4633,4624,4475,2646,2483,2451
22/2/2021 8:00,1992,2173,2096,4845,4838,4687,2853,2665,2591
22/2/2021 8:30,1961,2088,2110,5007,5013,4932,3046,2925,2822
22/2/2021 9:00,1885,2059,2085,5120,5167,5099,3235,3108,3014
22/2/2021 9:30,1763,2043,1952,5173,5231,5146,3410,3188,3194
22/2/2021 10:00,1750,2043,2115,5176,5222,5128,3426,3179,3013
22/2/2021 10:30,1847,2109,2248,5170,5186,5108,3323,3077,2860
22/2/2021 11:00,2005,2274,2420,5169,5170,5100,3164,2896,2680
22/2/2021 11:30,2225,2468,2756,5181,5183,5081,2956,2715,2325
22/2/2021 12:00,2405,2664,3078,5202,5204,5117,2797,2540,2039
22/2/2021 12:30,2545,2797,3247,5205,5194,5173,2660,2397,1926
22/2/2021 13:00,2667,2953,3379,5184,5138,5162,2517,2185,1783
22/2/2021 13:30,2773,3200,3265,5140,5083,5020,2367,1883,1755
22/2/2021 14:00,2872,3326,3327,5085,5035,4956,2213,1709,1629
22/2/2021 14:30,2966,3548,3406,5061,5015,4929,2095,1467,1523
22/2/2021 15:00,2991,3575,3529,5075,5029,4975,2084,1454,1446
22/2/2021 15:30,2948,3585,3465,5124,5099,5021,2176,1514,1556
22/2/2021 16:00,2967,3614,3415,5209,5229,5117,2242,1615,1702
22/2/2021 16:30,3048,3741,3293,5344,5402,5284,2296,1661,1991
22/2/2021 17:00,3160,3818,3418,5534,5617,5525,2374,1799,2107
22/2/2021 17:30,3303,3772,3661,5782,5860,5783,2479,2088,2122
22/2/2021 18:00,3456,3881,3787,6034,6071,5983,2578,2190,2196
22/2/2021 18:30,3622,3995,3819,6060,6074,5925,2438,2079,2106
22/2/2021 19:00,3753,4045,3959,5860,5854,5775,2107,1809,1816
22/2/2021 19:30,3850,3880,3985,5661,5629,5596,1811,1749,1611
22/2/2021 20:00,3903,3889,4044,5504,5445,5397,1601,1556,1353
22/2/2021 20:30,3912,3904,4145,5339,5260,5216,1427,1356,1071
22/2/2021 21:00,3906,3885,4070,5151,5066,5028,1245,1181,958
22/2/2021 21:30,3884,3847,3785,4928,4843,4755,1044,996,970
22/2/2021 22:00,3857,3799,3744,4684,4620,4554,827,821,810
22/2/2021 22:30,3823,3796,3595,4481,4423,4335,658,627,740
22/2/2021 23:00,3728,3727,3500,4282,4271,4229,554,544,729
22/2/2021 23:30,3635,3719,3403,4108,4101,4087,473,382,684
23/2/2021 0:00,3550,3635,3305,3915,3909,3925,365,274,620
23/2/2021 0:30,3473,3412,3273,3770,3770,3794,297,358,521
23/2/2021 1:00,3403,3338,3331,3682,3678,3709,279,340,378
23/2/2021 1:30,3339,3211,3285,3611,3610,3644,272,399,359
23/2/2021 2:00,3279,3163,3246,3551,3547,3564,272,384,318
23/2/2021 2:30,3221,3110,3197,3504,3501,3489,283,391,292
23/2/2021 3:00,3178,3080,3154,3472,3464,3469,294,384,315
23/2/2021 3:30,3150,3010,3182,3462,3453,3465,312,443,283
23/2/2021 4:00,3135,3012,3183,3471,3462,3461,336,450,278
23/2/2021 4:30,3132,3095,3182,3485,3479,3447,353,384,265
23/2/2021 5:00,3124,3137,3218,3516,3514,3495,392,377,277
23/2/2021 5:30,3111,3261,3249,3624,3629,3536,513,368,287
23/2/2021 6:00,3128,3332,3308,3819,3829,3753,691,497,445
23/2/2021 6:30,3177,3381,3400,4085,4092,3967,908,711,567
23/2/2021 7:00,3235,3442,3531,4395,4390,4287,1160,948,756
23/2/2021 7:30,3302,3548,3740,4661,4630,4626,1359,1082,886
23/2/2021 8:00,3359,3581,3757,4868,4863,4830,1509,1282,1073
23/2/2021 8:30,3408,3517,3552,5044,5054,5062,1636,1537,1510
23/2/2021 9:00,3441,3524,3487,5191,5217,5200,1750,1693,1713
23/2/2021 9:30,3461,3488,3588,5283,5298,5282,1822,1810,1694
23/2/2021 10:00,3463,3504,3647,5326,5310,5292,1863,1806,1645
23/2/2021 10:30,3450,3747,3562,5361,5311,5330,1911,1564,1768
23/2/2021 11:00,3465,3764,3546,5397,5334,5347,1932,1570,1801
23/2/2021 11:30,3509,3777,3692,5437,5376,5402,1928,1599,1710
23/2/2021 12:00,3568,3767,3630,5471,5419,5451,1903,1652,1821
23/2/2021 12:30,3640,3615,3514,5462,5414,5526,1822,1799,2012
23/2/2021 13:00,3699,3639,3434,5408,5356,5541,1709,1717,2107
23/2/2021 13:30,3745,3817,3445,5352,5299,5446,1607,1482,2001
23/2/2021 14:00,3779,3827,3374,5307,5252,5383,1528,1425,2009
23/2/2021 14:30,3802,3690,3414,5288,5232,5348,1486,1542,1934
23/2/2021 15:00,3840,3735,3455,5302,5241,5318,1462,1506,1863
23/2/2021 15:30,3896,3860,3525,5357,5282,5342,1461,1422,1817
23/2/2021 16:00,3923,3895,3645,5460,5366,5395,1537,1471,1750
23/2/2021 16:30,3924,3820,3709,5632,5528,5567,1708,1708,1858
23/2/2021 17:00,3921,3875,3744,5848,5757,5762,1927,1882,2018
23/2/2021 17:30,3915,3949,3911,6003,5923,5951,2088,1974,2040
23/2/2021 18:00,3904,3983,3954,6059,5992,5973,2155,2009,2019
23/2/2021 18:30,3888,3957,3946,5983,5925,5917,2095,1968,1971
23/2/2021 19:00,3876,3954,3942,5792,5730,5750,1916,1776,1808
23/2/2021 19:30,3869,3890,3845,5590,5531,5515,1721,1641,1670
23/2/2021 20:00,3859,3873,3873,5403,5356,5311,1544,1483,1438
23/2/2021 20:30,3847,3870,3819,5218,5170,5125,1371,1300,1306
23/2/2021 21:00,3825,3831,3850,5027,4967,4960,1202,1136,1110
23/2/2021 21:30,3793,3787,3514,4813,4741,4691,1020,954,1177
23/2/2021 22:00,3740,3732,3502,4583,4516,4476,843,784,974
23/2/2021 22:30,3665,3620,3379,4397,4312,4257,732,692,878
23/2/2021 23:00,3720,3556,3315,4186,4171,4144,466,615,829
23/2/2021 23:30,3645,3512,3334,4014,4004,4022,369,492,688
24/2/2021 0:00,3571,3451,3244,3817,3810,3869,246,359,625
24/2/2021 0:30,3500,3438,3219,3670,3668,3763,170,230,544
24/2/2021 1:00,3435,3379,3189,3579,3575,3670,144,196,481
24/2/2021 1:30,3378,3090,3115,3497,3495,3587,119,405,472
24/2/2021 2:00,3322,3064,3123,3416,3414,3525,94,350,402
24/2/2021 2:30,3270,3036,3032,3363,3359,3450,93,323,418
24/2/2021 3:00,3230,3021,2913,3338,3330,3372,108,309,459
24/2/2021 3:30,3203,3072,2778,3323,3314,3321,120,242,543
24/2/2021 4:00,3186,3071,2781,3314,3304,3324,128,233,543
24/2/2021 4:30,3178,3086,2712,3317,3306,3325,139,220,613
24/2/2021 5:00,3179,3119,2785,3345,3332,3395,166,213,610
24/2/2021 5:30,3188,3183,2940,3452,3435,3482,264,252,542
24/2/2021 6:00,3199,3234,3021,3648,3629,3662,449,395,641
24/2/2021 6:30,3211,3196,3233,3926,3907,3904,715,711,671
24/2/2021 7:00,3184,3213,3213,4256,4239,4217,1072,1026,1004
24/2/2021 7:30,3116,3078,3196,4520,4512,4484,1404,1434,1288
24/2/2021 8:00,3003,3043,3162,4703,4711,4667,1700,1668,1505
24/2/2021 8:30,2844,2950,3061,4854,4865,4894,2010,1915,1833
24/2/2021 9:00,2683,2861,2904,4979,4998,5044,2296,2137,2140
24/2/2021 9:30,2521,2838,2815,5051,5069,5087,2530,2231,2272
24/2/2021 10:00,2373,2732,2714,5074,5092,5088,2701,2360,2374
24/2/2021 10:30,2240,2668,2615,5095,5073,5101,2855,2405,2486
24/2/2021 11:00,2127,2534,2567,5126,5080,5175,2999,2546,2608
24/2/2021 11:30,2035,2309,2418,5176,5129,5161,3141,2820,2743
24/2/2021 12:00,1937,2166,2325,5230,5205,5212,3293,3039,2887
24/2/2021 12:30,1832,2050,2138,5234,5237,5276,3402,3187,3138
24/2/2021 13:00,1732,1953,2049,5185,5207,5277,3453,3254,3228
24/2/2021 13:30,1635,1856,2020,5127,5150,5179,3492,3294,3159
24/2/2021 14:00,1554,1784,1927,5076,5072,5130,3522,3288,3203
24/2/2021 14:30,1487,1821,1805,5047,5033,5087,3560,3212,3282
24/2/2021 15:00,1446,1807,1769,5046,5037,5107,3600,3230,3338
24/2/2021 15:30,1432,1777,1687,5078,5083,5154,3646,3306,3467
24/2/2021 16:00,1411,1756,1583,5153,5176,5234,3742,3420,3651
24/2/2021 16:30,1385,1694,1496,5300,5318,5395,3915,3624,3899
24/2/2021 17:00,1369,1660,1471,5510,5511,5598,4141,3851,4127
24/2/2021 17:30,1362,1758,1459,5721,5703,5771,4359,3945,4312
24/2/2021 18:00,1385,1791,1537,5885,5853,5869,4500,4062,4332
24/2/2021 18:30,1437,1709,1700,5866,5827,5864,4429,4118,4164
24/2/2021 19:00,1500,1820,1907,5675,5624,5737,4175,3804,3830
24/2/2021 19:30,1572,1916,2053,5483,5415,5556,3911,3499,3503
24/2/2021 20:00,1626,2015,2175,5322,5255,5363,3696,3240,3188
24/2/2021 20:30,1661,2084,2285,5149,5084,5170,3488,3000,2885
24/2/2021 21:00,1688,2160,2296,4953,4907,5002,3265,2747,2706
24/2/2021 21:30,1706,2193,2313,4737,4696,4772,3031,2503,2459
24/2/2021 22:00,1718,2231,2354,4513,4486,4581,2795,2255,2227
24/2/2021 22:30,1724,2385,2187,4333,4297,4350,2609,1912,2163
24/2/2021 23:00,2122,2393,1975,4150,4150,4228,2028,1757,2253
24/2/2021 23:30,2123,2389,2033,3995,3996,4077,1872,1607,2044
25/2/2021 0:00,2114,2399,2032,3837,3838,3922,1723,1439,1890
25/2/2021 0:30,2094,2422,2139,3711,3714,3796,1617,1292,1657
25/2/2021 1:00,2068,2397,2202,3622,3624,3730,1554,1227,1528
25/2/2021 1:30,2036,2281,2095,3553,3559,3665,1517,1278,1570
25/2/2021 2:00,1994,2189,1884,3495,3497,3578,1501,1308,1694
25/2/2021 2:30,1942,1855,1767,3436,3438,3503,1494,1583,1736
25/2/2021 3:00,1894,1779,1713,3379,3378,3477,1485,1599,1764
25/2/2021 3:30,1852,1790,1662,3351,3348,3464,1499,1558,1802
25/2/2021 4:00,1798,1727,1662,3355,3351,3460,1557,1624,1798
25/2/2021 4:30,1733,1677,1536,3385,3378,3460,1652,1701,1924
25/2/2021 5:00,1681,1643,1581,3446,3440,3517,1765,1797,1936
25/2/2021 5:30,1642,1536,1733,3570,3566,3596,1928,2030,1863
25/2/2021 6:00,1602,1531,1614,3767,3766,3780,2165,2235,2166
25/2/2021 6:30,1561,1533,1590,4043,4040,4001,2482,2507,2411
25/2/2021 7:00,1532,1497,1593,4371,4361,4298,2839,2864,2705
25/2/2021 7:30,1515,1395,1448,4648,4653,4576,3133,3258,3128
25/2/2021 8:00,1456,1320,1387,4852,4893,4780,3396,3573,3393
25/2/2021 8:30,1355,1221,1239,4998,5055,4998,3643,3834,3759
25/2/2021 9:00,1272,1170,1123,5093,5159,5096,3821,3989,3973
25/2/2021 9:30,1207,1182,1125,5137,5193,5144,3930,4011,4019
25/2/2021 10:00,1251,1253,1152,5137,5179,5115,3886,3926,3963
25/2/2021 10:30,1404,1481,1276,5126,5163,5095,3722,3682,3819
25/2/2021 11:00,1514,1603,1404,5119,5162,5066,3605,3559,3662
25/2/2021 11:30,1580,1592,1508,5152,5182,5046,3572,3590,3538
25/2/2021 12:00,1637,1630,1597,5215,5206,5070,3578,3576,3473
25/2/2021 12:30,1685,1577,1687,5236,5208,5132,3551,3631,3445
25/2/2021 13:00,1695,1623,1822,5202,5167,5157,3507,3544,3335
25/2/2021 13:30,1668,1679,1667,5133,5110,5037,3465,3431,3370
25/2/2021 14:00,1618,1650,1528,5048,5037,4957,3430,3387,3429
25/2/2021 14:30,1544,1493,1433,5003,5012,4905,3459,3519,3472
25/2/2021 15:00,1445,1381,1420,5011,5031,4898,3566,3650,3478
25/2/2021 15:30,1319,1169,1397,5066,5092,4912,3747,3923,3515
25/2/2021 16:00,1149,1005,1245,5166,5187,4983,4017,4182,3738
25/2/2021 16:30,935,917,1108,5306,5318,5115,4371,4401,4007
25/2/2021 17:00,796,790,926,5489,5487,5313,4693,4697,4387
25/2/2021 17:30,733,638,868,5727,5718,5523,4994,5080,4655
25/2/2021 18:00,711,634,850,5967,5956,5742,5256,5322,4892
25/2/2021 18:30,731,726,834,5984,5999,5892,5253,5273,5058
25/2/2021 19:00,752,768,841,5775,5822,5780,5023,5054,4939
25/2/2021 19:30,774,802,866,5566,5628,5588,4792,4826,4722
25/2/2021 20:00,805,850,829,5401,5464,5398,4596,4614,4569
25/2/2021 20:30,845,961,825,5232,5292,5202,4387,4331,4377
25/2/2021 21:00,889,1010,860,5046,5098,5023,4157,4088,4163
25/2/2021 21:30,939,999,878,4837,4876,4803,3898,3877,3925
25/2/2021 22:00,982,1059,889,4613,4645,4583,3631,3586,3694
25/2/2021 22:30,1018,1100,939,4422,4446,4357,3404,3346,3418
25/2/2021 23:00,1212,1156,1009,4300,4294,4264,3088,3138,3255
25/2/2021 23:30,1244,1198,1050,4146,4141,4134,2902,2943,3084
26/2/2021 0:00,1264,1230,1116,3989,3980,3982,2725,2750,2866
26/2/2021 0:30,1273,1182,1140,3861,3855,3851,2588,2673,2711
26/2/2021 1:00,1291,1190,1221,3766,3756,3761,2475,2566,2540
26/2/2021 1:30,1317,1202,1246,3685,3678,3671,2368,2476,2425
26/2/2021 2:00,1348,1232,1264,3613,3601,3594,2265,2369,2330
26/2/2021 2:30,1382,1160,1305,3556,3547,3545,2174,2387,2240
26/2/2021 3:00,1424,1212,1343,3516,3504,3502,2092,2292,2159
26/2/2021 3:30,1475,1242,1353,3495,3486,3481,2020,2244,2128
26/2/2021 4:00,1524,1307,1358,3495,3485,3490,1971,2178,2132
26/2/2021 4:30,1572,1437,1386,3512,3502,3500,1940,2065,2114
26/2/2021 5:00,1629,1514,1360,3552,3541,3530,1923,2027,2170
26/2/2021 5:30,1697,1615,1332,3650,3639,3596,1953,2024,2264
26/2/2021 6:00,1769,1706,1395,3817,3805,3794,2048,2099,2399
26/2/2021 6:30,1845,1829,1425,4063,4051,4005,2218,2222,2580
26/2/2021 7:00,1908,1893,1524,4367,4353,4278,2459,2460,2754
26/2/2021 7:30,1956,1893,1519,4636,4629,4574,2680,2736,3055
26/2/2021 8:00,1973,1911,1520,4849,4854,4765,2876,2943,3245
26/2/2021 8:30,1959,1793,1542,5011,5017,4974,3052,3224,3432
26/2/2021 9:00,1903,1777,1587,5123,5133,5126,3220,3356,3539
26/2/2021 9:30,1806,1654,1598,5170,5168,5145,3364,3514,3547
26/2/2021 10:00,1863,1756,1596,5163,5140,5103,3300,3384,3507
26/2/2021 10:30,2076,1987,1725,5162,5101,5082,3086,3114,3357
26/2/2021 11:00,2266,2190,2012,5177,5081,5088,2911,2891,3076
26/2/2021 11:30,2433,2276,2202,5194,5092,5039,2761,2816,2837
26/2/2021 12:00,2571,2411,2346,5207,5122,5060,2636,2711,2714
26/2/2021 12:30,2679,2504,2518,5199,5126,5118,2520,2622,2600
26/2/2021 13:00,2758,2567,2629,5163,5086,5101,2405,2519,2472
26/2/2021 13:30,2807,2568,2602,5093,5010,4950,2286,2442,2348
26/2/2021 14:00,2827,2575,2586,5003,4906,4869,2176,2331,2283
26/2/2021 14:30,2818,2496,2578,4958,4848,4829,2140,2352,2251
26/2/2021 15:00,2759,2462,2537,4969,4842,4808,2210,2380,2271
26/2/2021 15:30,2648,2464,2399,5014,4876,4788,2366,2412,2389
26/2/2021 16:00,2544,2377,2286,5090,4946,4820,2546,2569,2534
26/2/2021 16:30,2445,2261,2183,5200,5041,4946,2755,2780,2763
26/2/2021 17:00,2384,2171,1974,5350,5178,5152,2966,3007,3178
26/2/2021 17:30,2362,2122,1929,5551,5412,5343,3189,3290,3414
26/2/2021 18:00,2361,2095,1840,5760,5691,5524,3399,3596,3684
26/2/2021 18:30,2382,2045,1828,5784,5742,5705,3402,3697,3877
26/2/2021 19:00,2404,2068,1818,5617,5547,5613,3213,3479,3795
26/2/2021 19:30,2426,2062,1773,5435,5344,5387,3009,3282,3614
26/2/2021 20:00,2451,2102,1762,5272,5184,5173,2821,3082,3411
26/2/2021 20:30,2478,2033,1690,5100,5015,4995,2622,2982,3305
26/2/2021 21:00,2480,2083,1794,4909,4830,4834,2429,2747,3040
26/2/2021 21:30,2458,2092,1803,4700,4623,4635,2242,2531,2832
26/2/2021 22:00,2411,2101,1786,4486,4419,4453,2075,2318,2667
26/2/2021 22:30,2338,2051,1743,4320,4253,4275,1982,2202,2532
26/2/2021 23:00,2244,2006,1768,4141,4139,4191,1897,2133,2423
26/2/2021 23:30,2111,1872,1577,4014,4017,4071,1903,2145,2494
27/2/2021 0:00,1981,1807,1580,3873,3879,3909,1892,2072,2329
27/2/2021 0:30,1852,1617,1530,3736,3746,3767,1884,2129,2237
27/2/2021 1:00,1704,1549,1531,3610,3620,3658,1906,2071,2127
27/2/2021 1:30,1537,1424,1464,3506,3516,3575,1969,2092,2111
27/2/2021 2:00,1382,1339,1382,3424,3428,3503,2042,2089,2121
27/2/2021 2:30,1238,1170,1251,3357,3361,3422,2119,2191,2171
27/2/2021 3:00,1113,1097,1117,3307,3310,3359,2194,2213,2242
27/2/2021 3:30,1007,1026,1073,3286,3284,3330,2279,2258,2257
27/2/2021 4:00,911,966,1036,3289,3283,3327,2378,2317,2291
27/2/2021 4:30,828,961,944,3289,3282,3324,2461,2321,2380
27/2/2021 5:00,750,919,847,3291,3282,3331,2541,2363,2484
27/2/2021 5:30,678,928,848,3343,3333,3357,2665,2405,2509
27/2/2021 6:00,609,891,795,3447,3435,3448,2838,2544,2653
27/2/2021 6:30,542,831,737,3568,3556,3562,3026,2725,2825
27/2/2021 7:00,489,775,692,3696,3683,3686,3207,2908,2994
27/2/2021 7:30,448,662,643,3828,3818,3809,3380,3156,3166
27/2/2021 8:00,405,600,597,3963,3961,3924,3558,3361,3327
27/2/2021 8:30,359,503,526,4104,4106,4080,3745,3603,3554
27/2/2021 9:00,312,453,473,4245,4260,4275,3933,3807,3802
27/2/2021 9:30,265,356,376,4364,4375,4426,4099,4019,4050
27/2/2021 10:00,240,335,341,4452,4450,4531,4212,4115,4190
27/2/2021 10:30,239,325,326,4498,4533,4582,4259,4208,4256
27/2/2021 11:00,237,324,308,4512,4553,4623,4275,4229,4315
27/2/2021 11:30,236,319,296,4538,4587,4641,4302,4268,4345
27/2/2021 12:00,234,315,288,4575,4629,4683,4341,4314,4395
27/2/2021 12:30,232,294,289,4581,4639,4722,4349,4345,4433
27/2/2021 13:00,231,298,299,4546,4604,4721,4315,4306,4422
27/2/2021 13:30,230,281,297,4479,4545,4664,4249,4264,4367
27/2/2021 14:00,225,285,308,4395,4473,4599,4170,4188,4291
27/2/2021 14:30,217,221,296,4345,4429,4539,4128,4208,4243
27/2/2021 15:00,206,207,280,4343,4424,4532,4137,4217,4252
27/2/2021 15:30,192,153,242,4387,4462,4524,4195,4309,4282
27/2/2021 16:00,173,142,230,4470,4544,4586,4297,4402,4356
27/2/2021 16:30,149,201,181,4570,4642,4745,4421,4441,4564
27/2/2021 17:00,139,205,154,4704,4776,4924,4565,4571,4770
27/2/2021 17:30,144,175,145,4961,5008,5163,4817,4833,5018
27/2/2021 18:00,154,196,142,5287,5296,5338,5133,5100,5196
27/2/2021 18:30,169,211,133,5365,5372,5489,5196,5161,5356
27/2/2021 19:00,179,224,127,5179,5213,5423,5000,4989,5296
27/2/2021 19:30,182,225,123,4976,5024,5221,4794,4799,5098
27/2/2021 20:00,182,228,118,4810,4853,5005,4628,4625,4887
27/2/2021 20:30,178,117,111,4654,4708,4804,4476,4591,4693
27/2/2021 21:00,177,115,121,4501,4584,4633,4324,4469,4512
27/2/2021 21:30,179,86,104,4345,4431,4473,4166,4345,4369
27/2/2021 22:00,175,88,97,4189,4268,4306,4014,4180,4209
27/2/2021 22:30,163,101,92,4054,4133,4151,3891,4032,4059
27/2/2021 23:00,273,107,102,3983,4013,4097,3710,3906,3995
27/2/2021 23:30,254,79,92,3871,3896,4004,3617,3817,3912
28/2/2021 0:00,241,82,43,3761,3774,3865,3520,3692,3822
28/2/2021 0:30,232,102,85,3659,3668,3737,3427,3566,3652
28/2/2021 1:00,222,99,95,3564,3573,3626,3342,3474,3531
28/2/2021 1:30,211,61,99,3472,3483,3534,3261,3422,3435
28/2/2021 2:00,199,62,118,3388,3396,3449,3189,3334,3331
28/2/2021 2:30,185,52,117,3327,3335,3386,3142,3283,3269
28/2/2021 3:00,171,53,124,3291,3295,3340,3120,3242,3216
28/2/2021 3:30,157,46,135,3272,3268,3319,3115,3222,3184
28/2/2021 4:00,147,48,131,3265,3263,3307,3118,3215,3176
28/2/2021 4:30,142,40,152,3254,3254,3293,3112,3214,3141
28/2/2021 5:00,139,45,146,3242,3245,3296,3103,3200,3150
28/2/2021 5:30,137,108,135,3260,3263,3297,3123,3155,3162
28/2/2021 6:00,145,115,151,3310,3311,3379,3165,3196,3228
28/2/2021 6:30,163,84,165,3375,3374,3434,3212,3290,3269
28/2/2021 7:00,183,102,192,3450,3445,3499,3267,3343,3307
28/2/2021 7:30,205,137,223,3533,3526,3600,3328,3389,3377
28/2/2021 8:00,222,160,242,3631,3628,3686,3409,3468,3444
28/2/2021 8:30,234,217,237,3766,3780,3839,3532,3563,3602
28/2/2021 9:00,231,227,223,3937,3997,4036,3706,3770,3813
28/2/2021 9:30,214,228,202,4108,4185,4210,3894,3957,4008
28/2/2021 10:00,220,238,193,4262,4337,4357,4042,4099,4164
28/2/2021 10:30,249,301,207,4371,4404,4457,4122,4103,4250
28/2/2021 11:00,286,335,243,4440,4469,4540,4154,4134,4297
28/2/2021 11:30,330,340,277,4515,4540,4571,4185,4200,4294
28/2/2021 12:00,365,373,317,4595,4612,4632,4230,4239,4315
28/2/2021 12:30,392,347,378,4629,4657,4678,4237,4310,4300
28/2/2021 13:00,412,345,388,4608,4655,4663,4196,4310,4275
28/2/2021 13:30,423,340,364,4543,4602,4570,4120,4262,4206
28/2/2021 14:00,432,334,391,4450,4503,4467,4018,4169,4076
28/2/2021 14:30,438,323,405,4383,4431,4398,3945,4108,3993
28/2/2021 15:00,444,315,403,4355,4396,4374,3911,4081,3971
28/2/2021 15:30,450,267,387,4370,4409,4386,3920,4142,3999
28/2/2021 16:00,449,265,360,4426,4472,4479,3977,4207,4119
28/2/2021 16:30,440,269,314,4518,4582,4606,4078,4313,4292
28/2/2021 17:00,464,301,269,4656,4746,4807,4192,4445,4538
28/2/2021 17:30,518,368,296,4888,4977,5008,4370,4609,4712
28/2/2021 18:00,594,467,351,5169,5228,5181,4575,4761,4830
28/2/2021 18:30,692,579,437,5270,5309,5438,4578,4730,5001
28/2/2021 19:00,778,693,526,5172,5192,5373,4394,4499,4847
28/2/2021 19:30,852,796,618,5032,5045,5203,4180,4249,4585
28/2/2021 20:00,912,891,764,4892,4913,5007,3980,4022,4243
28/2/2021 20:30,959,857,857,4760,4772,4820,3801,3915,3963
28/2/2021 21:00,1005,954,948,4630,4617,4642,3625,3663,3694
28/2/2021 21:30,1051,1043,1006,4459,4428,4439,3408,3385,3433
28/2/2021 22:00,1092,1123,1026,4254,4235,4260,3162,3112,3234
28/2/2021 22:30,1128,1189,1053,4089,4092,4054,2961,2903,3001
28/2/2021 23:00,1210,1216,1055,3987,3997,3961,2777,2781,2906
28/2/2021 23:30,1192,1230,1014,3869,3878,3854,2677,2648,2840
1/3/2021 0:00,1181,1230,990,3725,3731,3731,2544,2501,2741
1/3/2021 0:30,1178,1164,978,3610,3623,3616,2432,2459,2638
1/3/2021 1:00,1185,1160,994,3532,3550,3534,2347,2390,2540
1/3/2021 1:30,1203,1118,1033,3461,3486,3471,2258,2368,2438
1/3/2021 2:00,1218,1135,1028,3396,3414,3411,2178,2279,2383
1/3/2021 2:30,1231,1084,1041,3345,3363,3365,2114,2279,2324
1/3/2021 3:00,1236,1114,1133,3312,3325,3343,2076,2211,2210
1/3/2021 3:30,1232,1135,1199,3297,3312,3336,2065,2177,2137
1/3/2021 4:00,1231,1158,1296,3299,3316,3348,2068,2158,2052
1/3/2021 4:30,1232,1143,1329,3313,3333,3349,2081,2190,2020
1/3/2021 5:00,1237,1154,1430,3353,3369,3414,2116,2215,1984
1/3/2021 5:30,1247,1178,1444,3478,3495,3479,2231,2317,2035
1/3/2021 6:00,1249,1189,1423,3700,3715,3683,2451,2526,2260
1/3/2021 6:30,1244,1235,1396,3997,4011,3930,2753,2776,2534
1/3/2021 7:00,1235,1236,1338,4340,4347,4247,3105,3111,2909
1/3/2021 7:30,1220,1366,1268,4628,4641,4635,3408,3275,3367
1/3/2021 8:00,1202,1308,1237,4842,4871,4857,3640,3563,3620
1/3/2021 8:30,1183,1207,1242,5011,5054,5066,3828,3847,3824
1/3/2021 9:00,1153,1106,1165,5138,5203,5204,3985,4097,4039
1/3/2021 9:30,1113,989,1081,5208,5269,5278,4095,4280,4197
1/3/2021 10:00,1075,932,1092,5226,5264,5286,4151,4332,4194
1/3/2021 10:30,1040,853,1114,5227,5228,5289,4187,4375,4175
1/3/2021 11:00,1016,845,1123,5226,5216,5286,4210,4371,4163
1/3/2021 11:30,1006,947,1137,5236,5221,5266,4230,4274,4129
1/3/2021 12:00,997,942,1168,5253,5227,5281,4256,4285,4113
1/3/2021 12:30,990,905,1131,5252,5207,5324,4262,4302,4193
1/3/2021 13:00,977,905,1098,5225,5150,5285,4248,4245,4187
1/3/2021 13:30,958,953,1066,5166,5081,5124,4208,4128,4058
1/3/2021 14:00,945,945,1038,5087,5011,5055,4142,4066,4017
1/3/2021 14:30,937,1006,1031,5044,4978,4996,4107,3972,3965
1/3/2021 15:00,934,993,1049,5050,4995,4991,4116,4002,3942
1/3/2021 15:30,936,1037,1053,5097,5059,5006,4161,4022,3953
1/3/2021 16:00,932,1021,1028,5186,5175,5080,4254,4154,4052
1/3/2021 16:30,922,940,933,5329,5319,5213,4407,4379,4280
1/3/2021 17:00,938,946,882,5521,5499,5431,4583,4553,4549
1/3/2021 17:30,981,978,852,5731,5714,5629,4750,4736,4777
1/3/2021 18:00,1026,1027,862,5917,5924,5718,4891,4897,4856
1/3/2021 18:30,1073,1108,932,5950,5971,5865,4877,4863,4933
1/3/2021 19:00,1096,1144,986,5824,5832,5777,4728,4688,4791
1/3/2021 19:30,1092,1140,1026,5657,5654,5596,4565,4514,4570
1/3/2021 20:00,1078,1136,1017,5479,5471,5401,4401,4335,4384
1/3/2021 20:30,1052,1043,1020,5296,5280,5200,4244,4237,4180
1/3/2021 21:00,1023,1028,994,5106,5076,5011,4083,4048,4017
1/3/2021 21:30,990,935,924,4885,4847,4779,3895,3912,3855
1/3/2021 22:00,945,911,874,4642,4612,4565,3697,3701,3691
1/3/2021 22:30,888,849,826,4444,4412,4343,3556,3563,3517
1/3/2021 23:00,877,802,766,4258,4255,4214,3381,3453,3448
1/3/2021 23:30,825,735,675,4087,4084,4082,3262,3349,3407
2/3/2021 0:00,777,679,607,3903,3898,3941,3126,3219,3334
2/3/2021 0:30,732,621,574,3764,3762,3826,3032,3141,3252
2/3/2021 1:00,696,583,510,3674,3671,3744,2978,3088,3234
2/3/2021 1:30,669,570,472,3600,3601,3680,2931,3031,3208
2/3/2021 2:00,645,554,474,3536,3534,3632,2891,2980,3158
2/3/2021 2:30,624,510,495,3490,3489,3587,2866,2979,3092
2/3/2021 3:00,612,529,480,3465,3462,3551,2853,2933,3071
2/3/2021 3:30,609,570,473,3459,3454,3529,2850,2884,3056
2/3/2021 4:00,612,603,478,3470,3464,3533,2858,2861,3055
2/3/2021 4:30,622,569,487,3492,3486,3520,2870,2917,3033
2/3/2021 5:00,632,591,535,3536,3530,3572,2904,2939,3037
2/3/2021 5:30,643,616,556,3654,3650,3652,3011,3034,3096
2/3/2021 6:00,668,623,541,3858,3856,3848,3190,3233,3307
2/3/2021 6:30,708,581,543,4144,4140,4091,3436,3559,3548
2/3/2021 7:00,731,600,542,4485,4474,4405,3754,3874,3863
2/3/2021 7:30,736,573,587,4776,4774,4775,4040,4201,4188
2/3/2021 8:00,709,559,607,4992,5017,5002,4283,4458,4395
2/3/2021 8:30,650,497,578,5148,5186,5182,4498,4689,4604
2/3/2021 9:00,592,441,617,5251,5300,5329,4659,4859,4712
2/3/2021 9:30,536,347,572,5305,5356,5399,4769,5009,4827
2/3/2021 10:00,498,315,513,5318,5367,5402,4820,5052,4889
2/3/2021 10:30,480,256,493,5315,5334,5425,4835,5078,4932
2/3/2021 11:00,462,263,473,5306,5307,5436,4844,5044,4963
2/3/2021 11:30,443,301,464,5309,5318,5428,4866,5017,4964
2/3/2021 12:00,422,303,454,5320,5347,5460,4898,5044,5006
2/3/2021 12:30,401,431,408,5300,5329,5519,4899,4898,5111
2/3/2021 13:00,377,402,362,5244,5247,5488,4867,4845,5126
2/3/2021 13:30,350,339,348,5172,5160,5351,4822,4821,5003
2/3/2021 14:00,326,310,341,5100,5081,5283,4774,4771,4942
2/3/2021 14:30,305,290,318,5064,5038,5245,4759,4748,4927
2/3/2021 15:00,293,270,320,5076,5041,5235,4783,4771,4915
2/3/2021 15:30,291,240,303,5136,5078,5252,4845,4838,4949
2/3/2021 16:00,292,238,281,5242,5158,5316,4950,4920,5035
2/3/2021 16:30,297,199,286,5385,5285,5478,5088,5086,5192
2/3/2021 17:00,327,234,269,5560,5470,5665,5233,5236,5396
2/3/2021 17:30,382,311,290,5758,5660,5845,5376,5349,5555
2/3/2021 18:00,445,381,344,5946,5833,5943,5501,5452,5599
2/3/2021 18:30,516,483,414,5992,5883,6038,5476,5400,5624
2/3/2021 19:00,555,531,452,5888,5801,5956,5333,5270,5504
2/3/2021 19:30,564,563,455,5729,5649,5757,5165,5086,5302
2/3/2021 20:00,563,566,429,5545,5470,5552,4982,4904,5123
2/3/2021 20:30,554,526,396,5352,5284,5363,4798,4758,4967
2/3/2021 21:00,546,525,372,5151,5103,5171,4605,4578,4799
2/3/2021 21:30,540,491,359,4924,4883,4943,4384,4392,4584
2/3/2021 22:00,523,481,334,4682,4654,4694,4159,4173,4360
2/3/2021 22:30,494,431,324,4486,4458,4456,3992,4027,4132
2/3/2021 23:00,562,413,310,4304,4308,4317,3742,3895,4007
2/3/2021 23:30,520,352,302,4144,4146,4174,3624,3794,3872
3/3/2021 0:00,486,342,254,3977,3976,4025,3491,3634,3771
3/3/2021 0:30,460,290,232,3851,3849,3898,3391,3559,3666
3/3/2021 1:00,434,283,245,3772,3768,3811,3338,3485,3566
3/3/2021 1:30,408,227,265,3708,3706,3731,3300,3479,3466
3/3/2021 2:00,377,208,260,3652,3646,3667,3275,3438,3407
3/3/2021 2:30,341,152,260,3603,3601,3621,3262,3449,3361
3/3/2021 3:00,319,146,276,3566,3561,3580,3247,3415,3304
3/3/2021 3:30,313,122,268,3546,3543,3559,3233,3421,3291
3/3/2021 4:00,315,123,260,3545,3540,3564,3230,3417,3304
3/3/2021 4:30,325,108,279,3557,3554,3560,3232,3446,3281
3/3/2021 5:00,343,124,281,3594,3589,3605,3251,3465,3324
3/3/2021 5:30,370,181,254,3702,3698,3667,3332,3517,3413
3/3/2021 6:00,381,199,253,3893,3890,3867,3512,3691,3614
3/3/2021 6:30,378,235,293,4175,4170,4101,3797,3935,3808
3/3/2021 7:00,374,252,320,4520,4511,4434,4146,4259,4114
3/3/2021 7:30,368,325,313,4813,4813,4816,4445,4488,4503
3/3/2021 8:00,346,327,297,5028,5052,5030,4682,4725,4733
3/3/2021 8:30,307,253,309,5186,5227,5220,4879,4974,4911
3/3/2021 9:00,266,241,286,5293,5354,5365,5027,5113,5079
3/3/2021 9:30,225,177,287,5355,5417,5439,5130,5240,5152
3/3/2021 10:00,193,158,285,5379,5427,5458,5186,5269,5173
3/3/2021 10:30,173,196,244,5387,5409,5476,5214,5213,5232
3/3/2021 11:00,152,168,206,5390,5408,5517,5238,5240,5311
3/3/2021 11:30,131,88,194,5416,5433,5521,5285,5345,5327
3/3/2021 12:00,116,70,183,5454,5468,5574,5338,5398,5391
3/3/2021 12:30,109,139,161,5440,5478,5641,5331,5339,5480
3/3/2021 13:00,103,122,144,5369,5444,5647,5266,5322,5503
3/3/2021 13:30,99,104,128,5290,5387,5528,5191,5283,5400
3/3/2021 14:00,100,102,152,5219,5312,5474,5119,5210,5322
3/3/2021 14:30,108,116,154,5183,5272,5435,5075,5156,5281
3/3/2021 15:00,117,122,173,5185,5273,5438,5068,5151,5265
3/3/2021 15:30,127,148,183,5219,5314,5452,5092,5166,5269
3/3/2021 16:00,136,153,186,5291,5400,5515,5155,5247,5329
3/3/2021 16:30,144,120,155,5419,5534,5663,5275,5414,5508
3/3/2021 17:00,163,136,155,5593,5711,5831,5430,5575,5676
3/3/2021 17:30,193,196,170,5760,5873,5997,5567,5677,5827
3/3/2021 18:00,225,215,166,5890,5994,6085,5665,5779,5919
3/3/2021 18:30,261,219,171,5923,6017,6101,5662,5798,5930
3/3/2021 19:00,283,225,185,5854,5927,5975,5571,5702,5790
3/3/2021 19:30,292,212,184,5715,5768,5776,5423,5556,5592
3/3/2021 20:00,294,204,165,5529,5573,5577,5235,5369,5412
3/3/2021 20:30,289,205,126,5344,5377,5386,5055,5172,5260
3/3/2021 21:00,285,201,166,5162,5191,5193,4877,4990,5027
3/3/2021 21:30,281,153,162,4948,4953,4977,4667,4800,4815
3/3/2021 22:00,273,148,130,4709,4697,4744,4436,4549,4614
3/3/2021 22:30,261,161,106,4511,4491,4517,4250,4330,4411
3/3/2021 23:00,167,156,92,4352,4353,4394,4185,4197,4302
3/3/2021 23:30,165,108,114,4194,4196,4254,4029,4088,4140
4/3/2021 0:00,165,116,116,4019,4022,4078,3854,3906,3962
4/3/2021 0:30,168,106,118,3885,3891,3951,3717,3785,3833
4/3/2021 1:00,169,119,106,3798,3802,3844,3629,3683,3738
4/3/2021 1:30,169,85,102,3727,3734,3769,3558,3649,3667
4/3/2021 2:00,175,95,96,3665,3668,3708,3490,3573,3612
4/3/2021 2:30,187,92,111,3615,3621,3648,3428,3529,3537
4/3/2021 3:00,199,104,130,3579,3583,3610,3380,3479,3480
4/3/2021 3:30,211,114,146,3561,3568,3587,3350,3454,3441
4/3/2021 4:00,220,122,153,3560,3566,3586,3340,3444,3433
4/3/2021 4:30,225,154,168,3571,3576,3583,3346,3422,3415
4/3/2021 5:00,225,156,169,3603,3607,3622,3378,3451,3453
4/3/2021 5:30,220,116,176,3710,3714,3686,3490,3598,3510
4/3/2021 6:00,225,134,162,3904,3909,3880,3679,3775,3718
4/3/2021 6:30,239,165,168,4190,4196,4129,3951,4031,3961
4/3/2021 7:00,253,190,172,4538,4536,4463,4285,4346,4291
4/3/2021 7:30,265,251,182,4830,4831,4832,4565,4580,4650
4/3/2021 8:00,274,266,196,5041,5060,5041,4767,4794,4845
4/3/2021 8:30,281,266,209,5203,5245,5233,4922,4979,5024
4/3/2021 9:00,306,293,256,5321,5399,5382,5015,5106,5126
4/3/2021 9:30,348,280,286,5388,5471,5465,5040,5191,5179
4/3/2021 10:00,390,322,335,5411,5470,5470,5021,5148,5135
4/3/2021 10:30,432,369,351,5428,5478,5482,4996,5109,5131
4/3/2021 11:00,466,407,345,5450,5488,5493,4984,5081,5148
4/3/2021 11:30,491,393,340,5484,5525,5490,4993,5132,5150
4/3/2021 12:00,508,421,347,5523,5566,5545,5015,5145,5198
4/3/2021 12:30,517,448,364,5530,5576,5589,5013,5128,5225
4/3/2021 13:00,530,460,373,5498,5536,5573,4968,5076,5200
4/3/2021 13:30,545,474,406,5438,5479,5457,4893,5005,5051
4/3/2021 14:00,555,493,425,5363,5408,5388,4808,4915,4963
4/3/2021 14:30,562,450,432,5319,5368,5362,4757,4918,4930
4/3/2021 15:00,575,482,469,5315,5361,5372,4740,4879,4903
4/3/2021 15:30,595,502,464,5352,5394,5399,4757,4892,4935
4/3/2021 16:00,607,513,466,5432,5472,5455,4825,4959,4989
4/3/2021 16:30,612,519,464,5560,5609,5612,4948,5090,5148
4/3/2021 17:00,606,499,466,5726,5794,5773,5120,5295,5307
4/3/2021 17:30,588,481,457,5881,5940,5942,5293,5459,5485
4/3/2021 18:00,593,480,473,5995,6023,6004,5402,5543,5531
4/3/2021 18:30,620,458,528,6007,6020,6075,5387,5562,5547
4/3/2021 19:00,651,490,594,5913,5920,5963,5262,5430,5369
4/3/2021 19:30,684,486,572,5757,5757,5784,5073,5271,5212
4/3/2021 20:00,720,520,524,5562,5559,5581,4842,5039,5057
4/3/2021 20:30,759,563,530,5369,5363,5373,4610,4800,4843
4/3/2021 21:00,801,581,564,5180,5176,5167,4379,4595,4603
4/3/2021 21:30,846,580,592,4949,4949,4939,4103,4369,4347
4/3/2021 22:00,882,592,593,4687,4711,4721,3805,4119,4128
4/3/2021 22:30,909,649,567,4482,4522,4504,3573,3873,3937
4/3/2021 23:00,707,670,542,4380,4384,4392,3673,3714,3850
4/3/2021 23:30,735,615,574,4240,4242,4253,3505,3627,3679
5/3/2021 0:00,753,638,595,4091,4091,4074,3338,3453,3479
5/3/2021 0:30,759,620,601,3961,3964,3930,3202,3344,3329
5/3/2021 1:00,758,617,586,3857,3857,3833,3099,3240,3247
5/3/2021 1:30,750,597,569,3773,3779,3751,3023,3182,3182
5/3/2021 2:00,734,600,559,3707,3712,3670,2973,3112,3111
5/3/2021 2:30,711,603,561,3655,3663,3623,2944,3060,3062
5/3/2021 3:00,704,616,587,3614,3621,3589,2910,3005,3002
5/3/2021 3:30,713,612,651,3593,3601,3577,2880,2989,2926
5/3/2021 4:00,731,650,714,3589,3596,3566,2858,2946,2852
5/3/2021 4:30,757,653,764,3598,3606,3563,2841,2953,2799
5/3/2021 5:00,793,718,830,3628,3635,3603,2835,2917,2773
5/3/2021 5:30,840,769,883,3725,3735,3664,2885,2966,2781
5/3/2021 6:00,900,840,849,3901,3912,3863,3001,3072,3014
5/3/2021 6:30,975,1007,832,4166,4176,4092,3191,3169,3260
5/3/2021 7:00,1032,1044,783,4493,4496,4386,3461,3452,3603
5/3/2021 7:30,1073,1086,816,4769,4783,4773,3696,3697,3957
5/3/2021 8:00,1081,1071,833,4975,5013,4981,3894,3942,4148
5/3/2021 8:30,1056,927,820,5142,5192,5167,4086,4265,4347
5/3/2021 9:00,1090,948,777,5274,5330,5323,4184,4382,4546
5/3/2021 9:30,1183,934,686,5341,5390,5398,4158,4456,4712
5/3/2021 10:00,1279,1027,688,5350,5379,5386,4071,4352,4698
5/3/2021 10:30,1376,1084,764,5358,5361,5386,3982,4277,4622
5/3/2021 11:00,1416,1133,903,5378,5358,5403,3962,4225,4500
5/3/2021 11:30,1399,1166,950,5409,5386,5406,4010,4220,4456
5/3/2021 12:00,1349,1132,937,5443,5423,5431,4094,4291,4494
5/3/2021 12:30,1267,1011,904,5444,5424,5487,4177,4413,4583
5/3/2021 13:00,1182,943,859,5406,5373,5477,4224,4430,4618
5/3/2021 13:30,1096,728,848,5337,5304,5363,4241,4576,4515
5/3/2021 14:00,1029,700,825,5251,5221,5281,4222,4521,4456
5/3/2021 14:30,981,666,789,5193,5167,5220,4212,4501,4431
5/3/2021 15:00,953,663,822,5175,5148,5203,4222,4485,4381
5/3/2021 15:30,946,658,820,5194,5171,5182,4248,4513,4362
5/3/2021 16:00,943,662,828,5253,5238,5192,4310,4576,4364
5/3/2021 16:30,944,682,776,5365,5349,5304,4421,4667,4528
5/3/2021 17:00,956,702,757,5524,5504,5439,4568,4802,4682
5/3/2021 17:30,979,839,749,5678,5668,5598,4699,4829,4849
5/3/2021 18:00,1026,896,733,5803,5814,5702,4777,4918,4969
5/3/2021 18:30,1099,933,702,5840,5859,5863,4741,4926,5161
5/3/2021 19:00,1161,1017,703,5780,5785,5820,4619,4768,5117
5/3/2021 19:30,1215,1104,696,5644,5639,5652,4429,4535,4956
5/3/2021 20:00,1257,1157,708,5453,5451,5422,4196,4294,4714
5/3/2021 20:30,1288,1098,676,5265,5257,5253,3977,4159,4577
5/3/2021 21:00,1309,1113,626,5085,5066,5021,3776,3953,4395
5/3/2021 21:30,1319,1027,687,4875,4849,4870,3556,3822,4183
5/3/2021 22:00,1325,1035,709,4645,4633,4654,3320,3598,3945
5/3/2021 22:30,1325,887,701,4484,4472,4465,3159,3585,3764
5/3/2021 23:00,1248,900,711,4389,4386,4398,3141,3486,3687
5/3/2021 23:30,1220,814,699,4266,4263,4285,3046,3449,3586
6/3/2021 0:00,1178,816,701,4101,4097,4116,2923,3281,3415
6/3/2021 0:30,1124,777,656,3952,3950,3960,2828,3173,3304
6/3/2021 1:00,1070,774,696,3832,3827,3837,2762,3053,3141
6/3/2021 1:30,1019,756,731,3727,3724,3744,2708,2968,3013
6/3/2021 2:00,982,756,724,3635,3629,3659,2653,2873,2935
6/3/2021 2:30,959,654,699,3561,3556,3596,2602,2902,2897
6/3/2021 3:00,943,663,713,3507,3501,3545,2564,2838,2832
6/3/2021 3:30,934,623,707,3477,3469,3514,2543,2846,2807
6/3/2021 4:00,935,647,685,3467,3459,3500,2532,2812,2815
6/3/2021 4:30,947,681,680,3460,3453,3476,2513,2772,2796
6/3/2021 5:00,963,709,703,3462,3453,3497,2499,2744,2794
6/3/2021 5:30,982,764,698,3509,3501,3519,2527,2737,2821
6/3/2021 6:00,1004,792,699,3606,3600,3605,2602,2808,2906
6/3/2021 6:30,1027,803,762,3733,3724,3709,2706,2921,2947
6/3/2021 7:00,1044,832,830,3880,3866,3799,2836,3034,2969
6/3/2021 7:30,1052,829,905,4031,4029,3984,2979,3200,3079
6/3/2021 8:00,1031,827,891,4181,4210,4101,3150,3383,3210
6/3/2021 8:30,979,776,794,4337,4376,4268,3358,3600,3474
6/3/2021 9:00,952,744,737,4494,4534,4468,3542,3790,3731
6/3/2021 9:30,950,676,729,4629,4662,4599,3679,3986,3870
6/3/2021 10:00,975,709,851,4734,4757,4678,3759,4048,3827
6/3/2021 10:30,1026,797,1024,4805,4810,4731,3779,4013,3707
6/3/2021 11:00,1026,810,1074,4846,4838,4757,3820,4028,3683
6/3/2021 11:30,977,787,1044,4887,4872,4777,3910,4085,3733
6/3/2021 12:00,911,722,937,4927,4899,4797,4016,4177,3860
6/3/2021 12:30,827,597,827,4931,4901,4816,4104,4304,3989
6/3/2021 13:00,754,530,792,4895,4861,4785,4141,4331,3993
6/3/2021 13:30,693,479,685,4838,4804,4690,4145,4325,4005
6/3/2021 14:00,633,426,603,4771,4732,4613,4138,4306,4010
6/3/2021 14:30,575,450,535,4729,4691,4557,4154,4241,4022
6/3/2021 15:00,524,407,481,4721,4683,4523,4197,4276,4042
6/3/2021 15:30,482,457,390,4754,4712,4522,4272,4255,4132
6/3/2021 16:00,445,412,342,4830,4777,4599,4385,4365,4257
6/3/2021 16:30,412,364,304,4951,4874,4732,4539,4510,4428
6/3/2021 17:00,389,342,266,5108,5010,4952,4719,4668,4686
6/3/2021 17:30,376,280,259,5272,5188,5192,4896,4908,4933
6/3/2021 18:00,385,302,273,5421,5381,5365,5036,5079,5092
6/3/2021 18:30,415,311,303,5489,5483,5572,5074,5172,5269
6/3/2021 19:00,447,349,343,5461,5459,5551,5014,5110,5208
6/3/2021 19:30,481,362,357,5332,5329,5382,4851,4967,5025
6/3/2021 20:00,513,392,370,5125,5122,5149,4612,4730,4779
6/3/2021 20:30,542,382,370,4933,4941,4949,4391,4559,4579
6/3/2021 21:00,570,418,374,4770,4801,4760,4200,4383,4386
6/3/2021 21:30,595,464,373,4598,4638,4599,4003,4174,4226
6/3/2021 22:00,612,490,365,4421,4464,4419,3809,3974,4054
6/3/2021 22:30,618,503,357,4290,4312,4266,3672,3809,3909
6/3/2021 23:00,557,501,353,4217,4206,4196,3660,3705,3843
6/3/2021 23:30,531,442,334,4103,4093,4103,3572,3651,3769
7/3/2021 0:00,503,410,331,3978,3968,3978,3475,3558,3647
7/3/2021 0:30,473,318,301,3856,3851,3846,3383,3533,3545
7/3/2021 1:00,448,287,271,3744,3740,3757,3296,3453,3486
7/3/2021 1:30,430,206,244,3643,3641,3666,3213,3435,3422
7/3/2021 2:00,414,204,230,3556,3552,3583,3142,3348,3353
7/3/2021 2:30,401,167,213,3500,3498,3520,3099,3331,3307
7/3/2021 3:00,387,167,188,3472,3469,3471,3085,3302,3283
7/3/2021 3:30,373,222,168,3452,3450,3434,3079,3228,3266
7/3/2021 4:00,365,215,149,3434,3430,3426,3069,3215,3277
7/3/2021 4:30,365,151,123,3419,3417,3417,3054,3266,3294
7/3/2021 5:00,369,156,123,3413,3406,3412,3044,3250,3289
7/3/2021 5:30,378,149,117,3428,3420,3427,3050,3271,3310
7/3/2021 6:00,393,166,117,3464,3457,3492,3071,3291,3375
7/3/2021 6:30,414,164,130,3515,3508,3534,3101,3344,3404
7/3/2021 7:00,432,183,157,3579,3571,3564,3147,3388,3407
7/3/2021 7:30,447,182,164,3668,3660,3696,3221,3478,3532
7/3/2021 8:00,446,192,168,3788,3784,3787,3342,3592,3619
7/3/2021 8:30,428,142,184,3945,3945,3923,3517,3803,3739
7/3/2021 9:00,394,133,180,4133,4152,4124,3739,4019,3944
7/3/2021 9:30,346,105,157,4313,4327,4299,3967,4222,4142
7/3/2021 10:00,317,105,135,4472,4465,4456,4155,4360,4321
7/3/2021 10:30,310,107,134,4603,4568,4548,4293,4461,4414
7/3/2021 11:00,309,121,138,4704,4652,4639,4395,4531,4501
7/3/2021 11:30,314,160,145,4787,4729,4691,4473,4569,4546
7/3/2021 12:00,323,187,178,4849,4789,4771,4526,4602,4593
7/3/2021 12:30,335,227,180,4863,4803,4831,4528,4576,4651
7/3/2021 13:00,341,245,169,4827,4761,4816,4486,4516,4647
7/3/2021 13:30,343,205,158,4758,4691,4729,4415,4486,4571
7/3/2021 14:00,339,215,159,4669,4602,4634,4330,4387,4475
7/3/2021 14:30,330,235,159,4600,4537,4551,4270,4302,4392
7/3/2021 15:00,320,231,164,4565,4508,4539,4245,4277,4375
7/3/2021 15:30,310,215,165,4578,4522,4536,4268,4307,4371
7/3/2021 16:00,306,218,159,4642,4589,4635,4336,4371,4476
7/3/2021 16:30,309,188,164,4745,4719,4772,4436,4531,4608
7/3/2021 17:00,322,218,160,4881,4913,4950,4559,4695,4790
7/3/2021 17:30,347,288,170,5037,5093,5136,4690,4805,4966
7/3/2021 18:00,382,336,193,5195,5239,5241,4813,4903,5048
7/3/2021 18:30,425,347,214,5304,5317,5444,4879,4970,5230
7/3/2021 19:00,460,389,238,5341,5305,5462,4881,4916,5224
7/3/2021 19:30,486,411,266,5267,5203,5302,4781,4792,5036
7/3/2021 20:00,513,442,297,5099,5030,5106,4586,4588,4809
7/3/2021 20:30,542,405,330,4941,4857,4904,4399,4452,4574
7/3/2021 21:00,571,437,342,4806,4701,4728,4235,4264,4386
7/3/2021 21:30,602,417,334,4634,4512,4514,4032,4095,4180
7/3/2021 22:00,624,445,340,4429,4311,4315,3805,3866,3975
7/3/2021 22:30,639,427,345,4263,4177,4118,3624,3750,3773
7/3/2021 23:00,644,452,353,4041,4072,4032,3397,3620,3679
7/3/2021 23:30,648,494,348,3913,3942,3900,3265,3448,3552
8/3/2021 0:00,660,519,390,3767,3788,3766,3107,3269,3376
8/3/2021 0:30,678,504,421,3652,3671,3650,2974,3167,3229
8/3/2021 1:00,694,527,449,3574,3592,3557,2880,3065,3108
8/3/2021 1:30,708,502,486,3509,3529,3494,2801,3027,3008
8/3/2021 2:00,728,519,533,3452,3468,3427,2724,2949,2894
8/3/2021 2:30,755,496,580,3404,3423,3387,2649,2927,2807
8/3/2021 3:00,788,522,625,3369,3384,3358,2581,2862,2733
8/3/2021 3:30,826,511,636,3351,3357,3335,2525,2846,2699
8/3/2021 4:00,864,558,647,3350,3355,3334,2486,2797,2687
8/3/2021 4:30,900,671,676,3364,3370,3349,2464,2699,2673
8/3/2021 5:00,940,739,691,3405,3408,3411,2465,2669,2720
8/3/2021 5:30,985,872,781,3520,3524,3489,2535,2652,2708
8/3/2021 6:00,1023,942,849,3722,3727,3703,2699,2785,2854
8/3/2021 6:30,1053,986,975,4014,4014,3938,2961,3028,2963
8/3/2021 7:00,1074,1040,1051,4365,4355,4245,3291,3315,3194
8/3/2021 7:30,1086,1041,1148,4660,4660,4642,3574,3619,3494
8/3/2021 8:00,1086,1083,1163,4874,4903,4850,3788,3820,3687
8/3/2021 8:30,1076,1092,1116,5028,5072,5017,3952,3980,3901
8/3/2021 9:00,1052,1139,1138,5129,5183,5148,4077,4044,4010
8/3/2021 9:30,1012,1203,1168,5182,5233,5218,4170,4030,4050
8/3/2021 10:00,1058,1285,1228,5194,5234,5196,4136,3949,3968
8/3/2021 10:30,1190,1459,1325,5197,5220,5187,4007,3761,3862
8/3/2021 11:00,1282,1512,1310,5203,5203,5161,3921,3691,3851
8/3/2021 11:30,1335,1504,1257,5227,5225,5127,3892,3721,3870
8/3/2021 12:00,1340,1514,1259,5260,5267,5174,3920,3753,3915
8/3/2021 12:30,1296,1465,1255,5252,5273,5249,3956,3808,3994
8/3/2021 13:00,1281,1487,1304,5200,5227,5239,3919,3740,3935
8/3/2021 13:30,1297,1509,1380,5143,5171,5110,3846,3662,3730
8/3/2021 14:00,1313,1525,1439,5094,5124,5086,3781,3599,3647
8/3/2021 14:30,1330,1427,1508,5072,5108,5084,3742,3681,3576
8/3/2021 15:00,1333,1412,1439,5084,5125,5103,3751,3713,3664
8/3/2021 15:30,1322,1364,1396,5130,5179,5152,3808,3815,3756
8/3/2021 16:00,1313,1370,1398,5217,5274,5225,3904,3904,3827
8/3/2021 16:30,1305,1401,1407,5378,5427,5394,4073,4026,3987
8/3/2021 17:00,1297,1425,1376,5591,5623,5585,4294,4198,4209
8/3/2021 17:30,1291,1504,1360,5746,5762,5730,4455,4258,4370
8/3/2021 18:00,1306,1503,1331,5819,5825,5785,4513,4322,4454
8/3/2021 18:30,1342,1484,1281,5828,5837,5869,4486,4353,4588
8/3/2021 19:00,1379,1458,1215,5773,5784,5782,4394,4326,4567
8/3/2021 19:30,1417,1364,1173,5640,5643,5594,4223,4279,4421
8/3/2021 20:00,1432,1298,1118,5441,5426,5410,4009,4128,4292
8/3/2021 20:30,1423,1132,981,5241,5211,5210,3818,4079,4229
8/3/2021 21:00,1402,1025,882,5048,5012,5020,3646,3987,4138
8/3/2021 21:30,1368,857,799,4826,4780,4774,3458,3923,3975
8/3/2021 22:00,1319,763,824,4582,4536,4540,3263,3773,3716
8/3/2021 22:30,1256,569,849,4376,4334,4347,3120,3765,3498
8/3/2021 23:00,804,522,768,4183,4184,4269,3379,3662,3501
8/3/2021 23:30,756,500,830,4024,4027,4126,3268,3527,3296
9/3/2021 0:00,717,470,888,3860,3864,3964,3143,3394,3076
9/3/2021 0:30,688,405,929,3734,3740,3827,3046,3335,2898
9/3/2021 1:00,660,388,963,3649,3652,3743,2989,3264,2780
9/3/2021 1:30,633,496,953,3577,3582,3667,2944,3086,2714
9/3/2021 2:00,613,520,954,3513,3515,3606,2900,2995,2652
9/3/2021 2:30,602,636,963,3463,3466,3553,2861,2830,2590
9/3/2021 3:00,614,715,992,3429,3429,3502,2815,2714,2510
9/3/2021 3:30,649,914,1082,3411,3410,3475,2762,2496,2393
9/3/2021 4:00,703,1036,1149,3408,3407,3474,2705,2371,2325
9/3/2021 4:30,775,1350,1287,3419,3419,3478,2644,2069,2191
9/3/2021 5:00,857,1464,1385,3458,3457,3503,2601,1993,2118
9/3/2021 5:30,949,1514,1533,3570,3570,3573,2621,2056,2040
9/3/2021 6:00,1055,1654,1666,3770,3772,3780,2715,2118,2114
9/3/2021 6:30,1176,1805,1696,4063,4063,3995,2887,2258,2299
9/3/2021 7:00,1323,1961,1812,4417,4412,4275,3094,2451,2463
9/3/2021 7:30,1497,2075,1978,4696,4697,4651,3199,2622,2673
9/3/2021 8:00,1698,2251,2095,4881,4900,4859,3183,2649,2764
9/3/2021 8:30,1928,2464,2323,5032,5059,5038,3104,2595,2715
9/3/2021 9:00,2179,2673,2438,5157,5193,5170,2978,2520,2732
9/3/2021 9:30,2452,2910,2497,5227,5255,5248,2775,2345,2751
9/3/2021 10:00,2675,3119,2607,5246,5254,5257,2571,2135,2650
9/3/2021 10:30,2849,3274,2820,5260,5249,5273,2411,1975,2453
9/3/2021 11:00,3023,3443,3078,5282,5260,5307,2259,1817,2229
9/3/2021 11:30,3197,3526,3164,5320,5291,5308,2123,1765,2144
9/3/2021 12:00,3343,3651,3289,5366,5344,5379,2023,1693,2090
9/3/2021 12:30,3462,3713,3437,5375,5353,5483,1913,1640,2046
9/3/2021 13:00,3552,3807,3500,5345,5312,5492,1793,1505,1992
9/3/2021 13:30,3612,3869,3610,5303,5265,5367,1691,1396,1757
9/3/2021 14:00,3690,3937,3646,5261,5230,5331,1571,1293,1685
9/3/2021 14:30,3786,3936,3675,5246,5224,5328,1460,1288,1653
9/3/2021 15:00,3875,3987,3751,5264,5253,5363,1389,1266,1612
9/3/2021 15:30,3957,4018,3755,5316,5317,5409,1359,1299,1654
9/3/2021 16:00,4036,4051,3792,5409,5417,5481,1373,1366,1689
9/3/2021 16:30,4110,3899,3827,5571,5570,5643,1461,1671,1816
9/3/2021 17:00,4153,3926,3805,5778,5757,5819,1625,1831,2014
9/3/2021 17:30,4164,3982,3840,5910,5889,5973,1746,1907,2133
9/3/2021 18:00,4160,3982,3823,5946,5945,5973,1786,1963,2150
9/3/2021 18:30,4141,3910,3770,5919,5912,5961,1778,2002,2191
9/3/2021 19:00,4114,3902,3766,5835,5797,5831,1721,1895,2065
9/3/2021 19:30,4079,3823,3832,5687,5640,5662,1608,1817,1830
9/3/2021 20:00,4029,3762,3879,5486,5459,5464,1457,1697,1585
9/3/2021 20:30,3965,3684,3947,5283,5261,5275,1318,1577,1328
9/3/2021 21:00,3870,3548,3897,5082,5060,5086,1212,1512,1189
9/3/2021 21:30,3743,3362,3798,4851,4821,4854,1108,1459,1056
9/3/2021 22:00,3581,3144,3785,4598,4576,4645,1017,1432,860
9/3/2021 22:30,3384,2809,3458,4391,4387,4384,1007,1578,926
9/3/2021 23:00,2794,2584,3166,4260,4264,4234,1466,1680,1068
9/3/2021 23:30,2511,2458,2794,4109,4113,4082,1598,1655,1288
10/3/2021 0:00,2282,2287,2373,3933,3933,3903,1651,1646,1530
10/3/2021 0:30,2107,2285,2177,3795,3799,3782,1688,1514,1605
10/3/2021 1:00,1957,2131,2099,3705,3707,3712,1748,1576,1613
10/3/2021 1:30,1832,2203,1951,3630,3637,3605,1798,1434,1654
10/3/2021 2:00,1682,2033,1657,3562,3569,3541,1880,1536,1884
10/3/2021 2:30,1508,1768,1473,3507,3518,3506,1999,1750,2033
10/3/2021 3:00,1343,1615,1430,3467,3473,3472,2124,1858,2042
10/3/2021 3:30,1188,1374,1204,3451,3459,3458,2263,2085,2254
10/3/2021 4:00,1080,1273,1188,3457,3463,3492,2377,2190,2304
10/3/2021 4:30,1021,1150,1193,3471,3474,3497,2450,2324,2304
10/3/2021 5:00,1021,1098,1135,3501,3505,3523,2480,2407,2388
10/3/2021 5:30,1081,1007,1076,3602,3611,3592,2521,2604,2516
10/3/2021 6:00,1198,1077,991,3789,3800,3786,2591,2723,2795
10/3/2021 6:30,1373,1151,1074,4066,4071,4022,2693,2920,2948
10/3/2021 7:00,1587,1347,1143,4404,4393,4312,2817,3046,3169
10/3/2021 7:30,1841,1610,1601,4673,4682,4691,2832,3072,3090
10/3/2021 8:00,2118,1902,1923,4857,4916,4896,2739,3014,2973
10/3/2021 8:30,2418,2274,2154,5010,5081,5053,2592,2807,2899
10/3/2021 9:00,2701,2611,2521,5141,5199,5196,2440,2588,2675
10/3/2021 9:30,2967,2900,2814,5224,5267,5286,2257,2367,2472
10/3/2021 10:00,3195,3186,3122,5262,5303,5324,2067,2117,2202
10/3/2021 10:30,3384,3506,3487,5300,5296,5397,1916,1790,1910
10/3/2021 11:00,3560,3700,3789,5350,5331,5482,1790,1631,1693
10/3/2021 11:30,3724,3856,3953,5421,5402,5512,1697,1546,1559
10/3/2021 12:00,3851,3966,4008,5497,5490,5563,1646,1524,1555
10/3/2021 12:30,3939,4001,4072,5517,5523,5657,1578,1522,1585
10/3/2021 13:00,4000,4049,4052,5476,5490,5640,1476,1441,1588
10/3/2021 13:30,4034,4019,4048,5420,5444,5473,1386,1425,1425
10/3/2021 14:00,4058,4042,4111,5363,5391,5392,1305,1349,1281
10/3/2021 14:30,4071,4116,4117,5327,5353,5328,1256,1237,1211
10/3/2021 15:00,4086,4111,4120,5318,5336,5324,1232,1225,1204
10/3/2021 15:30,4101,4077,4082,5339,5354,5336,1238,1277,1254
10/3/2021 16:00,4103,4085,4076,5394,5412,5392,1291,1327,1316
10/3/2021 16:30,4093,4115,4052,5500,5516,5494,1407,1401,1442
10/3/2021 17:00,4088,4112,3926,5642,5653,5644,1554,1541,1718
10/3/2021 17:30,4089,4099,3928,5739,5736,5783,1650,1637,1855
10/3/2021 18:00,4072,4089,3911,5778,5755,5762,1706,1666,1851
10/3/2021 18:30,4036,4072,3879,5787,5758,5828,1751,1686,1949
10/3/2021 19:00,3984,4048,3883,5760,5730,5823,1776,1682,1940
10/3/2021 19:30,3916,4027,3850,5646,5608,5661,1730,1581,1811
10/3/2021 20:00,3838,3969,3859,5449,5399,5474,1611,1430,1615
10/3/2021 20:30,3751,3830,3781,5249,5193,5242,1498,1363,1461
10/3/2021 21:00,3648,3760,3607,5055,5011,5030,1407,1251,1423
10/3/2021 21:30,3530,3632,3432,4830,4790,4782,1300,1158,1350
10/3/2021 22:00,3428,3556,3353,4584,4553,4576,1156,997,1223
10/3/2021 22:30,3341,3491,3209,4400,4349,4339,1059,858,1130
10/3/2021 23:00,3285,3403,3092,4202,4201,4228,917,798,1136
10/3/2021 23:30,3230,3327,3059,4051,4054,4101,821,727,1042
11/3/2021 0:00,3192,3253,3141,3899,3907,3930,707,654,789
11/3/2021 0:30,3172,3138,3199,3774,3786,3817,602,648,618
11/3/2021 1:00,3154,3114,3145,3681,3691,3732,527,577,587
11/3/2021 1:30,3140,3036,3090,3605,3617,3643,465,581,553
11/3/2021 2:00,3133,3069,3170,3541,3548,3591,408,479,421
11/3/2021 2:30,3134,3060,3092,3489,3497,3517,355,437,425
11/3/2021 3:00,3146,3089,3083,3452,3457,3463,306,368,380
11/3/2021 3:30,3170,3275,3069,3439,3443,3450,269,168,381
11/3/2021 4:00,3190,3283,3053,3449,3448,3458,259,165,405
11/3/2021 4:30,3205,3293,3038,3462,3459,3459,257,166,421
11/3/2021 5:00,3232,3302,3065,3489,3484,3512,257,182,447
11/3/2021 5:30,3270,3262,3181,3592,3589,3596,322,327,415
11/3/2021 6:00,3288,3270,3177,3787,3784,3775,499,514,598
11/3/2021 6:30,3285,3208,3254,4072,4066,3979,787,858,725
11/3/2021 7:00,3313,3222,3360,4415,4401,4299,1102,1179,939
11/3/2021 7:30,3371,3212,3488,4699,4688,4721,1328,1476,1233
11/3/2021 8:00,3407,3230,3461,4899,4904,4908,1492,1674,1447
11/3/2021 8:30,3419,3254,3378,5043,5059,5022,1624,1805,1644
11/3/2021 9:00,3447,3293,3371,5139,5173,5138,1692,1880,1767
11/3/2021 9:30,3491,3395,3485,5192,5237,5207,1701,1842,1722
11/3/2021 10:00,3532,3444,3507,5210,5262,5196,1678,1818,1689
11/3/2021 10:30,3570,3505,3500,5216,5253,5200,1646,1748,1700
11/3/2021 11:00,3622,3542,3567,5223,5259,5227,1601,1717,1660
11/3/2021 11:30,3689,3663,3635,5263,5298,5240,1574,1635,1605
11/3/2021 12:00,3754,3694,3641,5325,5352,5262,1571,1658,1621
11/3/2021 12:30,3816,3636,3519,5337,5359,5313,1521,1723,1794
11/3/2021 13:00,3859,3679,3647,5292,5302,5387,1433,1623,1740
11/3/2021 13:30,3883,3766,3669,5235,5224,5242,1352,1458,1573
11/3/2021 14:00,3922,3808,3772,5183,5137,5212,1261,1329,1440
11/3/2021 14:30,3978,3850,3786,5167,5112,5222,1189,1262,1436
11/3/2021 15:00,4013,3879,3789,5191,5150,5199,1178,1271,1410
11/3/2021 15:30,4027,3877,3823,5241,5208,5216,1214,1331,1393
11/3/2021 16:00,4015,3869,3748,5319,5284,5261,1304,1415,1513
11/3/2021 16:30,3977,3835,3857,5445,5409,5353,1468,1574,1496
11/3/2021 17:00,3940,3805,3893,5598,5567,5528,1658,1762,1635
11/3/2021 17:30,3904,3779,3807,5677,5652,5672,1773,1873,1865
11/3/2021 18:00,3848,3708,3475,5683,5666,5691,1835,1958,2216
11/3/2021 18:30,3772,3569,3488,5722,5718,5816,1950,2149,2328
11/3/2021 19:00,3726,3541,3492,5781,5787,5814,2055,2246,2322
11/3/2021 19:30,3708,3539,3519,5701,5714,5652,1993,2175,2133
11/3/2021 20:00,3684,3523,3609,5482,5499,5500,1798,1976,1891
11/3/2021 20:30,3654,3528,3621,5275,5283,5271,1621,1755,1650
11/3/2021 21:00,3598,3461,3685,5099,5095,5121,1501,1634,1436
11/3/2021 21:30,3517,3268,3512,4887,4867,4886,1370,1599,1374
11/3/2021 22:00,3423,3210,3239,4640,4620,4618,1217,1410,1379
11/3/2021 22:30,3317,3236,3064,4436,4423,4394,1119,1187,1330
11/3/2021 23:00,3253,3171,3064,4285,4293,4282,1032,1122,1218
11/3/2021 23:30,3174,3139,3034,4143,4151,4140,969,1012,1106
12/3/2021 0:00,3104,3104,3005,3992,3993,4012,888,889,1007
12/3/2021 0:30,3044,3261,3005,3865,3865,3885,821,604,880
12/3/2021 1:00,2984,3213,3072,3766,3765,3810,782,552,738
12/3/2021 1:30,2925,2900,2980,3682,3686,3705,757,786,725
12/3/2021 2:00,2889,2884,3080,3609,3613,3665,720,729,585
12/3/2021 2:30,2878,2842,2966,3550,3559,3607,672,717,641
12/3/2021 3:00,2886,2873,2903,3510,3516,3538,624,643,635
12/3/2021 3:30,2916,2910,2873,3496,3504,3521,580,594,648
12/3/2021 4:00,2947,2944,2991,3507,3514,3570,560,570,579
12/3/2021 4:30,2980,3092,2971,3531,3540,3568,551,448,597
12/3/2021 5:00,3030,3131,2972,3573,3585,3600,543,454,628
12/3/2021 5:30,3095,3233,3001,3675,3691,3672,580,458,671
12/3/2021 6:00,3147,3267,3100,3848,3866,3872,701,599,772
12/3/2021 6:30,3185,3175,3052,4106,4119,4046,921,944,994
12/3/2021 7:00,3192,3185,3100,4426,4430,4362,1234,1245,1262
12/3/2021 7:30,3167,3214,2882,4712,4724,4703,1545,1510,1821
12/3/2021 8:00,3157,3140,2825,4939,4974,4906,1782,1834,2081
12/3/2021 8:30,3162,2889,2787,5097,5139,5069,1935,2250,2282
12/3/2021 9:00,3166,2855,2660,5192,5233,5167,2026,2378,2507
12/3/2021 9:30,3168,2865,2753,5247,5274,5218,2079,2409,2465
12/3/2021 10:00,3228,2939,2912,5275,5281,5203,2047,2342,2291
12/3/2021 10:30,3346,3072,3211,5296,5274,5222,1950,2202,2011
12/3/2021 11:00,3415,3159,3368,5319,5279,5216,1904,2120,1848
12/3/2021 11:30,3436,3100,3351,5358,5301,5189,1922,2201,1838
12/3/2021 12:00,3444,3137,3296,5403,5332,5233,1959,2195,1937
12/3/2021 12:30,3439,3168,3423,5400,5345,5281,1961,2177,1858
12/3/2021 13:00,3430,3218,3267,5342,5324,5212,1912,2106,1945
12/3/2021 13:30,3418,3332,3141,5250,5264,5109,1832,1932,1968
12/3/2021 14:00,3439,3353,3035,5147,5172,5077,1708,1819,2042
12/3/2021 14:30,3494,3344,2999,5104,5130,5057,1610,1786,2058
12/3/2021 15:00,3530,3361,2871,5126,5136,4966,1596,1775,2095
12/3/2021 15:30,3546,3384,2847,5171,5162,4975,1625,1778,2128
12/3/2021 16:00,3574,3425,2952,5238,5207,5056,1664,1782,2104
12/3/2021 16:30,3615,3417,2929,5365,5326,5210,1750,1909,2281
12/3/2021 17:00,3626,3443,3008,5536,5502,5427,1910,2059,2419
12/3/2021 17:30,3609,3349,3007,5642,5632,5629,2033,2283,2622
12/3/2021 18:00,3592,3336,2933,5673,5692,5706,2081,2356,2773
12/3/2021 18:30,3575,3161,2974,5692,5711,5796,2117,2550,2822
12/3/2021 19:00,3557,3156,2744,5695,5677,5720,2138,2521,2976
12/3/2021 19:30,3536,3125,2671,5599,5568,5539,2063,2443,2868
12/3/2021 20:00,3514,3147,2758,5404,5389,5310,1890,2242,2552
12/3/2021 20:30,3489,2968,2701,5202,5198,5115,1713,2230,2414
12/3/2021 21:00,3449,2981,2753,5008,5010,4954,1559,2029,2201
12/3/2021 21:30,3394,2942,2891,4793,4792,4782,1399,1850,1891
12/3/2021 22:00,3337,2967,2922,4566,4567,4588,1229,1600,1666
12/3/2021 22:30,3279,2927,2969,4403,4410,4437,1124,1483,1468
12/3/2021 23:00,3209,2940,2940,4312,4317,4328,1103,1377,1388
12/3/2021 23:30,3136,2889,2925,4209,4211,4215,1073,1322,1290
13/3/2021 0:00,3112,2903,2972,4084,4081,4043,972,1178,1071
13/3/2021 0:30,3139,3003,2959,3956,3955,3907,817,952,948
13/3/2021 1:00,3163,3035,3034,3834,3834,3805,671,799,771
13/3/2021 1:30,3185,3064,3116,3728,3734,3710,543,670,594
13/3/2021 2:00,3200,3088,3136,3639,3641,3608,439,553,472
13/3/2021 2:30,3208,3161,3200,3558,3561,3550,350,400,350
13/3/2021 3:00,3215,3159,2991,3486,3488,3470,271,329,479
13/3/2021 3:30,3219,3168,2909,3446,3450,3425,227,282,516
13/3/2021 4:00,3211,3143,2811,3436,3437,3390,225,294,579
13/3/2021 4:30,3190,3078,2856,3434,3436,3396,244,358,540
13/3/2021 5:00,3164,3076,2616,3443,3442,3374,279,366,758
13/3/2021 5:30,3132,3086,2638,3497,3496,3414,365,410,776
13/3/2021 6:00,3101,3082,2807,3596,3592,3524,495,510,717
13/3/2021 6:30,3072,2870,2744,3707,3703,3587,635,833,843
13/3/2021 7:00,3079,2877,2668,3827,3819,3702,748,942,1034
13/3/2021 7:30,3123,2928,2761,3984,3981,3931,861,1053,1170
13/3/2021 8:00,3167,2920,2677,4171,4178,4049,1004,1258,1372
13/3/2021 8:30,3211,2738,2630,4338,4342,4185,1127,1604,1555
13/3/2021 9:00,3254,2787,2782,4476,4472,4397,1222,1685,1615
13/3/2021 9:30,3294,2904,2925,4596,4583,4509,1302,1679,1584
13/3/2021 10:00,3375,3042,2904,4698,4677,4613,1323,1635,1709
13/3/2021 10:30,3499,3187,3098,4768,4734,4717,1269,1547,1619
13/3/2021 11:00,3617,3335,3234,4810,4759,4721,1193,1424,1487
13/3/2021 11:30,3730,3477,3326,4842,4785,4752,1112,1308,1426
13/3/2021 12:00,3783,3561,3362,4869,4807,4783,1086,1246,1421
13/3/2021 12:30,3778,3603,3402,4888,4811,4809,1110,1208,1407
13/3/2021 13:00,3813,3655,3543,4892,4788,4822,1079,1133,1279
13/3/2021 13:30,3887,3637,3287,4845,4737,4710,958,1100,1423
13/3/2021 14:00,3922,3691,3274,4759,4665,4613,837,974,1339
13/3/2021 14:30,3916,3774,3268,4712,4615,4588,796,841,1320
13/3/2021 15:00,3893,3770,3441,4716,4599,4574,823,829,1133
13/3/2021 15:30,3854,3743,3623,4734,4621,4629,880,878,1006
13/3/2021 16:00,3820,3762,3604,4769,4689,4719,949,927,1115
13/3/2021 16:30,3792,3511,3591,4871,4816,4844,1079,1305,1253
13/3/2021 17:00,3764,3549,3592,5027,4996,4998,1263,1447,1406
13/3/2021 17:30,3736,3563,3436,5140,5134,5150,1404,1571,1714
13/3/2021 18:00,3671,3532,3331,5204,5224,5225,1533,1692,1894
13/3/2021 18:30,3569,3476,3319,5284,5309,5349,1715,1833,2030
13/3/2021 19:00,3476,3399,3219,5360,5360,5419,1884,1961,2200
13/3/2021 19:30,3392,3416,3140,5293,5269,5256,1901,1853,2116
13/3/2021 20:00,3310,3324,3020,5084,5043,5040,1774,1719,2020
13/3/2021 20:30,3230,3142,2955,4888,4855,4874,1658,1713,1919
13/3/2021 21:00,3155,3077,2921,4730,4737,4683,1575,1660,1762
13/3/2021 21:30,3086,2905,2945,4551,4580,4518,1465,1675,1573
13/3/2021 22:00,3022,2888,2989,4355,4395,4366,1333,1507,1377
13/3/2021 22:30,2963,2841,2872,4202,4235,4190,1239,1394,1318
13/3/2021 23:00,2930,2805,2822,4122,4115,4031,1192,1310,1209
13/3/2021 23:30,2886,2745,2828,4008,4002,3998,1122,1257,1170
14/3/2021 0:00,2851,2707,2739,3888,3883,3885,1037,1176,1146
14/3/2021 0:30,2826,2733,2590,3759,3760,3731,933,1027,1141
14/3/2021 1:00,2791,2697,2666,3626,3629,3639,835,932,973
14/3/2021 1:30,2748,2725,2519,3513,3521,3531,765,796,1012
14/3/2021 2:00,2694,2682,2389,3426,3431,3417,732,749,1028
14/3/2021 2:30,2630,2611,2219,3362,3368,3349,732,757,1130
14/3/2021 3:00,2573,2535,2226,3318,3322,3315,745,787,1089
14/3/2021 3:30,2522,2447,2197,3287,3295,3283,765,848,1086
14/3/2021 4:00,2469,2386,2057,3265,3270,3278,796,884,1221
14/3/2021 4:30,2413,2143,2014,3248,3252,3248,835,1109,1234
14/3/2021 5:00,2378,2134,2013,3242,3238,3266,864,1104,1253
14/3/2021 5:30,2364,2132,1998,3265,3259,3258,901,1127,1260
14/3/2021 6:00,2351,2139,2050,3315,3309,3313,964,1170,1263
14/3/2021 6:30,2339,2143,2007,3357,3358,3333,1018,1215,1326
14/3/2021 7:00,2330,2162,1974,3397,3405,3381,1067,1243,1407
14/3/2021 7:30,2323,2156,2098,3487,3495,3554,1164,1339,1456
14/3/2021 8:00,2318,2193,2126,3633,3637,3630,1315,1444,1504
14/3/2021 8:30,2315,2189,2350,3799,3804,3797,1484,1615,1447
14/3/2021 9:00,2383,2307,2550,3973,4002,4008,1590,1695,1458
14/3/2021 9:30,2521,2466,2759,4145,4179,4196,1624,1713,1437
14/3/2021 10:00,2709,2720,2957,4307,4336,4421,1598,1616,1464
14/3/2021 10:30,2947,3043,3261,4437,4464,4587,1490,1421,1326
14/3/2021 11:00,3139,3266,3467,4538,4562,4738,1399,1296,1271
14/3/2021 11:30,3285,3567,3602,4642,4671,4815,1357,1104,1213
14/3/2021 12:00,3401,3645,3595,4744,4775,4895,1343,1130,1300
14/3/2021 12:30,3488,3704,3618,4789,4815,4972,1301,1111,1354
14/3/2021 13:00,3565,3756,3591,4770,4776,4948,1205,1020,1357
14/3/2021 13:30,3631,3830,3556,4715,4697,4860,1084,867,1304
14/3/2021 14:00,3693,3835,3543,4636,4592,4784,943,757,1241
14/3/2021 14:30,3751,3793,3446,4565,4520,4678,814,727,1232
14/3/2021 15:00,3768,3776,3391,4514,4497,4617,746,721,1226
14/3/2021 15:30,3745,3752,3348,4511,4518,4572,766,766,1224
14/3/2021 16:00,3715,3713,3397,4566,4590,4623,851,877,1226
14/3/2021 16:30,3677,3609,3448,4685,4704,4682,1008,1095,1234
14/3/2021 17:00,3612,3532,3597,4846,4851,4849,1234,1319,1252
14/3/2021 17:30,3519,3342,3561,4956,4944,4939,1437,1602,1378
14/3/2021 18:00,3428,3261,3558,5009,4987,4967,1581,1726,1409
14/3/2021 18:30,3338,3087,3515,5079,5055,5075,1741,1968,1560
14/3/2021 19:00,3244,3007,3400,5151,5129,5163,1907,2122,1763
14/3/2021 19:30,3145,3071,3381,5087,5073,5062,1942,2002,1681
14/3/2021 20:00,3031,2956,3369,4891,4886,4937,1860,1930,1568
14/3/2021 20:30,2904,2872,3282,4718,4700,4783,1814,1828,1501
14/3/2021 21:00,2776,2759,3174,4588,4549,4608,1812,1790,1434
14/3/2021 21:30,2648,2732,2975,4419,4364,4399,1771,1632,1424
14/3/2021 22:00,2535,2601,2869,4210,4164,4214,1675,1563,1345
14/3/2021 22:30,2436,2507,2740,4038,4004,4038,1602,1497,1298
14/3/2021 23:00,2290,2367,2597,3880,3889,3946,1590,1522,1349
14/3/2021 23:30,2160,2338,2396,3737,3747,3825,1577,1409,1429
15/3/2021 0:00,2036,2190,2207,3573,3581,3695,1537,1391,1488
15/3/2021 0:30,1918,2013,2048,3456,3464,3596,1538,1451,1548
15/3/2021 1:00,1808,1892,1850,3391,3396,3508,1583,1504,1658
15/3/2021 1:30,1705,1839,1765,3327,3335,3440,1622,1496,1675
15/3/2021 2:00,1617,1715,1774,3259,3267,3369,1642,1552,1595
15/3/2021 2:30,1543,1638,1662,3217,3227,3322,1674,1589,1660
15/3/2021 3:00,1468,1530,1594,3201,3210,3288,1733,1680,1694
15/3/2021 3:30,1393,1368,1552,3195,3197,3258,1802,1829,1706
15/3/2021 4:00,1343,1287,1605,3196,3198,3267,1853,1911,1662
15/3/2021 4:30,1319,1256,1600,3215,3217,3263,1896,1961,1663
15/3/2021 5:00,1274,1176,1504,3263,3265,3326,1989,2089,1822
15/3/2021 5:30,1207,1069,1383,3377,3383,3405,2170,2314,2022
15/3/2021 6:00,1136,988,1268,3566,3579,3637,2430,2591,2369
15/3/2021 6:30,1062,1014,1084,3830,3842,3846,2768,2828,2762
15/3/2021 7:00,995,921,899,4149,4149,4214,3154,3228,3315
15/3/2021 7:30,934,802,768,4441,4437,4650,3507,3635,3882
15/3/2021 8:00,896,738,685,4681,4687,4855,3785,3949,4170
15/3/2021 8:30,880,754,563,4855,4874,4995,3975,4120,4432
15/3/2021 9:00,899,718,450,4963,5010,5098,4064,4292,4648
15/3/2021 9:30,953,638,402,5032,5086,5167,4079,4448,4765
15/3/2021 10:00,1033,629,410,5071,5119,5163,4038,4490,4753
15/3/2021 10:30,1140,563,418,5095,5130,5177,3955,4567,4759
15/3/2021 11:00,1228,608,401,5115,5133,5212,3887,4525,4811
15/3/2021 11:30,1296,653,441,5151,5164,5224,3855,4511,4783
15/3/2021 12:00,1347,713,497,5195,5206,5255,3848,4493,4758
15/3/2021 12:30,1380,670,543,5189,5212,5303,3809,4542,4760
15/3/2021 13:00,1399,717,612,5131,5168,5303,3732,4451,4691
15/3/2021 13:30,1404,697,631,5063,5118,5172,3659,4421,4541
15/3/2021 14:00,1393,747,771,5003,5067,5113,3610,4320,4342
15/3/2021 14:30,1365,791,763,4976,5043,5086,3611,4252,4323
15/3/2021 15:00,1352,805,765,4988,5048,5120,3636,4243,4355
15/3/2021 15:30,1355,780,789,5033,5070,5128,3678,4290,4339
15/3/2021 16:00,1333,776,893,5113,5118,5174,3780,4342,4281
15/3/2021 16:30,1287,731,922,5244,5224,5306,3957,4493,4384
15/3/2021 17:00,1260,794,934,5404,5381,5476,4144,4587,4542
15/3/2021 17:30,1253,920,1076,5500,5471,5621,4247,4551,4545
15/3/2021 18:00,1226,1017,1176,5524,5492,5612,4298,4475,4436
15/3/2021 18:30,1182,1035,1255,5540,5519,5657,4358,4484,4402
15/3/2021 19:00,1143,1082,1222,5542,5545,5669,4399,4463,4447
15/3/2021 19:30,1112,1144,1196,5441,5463,5536,4329,4319,4340
15/3/2021 20:00,1065,1137,1188,5240,5278,5326,4175,4141,4138
15/3/2021 20:30,1002,1211,1238,5043,5077,5150,4041,3866,3912
15/3/2021 21:00,951,1191,1312,4866,4894,4954,3915,3703,3642
15/3/2021 21:30,911,1150,1329,4662,4682,4706,3751,3532,3377
15/3/2021 22:00,881,1112,1335,4434,4464,4470,3553,3352,3135
15/3/2021 22:30,859,1053,1343,4233,4268,4252,3374,3215,2909
15/3/2021 23:00,1081,1020,1241,4119,4117,4133,3038,3097,2892
15/3/2021 23:30,1107,1056,1250,3952,3952,3993,2845,2896,2743
16/3/2021 0:00,1152,1068,1281,3777,3778,3825,2625,2710,2544
16/3/2021 0:30,1216,1179,1303,3646,3651,3699,2430,2472,2396
16/3/2021 1:00,1272,1235,1344,3564,3570,3601,2292,2335,2257
16/3/2021 1:30,1319,1443,1411,3490,3500,3543,2171,2057,2132
16/3/2021 2:00,1356,1492,1544,3419,3428,3468,2063,1936,1924
16/3/2021 2:30,1383,1504,1652,3362,3374,3410,1979,1870,1758
16/3/2021 3:00,1391,1505,1694,3324,3334,3377,1933,1829,1683
16/3/2021 3:30,1382,1411,1776,3303,3314,3357,1921,1903,1581
16/3/2021 4:00,1369,1406,1833,3300,3311,3358,1931,1905,1525
16/3/2021 4:30,1355,1487,1843,3311,3322,3345,1956,1835,1502
16/3/2021 5:00,1321,1469,1898,3350,3359,3392,2029,1890,1494
16/3/2021 5:30,1268,1432,1853,3471,3484,3445,2203,2052,1592
16/3/2021 6:00,1207,1395,1735,3680,3699,3688,2473,2304,1953
16/3/2021 6:30,1139,1547,1577,3947,3961,3888,2808,2414,2311
16/3/2021 7:00,1062,1451,1447,4249,4248,4211,3187,2797,2764
16/3/2021 7:30,975,1293,1160,4528,4538,4664,3553,3245,3504
16/3/2021 8:00,906,1173,1002,4762,4804,4850,3856,3631,3848
16/3/2021 8:30,854,1194,836,4916,4973,4961,4062,3779,4125
16/3/2021 9:00,809,1089,880,4991,5053,5026,4182,3964,4146
16/3/2021 9:30,772,839,1017,5027,5084,5056,4255,4245,4039
16/3/2021 10:00,733,743,998,5037,5083,5000,4304,4340,4002
16/3/2021 10:30,694,628,897,5033,5069,4988,4339,4441,4091
16/3/2021 11:00,674,585,809,5023,5054,4966,4349,4469,4157
16/3/2021 11:30,673,476,806,5030,5066,4930,4357,4590,4124
16/3/2021 12:00,681,477,783,5047,5088,4939,4366,4611,4156
16/3/2021 12:30,700,757,738,5030,5068,4976,4330,4311,4238
16/3/2021 13:00,718,734,709,4974,4993,4923,4256,4259,4214
16/3/2021 13:30,737,782,715,4905,4911,4779,4168,4129,4064
16/3/2021 14:00,749,755,664,4840,4832,4710,4091,4077,4046
16/3/2021 14:30,755,727,643,4809,4807,4692,4054,4080,4049
16/3/2021 15:00,749,696,603,4818,4833,4719,4069,4137,4116
16/3/2021 15:30,729,602,544,4852,4884,4726,4123,4282,4182
16/3/2021 16:00,695,559,481,4914,4960,4791,4219,4401,4310
16/3/2021 16:30,645,458,461,5036,5102,4922,4391,4644,4461
16/3/2021 17:00,620,432,455,5194,5282,5075,4574,4850,4620
16/3/2021 17:30,620,439,481,5265,5356,5231,4645,4917,4750
16/3/2021 18:00,640,464,509,5263,5334,5274,4623,4870,4765
16/3/2021 18:30,680,494,508,5357,5422,5351,4677,4928,4843
16/3/2021 19:00,694,537,507,5529,5587,5499,4835,5050,4992
16/3/2021 19:30,681,515,513,5524,5574,5430,4843,5059,4917
16/3/2021 20:00,656,511,569,5327,5359,5266,4671,4848,4697
16/3/2021 20:30,619,551,612,5131,5145,5071,4512,4594,4459
16/3/2021 21:00,577,508,636,4969,4967,4874,4392,4459,4238
16/3/2021 21:30,529,457,579,4772,4755,4687,4243,4298,4108
16/3/2021 22:00,483,400,522,4543,4519,4482,4060,4119,3960
16/3/2021 22:30,438,325,445,4349,4320,4287,3911,3995,3842
16/3/2021 23:00,310,282,394,4190,4178,4187,3880,3896,3793
16/3/2021 23:30,271,329,355,4065,4046,4067,3794,3717,3712
17/3/2021 0:00,240,296,314,3942,3915,3929,3702,3619,3615
17/3/2021 0:30,215,217,322,3818,3795,3801,3603,3578,3479
17/3/2021 1:00,200,203,335,3698,3681,3717,3498,3478,3382
17/3/2021 1:30,195,180,373,3598,3592,3641,3403,3412,3268
17/3/2021 2:00,186,166,388,3523,3520,3572,3337,3354,3184
17/3/2021 2:30,175,144,411,3468,3466,3515,3293,3322,3104
17/3/2021 3:00,172,139,380,3428,3417,3464,3256,3278,3084
17/3/2021 3:30,179,97,358,3395,3385,3443,3216,3288,3085
17/3/2021 4:00,194,116,291,3368,3364,3447,3174,3248,3156
17/3/2021 4:30,216,208,291,3359,3361,3441,3143,3153,3150
17/3/2021 5:00,242,254,284,3377,3379,3459,3135,3125,3175
17/3/2021 5:30,270,380,317,3438,3442,3483,3168,3062,3166
17/3/2021 6:00,303,440,472,3540,3543,3615,3237,3103,3143
17/3/2021 6:30,343,509,678,3653,3647,3662,3310,3138,2984
17/3/2021 7:00,371,569,806,3773,3748,3809,3402,3179,3003
17/3/2021 7:30,387,602,880,3914,3884,4007,3527,3282,3127
17/3/2021 8:00,392,608,943,4076,4054,4114,3684,3446,3171
17/3/2021 8:30,385,651,966,4247,4228,4273,3862,3577,3307
17/3/2021 9:00,370,593,889,4417,4403,4457,4047,3810,3568
17/3/2021 9:30,348,527,852,4562,4548,4599,4214,4021,3747
17/3/2021 10:00,352,536,808,4672,4654,4687,4320,4118,3879
17/3/2021 10:30,382,646,761,4723,4633,4742,4341,3987,3981
17/3/2021 11:00,427,689,729,4724,4613,4744,4297,3924,4015
17/3/2021 11:30,487,719,765,4733,4621,4741,4246,3902,3976
17/3/2021 12:00,540,743,841,4753,4661,4740,4213,3918,3899
17/3/2021 12:30,586,939,877,4732,4654,4718,4146,3715,3841
17/3/2021 13:00,628,932,867,4660,4589,4661,4032,3657,3794
17/3/2021 13:30,667,929,881,4555,4495,4538,3888,3566,3657
17/3/2021 14:00,687,936,908,4431,4384,4435,3744,3448,3527
17/3/2021 14:30,686,993,855,4333,4277,4345,3647,3284,3490
17/3/2021 15:00,673,982,801,4277,4199,4320,3604,3217,3519
17/3/2021 15:30,647,932,734,4280,4190,4313,3633,3258,3579
17/3/2021 16:00,615,889,748,4347,4269,4410,3732,3380,3662
17/3/2021 16:30,579,786,741,4481,4407,4540,3902,3621,3799
17/3/2021 17:00,558,750,704,4656,4585,4741,4098,3835,4037
17/3/2021 17:30,551,687,610,4770,4697,4903,4219,4010,4293
17/3/2021 18:00,569,708,683,4826,4753,4980,4257,4045,4297
17/3/2021 18:30,611,736,731,4943,4877,5087,4332,4141,4356
17/3/2021 19:00,636,782,766,5099,5044,5215,4463,4262,4449
17/3/2021 19:30,646,774,760,5088,5035,5128,4442,4261,4368
17/3/2021 20:00,644,798,766,4899,4844,4966,4255,4046,4200
17/3/2021 20:30,631,854,734,4702,4643,4773,4071,3789,4039
17/3/2021 21:00,618,836,717,4528,4477,4610,3910,3641,3893
17/3/2021 21:30,606,781,687,4334,4292,4404,3728,3511,3717
17/3/2021 22:00,593,746,660,4132,4115,4205,3539,3369,3545
17/3/2021 22:30,581,673,639,4014,3995,4015,3433,3322,3376
17/3/2021 23:00,756,630,628,3961,3959,3926,3205,3329,3298
17/3/2021 23:30,711,549,573,3880,3882,3814,3169,3333,3241
18/3/2021 0:00,672,519,514,3753,3761,3701,3081,3242,3187
18/3/2021 0:30,639,449,490,3651,3663,3601,3012,3214,3111
18/3/2021 1:00,607,432,454,3585,3592,3512,2978,3160,3058
18/3/2021 1:30,576,418,450,3520,3527,3425,2944,3109,2975
18/3/2021 2:00,553,418,438,3451,3460,3365,2898,3042,2927
18/3/2021 2:30,537,434,415,3393,3407,3321,2856,2973,2906
18/3/2021 3:00,530,435,436,3352,3363,3289,2822,2928,2853
18/3/2021 3:30,533,395,471,3335,3345,3266,2802,2950,2795
18/3/2021 4:00,544,401,510,3338,3347,3265,2794,2946,2755
18/3/2021 4:30,562,356,560,3346,3356,3263,2784,3000,2703
18/3/2021 5:00,580,371,611,3370,3377,3306,2790,3006,2695
18/3/2021 5:30,599,413,662,3469,3478,3369,2870,3065,2707
18/3/2021 6:00,626,452,694,3653,3663,3563,3027,3211,2869
18/3/2021 6:30,662,532,739,3905,3915,3755,3243,3383,3016
18/3/2021 7:00,699,590,788,4205,4210,4098,3506,3620,3310
18/3/2021 7:30,738,774,777,4495,4503,4518,3757,3729,3741
18/3/2021 8:00,782,822,766,4745,4762,4698,3963,3940,3932
18/3/2021 8:30,832,735,757,4907,4935,4815,4075,4200,4058
18/3/2021 9:00,895,762,718,4978,5023,4929,4083,4261,4211
18/3/2021 9:30,972,804,706,5005,5057,4990,4033,4253,4284
18/3/2021 10:00,1029,839,676,5004,5055,4972,3975,4216,4296
18/3/2021 10:30,1066,892,616,4987,5060,4973,3921,4168,4357
18/3/2021 11:00,1100,916,602,4969,5062,4995,3869,4146,4393
18/3/2021 11:30,1131,894,658,4984,5070,4990,3853,4176,4332
18/3/2021 12:00,1169,935,696,5025,5070,5025,3856,4135,4329
18/3/2021 12:30,1215,959,779,5024,5037,5056,3809,4078,4277
18/3/2021 13:00,1277,1028,796,4973,4960,5014,3696,3932,4218
18/3/2021 13:30,1357,1041,844,4908,4886,4870,3551,3845,4026
18/3/2021 14:00,1431,1119,903,4845,4825,4834,3414,3706,3931
18/3/2021 14:30,1499,1061,980,4813,4811,4803,3314,3750,3823
18/3/2021 15:00,1567,1129,1090,4816,4843,4816,3249,3714,3726
18/3/2021 15:30,1636,1119,1179,4846,4888,4830,3210,3769,3651
18/3/2021 16:00,1688,1186,1236,4909,4950,4895,3221,3764,3659
18/3/2021 16:30,1725,1265,1236,5030,5074,5032,3305,3809,3796
18/3/2021 17:00,1733,1338,1286,5187,5236,5199,3454,3898,3913
18/3/2021 17:30,1713,1396,1362,5264,5301,5342,3551,3905,3980
18/3/2021 18:00,1707,1455,1379,5266,5273,5354,3559,3818,3975
18/3/2021 18:30,1716,1549,1363,5325,5334,5357,3609,3785,3994
18/3/2021 19:00,1745,1613,1409,5426,5456,5458,3681,3843,4049
18/3/2021 19:30,1792,1653,1493,5372,5413,5353,3580,3760,3860
18/3/2021 20:00,1827,1720,1586,5159,5191,5209,3332,3471,3623
18/3/2021 20:30,1849,1714,1635,4955,4981,5024,3106,3267,3389
18/3/2021 21:00,1847,1743,1721,4786,4818,4829,2939,3075,3108
18/3/2021 21:30,1820,1786,1816,4584,4623,4574,2764,2837,2758
18/3/2021 22:00,1788,1808,1843,4349,4401,4340,2561,2593,2497
18/3/2021 22:30,1749,1736,1897,4163,4193,4119,2414,2457,2222
18/3/2021 23:00,1722,1749,2027,4008,4009,4010,2286,2260,1983
18/3/2021 23:30,1690,1727,2024,3831,3831,3872,2141,2104,1848
19/3/2021 0:00,1658,1718,1976,3666,3663,3726,2008,1945,1750
19/3/2021 0:30,1625,1724,1889,3541,3535,3626,1916,1811,1737
19/3/2021 1:00,1595,1694,1840,3454,3448,3534,1859,1754,1694
19/3/2021 1:30,1567,1670,1797,3380,3377,3464,1813,1707,1667
19/3/2021 2:00,1539,1619,1747,3313,3310,3413,1774,1691,1666
19/3/2021 2:30,1511,1560,1715,3261,3260,3375,1750,1700,1660
19/3/2021 3:00,1483,1508,1726,3226,3220,3358,1743,1712,1632
19/3/2021 3:30,1456,1496,1662,3209,3200,3328,1753,1704,1666
19/3/2021 4:00,1433,1454,1538,3211,3201,3313,1778,1747,1775
19/3/2021 4:30,1416,1369,1522,3227,3216,3334,1811,1847,1812
19/3/2021 5:00,1395,1339,1440,3263,3251,3388,1868,1912,1948
19/3/2021 5:30,1370,1320,1358,3351,3339,3454,1981,2019,2096
19/3/2021 6:00,1349,1295,1293,3507,3496,3649,2158,2201,2356
19/3/2021 6:30,1332,1347,1271,3761,3753,3797,2429,2406,2526
19/3/2021 7:00,1313,1330,1238,4093,4088,4156,2780,2758,2918
19/3/2021 7:30,1290,1280,1042,4396,4381,4550,3106,3101,3508
19/3/2021 8:00,1213,1194,981,4640,4608,4732,3427,3414,3751
19/3/2021 8:30,1084,1061,941,4812,4768,4840,3728,3707,3899
19/3/2021 9:00,949,943,834,4915,4870,4938,3966,3927,4104
19/3/2021 9:30,808,815,686,4966,4914,4971,4158,4099,4285
19/3/2021 10:00,689,720,564,4980,4919,4969,4291,4199,4405
19/3/2021 10:30,592,456,472,4992,4908,4976,4400,4452,4504
19/3/2021 11:00,509,400,411,5011,4918,4981,4502,4518,4570
19/3/2021 11:30,439,336,368,5026,4941,4974,4587,4605,4606
19/3/2021 12:00,381,301,356,5029,4971,4988,4648,4670,4632
19/3/2021 12:30,337,317,300,4997,4964,5022,4660,4647,4722
19/3/2021 13:00,307,288,243,4927,4914,4977,4620,4626,4734
19/3/2021 13:30,293,307,198,4847,4847,4848,4554,4540,4650
19/3/2021 14:00,284,296,192,4772,4777,4784,4488,4481,4592
19/3/2021 14:30,282,251,211,4743,4738,4743,4461,4487,4532
19/3/2021 15:00,278,254,211,4761,4735,4732,4483,4481,4521
19/3/2021 15:30,274,241,197,4785,4748,4737,4511,4507,4540
19/3/2021 16:00,267,235,217,4820,4786,4775,4553,4551,4558
19/3/2021 16:30,257,192,233,4924,4892,4857,4667,4700,4624
19/3/2021 17:00,245,184,191,5078,5050,5022,4833,4866,4831
19/3/2021 17:30,230,151,167,5150,5142,5165,4920,4991,4998
19/3/2021 18:00,222,150,171,5142,5160,5200,4920,5010,5029
19/3/2021 18:30,218,158,183,5204,5217,5243,4986,5059,5060
19/3/2021 19:00,212,171,168,5321,5289,5418,5109,5118,5250
19/3/2021 19:30,202,189,163,5280,5243,5377,5078,5054,5214
19/3/2021 20:00,188,181,160,5074,5066,5194,4886,4885,5034
19/3/2021 20:30,171,189,145,4874,4872,5011,4703,4683,4866
19/3/2021 21:00,154,171,126,4712,4692,4830,4558,4521,4704
19/3/2021 21:30,136,109,97,4534,4487,4634,4398,4378,4537
19/3/2021 22:00,120,94,87,4335,4275,4439,4215,4181,4352
19/3/2021 22:30,105,71,94,4157,4103,4259,4052,4032,4165
19/3/2021 23:00,117,65,94,3992,3994,4157,3875,3929,4063
19/3/2021 23:30,105,49,98,3868,3869,4038,3763,3820,3940
20/3/2021 0:00,94,49,94,3730,3731,3891,3636,3682,3797
20/3/2021 0:30,82,45,94,3608,3608,3761,3526,3563,3667
20/3/2021 1:00,74,47,89,3507,3507,3658,3433,3460,3569
20/3/2021 1:30,69,57,0,3420,3422,3559,3351,3365,3559
20/3/2021 2:00,68,56,0,3345,3344,3473,3277,3288,3473
20/3/2021 2:30,71,56,0,3277,3278,3415,3206,3222,3415
20/3/2021 3:00,74,55,0,3221,3220,3364,3147,3165,3364
20/3/2021 3:30,78,47,0,3190,3187,3341,3112,3140,3341
20/3/2021 4:00,80,44,0,3183,3178,3330,3103,3134,3330
20/3/2021 4:30,80,33,0,3181,3174,3318,3101,3141,3318
20/3/2021 5:00,78,28,0,3187,3178,3337,3109,3150,3337
20/3/2021 5:30,77,22,0,3233,3226,3359,3156,3204,3359
20/3/2021 6:00,76,24,0,3322,3317,3456,3246,3293,3456
20/3/2021 6:30,77,30,34,3433,3429,3499,3356,3399,3465
20/3/2021 7:00,82,42,92,3563,3555,3640,3481,3513,3548
20/3/2021 7:30,89,59,115,3719,3715,3867,3630,3656,3752
20/3/2021 8:00,104,79,126,3895,3902,3988,3791,3823,3862
20/3/2021 8:30,125,100,145,4059,4076,4155,3934,3976,4010
20/3/2021 9:00,146,123,169,4199,4223,4336,4053,4100,4167
20/3/2021 9:30,168,159,200,4304,4335,4468,4136,4176,4268
20/3/2021 10:00,185,191,225,4374,4407,4560,4189,4216,4335
20/3/2021 10:30,198,212,251,4419,4449,4616,4221,4237,4365
20/3/2021 11:00,212,250,296,4447,4471,4646,4235,4221,4350
20/3/2021 11:30,227,289,334,4474,4490,4656,4247,4201,4322
20/3/2021 12:00,246,339,382,4501,4503,4670,4255,4164,4288
20/3/2021 12:30,270,409,478,4506,4501,4687,4236,4092,4209
20/3/2021 13:00,301,471,559,4482,4476,4644,4181,4005,4085
20/3/2021 13:30,339,534,630,4427,4420,4545,4088,3886,3915
20/3/2021 14:00,383,605,658,4351,4339,4441,3968,3734,3783
20/3/2021 14:30,435,684,696,4302,4289,4368,3867,3605,3672
20/3/2021 15:00,475,713,682,4290,4278,4330,3815,3565,3648
20/3/2021 15:30,504,687,704,4309,4295,4328,3805,3608,3624
20/3/2021 16:00,518,697,731,4364,4342,4382,3846,3645,3651
20/3/2021 16:30,515,751,806,4479,4444,4521,3964,3693,3715
20/3/2021 17:00,507,785,928,4637,4587,4679,4130,3802,3751
20/3/2021 17:30,495,845,949,4745,4691,4852,4250,3846,3903
20/3/2021 18:00,497,848,953,4799,4758,4909,4302,3910,3956
20/3/2021 18:30,512,745,1003,4876,4875,5002,4364,4130,3999
20/3/2021 19:00,518,721,1017,4959,5010,5187,4441,4289,4170
20/3/2021 19:30,514,721,1012,4908,4968,5085,4394,4247,4073
20/3/2021 20:00,500,711,940,4722,4747,4881,4222,4036,3941
20/3/2021 20:30,476,768,904,4538,4555,4681,4062,3787,3777
20/3/2021 21:00,451,762,892,4382,4423,4523,3931,3661,3631
20/3/2021 21:30,426,761,789,4218,4281,4344,3792,3520,3555
20/3/2021 22:00,408,708,690,4044,4119,4177,3636,3411,3487
20/3/2021 22:30,398,683,620,3895,3966,4047,3497,3283,3427
20/3/2021 23:00,510,616,542,3839,3848,3973,3329,3232,3431
20/3/2021 23:30,477,559,534,3731,3741,3851,3254,3182,3317
21/3/2021 0:00,441,501,533,3632,3641,3730,3191,3140,3197
21/3/2021 0:30,402,405,471,3527,3542,3593,3125,3137,3122
21/3/2021 1:00,363,353,419,3418,3437,3497,3055,3084,3078
21/3/2021 1:30,324,285,377,3321,3343,3415,2997,3058,3038
21/3/2021 2:00,290,248,316,3242,3259,3329,2952,3011,3013
21/3/2021 2:30,260,255,283,3185,3199,3272,2925,2944,2989
21/3/2021 3:00,235,230,290,3149,3158,3226,2914,2928,2936
21/3/2021 3:30,214,182,336,3130,3143,3194,2916,2961,2858
21/3/2021 4:00,202,163,325,3123,3136,3185,2921,2973,2860
21/3/2021 4:30,198,135,325,3113,3130,3173,2915,2995,2848
21/3/2021 5:00,194,132,313,3106,3122,3198,2912,2990,2885
21/3/2021 5:30,189,122,267,3130,3147,3203,2941,3025,2936
21/3/2021 6:00,185,118,263,3184,3199,3255,2999,3081,2992
21/3/2021 6:30,181,118,236,3226,3244,3249,3045,3126,3013
21/3/2021 7:00,171,107,219,3264,3283,3356,3093,3176,3137
21/3/2021 7:30,155,124,186,3376,3397,3525,3221,3273,3339
21/3/2021 8:00,140,106,164,3560,3582,3627,3420,3476,3463
21/3/2021 8:30,127,170,157,3740,3760,3768,3613,3590,3611
21/3/2021 9:00,119,165,167,3898,3921,3969,3779,3756,3802
21/3/2021 9:30,115,131,173,4044,4072,4155,3929,3941,3982
21/3/2021 10:00,109,126,192,4178,4213,4314,4069,4087,4122
21/3/2021 10:30,101,84,188,4281,4310,4420,4180,4226,4232
21/3/2021 11:00,92,71,178,4354,4388,4500,4262,4317,4322
21/3/2021 11:30,82,63,173,4415,4463,4545,4333,4400,4372
21/3/2021 12:00,75,57,166,4464,4528,4597,4389,4471,4431
21/3/2021 12:30,70,53,178,4473,4550,4640,4403,4497,4462
21/3/2021 13:00,68,51,172,4436,4515,4613,4368,4464,4441
21/3/2021 13:30,67,49,172,4367,4444,4503,4300,4395,4331
21/3/2021 14:00,66,47,171,4280,4344,4406,4214,4297,4235
21/3/2021 14:30,64,100,162,4223,4277,4329,4159,4177,4167
21/3/2021 15:00,60,88,144,4205,4252,4309,4145,4164,4165
21/3/2021 15:30,55,42,124,4221,4267,4331,4166,4225,4207
21/3/2021 16:00,49,36,102,4273,4325,4411,4224,4289,4309
21/3/2021 16:30,43,37,106,4382,4437,4553,4339,4400,4447
21/3/2021 17:00,40,35,99,4530,4584,4770,4490,4549,4671
21/3/2021 17:30,40,52,90,4625,4672,4925,4585,4620,4835
21/3/2021 18:00,44,57,86,4676,4705,5033,4632,4648,4947
21/3/2021 18:30,54,76,84,4805,4821,5072,4751,4745,4988
21/3/2021 19:00,64,92,85,4984,4985,5238,4920,4893,5153
21/3/2021 19:30,74,102,101,4978,4976,5187,4904,4874,5086
21/3/2021 20:00,82,129,129,4780,4781,4994,4698,4652,4865
21/3/2021 20:30,87,116,176,4596,4595,4804,4509,4479,4628
21/3/2021 21:00,95,141,238,4459,4459,4601,4364,4318,4363
21/3/2021 21:30,106,143,347,4297,4296,4368,4191,4153,4021
21/3/2021 22:00,122,165,378,4105,4110,4149,3983,3945,3771
21/3/2021 22:30,144,185,423,3937,3939,3971,3793,3754,3548
21/3/2021 23:00,169,208,419,3790,3800,3865,3621,3592,3446
21/3/2021 23:30,189,296,432,3648,3661,3728,3459,3365,3296
22/3/2021 0:00,215,329,456,3510,3522,3584,3295,3193,3128
22/3/2021 0:30,248,353,539,3405,3419,3476,3157,3066,2937
22/3/2021 1:00,278,392,569,3332,3345,3401,3054,2953,2832
22/3/2021 1:30,306,452,542,3266,3282,3330,2960,2830,2788
22/3/2021 2:00,334,458,574,3205,3216,3287,2871,2758,2713
22/3/2021 2:30,362,539,560,3158,3170,3248,2796,2631,2688
22/3/2021 3:00,382,548,545,3129,3138,3224,2747,2590,2679
22/3/2021 3:30,394,531,483,3117,3138,3213,2723,2607,2730
22/3/2021 4:00,413,546,473,3119,3138,3213,2706,2592,2740
22/3/2021 4:30,440,574,493,3132,3153,3216,2692,2579,2723
22/3/2021 5:00,467,584,528,3168,3191,3268,2701,2607,2740
22/3/2021 5:30,495,585,524,3278,3305,3324,2783,2720,2800
22/3/2021 6:00,528,608,509,3474,3502,3530,2946,2894,3021
22/3/2021 6:30,566,621,518,3752,3777,3726,3186,3156,3208
22/3/2021 7:00,597,647,516,4089,4104,4124,3492,3457,3608
22/3/2021 7:30,622,599,527,4396,4409,4580,3774,3810,4053
22/3/2021 8:00,630,611,526,4645,4666,4782,4015,4055,4256
22/3/2021 8:30,620,630,545,4815,4841,4912,4195,4211,4367
22/3/2021 9:00,647,636,575,4907,4942,5006,4260,4306,4431
22/3/2021 9:30,709,633,596,4953,4991,5061,4244,4358,4465
22/3/2021 10:00,755,673,620,4968,5004,5032,4213,4331,4412
22/3/2021 10:30,785,642,735,4976,4994,5067,4191,4352,4332
22/3/2021 11:00,822,692,810,4987,4999,5077,4165,4307,4267
22/3/2021 11:30,866,712,846,5014,5025,5075,4148,4313,4229
22/3/2021 12:00,913,790,892,5050,5060,5102,4137,4270,4210
22/3/2021 12:30,960,915,931,5046,5055,5164,4086,4140,4233
22/3/2021 13:00,1000,965,944,4998,5000,5164,3998,4035,4220
22/3/2021 13:30,1032,957,938,4940,4939,5061,3908,3982,4123
22/3/2021 14:00,1054,969,936,4885,4882,5010,3831,3913,4074
22/3/2021 14:30,1066,1003,931,4861,4859,4990,3795,3856,4059
22/3/2021 15:00,1053,1002,919,4871,4875,5018,3818,3873,4099
22/3/2021 15:30,1014,982,884,4909,4925,5066,3895,3943,4182
22/3/2021 16:00,969,965,842,4980,5014,5134,4011,4049,4292
22/3/2021 16:30,918,926,822,5107,5154,5298,4189,4228,4476
22/3/2021 17:00,879,903,798,5265,5322,5482,4386,4419,4684
22/3/2021 17:30,853,850,783,5333,5381,5603,4480,4531,4820
22/3/2021 18:00,855,861,797,5317,5341,5564,4462,4480,4767
22/3/2021 18:30,887,833,835,5366,5383,5504,4479,4550,4669
22/3/2021 19:00,941,871,893,5466,5487,5548,4525,4616,4655
22/3/2021 19:30,1017,883,939,5414,5436,5456,4397,4553,4517
22/3/2021 20:00,1100,947,982,5200,5216,5286,4100,4269,4304
22/3/2021 20:30,1189,1040,1065,4998,5006,5090,3809,3966,4025
22/3/2021 21:00,1275,1109,1158,4834,4839,4889,3559,3730,3731
22/3/2021 21:30,1357,1149,1232,4636,4638,4676,3279,3489,3444
22/3/2021 22:00,1427,1206,1248,4401,4413,4420,2974,3207,3172
22/3/2021 22:30,1483,1264,1319,4187,4204,4200,2704,2940,2881
22/3/2021 23:00,1532,1325,1381,4014,4026,4062,2482,2701,2681
22/3/2021 23:30,1592,1392,1389,3837,3851,3907,2245,2459,2518
23/3/2021 0:00,1653,1468,1453,3669,3685,3778,2016,2217,2325
23/3/2021 0:30,1714,1566,1538,3546,3563,3671,1832,1997,2133
23/3/2021 1:00,1775,1651,1655,3468,3483,3577,1693,1832,1922
23/3/2021 1:30,1835,1725,1754,3402,3418,3504,1567,1693,1750
23/3/2021 2:00,1891,1811,1836,3343,3355,3444,1452,1544,1608
23/3/2021 2:30,1942,1893,1975,3296,3312,3404,1354,1419,1429
23/3/2021 3:00,2003,1959,2120,3265,3280,3368,1262,1321,1248
23/3/2021 3:30,2073,1946,2226,3254,3267,3342,1181,1321,1116
23/3/2021 4:00,2142,2009,2294,3259,3272,3346,1117,1263,1052
23/3/2021 4:30,2210,2082,2232,3273,3287,3327,1063,1205,1095
23/3/2021 5:00,2293,2176,2322,3307,3321,3397,1014,1145,1075
23/3/2021 5:30,2391,2334,2414,3416,3434,3476,1025,1100,1062
23/3/2021 6:00,2498,2449,2532,3611,3630,3657,1113,1181,1125
23/3/2021 6:30,2613,2670,2498,3872,3892,3832,1259,1222,1334
23/3/2021 7:00,2695,2779,2530,4179,4196,4208,1484,1417,1678
23/3/2021 7:30,2742,2884,2814,4474,4494,4683,1732,1610,1869
23/3/2021 8:00,2831,3001,3014,4729,4758,4902,1898,1757,1888
23/3/2021 8:30,2962,3063,3038,4894,4906,5000,1932,1843,1962
23/3/2021 9:00,3115,3192,3123,4970,4998,5084,1855,1806,1961
23/3/2021 9:30,3292,3341,3114,5009,5039,5083,1717,1698,1969
23/3/2021 10:00,3409,3448,3136,5027,5048,5044,1618,1600,1908
23/3/2021 10:30,3468,3387,3223,5034,5023,5043,1566,1636,1820
23/3/2021 11:00,3536,3460,3336,5037,5032,5043,1501,1572,1707
23/3/2021 11:30,3615,3655,3392,5060,5065,5019,1445,1410,1627
23/3/2021 12:00,3672,3678,3438,5095,5108,5069,1423,1430,1631
23/3/2021 12:30,3709,3462,3440,5093,5117,5130,1384,1655,1690
23/3/2021 13:00,3699,3471,3425,5052,5083,5110,1353,1612,1685
23/3/2021 13:30,3644,3439,3478,5009,5049,5025,1365,1610,1547
23/3/2021 14:00,3530,3378,3533,4976,5019,5021,1446,1641,1488
23/3/2021 14:30,3358,3248,3522,4974,5018,5035,1616,1770,1513
23/3/2021 15:00,3166,3097,3417,5004,5041,5064,1838,1944,1647
23/3/2021 15:30,2953,2898,3254,5046,5080,5082,2093,2182,1828
23/3/2021 16:00,2730,2725,3092,5105,5140,5126,2375,2415,2034
23/3/2021 16:30,2496,2560,3016,5222,5261,5235,2726,2701,2219
23/3/2021 17:00,2336,2402,2847,5369,5416,5398,3033,3014,2551
23/3/2021 17:30,2249,2305,2518,5406,5456,5520,3157,3151,3002
23/3/2021 18:00,2134,2140,2190,5344,5386,5509,3210,3246,3319
23/3/2021 18:30,1992,2019,2058,5379,5411,5490,3387,3392,3432
23/3/2021 19:00,1852,1873,1934,5497,5511,5549,3645,3638,3615
23/3/2021 19:30,1714,1806,1805,5460,5465,5510,3746,3659,3705
23/3/2021 20:00,1624,1728,1810,5254,5260,5349,3630,3532,3539
23/3/2021 20:30,1582,1657,1858,5056,5063,5151,3474,3406,3293
23/3/2021 21:00,1561,1675,1930,4894,4902,4943,3333,3227,3013
23/3/2021 21:30,1560,1609,1817,4700,4692,4699,3140,3083,2882
23/3/2021 22:00,1563,1677,1782,4469,4447,4467,2906,2770,2685
23/3/2021 22:30,1570,1811,1802,4257,4233,4252,2687,2422,2450
23/3/2021 23:00,1806,1854,1822,4086,4079,4116,2280,2225,2294
23/3/2021 23:30,1830,2044,1888,3928,3921,3967,2098,1877,2079
24/3/2021 0:00,1848,2047,1899,3763,3762,3820,1915,1715,1921
24/3/2021 0:30,1861,2057,1992,3639,3644,3705,1778,1587,1713
24/3/2021 1:00,1859,2022,1982,3560,3563,3620,1701,1541,1638
24/3/2021 1:30,1841,1782,1957,3491,3496,3537,1650,1714,1580
24/3/2021 2:00,1808,1765,1939,3426,3428,3477,1618,1663,1538
24/3/2021 2:30,1759,1711,1891,3376,3382,3440,1617,1671,1549
24/3/2021 3:00,1703,1671,1870,3344,3349,3391,1641,1678,1521
24/3/2021 3:30,1640,1601,1905,3330,3334,3383,1690,1733,1478
24/3/2021 4:00,1599,1542,1847,3332,3335,3388,1733,1793,1541
24/3/2021 4:30,1578,1533,1830,3348,3353,3387,1770,1820,1557
24/3/2021 5:00,1556,1505,1881,3387,3393,3430,1831,1888,1549
24/3/2021 5:30,1531,1561,1942,3494,3501,3518,1963,1940,1576
24/3/2021 6:00,1521,1577,1862,3678,3685,3668,2157,2108,1806
24/3/2021 6:30,1524,1746,1882,3946,3953,3861,2422,2207,1979
24/3/2021 7:00,1534,1772,1914,4275,4278,4255,2741,2506,2341
24/3/2021 7:30,1550,1753,1914,4570,4574,4662,3020,2821,2748
24/3/2021 8:00,1601,1779,1907,4800,4810,4817,3199,3031,2910
24/3/2021 8:30,1686,1737,2086,4936,4951,4916,3250,3214,2830
24/3/2021 9:00,1966,1994,2215,4986,5009,4975,3020,3015,2760
24/3/2021 9:30,2439,2484,2449,5009,5029,4992,2570,2545,2543
24/3/2021 10:00,2813,2822,2687,5020,5031,4918,2207,2209,2231
24/3/2021 10:30,3089,3123,2881,5029,5014,4915,1940,1891,2034
24/3/2021 11:00,3269,3285,3118,5042,4995,4943,1773,1710,1825
24/3/2021 11:30,3353,3397,3244,5078,5017,4977,1725,1620,1733
24/3/2021 12:00,3412,3462,3247,5129,5074,5038,1717,1612,1791
24/3/2021 12:30,3443,3597,3310,5143,5095,5118,1700,1498,1808
24/3/2021 13:00,3458,3581,3285,5113,5072,5122,1655,1491,1837
24/3/2021 13:30,3457,3306,3299,5066,5043,4999,1609,1737,1700
24/3/2021 14:00,3376,3196,3277,5016,5011,4994,1640,1815,1717
24/3/2021 14:30,3213,2990,3220,4994,4996,4979,1781,2006,1759
24/3/2021 15:00,3022,2740,3029,5005,4997,5022,1983,2257,1993
24/3/2021 15:30,2802,2470,3024,5041,5028,5059,2239,2558,2035
24/3/2021 16:00,2565,2236,2767,5108,5092,5072,2543,2856,2305
24/3/2021 16:30,2311,2050,2377,5237,5219,5195,2926,3169,2818
24/3/2021 17:00,2079,1844,2090,5396,5379,5366,3317,3535,3276
24/3/2021 17:30,1867,1612,1843,5433,5435,5497,3566,3823,3654
24/3/2021 18:00,1675,1417,1613,5363,5392,5482,3688,3975,3869
24/3/2021 18:30,1500,1381,1455,5412,5445,5439,3912,4064,3984
24/3/2021 19:00,1381,1301,1428,5567,5569,5529,4186,4268,4101
24/3/2021 19:30,1316,1521,1465,5547,5542,5517,4231,4021,4052
24/3/2021 20:00,1279,1507,1456,5334,5342,5344,4055,3835,3888
24/3/2021 20:30,1269,1182,1415,5132,5133,5148,3863,3951,3733
24/3/2021 21:00,1272,1182,1389,4971,4949,4947,3699,3767,3558
24/3/2021 21:30,1288,1175,1451,4763,4730,4751,3475,3555,3300
24/3/2021 22:00,1317,1192,1397,4508,4491,4501,3191,3299,3104
24/3/2021 22:30,1360,1316,1466,4301,4290,4264,2941,2974,2798
24/3/2021 23:00,1440,1393,1436,4140,4142,4104,2700,2749,2668
24/3/2021 23:30,1531,1566,1507,3981,3984,3958,2450,2418,2451
25/3/2021 0:00,1625,1663,1641,3814,3818,3810,2189,2155,2169
25/3/2021 0:30,1721,1723,1716,3688,3695,3693,1967,1972,1977
25/3/2021 1:00,1805,1807,1876,3606,3611,3610,1801,1804,1734
25/3/2021 1:30,1879,1814,1870,3535,3545,3543,1656,1731,1673
25/3/2021 2:00,1955,1891,2046,3470,3477,3496,1515,1586,1450
25/3/2021 2:30,2034,1919,2146,3419,3430,3451,1385,1511,1305
25/3/2021 3:00,2107,1988,2236,3386,3394,3432,1279,1406,1196
25/3/2021 3:30,2175,2027,2212,3368,3387,3400,1193,1360,1188
25/3/2021 4:00,2237,2062,2301,3366,3384,3395,1129,1322,1094
25/3/2021 4:30,2292,2150,2412,3381,3402,3406,1089,1252,994
25/3/2021 5:00,2316,2182,2431,3420,3440,3466,1104,1258,1035
25/3/2021 5:30,2311,2331,2257,3517,3537,3532,1206,1206,1275
25/3/2021 6:00,2310,2323,2134,3688,3703,3704,1378,1380,1570
25/3/2021 6:30,2314,2258,2150,3953,3968,3885,1639,1710,1735
25/3/2021 7:00,2302,2229,2200,4293,4305,4256,1991,2076,2056
25/3/2021 7:30,2274,2162,2206,4602,4610,4691,2328,2448,2485
25/3/2021 8:00,2303,2165,2198,4846,4850,4890,2543,2685,2692
25/3/2021 8:30,2390,2194,2230,4994,4996,4976,2604,2802,2746
25/3/2021 9:00,2439,2235,2238,5054,5054,5067,2615,2819,2829
25/3/2021 9:30,2450,2215,2368,5081,5060,5105,2631,2845,2737
25/3/2021 10:00,2460,2286,2437,5089,5039,5061,2629,2753,2624
25/3/2021 10:30,2467,2387,2576,5081,5025,5058,2614,2638,2482
25/3/2021 11:00,2533,2456,2787,5067,5038,5080,2534,2582,2293
25/3/2021 11:30,2657,2523,2873,5081,5070,5071,2424,2547,2198
25/3/2021 12:00,2780,2625,3022,5118,5114,5102,2338,2489,2080
25/3/2021 12:30,2902,2776,3222,5115,5106,5165,2213,2330,1943
25/3/2021 13:00,3012,2926,3328,5066,5047,5167,2054,2121,1839
25/3/2021 13:30,3110,3037,3404,5016,4981,5035,1906,1944,1631
25/3/2021 14:00,3213,3149,3468,4977,4925,4975,1764,1776,1507
25/3/2021 14:30,3320,3307,3418,4963,4920,4925,1643,1613,1507
25/3/2021 15:00,3395,3358,3578,4976,4963,5008,1581,1605,1430
25/3/2021 15:30,3436,3417,3535,5011,5005,5027,1575,1588,1492
25/3/2021 16:00,3447,3443,3478,5076,5052,5093,1629,1609,1615
25/3/2021 16:30,3427,3649,3558,5205,5172,5216,1778,1523,1658
25/3/2021 17:00,3407,3658,3482,5371,5345,5360,1964,1687,1878
25/3/2021 17:30,3386,3651,3421,5431,5423,5480,2045,1772,2059
25/3/2021 18:00,3371,3657,3369,5394,5408,5467,2023,1751,2098
25/3/2021 18:30,3364,3694,3259,5440,5450,5408,2076,1756,2149
25/3/2021 19:00,3365,3672,3142,5560,5532,5495,2195,1860,2353
25/3/2021 19:30,3373,3529,3325,5530,5484,5524,2157,1955,2199
25/3/2021 20:00,3366,3519,3394,5333,5292,5386,1967,1773,1992
25/3/2021 20:30,3343,3554,3305,5131,5095,5189,1788,1541,1884
25/3/2021 21:00,3308,3528,3253,4951,4928,4992,1643,1400,1739
25/3/2021 21:30,3263,3378,3172,4742,4719,4749,1479,1341,1577
25/3/2021 22:00,3189,3335,3120,4505,4481,4516,1316,1146,1396
25/3/2021 22:30,3087,3129,3096,4296,4263,4287,1209,1134,1191
25/3/2021 23:00,2859,3155,3028,4080,4092,4132,1221,937,1104
25/3/2021 23:30,2674,2950,2937,3939,3950,3977,1265,1000,1040
26/3/2021 0:00,2593,2752,2827,3833,3847,3804,1240,1095,977
26/3/2021 0:30,2617,2739,2722,3734,3747,3672,1117,1008,950
26/3/2021 1:00,2569,2632,2711,3638,3648,3609,1069,1016,898
26/3/2021 1:30,2450,2588,2687,3560,3575,3530,1110,987,843
26/3/2021 2:00,2400,2483,2628,3499,3505,3465,1099,1022,837
26/3/2021 2:30,2417,2404,2664,3447,3460,3462,1030,1056,798
26/3/2021 3:00,2392,2402,2584,3406,3411,3382,1014,1009,798
26/3/2021 3:30,2324,2336,2650,3386,3398,3396,1062,1062,746
26/3/2021 4:00,2269,2216,2497,3390,3395,3420,1121,1179,923
26/3/2021 4:30,2228,2159,2433,3417,3429,3442,1189,1270,1009
26/3/2021 5:00,2211,2204,2247,3469,3475,3456,1258,1271,1209
26/3/2021 5:30,2219,2246,2287,3561,3572,3517,1342,1326,1230
26/3/2021 6:00,2247,2296,2309,3710,3714,3666,1463,1418,1357
26/3/2021 6:30,2296,2259,2288,3965,3977,3840,1669,1718,1552
26/3/2021 7:00,2394,2312,2243,4308,4319,4241,1914,2007,1998
26/3/2021 7:30,2542,2380,2170,4614,4628,4617,2072,2248,2447
26/3/2021 8:00,2723,2247,2094,4849,4861,4768,2126,2614,2674
26/3/2021 8:30,2939,2383,2146,4993,5000,4840,2054,2617,2694
26/3/2021 9:00,3153,2602,2574,5050,5053,4926,1897,2451,2352
26/3/2021 9:30,3367,2820,3103,5067,5065,4994,1700,2245,1891
26/3/2021 10:00,3490,2906,3253,5058,5050,4976,1568,2144,1723
26/3/2021 10:30,3522,3077,3360,5049,5040,4990,1527,1963,1630
26/3/2021 11:00,3547,3186,3451,5050,5043,5042,1503,1857,1591
26/3/2021 11:30,3566,3306,3283,5081,5065,4986,1515,1759,1703
26/3/2021 12:00,3586,3391,3277,5131,5106,5024,1545,1715,1747
26/3/2021 12:30,3605,3414,3429,5141,5119,5152,1536,1705,1723
26/3/2021 13:00,3587,3551,3395,5099,5081,5119,1512,1530,1724
26/3/2021 13:30,3531,3594,3344,5029,5018,5004,1498,1424,1660
26/3/2021 14:00,3494,3640,3364,4952,4925,4977,1458,1285,1613
26/3/2021 14:30,3476,3638,3436,4930,4897,4944,1454,1259,1508
26/3/2021 15:00,3470,3415,3320,4963,4927,4916,1493,1512,1596
26/3/2021 15:30,3476,3456,3466,4996,4977,4934,1520,1521,1468
26/3/2021 16:00,3495,3530,3602,5033,5042,5031,1538,1512,1429
26/3/2021 16:30,3525,3527,3737,5139,5167,5205,1614,1640,1468
26/3/2021 17:00,3544,3502,3716,5296,5327,5392,1752,1825,1676
26/3/2021 17:30,3550,3520,3676,5368,5404,5490,1818,1884,1814
26/3/2021 18:00,3503,3526,3613,5359,5392,5449,1856,1866,1836
26/3/2021 18:30,3405,3504,3490,5412,5436,5444,2007,1932,1954
26/3/2021 19:00,3346,3539,3474,5516,5513,5458,2170,1974,1984
26/3/2021 19:30,3327,3457,3419,5481,5489,5444,2154,2032,2025
26/3/2021 20:00,3295,3430,3381,5295,5342,5255,2000,1912,1874
26/3/2021 20:30,3251,3415,3187,5110,5148,5040,1859,1733,1853
26/3/2021 21:00,3193,3323,3192,4948,4962,4932,1755,1639,1740
26/3/2021 21:30,3124,3259,3101,4745,4734,4702,1621,1475,1601
26/3/2021 22:00,3059,3219,3277,4506,4510,4539,1447,1291,1262
26/3/2021 22:30,2997,3180,3130,4316,4315,4345,1319,1135,1215
26/3/2021 23:00,3102,3079,2998,4191,4196,4235,1089,1117,1237
26/3/2021 23:30,2884,2870,3008,4052,4058,4112,1168,1188,1104
27/3/2021 0:00,2744,2620,2931,3892,3894,3956,1148,1274,1025
27/3/2021 0:30,2683,2608,2876,3755,3760,3818,1072,1152,942
27/3/2021 1:00,2602,2593,2756,3648,3648,3701,1046,1055,945
27/3/2021 1:30,2500,2465,2540,3558,3559,3604,1058,1094,1064
27/3/2021 2:00,2359,2253,2255,3481,3481,3523,1122,1228,1268
27/3/2021 2:30,2179,2156,2018,3414,3418,3438,1235,1262,1420
27/3/2021 3:00,2002,2191,2013,3361,3360,3383,1359,1169,1370
27/3/2021 3:30,1829,1985,1850,3343,3343,3359,1514,1358,1509
27/3/2021 4:00,1652,1789,1678,3354,3353,3345,1702,1564,1667
27/3/2021 4:30,1471,1580,1491,3356,3360,3340,1885,1780,1849
27/3/2021 5:00,1328,1263,1368,3350,3350,3347,2022,2087,1979
27/3/2021 5:30,1222,1163,1287,3383,3385,3406,2161,2222,2119
27/3/2021 6:00,1175,1035,1312,3462,3457,3439,2287,2422,2127
27/3/2021 6:30,1189,1006,1334,3575,3578,3527,2386,2572,2193
27/3/2021 7:00,1203,1054,1374,3719,3727,3701,2516,2673,2327
27/3/2021 7:30,1220,1107,1404,3896,3876,3938,2676,2769,2534
27/3/2021 8:00,1284,1167,1500,4095,4019,4051,2811,2852,2551
27/3/2021 8:30,1396,1283,1606,4266,4169,4209,2870,2886,2603
27/3/2021 9:00,1648,1593,1794,4399,4330,4366,2751,2737,2572
27/3/2021 9:30,2039,1956,2086,4508,4450,4478,2469,2494,2392
27/3/2021 10:00,2416,2451,2432,4591,4537,4564,2175,2086,2132
27/3/2021 10:30,2780,2888,2700,4639,4585,4597,1859,1697,1897
27/3/2021 11:00,3075,3244,2914,4657,4612,4619,1582,1368,1705
27/3/2021 11:30,3300,3443,3187,4679,4633,4649,1379,1190,1462
27/3/2021 12:00,3469,3647,3351,4710,4672,4715,1241,1025,1364
27/3/2021 12:30,3583,3730,3614,4733,4692,4775,1150,962,1161
27/3/2021 13:00,3661,3679,3667,4739,4696,4769,1078,1017,1102
27/3/2021 13:30,3704,3736,3731,4701,4674,4724,997,938,993
27/3/2021 14:00,3735,3578,3803,4629,4626,4672,894,1048,869
27/3/2021 14:30,3753,3623,3834,4598,4585,4642,845,962,808
27/3/2021 15:00,3773,3723,3716,4616,4566,4599,843,843,883
27/3/2021 15:30,3796,3747,3732,4654,4612,4603,858,865,871
27/3/2021 16:00,3815,3827,3731,4711,4727,4665,896,900,934
27/3/2021 16:30,3832,3835,3843,4825,4872,4797,993,1037,954
27/3/2021 17:00,3843,3886,3961,4979,5034,4991,1136,1148,1030
27/3/2021 17:30,3849,3891,3979,5080,5134,5119,1231,1243,1140
27/3/2021 18:00,3855,3819,4002,5120,5155,5202,1265,1336,1200
27/3/2021 18:30,3861,3826,4017,5161,5181,5157,1300,1355,1140
27/3/2021 19:00,3863,3798,4004,5196,5189,5240,1333,1391,1236
27/3/2021 19:30,3861,3801,4001,5133,5098,5150,1272,1297,1149
27/3/2021 20:00,3856,3906,3954,4970,4913,4946,1114,1007,992
27/3/2021 20:30,3848,3883,3697,4793,4737,4727,945,854,1030
27/3/2021 21:00,3815,3877,3695,4622,4620,4547,807,743,852
27/3/2021 21:30,3760,3802,3611,4444,4466,4391,684,664,780
27/3/2021 22:00,3699,3748,3486,4261,4302,4213,562,554,727
27/3/2021 22:30,3634,3669,3352,4094,4124,4033,460,455,681
27/3/2021 23:00,3458,3509,3310,3974,3976,3958,516,467,648
27/3/2021 23:30,3196,3250,3240,3877,3879,3855,681,629,615
28/3/2021 0:00,3051,2959,3189,3813,3803,3718,762,844,529
28/3/2021 0:30,,,,,,,0,0,0
28/3/2021 1:00,,,,,,,0,0,0
28/3/2021 1:30,3022,2949,2526,3652,3646,3666,630,697,1140
28/3/2021 2:00,2991,2813,2415,3410,3364,3346,419,551,931
28/3/2021 2:30,2958,2768,2977,3266,3234,3391,308,466,414
28/3/2021 3:00,2924,2739,2888,3240,3228,3304,316,489,416
28/3/2021 3:30,2889,2727,2727,3231,3230,3234,342,503,507
28/3/2021 4:00,2846,2868,2546,3215,3216,3185,369,348,639
28/3/2021 4:30,2795,2847,2443,3195,3201,3157,400,354,714
28/3/2021 5:00,2744,2825,2428,3179,3182,3152,435,357,724
28/3/2021 5:30,2693,2811,2444,3201,3211,3172,508,400,728
28/3/2021 6:00,2653,2743,2372,3264,3276,3223,611,533,851
28/3/2021 6:30,2625,2725,2362,3355,3369,3261,730,644,899
28/3/2021 7:00,2616,2558,2353,3466,3486,3336,850,928,983
28/3/2021 7:30,2625,2610,2327,3579,3594,3383,954,984,1056
28/3/2021 8:00,2680,2566,2329,3698,3703,3513,1018,1137,1184
28/3/2021 8:30,2781,2644,2343,3854,3852,3648,1073,1208,1305
28/3/2021 9:00,2872,2635,2284,4045,4048,3783,1173,1413,1499
28/3/2021 9:30,2952,2706,2421,4228,4246,3923,1276,1540,1502
28/3/2021 10:00,3048,2814,2526,4387,4428,4085,1339,1614,1559
28/3/2021 10:30,3160,2941,2611,4505,4550,4205,1345,1609,1594
28/3/2021 11:00,3270,2974,2847,4583,4616,4340,1313,1642,1493
28/3/2021 11:30,3379,3118,2965,4634,4666,4456,1255,1548,1491
28/3/2021 12:00,3471,3127,3058,4666,4711,4572,1195,1584,1514
28/3/2021 12:30,3546,3230,3143,4702,4758,4686,1156,1528,1543
28/3/2021 13:00,3603,3329,3270,4734,4790,4721,1131,1461,1451
28/3/2021 13:30,3639,3386,3250,4705,4756,4686,1066,1370,1436
28/3/2021 14:00,3664,3442,3342,4622,4660,4617,958,1218,1275
28/3/2021 14:30,3676,3462,3300,4569,4590,4544,893,1128,1244
28/3/2021 15:00,3683,3441,3340,4558,4563,4515,875,1122,1175
28/3/2021 15:30,3684,3457,3338,4555,4563,4519,871,1106,1181
28/3/2021 16:00,3686,3447,3325,4569,4593,4567,883,1146,1242
28/3/2021 16:30,3689,3465,3463,4671,4684,4637,982,1219,1174
28/3/2021 17:00,3691,3460,3639,4839,4818,4785,1148,1358,1146
28/3/2021 17:30,3691,3478,3670,4925,4890,4874,1234,1412,1204
28/3/2021 18:00,3693,3463,3636,4911,4887,4887,1218,1424,1251
28/3/2021 18:30,3695,3476,3671,4876,4850,4827,1181,1374,1156
28/3/2021 19:00,3698,3451,3728,4841,4802,4766,1143,1351,1038
28/3/2021 19:30,3703,3476,3679,4815,4784,4720,1112,1308,1041
28/3/2021 20:00,3705,3623,3710,4786,4784,4761,1081,1161,1051
28/3/2021 20:30,3705,3630,3626,4696,4704,4722,991,1074,1096
28/3/2021 21:00,3701,3659,3507,4540,4531,4575,839,872,1068
28/3/2021 21:30,3694,3652,3382,4354,4318,4369,660,666,987
28/3/2021 22:00,3665,3674,3410,4154,4088,4204,489,414,794
28/3/2021 22:30,3612,3611,3354,3964,3881,4005,352,270,651
28/3/2021 23:00,3478,3547,3230,3714,3711,3809,236,164,579
28/3/2021 23:30,3422,3459,3129,3607,3604,3640,185,145,511
29/3/2021 0:00,3276,3306,3108,3546,3544,3590,270,238,482
29/3/2021 0:30,3038,2966,3015,3437,3435,3507,399,469,492
29/3/2021 1:00,2917,2851,2931,3288,3285,3419,371,434,488
29/3/2021 1:30,2910,2776,2829,3224,3222,3331,314,446,502
29/3/2021 2:00,2894,2769,2780,3249,3249,3272,355,480,492
29/3/2021 2:30,2868,2712,2762,3241,3242,3242,373,530,480
29/3/2021 3:00,2850,2704,2723,3187,3188,3200,337,484,477
29/3/2021 3:30,2841,2668,2663,3145,3148,3154,304,480,491
29/3/2021 4:00,2835,2673,2646,3129,3135,3153,294,462,507
29/3/2021 4:30,2832,2680,2650,3136,3141,3155,304,461,505
29/3/2021 5:00,2832,2691,2673,3174,3178,3211,342,487,538
29/3/2021 5:30,2837,2754,2698,3280,3292,3259,443,538,561
29/3/2021 6:00,2864,2780,2959,3473,3494,3487,609,714,528
29/3/2021 6:30,2912,2815,3130,3795,3814,3701,883,999,571
29/3/2021 7:00,2998,2896,3261,4208,4212,3985,1210,1316,724
29/3/2021 7:30,3122,2955,3485,4525,4498,4267,1403,1543,782
29/3/2021 8:00,3227,3047,3561,4718,4648,4586,1491,1601,1025
29/3/2021 8:30,3313,3109,3660,4854,4768,4840,1541,1659,1180
29/3/2021 9:00,3389,3185,3644,4953,4878,4950,1564,1693,1306
29/3/2021 9:30,3455,3408,3568,5019,4957,4993,1564,1549,1425
29/3/2021 10:00,3495,3459,3363,5054,5000,4984,1559,1541,1621
29/3/2021 10:30,3510,3648,3306,5065,5024,5010,1555,1376,1704
29/3/2021 11:00,3522,3658,3384,5057,5032,5053,1535,1374,1669
29/3/2021 11:30,3532,3735,3411,5051,5049,5041,1519,1314,1630
29/3/2021 12:00,3532,3707,3370,5054,5072,5094,1522,1365,1724
29/3/2021 12:30,3523,3680,3414,5062,5088,5140,1539,1408,1726
29/3/2021 13:00,3501,3646,3356,5065,5088,5117,1564,1442,1761
29/3/2021 13:30,3465,3434,3231,5027,5049,5010,1562,1615,1779
29/3/2021 14:00,3440,3401,3162,4955,4978,4929,1515,1577,1767
29/3/2021 14:30,3426,3244,3132,4912,4933,4888,1486,1689,1756
29/3/2021 15:00,3408,3200,3064,4909,4922,4848,1501,1722,1784
29/3/2021 15:30,3387,3202,3142,4919,4929,4819,1532,1727,1677
29/3/2021 16:00,3358,3169,3158,4943,4958,4865,1585,1789,1707
29/3/2021 16:30,3321,3149,3289,5015,5034,4978,1694,1885,1689
29/3/2021 17:00,3268,3122,3431,5123,5143,5144,1855,2021,1713
29/3/2021 17:30,3198,2959,3451,5192,5206,5243,1994,2247,1792
29/3/2021 18:00,3133,2953,3305,5194,5198,5201,2061,2245,1896
29/3/2021 18:30,3070,2977,3230,5094,5099,5104,2024,2122,1874
29/3/2021 19:00,3038,2972,3268,4937,4953,5048,1899,1981,1780
29/3/2021 19:30,3034,3013,3173,4933,4959,4999,1899,1946,1826
29/3/2021 20:00,3019,2990,3148,5064,5096,5072,2045,2106,1924
29/3/2021 20:30,2994,3147,3093,5042,5079,5110,2048,1932,2017
29/3/2021 21:00,2968,3115,3039,4835,4872,4962,1867,1757,1923
29/3/2021 21:30,2940,3100,3044,4595,4635,4735,1655,1535,1691
29/3/2021 22:00,2904,3037,3084,4360,4405,4473,1456,1368,1389
29/3/2021 22:30,2860,2930,2915,4127,4174,4231,1267,1244,1316
29/3/2021 23:00,2833,2832,2712,3952,3953,3981,1119,1121,1269
29/3/2021 23:30,2752,2685,2530,3781,3781,3782,1029,1096,1252
30/3/2021 0:00,2625,2537,2490,3657,3657,3690,1032,1120,1200
30/3/2021 0:30,2452,2381,2612,3526,3527,3643,1074,1146,1031
30/3/2021 1:00,2315,2250,2563,3391,3391,3562,1076,1141,999
30/3/2021 1:30,2216,2166,2390,3325,3323,3475,1109,1157,1085
30/3/2021 2:00,2116,2080,2315,3324,3319,3421,1208,1239,1106
30/3/2021 2:30,2015,1924,2251,3305,3298,3367,1290,1374,1116
30/3/2021 3:00,1920,1827,2159,3257,3252,3318,1337,1425,1159
30/3/2021 3:30,1831,1672,2089,3221,3219,3308,1390,1547,1219
30/3/2021 4:00,1764,1609,2003,3207,3206,3287,1443,1597,1284
30/3/2021 4:30,1720,1554,1911,3214,3212,3264,1494,1658,1353
30/3/2021 5:00,1685,1508,1858,3249,3246,3333,1564,1738,1475
30/3/2021 5:30,1660,1622,1924,3346,3343,3385,1686,1721,1461
30/3/2021 6:00,1633,1585,1951,3526,3526,3592,1893,1941,1641
30/3/2021 6:30,1604,1619,1894,3837,3836,3825,2233,2217,1931
30/3/2021 7:00,1584,1590,1781,4242,4235,4051,2658,2645,2270
30/3/2021 7:30,1572,1600,1823,4532,4533,4341,2960,2933,2518
30/3/2021 8:00,1570,1579,1763,4682,4700,4651,3112,3121,2888
30/3/2021 8:30,1576,1518,1611,4789,4816,4860,3213,3298,3249
30/3/2021 9:00,1584,1508,1574,4874,4907,4952,3290,3399,3378
30/3/2021 9:30,1592,1629,1528,4920,4950,4974,3328,3321,3446
30/3/2021 10:00,1577,1593,1490,4928,4945,4971,3351,3352,3481
30/3/2021 10:30,1539,1535,1402,4919,4929,4977,3380,3394,3575
30/3/2021 11:00,1498,1509,1357,4901,4908,4969,3403,3399,3612
30/3/2021 11:30,1456,1511,1313,4892,4878,4963,3436,3367,3650
30/3/2021 12:00,1413,1476,1326,4893,4885,4979,3480,3409,3653
30/3/2021 12:30,1370,1339,1341,4895,4887,5014,3525,3548,3673
30/3/2021 13:00,1329,1299,1282,4890,4875,4973,3561,3576,3691
30/3/2021 13:30,1291,1290,1222,4849,4834,4843,3558,3544,3621
30/3/2021 14:00,1253,1249,1156,4778,4769,4768,3525,3520,3612
30/3/2021 14:30,1215,1085,1120,4736,4729,4697,3521,3644,3577
30/3/2021 15:00,1174,1046,1099,4731,4722,4660,3557,3676,3561
30/3/2021 15:30,1129,955,1047,4751,4738,4649,3622,3783,3602
30/3/2021 16:00,1072,906,1051,4795,4779,4685,3723,3873,3634
30/3/2021 16:30,1003,891,1016,4887,4867,4797,3884,3976,3781
30/3/2021 17:00,934,817,988,5010,4988,4941,4076,4171,3953
30/3/2021 17:30,863,715,908,5085,5061,5065,4222,4346,4157
30/3/2021 18:00,802,656,816,5085,5062,5055,4283,4406,4239
30/3/2021 18:30,750,664,809,4990,4980,5008,4240,4316,4199
30/3/2021 19:00,741,655,828,4849,4859,4941,4108,4204,4113
30/3/2021 19:30,776,710,803,4882,4899,4881,4106,4189,4078
30/3/2021 20:00,803,721,794,5062,5071,4972,4259,4350,4178
30/3/2021 20:30,824,740,755,5069,5069,5079,4245,4329,4324
30/3/2021 21:00,828,745,736,4868,4859,4968,4040,4114,4232
30/3/2021 21:30,816,799,733,4636,4618,4761,3820,3819,4028
30/3/2021 22:00,797,788,771,4415,4391,4522,3618,3603,3751
30/3/2021 22:30,769,789,784,4199,4170,4275,3430,3381,3491
30/3/2021 23:00,881,769,790,3958,3960,4033,3077,3191,3243
30/3/2021 23:30,874,715,799,3781,3790,3820,2907,3075,3021
31/3/2021 0:00,865,717,798,3637,3646,3746,2772,2929,2948
31/3/2021 0:30,854,693,711,3503,3514,3666,2649,2821,2955
31/3/2021 1:00,832,695,595,3384,3394,3563,2552,2699,2968
31/3/2021 1:30,798,685,570,3315,3325,3479,2517,2640,2909
31/3/2021 2:00,763,674,547,3294,3304,3425,2531,2630,2878
31/3/2021 2:30,726,651,533,3272,3282,3392,2546,2631,2859
31/3/2021 3:00,676,631,537,3240,3252,3354,2564,2621,2817
31/3/2021 3:30,614,567,457,3216,3226,3329,2602,2659,2872
31/3/2021 4:00,550,529,400,3203,3211,3318,2653,2682,2918
31/3/2021 4:30,486,471,398,3209,3214,3321,2723,2743,2923
31/3/2021 5:00,437,423,384,3243,3245,3373,2806,2822,2989
31/3/2021 5:30,403,271,310,3336,3342,3443,2933,3071,3133
31/3/2021 6:00,359,228,244,3511,3521,3632,3152,3293,3388
31/3/2021 6:30,307,209,235,3828,3834,3850,3521,3625,3615
31/3/2021 7:00,269,164,245,4246,4241,4107,3977,4077,3862
31/3/2021 7:30,246,90,236,4545,4539,4382,4299,4449,4146
31/3/2021 8:00,219,77,231,4698,4697,4679,4479,4620,4448
31/3/2021 8:30,188,86,194,4812,4813,4915,4624,4727,4721
31/3/2021 9:00,164,74,181,4910,4907,5022,4746,4833,4841
31/3/2021 9:30,147,59,153,4966,4964,5047,4819,4905,4894
31/3/2021 10:00,137,53,125,4980,4983,5058,4843,4930,4933
31/3/2021 10:30,134,82,103,4978,4982,5056,4844,4900,4953
31/3/2021 11:00,131,79,83,4968,4968,5066,4837,4889,4983
31/3/2021 11:30,128,103,67,4969,5021,5068,4841,4918,5001
31/3/2021 12:00,125,102,61,4980,5035,5100,4855,4933,5039
31/3/2021 12:30,124,94,59,4987,5029,5145,4863,4935,5086
31/3/2021 13:00,120,94,24,4982,4996,5140,4862,4902,5116
31/3/2021 13:30,115,82,0,4948,4936,5027,4833,4854,5027
31/3/2021 14:00,111,83,0,4893,4860,4974,4782,4777,4974
31/3/2021 14:30,107,62,0,4859,4810,4921,4752,4748,4921
31/3/2021 15:00,105,63,45,4856,4795,4900,4751,4732,4855
31/3/2021 15:30,105,56,24,4873,4808,4896,4768,4752,4872
31/3/2021 16:00,105,61,0,4913,4852,4935,4808,4791,4935
31/3/2021 16:30,104,51,60,4998,4949,5024,4894,4898,4964
31/3/2021 17:00,104,62,69,5114,5076,5184,5010,5014,5115
31/3/2021 17:30,105,73,79,5179,5143,5298,5074,5070,5219
31/3/2021 18:00,110,92,110,5172,5129,5274,5062,5037,5164
31/3/2021 18:30,119,109,145,5089,5053,5172,4970,4944,5027
31/3/2021 19:00,139,153,180,4972,4952,5060,4833,4799,4880
31/3/2021 19:30,172,224,238,4989,4967,4994,4817,4743,4756
31/3/2021 20:00,214,286,329,5115,5078,5002,4901,4792,4673
31/3/2021 20:30,264,350,404,5087,5060,5091,4823,4710,4687
31/3/2021 21:00,318,412,486,4876,4886,4964,4558,4474,4478
31/3/2021 21:30,374,496,564,4639,4666,4749,4265,4170,4185
31/3/2021 22:00,429,534,606,4412,4433,4524,3983,3899,3918
31/3/2021 22:30,480,541,656,4187,4203,4283,3707,3662,3627
31/3/2021 23:00,515,585,779,3977,3980,4043,3462,3395,3264
31/3/2021 23:30,555,651,892,3782,3780,3830,3227,3129,2938
1/4/2021 0:00,609,705,1041,3620,3623,3716,3011,2918,2675
1/4/2021 0:30,679,767,1133,3497,3507,3650,2818,2740,2517
1/4/2021 1:00,752,815,1190,3411,3421,3544,2659,2606,2354
1/4/2021 1:30,829,889,1335,3343,3354,3455,2514,2465,2120
1/4/2021 2:00,905,949,1455,3289,3301,3388,2384,2352,1933
1/4/2021 2:30,980,1094,1568,3245,3256,3345,2265,2162,1777
1/4/2021 3:00,1031,1144,1681,3211,3222,3311,2180,2078,1630
1/4/2021 3:30,1058,1289,1732,3197,3209,3306,2139,1920,1574
1/4/2021 4:00,1102,1336,1812,3203,3217,3293,2101,1881,1481
1/4/2021 4:30,1163,1388,1901,3211,3225,3299,2048,1837,1398
1/4/2021 5:00,1213,1436,2015,3232,3246,3378,2019,1810,1363
1/4/2021 5:30,1253,1607,2027,3335,3354,3442,2082,1747,1415
1/4/2021 6:00,1299,1634,2064,3536,3554,3641,2237,1920,1577
1/4/2021 6:30,1352,1784,2062,3838,3849,3841,2486,2065,1779
1/4/2021 7:00,1386,1790,2088,4203,4204,4072,2817,2414,1984
1/4/2021 7:30,1402,1887,2099,4483,4489,4336,3081,2602,2237
1/4/2021 8:00,1400,1880,2073,4655,4682,4621,3255,2802,2548
1/4/2021 8:30,1380,1947,1984,4780,4824,4847,3400,2877,2863
1/4/2021 9:00,1360,1903,1916,4870,4922,4940,3510,3019,3024
1/4/2021 9:30,1340,1795,1933,4915,4962,4980,3575,3167,3047
1/4/2021 10:00,1348,1757,1873,4918,4947,4953,3570,3190,3080
1/4/2021 10:30,1382,1780,1745,4908,4931,4950,3526,3151,3205
1/4/2021 11:00,1421,1763,1683,4896,4924,4956,3475,3161,3273
1/4/2021 11:30,1463,1782,1573,4899,4921,4955,3436,3139,3382
1/4/2021 12:00,1474,1756,1521,4913,4929,4974,3439,3173,3453
1/4/2021 12:30,1452,1658,1538,4905,4922,5010,3453,3264,3472
1/4/2021 13:00,1454,1636,1578,4866,4895,5023,3412,3259,3445
1/4/2021 13:30,1479,1651,1587,4797,4834,4906,3318,3183,3319
1/4/2021 14:00,1489,1631,1564,4710,4749,4831,3221,3118,3267
1/4/2021 14:30,1485,1512,1570,4655,4694,4780,3170,3182,3210
1/4/2021 15:00,1486,1500,1564,4641,4681,4752,3155,3181,3188
1/4/2021 15:30,1492,1429,1599,4657,4694,4765,3165,3265,3166
1/4/2021 16:00,1495,1418,1625,4702,4737,4785,3207,3319,3160
1/4/2021 16:30,1494,1464,1602,4798,4840,4888,3304,3376,3286
1/4/2021 17:00,1492,1432,1573,4926,4982,5003,3434,3550,3430
1/4/2021 17:30,1486,1380,1554,4997,5061,5124,3511,3681,3570
1/4/2021 18:00,1472,1344,1572,4990,5051,5139,3518,3707,3567
1/4/2021 18:30,1449,1306,1504,4911,4964,5064,3462,3658,3560
1/4/2021 19:00,1466,1310,1441,4804,4842,4976,3338,3532,3535
1/4/2021 19:30,1524,1355,1457,4843,4860,4918,3319,3505,3461
1/4/2021 20:00,1581,1407,1476,5002,4994,4959,3421,3587,3483
1/4/2021 20:30,1638,1477,1565,5005,4990,5048,3367,3513,3483
1/4/2021 21:00,1656,1524,1659,4819,4815,4964,3163,3291,3305
1/4/2021 21:30,1638,1595,1706,4598,4600,4781,2960,3005,3075
1/4/2021 22:00,1613,1576,1708,4378,4380,4569,2765,2804,2861
1/4/2021 22:30,1582,1534,1628,4157,4163,4342,2575,2629,2714
1/4/2021 23:00,1493,1480,1520,3949,3953,4111,2456,2473,2591
1/4/2021 23:30,1427,1381,1443,3781,3791,3911,2354,2410,2468
2/4/2021 0:00,1372,1324,1389,3654,3666,3794,2282,2342,2405
2/4/2021 0:30,1329,1308,1332,3540,3556,3705,2211,2248,2373
2/4/2021 1:00,1284,1258,1327,3438,3454,3614,2154,2196,2287
2/4/2021 1:30,1237,1243,1244,3364,3378,3543,2127,2135,2299
2/4/2021 2:00,1190,1191,1267,3316,3327,3483,2126,2136,2216
2/4/2021 2:30,1143,1130,1232,3275,3284,3432,2132,2154,2200
2/4/2021 3:00,1088,1081,1240,3238,3247,3398,2150,2166,2158
2/4/2021 3:30,1025,1006,1201,3214,3224,3364,2189,2218,2163
2/4/2021 4:00,973,961,1103,3207,3219,3362,2234,2258,2259
2/4/2021 4:30,932,915,1042,3222,3232,3356,2290,2317,2314
2/4/2021 5:00,895,875,1008,3264,3273,3411,2369,2398,2403
2/4/2021 5:30,860,866,975,3349,3375,3468,2489,2509,2493
2/4/2021 6:00,839,848,1028,3488,3531,3639,2649,2683,2611
2/4/2021 6:30,833,912,1084,3700,3706,3796,2867,2794,2712
2/4/2021 7:00,808,889,1026,3968,3894,3977,3160,3005,2951
2/4/2021 7:30,763,850,1061,4204,4119,4199,3441,3269,3138
2/4/2021 8:00,693,815,1032,4392,4369,4447,3699,3554,3415
2/4/2021 8:30,598,761,948,4569,4581,4626,3971,3820,3678
2/4/2021 9:00,540,731,857,4726,4734,4739,4186,4003,3882
2/4/2021 9:30,518,718,784,4805,4817,4796,4287,4099,4012
2/4/2021 10:00,503,707,794,4807,4833,4811,4304,4126,4017
2/4/2021 10:30,494,752,834,4798,4827,4807,4304,4075,3973
2/4/2021 11:00,493,746,844,4793,4812,4810,4300,4066,3966
2/4/2021 11:30,500,772,831,4792,4806,4799,4292,4034,3968
2/4/2021 12:00,506,761,777,4791,4809,4789,4285,4048,4012
2/4/2021 12:30,511,748,787,4785,4809,4795,4274,4061,4008
2/4/2021 13:00,518,749,791,4761,4788,4739,4243,4039,3948
2/4/2021 13:30,528,742,812,4680,4705,4619,4152,3963,3807
2/4/2021 14:00,545,741,821,4549,4567,4502,4004,3826,3681
2/4/2021 14:30,569,753,871,4434,4452,4439,3865,3699,3568
2/4/2021 15:00,584,746,858,4353,4380,4375,3769,3634,3517
2/4/2021 15:30,589,727,900,4321,4349,4323,3732,3622,3423
2/4/2021 16:00,596,732,866,4347,4368,4345,3751,3636,3479
2/4/2021 16:30,605,748,864,4453,4463,4433,3848,3715,3569
2/4/2021 17:00,617,769,886,4616,4614,4584,3999,3845,3698
2/4/2021 17:30,633,815,920,4709,4712,4760,4076,3897,3840
2/4/2021 18:00,649,826,937,4712,4733,4818,4063,3907,3881
2/4/2021 18:30,664,844,960,4658,4693,4795,3994,3849,3835
2/4/2021 19:00,710,895,975,4584,4626,4739,3874,3731,3764
2/4/2021 19:30,785,1007,1098,4603,4648,4688,3818,3641,3590
2/4/2021 20:00,858,1095,1266,4703,4747,4704,3845,3652,3438
2/4/2021 20:30,930,1171,1315,4715,4751,4851,3785,3580,3536
2/4/2021 21:00,953,1210,1358,4612,4636,4779,3659,3426,3421
2/4/2021 21:30,926,1233,1316,4453,4469,4578,3527,3236,3262
2/4/2021 22:00,885,1182,1306,4255,4272,4394,3370,3090,3088
2/4/2021 22:30,830,1123,1272,4033,4051,4187,3203,2928,2915
2/4/2021 23:00,1017,1054,1163,3828,3832,4008,2811,2778,2845
2/4/2021 23:30,944,1038,1102,3720,3720,3837,2776,2682,2735
3/4/2021 0:00,890,986,996,3709,3709,3734,2819,2723,2738
3/4/2021 0:30,853,907,945,3648,3649,3655,2795,2742,2710
3/4/2021 1:00,799,858,844,3521,3520,3547,2722,2662,2703
3/4/2021 1:30,727,816,766,3420,3418,3472,2693,2602,2706
3/4/2021 2:00,662,741,690,3361,3360,3414,2699,2619,2724
3/4/2021 2:30,605,650,652,3313,3313,3374,2708,2663,2722
3/4/2021 3:00,551,583,567,3271,3275,3322,2720,2692,2755
3/4/2021 3:30,500,485,497,3249,3254,3296,2749,2769,2799
3/4/2021 4:00,457,455,444,3244,3251,3299,2787,2796,2855
3/4/2021 4:30,419,434,416,3242,3248,3308,2823,2814,2892
3/4/2021 5:00,382,412,391,3246,3252,3328,2864,2840,2937
3/4/2021 5:30,343,368,371,3286,3296,3350,2943,2928,2979
3/4/2021 6:00,316,342,332,3372,3386,3446,3056,3044,3114
3/4/2021 6:30,299,339,297,3519,3531,3521,3220,3192,3224
3/4/2021 7:00,285,310,282,3712,3720,3607,3427,3410,3325
3/4/2021 7:30,275,272,280,3886,3890,3774,3611,3618,3494
3/4/2021 8:00,245,243,263,4033,4036,3965,3788,3793,3702
3/4/2021 8:30,198,179,195,4187,4183,4155,3989,4004,3960
3/4/2021 9:00,162,143,154,4345,4330,4286,4183,4187,4132
3/4/2021 9:30,136,107,101,4458,4440,4380,4322,4333,4279
3/4/2021 10:00,131,112,94,4518,4503,4454,4387,4391,4360
3/4/2021 10:30,144,133,123,4534,4522,4485,4390,4389,4362
3/4/2021 11:00,158,160,169,4518,4507,4487,4360,4347,4318
3/4/2021 11:30,173,213,201,4503,4490,4471,4330,4277,4270
3/4/2021 12:00,179,222,197,4495,4477,4462,4316,4255,4265
3/4/2021 12:30,177,196,188,4488,4448,4465,4311,4252,4277
3/4/2021 13:00,166,178,189,4468,4396,4417,4302,4218,4228
3/4/2021 13:30,147,122,207,4392,4313,4314,4245,4191,4107
3/4/2021 14:00,132,104,182,4272,4209,4219,4140,4105,4037
3/4/2021 14:30,122,116,157,4192,4146,4138,4070,4030,3981
3/4/2021 15:00,115,103,152,4167,4131,4082,4052,4028,3930
3/4/2021 15:30,111,93,150,4168,4139,4043,4057,4046,3893
3/4/2021 16:00,111,94,149,4196,4169,4082,4085,4075,3933
3/4/2021 16:30,112,88,155,4280,4258,4141,4168,4170,3986
3/4/2021 17:00,115,94,164,4411,4397,4298,4296,4303,4134
3/4/2021 17:30,119,115,161,4519,4521,4473,4400,4406,4312
3/4/2021 18:00,124,122,147,4581,4600,4569,4457,4478,4422
3/4/2021 18:30,131,136,142,4564,4584,4581,4433,4448,4439
3/4/2021 19:00,148,153,139,4495,4504,4546,4347,4351,4407
3/4/2021 19:30,175,184,147,4517,4532,4513,4342,4348,4366
3/4/2021 20:00,195,200,164,4619,4657,4496,4424,4457,4332
3/4/2021 20:30,207,211,174,4617,4656,4630,4410,4445,4456
3/4/2021 21:00,205,202,184,4490,4511,4589,4285,4309,4405
3/4/2021 21:30,189,163,168,4329,4340,4428,4140,4177,4260
3/4/2021 22:00,172,144,129,4160,4176,4250,3988,4032,4121
3/4/2021 22:30,153,107,114,3992,4014,4075,3839,3907,3961
3/4/2021 23:00,131,90,105,3859,3858,3895,3728,3768,3790
3/4/2021 23:30,118,55,87,3739,3737,3737,3621,3682,3650
4/4/2021 0:00,109,49,42,3654,3654,3674,3545,3605,3632
4/4/2021 0:30,103,53,80,3562,3563,3582,3459,3510,3502
4/4/2021 1:00,97,54,79,3461,3462,3474,3364,3408,3395
4/4/2021 1:30,91,50,89,3381,3381,3387,3290,3331,3298
4/4/2021 2:00,84,52,88,3325,3323,3329,3241,3271,3241
4/4/2021 2:30,76,55,107,3274,3273,3277,3198,3218,3170
4/4/2021 3:00,72,55,138,3225,3226,3224,3153,3171,3086
4/4/2021 3:30,74,59,145,3180,3181,3181,3106,3122,3036
4/4/2021 4:00,86,69,170,3144,3144,3164,3058,3075,2994
4/4/2021 4:30,106,85,197,3134,3130,3157,3028,3045,2960
4/4/2021 5:00,133,102,217,3149,3143,3175,3016,3041,2958
4/4/2021 5:30,165,117,231,3167,3170,3186,3002,3053,2955
4/4/2021 6:00,201,146,244,3192,3208,3240,2991,3062,2996
4/4/2021 6:30,239,228,281,3272,3255,3272,3033,3027,2991
4/4/2021 7:00,276,272,303,3407,3323,3309,3131,3051,3006
4/4/2021 7:30,313,334,375,3539,3443,3447,3226,3109,3072
4/4/2021 8:00,351,367,434,3660,3613,3619,3309,3246,3185
4/4/2021 8:30,390,405,546,3795,3774,3794,3405,3369,3248
4/4/2021 9:00,440,427,591,3945,3921,3979,3505,3494,3388
4/4/2021 9:30,501,447,586,4099,4079,4152,3598,3632,3566
4/4/2021 10:00,587,531,616,4238,4231,4309,3651,3700,3693
4/4/2021 10:30,699,664,792,4302,4303,4409,3603,3639,3617
4/4/2021 11:00,835,780,934,4298,4296,4501,3463,3516,3567
4/4/2021 11:30,995,923,1030,4307,4325,4545,3312,3402,3515
4/4/2021 12:00,1146,1050,1205,4340,4354,4614,3194,3304,3409
4/4/2021 12:30,1290,1270,1355,4364,4377,4697,3074,3107,3342
4/4/2021 13:00,1431,1417,1692,4357,4373,4693,2926,2956,3001
4/4/2021 13:30,1570,1594,1818,4266,4286,4585,2696,2692,2767
4/4/2021 14:00,1699,1728,1777,4103,4122,4409,2404,2394,2632
4/4/2021 14:30,1817,1868,1809,3973,3977,4281,2156,2109,2472
4/4/2021 15:00,1944,1963,2006,3896,3872,4189,1952,1909,2183
4/4/2021 15:30,2079,2101,2145,3845,3808,4142,1766,1707,1997
4/4/2021 16:00,2206,2178,2254,3821,3787,4123,1615,1609,1869
4/4/2021 16:30,2325,2318,2349,3856,3831,4145,1531,1513,1796
4/4/2021 17:00,2418,2403,2577,3943,3921,4197,1525,1518,1620
4/4/2021 17:30,2484,2432,2903,4019,3987,4268,1535,1555,1365
4/4/2021 18:00,2533,2512,2905,4069,4019,4250,1536,1507,1345
4/4/2021 18:30,2565,2534,2943,4093,4045,4220,1528,1511,1277
4/4/2021 19:00,2598,2563,2913,4105,4074,4181,1507,1511,1268
4/4/2021 19:30,2631,2617,2797,4150,4117,4110,1519,1500,1313
4/4/2021 20:00,2656,2622,2788,4221,4169,4156,1565,1547,1368
4/4/2021 20:30,2671,2655,2672,4249,4209,4246,1578,1554,1574
4/4/2021 21:00,2680,2670,2700,4213,4216,4208,1533,1546,1508
4/4/2021 21:30,2683,2870,2705,4110,4135,4072,1427,1265,1367
4/4/2021 22:00,2685,2852,2726,3949,3966,3916,1264,1114,1190
4/4/2021 22:30,2686,2844,2553,3762,3771,3753,1076,927,1200
4/4/2021 23:00,2626,2826,2361,3573,3582,3567,947,756,1206
4/4/2021 23:30,2617,2755,2487,3472,3478,3453,855,723,966
5/4/2021 0:00,2564,2691,2456,3451,3451,3403,887,760,947
5/4/2021 0:30,2465,2505,2432,3410,3410,3341,945,905,909
5/4/2021 1:00,2405,2422,2460,3335,3340,3285,930,918,825
5/4/2021 1:30,2383,2321,2417,3273,3285,3217,890,964,800
5/4/2021 2:00,2377,2315,2446,3231,3248,3187,854,933,741
5/4/2021 2:30,2388,2118,2406,3187,3205,3105,799,1087,699
5/4/2021 3:00,2409,2158,2433,3141,3156,3079,732,998,646
5/4/2021 3:30,2439,2259,2457,3108,3122,3051,669,863,594
5/4/2021 4:00,2432,2282,2470,3097,3111,3035,665,829,565
5/4/2021 4:30,2386,2264,2466,3118,3131,3016,732,867,550
5/4/2021 5:00,2348,2256,2464,3163,3176,3057,815,920,593
5/4/2021 5:30,2318,2382,2468,3199,3220,3092,881,838,624
5/4/2021 6:00,2289,2338,2549,3231,3264,3199,942,926,650
5/4/2021 6:30,2264,2278,2558,3322,3332,3241,1058,1054,683
5/4/2021 7:00,2255,2237,2360,3468,3430,3319,1213,1193,959
5/4/2021 7:30,2264,2213,2265,3597,3556,3418,1333,1343,1153
5/4/2021 8:00,2337,2281,2134,3701,3706,3612,1364,1425,1478
5/4/2021 8:30,2475,2439,2206,3820,3857,3777,1345,1418,1571
5/4/2021 9:00,2599,2574,2078,3963,4004,3873,1364,1430,1795
5/4/2021 9:30,2710,2711,2262,4114,4159,4000,1404,1448,1738
5/4/2021 10:00,2776,2734,2394,4257,4311,4119,1481,1577,1725
5/4/2021 10:30,2797,2692,2403,4348,4416,4174,1551,1724,1771
5/4/2021 11:00,2785,2632,2512,4387,4473,4281,1602,1841,1769
5/4/2021 11:30,2741,2407,2603,4418,4513,4316,1677,2106,1713
5/4/2021 12:00,2695,2345,2508,4445,4548,4402,1750,2203,1894
5/4/2021 12:30,2649,2141,2317,4447,4553,4443,1798,2412,2126
5/4/2021 13:00,2563,2064,2105,4419,4519,4410,1856,2455,2305
5/4/2021 13:30,2438,1995,1946,4353,4446,4349,1915,2451,2403
5/4/2021 14:00,2346,1948,1946,4259,4344,4288,1913,2396,2342
5/4/2021 14:30,2286,2068,1876,4187,4264,4220,1901,2196,2344
5/4/2021 15:00,2272,2057,1746,4150,4221,4167,1878,2164,2421
5/4/2021 15:30,2301,2234,1855,4151,4210,4156,1850,1976,2301
5/4/2021 16:00,2320,2240,1997,4196,4239,4232,1876,1999,2235
5/4/2021 16:30,2327,2072,2295,4303,4337,4353,1976,2265,2058
5/4/2021 17:00,2327,2074,2133,4455,4488,4494,2128,2414,2361
5/4/2021 17:30,2318,2015,2115,4555,4596,4653,2237,2581,2538
5/4/2021 18:00,2270,1971,2098,4589,4643,4678,2319,2672,2580
5/4/2021 18:30,2183,1725,1926,4588,4634,4606,2405,2909,2680
5/4/2021 19:00,2059,1601,1724,4568,4586,4552,2509,2985,2828
5/4/2021 19:30,1900,1455,1519,4564,4569,4468,2664,3114,2949
5/4/2021 20:00,1776,1317,1399,4583,4594,4440,2807,3277,3041
5/4/2021 20:30,1688,1357,1410,4620,4630,4565,2932,3273,3155
5/4/2021 21:00,1607,1259,1388,4647,4646,4545,3040,3387,3157
5/4/2021 21:30,1534,1028,1298,4551,4545,4395,3017,3517,3097
5/4/2021 22:00,1464,949,1272,4330,4324,4227,2866,3375,2955
5/4/2021 22:30,1398,848,1216,4081,4060,4000,2683,3212,2784
5/4/2021 23:00,1127,827,1113,3867,3856,3792,2740,3029,2679
5/4/2021 23:30,1089,862,1075,3797,3787,3636,2708,2925,2561
6/4/2021 0:00,1060,880,1099,3850,3838,3596,2790,2958,2497
6/4/2021 0:30,1040,1002,1103,3826,3809,3547,2786,2807,2444
6/4/2021 1:00,1029,1014,1062,3706,3679,3439,2677,2665,2377
6/4/2021 1:30,1027,1112,1051,3609,3574,3392,2582,2462,2341
6/4/2021 2:00,1019,1098,977,3556,3518,3340,2537,2420,2363
6/4/2021 2:30,1005,946,1033,3511,3469,3313,2506,2523,2280
6/4/2021 3:00,980,931,1031,3469,3428,3289,2489,2497,2258
6/4/2021 3:30,943,998,1058,3457,3414,3289,2514,2416,2231
6/4/2021 4:00,916,1012,1048,3473,3427,3275,2557,2415,2227
6/4/2021 4:30,897,1041,1015,3486,3430,3274,2589,2389,2259
6/4/2021 5:00,886,1053,1028,3508,3441,3321,2622,2388,2293
6/4/2021 5:30,884,1023,1000,3610,3549,3372,2726,2526,2372
6/4/2021 6:00,902,1015,983,3804,3765,3548,2902,2750,2565
6/4/2021 6:30,940,1048,937,4059,4026,3679,3119,2978,2742
6/4/2021 7:00,943,1032,893,4356,4315,3924,3413,3283,3031
6/4/2021 7:30,912,1055,987,4657,4615,4216,3745,3560,3229
6/4/2021 8:00,919,1076,1020,4933,4901,4516,4014,3825,3496
6/4/2021 8:30,964,1010,957,5116,5081,4742,4152,4071,3785
6/4/2021 9:00,1095,1169,1009,5201,5151,4879,4106,3982,3870
6/4/2021 9:30,1312,1483,1269,5229,5175,4935,3917,3692,3666
6/4/2021 10:00,1513,1696,1505,5221,5173,4922,3708,3477,3417
6/4/2021 10:30,1698,1838,1926,5215,5145,4946,3517,3307,3020
6/4/2021 11:00,1850,2007,2177,5221,5107,4996,3371,3100,2819
6/4/2021 11:30,1969,2155,2389,5233,5102,5010,3264,2947,2621
6/4/2021 12:00,2110,2278,2522,5244,5139,5069,3134,2861,2547
6/4/2021 12:30,2276,2292,2611,5238,5150,5116,2962,2858,2505
6/4/2021 13:00,2400,2446,2763,5211,5121,5120,2811,2675,2357
6/4/2021 13:30,2484,2624,2650,5152,5063,4956,2668,2439,2306
6/4/2021 14:00,2556,2748,2559,5074,4994,4846,2518,2246,2287
6/4/2021 14:30,2618,2993,2604,5027,4954,4774,2409,1961,2170
6/4/2021 15:00,2689,3035,2563,5018,4955,4762,2329,1920,2199
6/4/2021 15:30,2770,3165,2522,5032,4989,4768,2262,1824,2246
6/4/2021 16:00,2811,3122,2633,5073,5057,4849,2262,1935,2216
6/4/2021 16:30,2813,3075,2397,5179,5179,4976,2366,2104,2579
6/4/2021 17:00,2800,2930,2258,5329,5334,5136,2529,2404,2878
6/4/2021 17:30,2771,2438,2074,5413,5407,5301,2642,2969,3227
6/4/2021 18:00,2663,2184,1894,5406,5383,5264,2743,3199,3370
6/4/2021 18:30,2476,1702,1754,5318,5302,5147,2842,3600,3393
6/4/2021 19:00,2248,1437,1581,5187,5198,5059,2939,3761,3478
6/4/2021 19:30,1978,1117,1356,5143,5159,4960,3165,4042,3604
6/4/2021 20:00,1766,984,1253,5189,5182,4919,3423,4198,3666
6/4/2021 20:30,1612,824,1224,5201,5165,4977,3589,4341,3753
6/4/2021 21:00,1461,829,1229,5142,5078,4946,3681,4249,3717
6/4/2021 21:30,1311,1287,1320,4977,4897,4739,3666,3610,3419
6/4/2021 22:00,1179,1281,1332,4725,4643,4544,3546,3362,3212
6/4/2021 22:30,1065,1196,1378,4493,4405,4326,3428,3209,2948
6/4/2021 23:00,1044,1171,1300,4209,4208,4072,3165,3037,2772
6/4/2021 23:30,1027,1159,1193,4048,4033,3866,3021,2874,2673
7/4/2021 0:00,1037,1140,1160,3919,3905,3808,2882,2765,2648
7/4/2021 0:30,1074,1134,1193,3809,3797,3751,2735,2663,2558
7/4/2021 1:00,1076,1071,1221,3715,3705,3663,2639,2634,2442
7/4/2021 1:30,1041,969,1160,3641,3632,3595,2600,2663,2435
7/4/2021 2:00,1013,893,1136,3585,3580,3552,2572,2687,2416
7/4/2021 2:30,992,789,1008,3541,3537,3514,2549,2748,2506
7/4/2021 3:00,956,734,931,3510,3509,3480,2554,2775,2549
7/4/2021 3:30,906,748,905,3505,3501,3445,2599,2753,2540
7/4/2021 4:00,841,706,868,3520,3512,3450,2679,2806,2582
7/4/2021 4:30,762,686,816,3526,3512,3479,2764,2826,2663
7/4/2021 5:00,691,632,716,3538,3524,3538,2847,2892,2822
7/4/2021 5:30,626,619,604,3644,3630,3594,3018,3011,2990
7/4/2021 6:00,555,529,536,3859,3845,3772,3304,3316,3236
7/4/2021 6:30,478,392,434,4150,4139,3938,3672,3747,3504
7/4/2021 7:00,410,324,350,4491,4487,4193,4081,4163,3843
7/4/2021 7:30,352,311,305,4816,4813,4486,4464,4502,4181
7/4/2021 8:00,301,263,285,5094,5087,4817,4793,4824,4532
7/4/2021 8:30,258,192,240,5268,5257,4987,5010,5065,4747
7/4/2021 9:00,240,175,215,5339,5322,5217,5099,5147,5002
7/4/2021 9:30,249,193,227,5359,5332,5265,5110,5139,5038
7/4/2021 10:00,270,199,307,5344,5307,5270,5074,5108,4963
7/4/2021 10:30,305,175,353,5315,5276,5279,5010,5101,4926
7/4/2021 11:00,333,204,485,5283,5252,5283,4950,5048,4798
7/4/2021 11:30,355,247,660,5288,5258,5279,4933,5011,4619
7/4/2021 12:00,385,282,687,5323,5297,5296,4938,5015,4609
7/4/2021 12:30,422,334,797,5327,5304,5342,4905,4970,4545
7/4/2021 13:00,469,386,875,5292,5267,5332,4823,4881,4457
7/4/2021 13:30,525,499,927,5239,5227,5212,4714,4728,4285
7/4/2021 14:00,598,540,928,5182,5154,5130,4584,4614,4202
7/4/2021 14:30,686,747,971,5150,5113,5085,4464,4366,4114
7/4/2021 15:00,771,774,1037,5149,5113,5064,4378,4339,4027
7/4/2021 15:30,852,925,1090,5176,5136,5053,4324,4211,3963
7/4/2021 16:00,932,956,1110,5232,5183,5093,4300,4227,3983
7/4/2021 16:30,1010,1075,1203,5335,5278,5200,4325,4203,3997
7/4/2021 17:00,1049,1071,1312,5464,5402,5351,4415,4331,4039
7/4/2021 17:30,1050,1029,1247,5522,5463,5450,4472,4434,4203
7/4/2021 18:00,1031,981,1303,5493,5445,5415,4462,4464,4112
7/4/2021 18:30,994,924,1242,5415,5372,5291,4421,4448,4049
7/4/2021 19:00,965,872,1235,5313,5268,5149,4348,4396,3914
7/4/2021 19:30,946,823,1251,5255,5210,5043,4309,4387,3792
7/4/2021 20:00,943,819,1209,5241,5201,5008,4298,4382,3799
7/4/2021 20:30,955,929,1280,5206,5170,5051,4251,4241,3771
7/4/2021 21:00,971,975,1300,5121,5086,4998,4150,4111,3698
7/4/2021 21:30,990,1156,1351,4935,4899,4812,3945,3743,3461
7/4/2021 22:00,1004,1203,1374,4664,4626,4589,3660,3423,3215
7/4/2021 22:30,1012,1272,1403,4418,4376,4344,3406,3104,2941
7/4/2021 23:00,1078,1297,1524,4202,4170,4115,3124,2873,2591
7/4/2021 23:30,1097,1356,1548,4024,3993,3919,2927,2637,2371
8/4/2021 0:00,1114,1360,1549,3869,3855,3817,2755,2495,2268
8/4/2021 0:30,1129,1413,1622,3744,3745,3739,2615,2332,2117
8/4/2021 1:00,1141,1410,1574,3648,3660,3638,2507,2250,2064
8/4/2021 1:30,1150,1402,1562,3569,3589,3561,2419,2187,1999
8/4/2021 2:00,1159,1382,1486,3504,3530,3507,2345,2148,2021
8/4/2021 2:30,1169,1361,1452,3455,3473,3462,2286,2112,2010
8/4/2021 3:00,1175,1336,1416,3421,3423,3411,2246,2087,1995
8/4/2021 3:30,1177,1316,1413,3408,3400,3372,2231,2084,1959
8/4/2021 4:00,1184,1304,1430,3412,3406,3358,2228,2102,1928
8/4/2021 4:30,1197,1297,1445,3411,3418,3362,2214,2121,1917
8/4/2021 5:00,1214,1312,1557,3421,3450,3437,2207,2138,1880
8/4/2021 5:30,1237,1361,1574,3524,3552,3491,2287,2191,1917
8/4/2021 6:00,1275,1403,1609,3735,3738,3693,2460,2335,2084
8/4/2021 6:30,1329,1437,1706,4028,4002,3848,2699,2565,2142
8/4/2021 7:00,1387,1487,1824,4375,4325,4098,2988,2838,2274
8/4/2021 7:30,1450,1588,1962,4695,4633,4365,3245,3045,2403
8/4/2021 8:00,1521,1653,1949,4956,4899,4676,3435,3246,2727
8/4/2021 8:30,1600,1806,2010,5118,5073,4874,3518,3267,2864
8/4/2021 9:00,1727,1905,2142,5183,5157,4993,3456,3252,2851
8/4/2021 9:30,1902,2099,2303,5201,5195,5028,3299,3096,2725
8/4/2021 10:00,2083,2256,2362,5193,5204,5029,3110,2948,2667
8/4/2021 10:30,2271,2495,2503,5179,5207,5016,2908,2712,2513
8/4/2021 11:00,2436,2628,2715,5171,5211,5064,2735,2583,2349
8/4/2021 11:30,2579,2754,2888,5190,5238,5089,2611,2484,2201
8/4/2021 12:00,2710,2837,2871,5228,5270,5135,2518,2433,2264
8/4/2021 12:30,2827,2920,2973,5236,5248,5173,2409,2328,2200
8/4/2021 13:00,2915,2987,3095,5205,5212,5176,2290,2225,2081
8/4/2021 13:30,2974,3057,3089,5154,5154,5058,2180,2097,1969
8/4/2021 14:00,3015,3110,3202,5096,5086,5012,2081,1976,1810
8/4/2021 14:30,3037,3114,3215,5066,5043,4971,2029,1929,1756
8/4/2021 15:00,3049,3111,3197,5071,5036,4960,2022,1925,1763
8/4/2021 15:30,3052,3013,3165,5099,5052,4927,2047,2039,1762
8/4/2021 16:00,3028,2997,3179,5150,5098,4969,2122,2101,1790
8/4/2021 16:30,2979,3012,3218,5246,5195,5086,2267,2183,1868
8/4/2021 17:00,2915,2927,3138,5368,5323,5225,2453,2396,2087
8/4/2021 17:30,2836,2872,2989,5424,5375,5300,2588,2503,2311
8/4/2021 18:00,2693,2662,2833,5397,5337,5242,2704,2675,2409
8/4/2021 18:30,2485,2441,2737,5321,5258,5162,2836,2817,2425
8/4/2021 19:00,2273,2192,2651,5220,5162,5070,2947,2970,2419
8/4/2021 19:30,2056,1981,2339,5164,5098,4974,3108,3117,2635
8/4/2021 20:00,1889,1790,2143,5153,5066,4952,3264,3276,2809
8/4/2021 20:30,1773,1606,1959,5119,5022,4982,3346,3416,3023
8/4/2021 21:00,1660,1445,1826,5036,4942,4938,3376,3497,3112
8/4/2021 21:30,1549,1337,1651,4859,4774,4753,3310,3437,3102
8/4/2021 22:00,1446,1205,1413,4601,4530,4543,3155,3325,3130
8/4/2021 22:30,1352,1254,1356,4359,4287,4305,3007,3033,2949
8/4/2021 23:00,1022,1137,1334,4105,4072,4075,3083,2935,2741
8/4/2021 23:30,921,1029,1265,3953,3921,3883,3032,2892,2618
9/4/2021 0:00,815,916,1163,3858,3832,3800,3043,2916,2637
9/4/2021 0:30,705,808,1040,3774,3751,3734,3069,2943,2694
9/4/2021 1:00,619,706,862,3690,3669,3642,3071,2963,2780
9/4/2021 1:30,559,593,752,3615,3596,3571,3056,3003,2819
9/4/2021 2:00,504,509,636,3550,3534,3535,3046,3025,2899
9/4/2021 2:30,453,468,526,3496,3479,3502,3043,3011,2976
9/4/2021 3:00,406,403,458,3453,3434,3459,3047,3031,3001
9/4/2021 3:30,364,382,410,3433,3411,3442,3069,3029,3032
9/4/2021 4:00,327,338,354,3435,3413,3437,3108,3075,3083
9/4/2021 4:30,295,302,268,3455,3432,3468,3160,3130,3200
9/4/2021 5:00,264,286,213,3499,3479,3519,3235,3193,3306
9/4/2021 5:30,234,282,173,3591,3580,3591,3357,3298,3418
9/4/2021 6:00,214,267,148,3749,3747,3774,3535,3480,3626
9/4/2021 6:30,204,226,158,4020,3985,3931,3816,3759,3773
9/4/2021 7:00,192,208,151,4382,4284,4190,4190,4076,4039
9/4/2021 7:30,179,204,135,4703,4592,4461,4524,4388,4326
9/4/2021 8:00,169,197,106,4947,4874,4754,4778,4677,4648
9/4/2021 8:30,162,143,98,5103,5051,4974,4941,4908,4876
9/4/2021 9:00,167,153,88,5178,5115,5089,5011,4962,5001
9/4/2021 9:30,184,190,86,5204,5130,5124,5020,4940,5038
9/4/2021 10:00,198,202,85,5196,5114,5125,4998,4912,5040
9/4/2021 10:30,209,191,112,5182,5103,5132,4973,4912,5020
9/4/2021 11:00,221,218,181,5173,5101,5147,4952,4883,4966
9/4/2021 11:30,233,241,247,5178,5115,5135,4945,4874,4888
9/4/2021 12:00,249,281,247,5193,5134,5143,4944,4853,4896
9/4/2021 12:30,268,279,340,5184,5122,5192,4916,4843,4852
9/4/2021 13:00,301,336,385,5142,5073,5185,4841,4737,4800
9/4/2021 13:30,347,384,453,5063,4988,5066,4716,4604,4613
9/4/2021 14:00,394,444,452,4962,4884,4973,4568,4440,4521
9/4/2021 14:30,442,594,569,4896,4813,4887,4454,4219,4318
9/4/2021 15:00,510,670,702,4873,4787,4837,4363,4117,4135
9/4/2021 15:30,599,739,834,4871,4788,4773,4272,4049,3939
9/4/2021 16:00,665,814,859,4892,4815,4765,4227,4001,3906
9/4/2021 16:30,710,905,1045,4968,4893,4877,4258,3988,3832
9/4/2021 17:00,769,975,1131,5083,5005,5001,4314,4030,3870
9/4/2021 17:30,843,1007,1162,5146,5076,5129,4303,4069,3967
9/4/2021 18:00,875,1049,1075,5141,5086,5095,4266,4037,4020
9/4/2021 18:30,865,1118,1010,5085,5041,5016,4220,3923,4006
9/4/2021 19:00,845,1101,954,5001,4956,4935,4156,3855,3981
9/4/2021 19:30,812,1062,799,4952,4902,4835,4140,3840,4036
9/4/2021 20:00,816,1042,679,4947,4890,4775,4131,3848,4096
9/4/2021 20:30,855,1045,676,4957,4898,4861,4102,3853,4185
9/4/2021 21:00,896,1054,718,4949,4895,4847,4053,3841,4129
9/4/2021 21:30,936,1059,777,4819,4773,4698,3883,3714,3921
9/4/2021 22:00,958,1056,813,4576,4540,4490,3618,3484,3677
9/4/2021 22:30,960,1023,818,4360,4325,4313,3400,3302,3495
9/4/2021 23:00,899,1018,873,4158,4158,4124,3259,3140,3251
9/4/2021 23:30,874,823,918,4035,4038,3977,3161,3215,3059
10/4/2021 0:00,863,831,906,3943,3943,3884,3080,3112,2978
10/4/2021 0:30,866,798,915,3843,3842,3818,2977,3044,2903
10/4/2021 1:00,861,768,934,3734,3734,3733,2873,2966,2799
10/4/2021 1:30,849,714,879,3648,3648,3637,2799,2934,2758
10/4/2021 2:00,835,689,897,3586,3587,3596,2751,2898,2699
10/4/2021 2:30,818,775,865,3530,3532,3548,2712,2757,2683
10/4/2021 3:00,812,737,784,3481,3484,3482,2669,2747,2698
10/4/2021 3:30,818,744,763,3454,3458,3454,2636,2714,2691
10/4/2021 4:00,795,711,721,3449,3454,3435,2654,2743,2714
10/4/2021 4:30,743,668,713,3450,3452,3435,2707,2784,2722
10/4/2021 5:00,706,640,643,3458,3458,3448,2752,2818,2805
10/4/2021 5:30,683,611,595,3489,3495,3473,2806,2884,2878
10/4/2021 6:00,670,590,563,3548,3566,3579,2878,2976,3016
10/4/2021 6:30,668,538,524,3642,3632,3605,2974,3094,3081
10/4/2021 7:00,639,522,519,3774,3706,3742,3135,3184,3223
10/4/2021 7:30,581,552,510,3950,3866,3920,3369,3314,3410
10/4/2021 8:00,503,490,428,4158,4105,4107,3655,3615,3679
10/4/2021 8:30,405,374,291,4342,4315,4268,3937,3941,3977
10/4/2021 9:00,375,330,255,4485,4468,4389,4110,4138,4134
10/4/2021 9:30,414,300,279,4576,4575,4496,4162,4275,4217
10/4/2021 10:00,447,320,335,4617,4636,4574,4170,4316,4239
10/4/2021 10:30,476,293,417,4637,4665,4629,4161,4372,4212
10/4/2021 11:00,516,309,447,4647,4667,4649,4131,4358,4202
10/4/2021 11:30,569,316,470,4654,4681,4654,4085,4365,4184
10/4/2021 12:00,605,321,494,4656,4682,4669,4051,4361,4175
10/4/2021 12:30,625,328,557,4641,4669,4698,4016,4341,4141
10/4/2021 13:00,652,367,653,4601,4634,4670,3949,4267,4017
10/4/2021 13:30,686,459,613,4522,4560,4557,3836,4101,3944
10/4/2021 14:00,721,511,685,4417,4458,4463,3696,3947,3778
10/4/2021 14:30,756,555,775,4343,4375,4386,3587,3820,3611
10/4/2021 15:00,837,638,836,4313,4330,4359,3476,3692,3523
10/4/2021 15:30,965,857,921,4315,4321,4341,3350,3464,3420
10/4/2021 16:00,1065,965,975,4353,4359,4367,3288,3394,3392
10/4/2021 16:30,1135,1127,1064,4443,4467,4461,3308,3340,3397
10/4/2021 17:00,1192,1190,1296,4571,4625,4617,3379,3435,3321
10/4/2021 17:30,1236,1222,1152,4666,4730,4726,3430,3508,3574
10/4/2021 18:00,1252,1262,1162,4708,4756,4861,3456,3494,3699
10/4/2021 18:30,1239,1356,1166,4700,4730,4847,3461,3374,3681
10/4/2021 19:00,1198,1313,1115,4650,4664,4765,3452,3351,3650
10/4/2021 19:30,1127,1179,1043,4592,4600,4678,3465,3421,3635
10/4/2021 20:00,1086,1113,980,4546,4555,4601,3460,3442,3621
10/4/2021 20:30,1072,1189,852,4560,4563,4667,3488,3374,3815
10/4/2021 21:00,1073,1132,829,4609,4598,4658,3536,3466,3829
10/4/2021 21:30,1088,993,798,4538,4520,4511,3450,3527,3713
10/4/2021 22:00,1087,973,718,4340,4327,4341,3253,3354,3623
10/4/2021 22:30,1071,970,734,4149,4145,4157,3078,3175,3423
10/4/2021 23:00,955,981,737,4008,4006,3998,3053,3025,3261
10/4/2021 23:30,958,962,750,3920,3918,3852,2962,2956,3102
11/4/2021 0:00,954,983,755,3869,3863,3797,2915,2880,3042
11/4/2021 0:30,945,897,793,3786,3780,3716,2841,2883,2923
11/4/2021 1:00,928,912,803,3669,3663,3625,2741,2751,2822
11/4/2021 1:30,903,861,770,3573,3569,3542,2670,2708,2772
11/4/2021 2:00,868,839,709,3506,3504,3485,2638,2665,2776
11/4/2021 2:30,823,780,635,3443,3442,3436,2620,2662,2801
11/4/2021 3:00,779,749,623,3385,3384,3383,2606,2635,2760
11/4/2021 3:30,735,706,601,3350,3349,3347,2615,2643,2746
11/4/2021 4:00,699,671,522,3339,3337,3327,2640,2666,2805
11/4/2021 4:30,672,617,548,3337,3333,3329,2665,2716,2781
11/4/2021 5:00,646,572,548,3340,3337,3344,2694,2765,2796
11/4/2021 5:30,620,475,495,3355,3334,3360,2735,2859,2865
11/4/2021 6:00,605,455,472,3380,3369,3414,2775,2914,2942
11/4/2021 6:30,601,442,466,3408,3395,3400,2807,2953,2934
11/4/2021 7:00,571,421,472,3451,3426,3484,2880,3005,3012
11/4/2021 7:30,516,354,461,3564,3534,3615,3048,3180,3154
11/4/2021 8:00,444,311,424,3745,3719,3773,3301,3408,3349
11/4/2021 8:30,355,303,350,3936,3907,3931,3581,3604,3581
11/4/2021 9:00,329,284,298,4117,4078,4058,3788,3794,3760
11/4/2021 9:30,367,253,290,4275,4234,4183,3908,3981,3893
11/4/2021 10:00,414,309,348,4403,4371,4317,3989,4062,3969
11/4/2021 10:30,467,409,457,4500,4477,4416,4033,4068,3959
11/4/2021 11:00,504,476,489,4567,4550,4502,4063,4074,4013
11/4/2021 11:30,524,585,533,4612,4594,4568,4088,4009,4035
11/4/2021 12:00,560,630,586,4638,4624,4640,4078,3994,4054
11/4/2021 12:30,611,657,626,4647,4635,4699,4036,3978,4073
11/4/2021 13:00,646,700,671,4632,4614,4691,3986,3914,4020
11/4/2021 13:30,665,723,742,4560,4535,4607,3895,3812,3865
11/4/2021 14:00,691,765,810,4443,4410,4510,3752,3645,3700
11/4/2021 14:30,723,774,908,4356,4333,4444,3633,3559,3536
11/4/2021 15:00,765,803,955,4313,4321,4421,3548,3518,3466
11/4/2021 15:30,817,807,1027,4300,4331,4393,3483,3524,3366
11/4/2021 16:00,842,830,1084,4319,4363,4453,3477,3533,3369
11/4/2021 16:30,840,860,1036,4399,4445,4568,3559,3585,3532
11/4/2021 17:00,859,885,1141,4525,4571,4744,3666,3686,3603
11/4/2021 17:30,899,940,1125,4613,4685,4913,3714,3745,3788
11/4/2021 18:00,880,939,1097,4647,4761,4925,3767,3822,3828
11/4/2021 18:30,800,950,1109,4636,4752,4892,3836,3802,3783
11/4/2021 19:00,702,902,1086,4595,4673,4857,3893,3771,3771
11/4/2021 19:30,586,903,948,4569,4640,4807,3983,3737,3859
11/4/2021 20:00,508,870,933,4572,4663,4796,4064,3793,3863
11/4/2021 20:30,469,858,965,4607,4670,4850,4138,3812,3885
11/4/2021 21:00,441,880,966,4645,4632,4803,4204,3752,3837
11/4/2021 21:30,423,876,861,4561,4507,4583,4138,3631,3722
11/4/2021 22:00,408,879,957,4359,4303,4327,3951,3424,3370
11/4/2021 22:30,393,927,1010,4171,4110,4101,3778,3183,3091
11/4/2021 23:00,801,875,952,3944,3946,3892,3143,3071,2940
11/4/2021 23:30,726,800,840,3810,3816,3688,3084,3016,2848
12/4/2021 0:00,667,737,789,3703,3710,3623,3036,2973,2834
12/4/2021 0:30,626,719,735,3614,3625,3564,2988,2906,2829
12/4/2021 1:00,599,663,685,3541,3551,3488,2942,2888,2803
12/4/2021 1:30,588,613,584,3480,3492,3420,2892,2879,2836
12/4/2021 2:00,560,565,535,3427,3441,3392,2867,2876,2857
12/4/2021 2:30,515,423,485,3387,3402,3365,2872,2979,2880
12/4/2021 3:00,469,393,466,3357,3373,3333,2888,2980,2867
12/4/2021 3:30,422,402,420,3340,3354,3313,2918,2952,2893
12/4/2021 4:00,392,375,382,3337,3349,3319,2945,2974,2937
12/4/2021 4:30,378,351,363,3352,3357,3333,2974,3006,2970
12/4/2021 5:00,370,341,345,3398,3406,3405,3028,3065,3060
12/4/2021 5:30,366,347,327,3511,3515,3483,3145,3168,3156
12/4/2021 6:00,355,336,328,3703,3712,3702,3348,3376,3374
12/4/2021 6:30,337,328,298,3986,3986,3919,3649,3658,3621
12/4/2021 7:00,322,311,259,4339,4339,4368,4017,4028,4109
12/4/2021 7:30,309,296,237,4661,4667,4802,4352,4371,4565
12/4/2021 8:00,291,272,210,4921,4936,5080,4630,4664,4870
12/4/2021 8:30,265,246,179,5079,5095,5196,4814,4849,5017
12/4/2021 9:00,267,244,173,5139,5151,5262,4872,4907,5089
12/4/2021 9:30,296,218,199,5154,5164,5287,4858,4946,5088
12/4/2021 10:00,307,212,219,5144,5158,5253,4837,4946,5034
12/4/2021 10:30,299,187,249,5137,5146,5228,4838,4959,4979
12/4/2021 11:00,297,189,278,5140,5138,5243,4843,4949,4965
12/4/2021 11:30,300,181,265,5157,5164,5222,4857,4983,4957
12/4/2021 12:00,308,196,320,5181,5213,5242,4873,5017,4922
12/4/2021 12:30,321,199,320,5176,5220,5273,4855,5021,4953
12/4/2021 13:00,330,226,391,5137,5172,5245,4807,4946,4854
12/4/2021 13:30,336,350,388,5074,5113,5117,4738,4763,4729
12/4/2021 14:00,354,390,422,5003,5057,5056,4649,4667,4634
12/4/2021 14:30,385,348,475,4970,5026,5008,4585,4678,4533
12/4/2021 15:00,405,350,543,4981,5027,5030,4576,4677,4487
12/4/2021 15:30,413,391,587,5014,5053,5077,4601,4662,4490
12/4/2021 16:00,419,405,612,5069,5110,5142,4650,4705,4530
12/4/2021 16:30,423,421,589,5169,5220,5269,4746,4799,4680
12/4/2021 17:00,421,421,501,5296,5360,5389,4875,4939,4888
12/4/2021 17:30,413,405,442,5357,5422,5498,4944,5017,5056
12/4/2021 18:00,385,363,440,5334,5384,5424,4949,5021,4984
12/4/2021 18:30,337,453,372,5242,5287,5279,4905,4834,4907
12/4/2021 19:00,286,398,271,5110,5161,5150,4824,4763,4879
12/4/2021 19:30,231,340,224,5036,5081,5063,4805,4741,4839
12/4/2021 20:00,196,297,181,5031,5058,4997,4835,4761,4816
12/4/2021 20:30,180,200,158,5039,5061,5068,4859,4861,4910
12/4/2021 21:00,159,182,121,5021,5048,5080,4862,4866,4959
12/4/2021 21:30,132,153,105,4878,4895,4896,4746,4742,4791
12/4/2021 22:00,116,139,102,4614,4607,4630,4498,4468,4528
12/4/2021 22:30,109,92,74,4353,4325,4350,4244,4233,4276
12/4/2021 23:00,80,85,64,4088,4089,4094,4008,4004,4030
12/4/2021 23:30,73,62,65,3914,3909,3901,3841,3847,3836
13/4/2021 0:00,69,63,57,3795,3792,3818,3726,3729,3761
13/4/2021 0:30,69,85,56,3695,3693,3763,3626,3608,3707
13/4/2021 1:00,69,88,57,3606,3602,3684,3537,3514,3627
13/4/2021 1:30,69,70,65,3535,3531,3622,3466,3461,3557
13/4/2021 2:00,68,73,66,3483,3477,3583,3415,3404,3517
13/4/2021 2:30,68,63,61,3444,3438,3551,3376,3375,3490
13/4/2021 3:00,67,64,72,3419,3414,3521,3352,3350,3449
13/4/2021 3:30,68,60,73,3410,3405,3501,3342,3345,3428
13/4/2021 4:00,67,59,64,3419,3413,3508,3352,3354,3444
13/4/2021 4:30,67,57,60,3442,3436,3526,3375,3379,3466
13/4/2021 5:00,67,57,60,3490,3488,3577,3423,3431,3517
13/4/2021 5:30,67,40,30,3615,3615,3646,3548,3575,3616
13/4/2021 6:00,67,41,0,3828,3828,3847,3761,3787,3847
13/4/2021 6:30,67,51,0,4126,4136,4051,4059,4085,4051
13/4/2021 7:00,68,53,0,4483,4513,4485,4415,4460,4485
13/4/2021 7:30,72,44,0,4809,4846,4899,4737,4802,4899
13/4/2021 8:00,74,47,0,5068,5100,5187,4994,5053,5187
13/4/2021 8:30,75,46,0,5215,5255,5273,5140,5209,5273
13/4/2021 9:00,76,48,0,5254,5314,5290,5178,5266,5290
13/4/2021 9:30,77,52,0,5250,5317,5270,5173,5265,5270
13/4/2021 10:00,78,57,0,5222,5281,5211,5144,5224,5211
13/4/2021 10:30,79,62,0,5185,5241,5178,5106,5179,5178
13/4/2021 11:00,82,67,0,5151,5208,5172,5069,5141,5172
13/4/2021 11:30,85,71,51,5153,5175,5125,5068,5104,5074
13/4/2021 12:00,88,76,82,5183,5181,5128,5095,5105,5046
13/4/2021 12:30,90,79,90,5179,5168,5162,5089,5089,5072
13/4/2021 13:00,93,87,104,5134,5128,5132,5041,5041,5028
13/4/2021 13:30,96,115,102,5079,5074,5010,4983,4959,4908
13/4/2021 14:00,104,130,112,5027,5016,4955,4923,4886,4843
13/4/2021 14:30,116,110,122,5001,4995,4901,4885,4885,4779
13/4/2021 15:00,123,119,140,5004,5013,4923,4881,4894,4783
13/4/2021 15:30,124,112,136,5029,5043,4953,4905,4931,4817
13/4/2021 16:00,130,123,135,5081,5090,5036,4951,4967,4901
13/4/2021 16:30,140,138,120,5184,5195,5161,5044,5057,5041
13/4/2021 17:00,147,143,132,5318,5336,5287,5171,5193,5155
13/4/2021 17:30,151,140,144,5375,5384,5369,5224,5244,5225
13/4/2021 18:00,158,138,156,5340,5324,5301,5182,5186,5145
13/4/2021 18:30,169,147,164,5255,5221,5181,5086,5074,5017
13/4/2021 19:00,182,160,149,5147,5106,5078,4965,4946,4929
13/4/2021 19:30,196,180,143,5069,5032,5012,4873,4852,4869
13/4/2021 20:00,215,215,161,5035,5013,4976,4820,4798,4815
13/4/2021 20:30,238,243,208,5048,5028,5021,4810,4785,4813
13/4/2021 21:00,251,266,233,5068,5038,5069,4817,4772,4836
13/4/2021 21:30,255,250,264,4936,4903,4857,4681,4653,4593
13/4/2021 22:00,254,248,278,4651,4624,4626,4397,4376,4348
13/4/2021 22:30,249,233,268,4375,4350,4338,4126,4117,4070
13/4/2021 23:00,251,214,262,4125,4122,4079,3874,3908,3817
13/4/2021 23:30,217,166,261,3952,3946,3863,3735,3780,3602
14/4/2021 0:00,199,153,236,3831,3825,3783,3632,3672,3547
14/4/2021 0:30,197,152,211,3734,3728,3711,3537,3576,3500
14/4/2021 1:00,190,157,191,3654,3648,3644,3464,3491,3453
14/4/2021 1:30,177,183,176,3593,3588,3573,3416,3405,3397
14/4/2021 2:00,163,185,162,3547,3543,3529,3384,3358,3367
14/4/2021 2:30,150,187,151,3508,3504,3492,3358,3317,3341
14/4/2021 3:00,142,185,158,3476,3474,3460,3334,3289,3302
14/4/2021 3:30,142,187,154,3463,3461,3438,3321,3274,3284
14/4/2021 4:00,148,187,141,3471,3470,3447,3323,3283,3306
14/4/2021 4:30,162,169,137,3489,3490,3460,3327,3321,3323
14/4/2021 5:00,175,173,131,3527,3532,3521,3352,3359,3390
14/4/2021 5:30,188,164,141,3629,3631,3609,3441,3467,3468
14/4/2021 6:00,198,176,159,3815,3815,3806,3617,3639,3647
14/4/2021 6:30,204,173,169,4110,4109,3997,3906,3936,3828
14/4/2021 7:00,215,183,187,4490,4490,4442,4275,4307,4255
14/4/2021 7:30,232,167,193,4816,4825,4859,4584,4658,4666
14/4/2021 8:00,240,167,188,5053,5075,5122,4813,4908,4934
14/4/2021 8:30,240,172,161,5195,5201,5190,4955,5029,5029
14/4/2021 9:00,238,161,147,5248,5216,5203,5010,5055,5056
14/4/2021 9:30,233,126,133,5246,5196,5180,5013,5070,5047
14/4/2021 10:00,243,139,146,5205,5164,5106,4962,5025,4960
14/4/2021 10:30,270,182,175,5162,5127,5058,4892,4945,4883
14/4/2021 11:00,297,225,218,5128,5091,5024,4831,4866,4806
14/4/2021 11:30,325,271,254,5119,5062,4980,4794,4791,4726
14/4/2021 12:00,344,305,316,5127,5084,4972,4783,4779,4656
14/4/2021 12:30,353,309,351,5111,5082,4996,4758,4773,4645
14/4/2021 13:00,358,316,329,5066,5044,4956,4708,4728,4627
14/4/2021 13:30,357,318,311,5009,4984,4841,4652,4666,4530
14/4/2021 14:00,353,315,338,4954,4914,4795,4601,4599,4457
14/4/2021 14:30,346,273,360,4932,4873,4747,4586,4600,4387
14/4/2021 15:00,340,274,347,4948,4871,4743,4608,4597,4396
14/4/2021 15:30,334,295,348,4976,4907,4762,4642,4612,4414
14/4/2021 16:00,328,296,344,5021,4980,4838,4693,4684,4494
14/4/2021 16:30,323,286,336,5123,5087,4965,4800,4801,4629
14/4/2021 17:00,321,288,338,5261,5206,5100,4940,4918,4762
14/4/2021 17:30,320,307,342,5315,5248,5189,4995,4941,4847
14/4/2021 18:00,323,307,315,5270,5205,5155,4947,4898,4840
14/4/2021 18:30,330,328,310,5181,5123,5062,4851,4795,4752
14/4/2021 19:00,347,353,301,5077,5030,4971,4730,4677,4670
14/4/2021 19:30,374,398,293,5006,4975,4906,4632,4577,4613
14/4/2021 20:00,428,453,342,4980,4969,4858,4552,4516,4516
14/4/2021 20:30,508,516,437,5002,4987,4891,4494,4471,4454
14/4/2021 21:00,576,576,506,5031,4993,4993,4455,4417,4487
14/4/2021 21:30,633,597,557,4906,4852,4797,4273,4255,4240
14/4/2021 22:00,657,644,583,4626,4572,4574,3969,3928,3991
14/4/2021 22:30,651,647,599,4355,4295,4296,3704,3648,3697
14/4/2021 23:00,727,662,615,4072,4063,4031,3345,3401,3416
14/4/2021 23:30,692,648,638,3900,3896,3817,3208,3248,3179
15/4/2021 0:00,674,637,621,3781,3777,3734,3107,3140,3113
15/4/2021 0:30,672,619,601,3687,3683,3686,3015,3064,3085
15/4/2021 1:00,676,602,583,3610,3605,3610,2934,3003,3027
15/4/2021 1:30,686,570,574,3547,3541,3539,2861,2971,2965
15/4/2021 2:00,689,565,573,3495,3489,3502,2806,2924,2929
15/4/2021 2:30,684,543,586,3452,3446,3468,2768,2903,2882
15/4/2021 3:00,686,540,623,3420,3416,3430,2734,2876,2807
15/4/2021 3:30,692,559,656,3407,3403,3406,2715,2844,2750
15/4/2021 4:00,695,568,663,3413,3409,3410,2718,2841,2747
15/4/2021 4:30,694,589,659,3433,3430,3434,2739,2841,2775
15/4/2021 5:00,691,606,632,3475,3476,3493,2784,2870,2861
15/4/2021 5:30,685,594,656,3579,3581,3568,2894,2987,2912
15/4/2021 6:00,679,613,677,3762,3762,3747,3083,3149,3070
15/4/2021 6:30,672,665,646,4058,4064,3939,3386,3399,3293
15/4/2021 7:00,659,660,638,4438,4460,4385,3779,3800,3747
15/4/2021 7:30,641,644,622,4761,4787,4790,4120,4143,4168
15/4/2021 8:00,590,581,589,4992,5009,5064,4402,4428,4475
15/4/2021 8:30,506,452,499,5125,5126,5137,4619,4674,4638
15/4/2021 9:00,471,406,469,5168,5151,5150,4697,4745,4681
15/4/2021 9:30,484,432,470,5153,5125,5119,4669,4693,4649
15/4/2021 10:00,527,450,490,5098,5069,5039,4571,4619,4549
15/4/2021 10:30,601,463,533,5045,5013,5000,4444,4550,4467
15/4/2021 11:00,682,550,617,5008,4968,4951,4326,4418,4334
15/4/2021 11:30,770,680,811,4997,4943,4890,4227,4263,4079
15/4/2021 12:00,833,772,978,5007,4953,4866,4174,4181,3888
15/4/2021 12:30,871,852,1108,4998,4947,4873,4127,4095,3765
15/4/2021 13:00,891,879,1171,4960,4909,4827,4069,4030,3656
15/4/2021 13:30,893,897,1164,4900,4850,4706,4007,3953,3542
15/4/2021 14:00,889,896,1128,4830,4780,4649,3941,3884,3521
15/4/2021 14:30,878,902,1090,4797,4739,4614,3919,3837,3524
15/4/2021 15:00,871,893,1080,4807,4735,4640,3936,3842,3560
15/4/2021 15:30,868,957,1038,4848,4762,4672,3980,3805,3634
15/4/2021 16:00,862,948,1040,4918,4822,4718,4056,3874,3678
15/4/2021 16:30,853,1025,1043,5021,4927,4862,4168,3902,3819
15/4/2021 17:00,848,1024,1004,5138,5058,4999,4290,4034,3995
15/4/2021 17:30,847,1014,989,5183,5116,5105,4336,4102,4116
15/4/2021 18:00,843,1038,1010,5148,5090,5067,4305,4052,4057
15/4/2021 18:30,837,1065,987,5081,5024,4979,4244,3959,3992
15/4/2021 19:00,873,1100,899,5003,4943,4887,4130,3843,3988
15/4/2021 19:30,951,1139,860,4950,4887,4841,3999,3748,3981
15/4/2021 20:00,1063,1202,858,4930,4870,4807,3867,3668,3949
15/4/2021 20:30,1206,1260,919,4948,4890,4863,3742,3630,3944
15/4/2021 21:00,1299,1324,1034,4968,4910,4923,3669,3586,3889
15/4/2021 21:30,1341,1285,1114,4839,4785,4734,3498,3500,3620
15/4/2021 22:00,1377,1326,1184,4564,4516,4498,3187,3190,3314
15/4/2021 22:30,1409,1341,1253,4292,4243,4227,2883,2902,2974
15/4/2021 23:00,1431,1391,1290,4021,4013,3973,2590,2622,2683
15/4/2021 23:30,1478,1314,1338,3866,3859,3762,2388,2545,2424
16/4/2021 0:00,1508,1352,1373,3778,3773,3673,2270,2421,2300
16/4/2021 0:30,1520,1341,1327,3697,3692,3606,2177,2351,2279
16/4/2021 1:00,1520,1360,1293,3612,3607,3534,2092,2247,2241
16/4/2021 1:30,1506,1402,1349,3541,3536,3463,2035,2134,2114
16/4/2021 2:00,1490,1408,1423,3485,3481,3427,1995,2073,2004
16/4/2021 2:30,1469,1383,1487,3437,3431,3395,1968,2048,1908
16/4/2021 3:00,1454,1408,1520,3397,3391,3357,1943,1983,1837
16/4/2021 3:30,1445,1384,1663,3378,3371,3350,1933,1987,1687
16/4/2021 4:00,1442,1407,1680,3384,3379,3357,1942,1972,1677
16/4/2021 4:30,1445,1421,1641,3406,3401,3372,1961,1980,1731
16/4/2021 5:00,1456,1436,1641,3448,3447,3438,1992,2011,1797
16/4/2021 5:30,1476,1436,1665,3536,3527,3514,2060,2091,1849
16/4/2021 6:00,1462,1431,1731,3688,3673,3706,2226,2242,1975
16/4/2021 6:30,1413,1473,1731,3959,3950,3893,2546,2477,2162
16/4/2021 7:00,1351,1440,1691,4325,4338,4323,2974,2898,2632
16/4/2021 7:30,1277,1436,1653,4643,4672,4719,3366,3236,3066
16/4/2021 8:00,1204,1365,1551,4876,4909,4951,3672,3544,3400
16/4/2021 8:30,1134,1272,1446,5017,5031,5015,3883,3759,3569
16/4/2021 9:00,1179,1322,1478,5074,5053,5043,3895,3731,3565
16/4/2021 9:30,1341,1554,1603,5074,5039,5020,3733,3485,3417
16/4/2021 10:00,1459,1698,1851,5037,5011,4950,3578,3313,3099
16/4/2021 10:30,1534,1822,2096,5002,4981,4887,3468,3159,2791
16/4/2021 11:00,1571,1875,2157,4980,4952,4839,3409,3077,2682
16/4/2021 11:30,1572,1928,2180,4973,4898,4806,3401,2970,2626
16/4/2021 12:00,1554,1928,2222,4973,4873,4804,3419,2945,2582
16/4/2021 12:30,1518,1932,2149,4958,4852,4831,3440,2920,2682
16/4/2021 13:00,1480,1901,2083,4920,4821,4778,3440,2920,2695
16/4/2021 13:30,1441,1828,2080,4848,4756,4694,3407,2928,2614
16/4/2021 14:00,1410,1775,1984,4756,4663,4641,3346,2888,2657
16/4/2021 14:30,1387,1775,1897,4702,4611,4617,3315,2836,2720
16/4/2021 15:00,1354,1698,1829,4694,4610,4647,3340,2912,2818
16/4/2021 15:30,1309,1653,1680,4708,4629,4652,3399,2976,2972
16/4/2021 16:00,1270,1569,1622,4745,4672,4692,3475,3103,3070
16/4/2021 16:30,1235,1434,1499,4830,4766,4795,3595,3332,3296
16/4/2021 17:00,1179,1340,1405,4948,4895,4929,3769,3555,3524
16/4/2021 17:30,1100,1251,1283,5011,4960,5042,3911,3709,3759
16/4/2021 18:00,1015,1160,1158,5004,4947,5049,3989,3787,3891
16/4/2021 18:30,922,1147,1037,4952,4891,4984,4030,3744,3947
16/4/2021 19:00,853,1085,914,4873,4815,4903,4020,3730,3989
16/4/2021 19:30,806,980,851,4814,4771,4793,4008,3791,3942
16/4/2021 20:00,799,958,880,4788,4766,4721,3989,3808,3841
16/4/2021 20:30,830,929,937,4794,4769,4725,3964,3840,3788
16/4/2021 21:00,874,949,1018,4802,4748,4770,3928,3799,3752
16/4/2021 21:30,932,1013,1058,4685,4617,4615,3753,3604,3557
16/4/2021 22:00,998,1060,1128,4445,4380,4406,3447,3320,3278
16/4/2021 22:30,1073,1088,1155,4215,4151,4194,3142,3063,3039
16/4/2021 23:00,1018,1125,1187,3979,3967,3998,2961,2842,2811
16/4/2021 23:30,1085,1147,1203,3843,3834,3824,2758,2687,2621
17/4/2021 0:00,1141,1189,1236,3743,3732,3732,2602,2543,2496
17/4/2021 0:30,1187,1264,1317,3643,3632,3639,2456,2368,2322
17/4/2021 1:00,1225,1292,1406,3539,3527,3552,2314,2235,2146
17/4/2021 1:30,1255,1304,1515,3451,3441,3473,2196,2137,1958
17/4/2021 2:00,1279,1319,1563,3383,3375,3416,2104,2056,1853
17/4/2021 2:30,1296,1374,1604,3325,3318,3364,2029,1944,1760
17/4/2021 3:00,1313,1398,1621,3280,3273,3306,1967,1875,1685
17/4/2021 3:30,1330,1389,1658,3257,3251,3290,1927,1862,1632
17/4/2021 4:00,1349,1436,1676,3256,3250,3283,1907,1814,1607
17/4/2021 4:30,1369,1621,1708,3262,3255,3287,1893,1634,1579
17/4/2021 5:00,1404,1672,1683,3274,3269,3294,1870,1597,1611
17/4/2021 5:30,1454,1720,1654,3317,3305,3305,1863,1585,1651
17/4/2021 6:00,1499,1779,1708,3397,3388,3372,1898,1609,1664
17/4/2021 6:30,1541,1835,1830,3515,3520,3425,1974,1685,1595
17/4/2021 7:00,1573,1858,1867,3671,3699,3591,2098,1841,1724
17/4/2021 7:30,1596,1845,1885,3860,3889,3780,2264,2044,1895
17/4/2021 8:00,1620,1844,1892,4066,4073,3981,2446,2229,2089
17/4/2021 8:30,1647,1806,2029,4231,4209,4157,2584,2403,2128
17/4/2021 9:00,1748,1883,2167,4343,4292,4312,2595,2409,2145
17/4/2021 9:30,1924,1950,2409,4417,4349,4390,2493,2399,1981
17/4/2021 10:00,2052,2075,2609,4459,4386,4456,2407,2311,1847
17/4/2021 10:30,2135,2209,2734,4472,4395,4465,2337,2186,1731
17/4/2021 11:00,2191,2267,2786,4463,4380,4457,2272,2113,1671
17/4/2021 11:30,2219,2317,2867,4447,4355,4444,2228,2038,1577
17/4/2021 12:00,2236,2341,2872,4431,4342,4424,2195,2001,1552
17/4/2021 12:30,2239,2495,2825,4414,4333,4417,2175,1838,1592
17/4/2021 13:00,2243,2490,2762,4390,4315,4350,2147,1825,1588
17/4/2021 13:30,2246,2700,2732,4329,4257,4255,2083,1557,1523
17/4/2021 14:00,2246,2668,2845,4240,4165,4157,1994,1497,1312
17/4/2021 14:30,2244,2545,2713,4181,4113,4054,1937,1568,1341
17/4/2021 15:00,2238,2503,2804,4162,4109,4000,1924,1606,1196
17/4/2021 15:30,2229,2559,2774,4171,4129,4017,1942,1570,1243
17/4/2021 16:00,2203,2488,2730,4208,4170,4060,2005,1682,1330
17/4/2021 16:30,2159,2374,2716,4299,4256,4179,2140,1882,1463
17/4/2021 17:00,2098,2276,2606,4428,4379,4339,2330,2103,1733
17/4/2021 17:30,2019,2221,2517,4521,4493,4483,2502,2272,1966
17/4/2021 18:00,1946,2108,2447,4559,4574,4561,2613,2466,2114
17/4/2021 18:30,1878,2055,2289,4540,4577,4583,2662,2522,2294
17/4/2021 19:00,1832,2003,2206,4476,4509,4549,2644,2506,2343
17/4/2021 19:30,1808,2025,2132,4421,4436,4481,2613,2411,2349
17/4/2021 20:00,1804,2006,2027,4390,4385,4413,2586,2379,2386
17/4/2021 20:30,1819,2008,1919,4392,4384,4421,2573,2376,2502
17/4/2021 21:00,1844,2001,1915,4400,4409,4444,2556,2408,2529
17/4/2021 21:30,1881,2029,1988,4306,4323,4320,2425,2294,2332
17/4/2021 22:00,1909,2021,2085,4109,4122,4133,2200,2101,2048
17/4/2021 22:30,1930,1990,2076,3917,3929,3952,1987,1939,1876
17/4/2021 23:00,1803,1969,2002,3776,3775,3770,1973,1806,1768
17/4/2021 23:30,1764,1886,1928,3664,3660,3623,1900,1774,1695
18/4/2021 0:00,1721,1852,1895,3584,3577,3548,1863,1725,1653
18/4/2021 0:30,1673,1767,1874,3497,3490,3476,1824,1723,1602
18/4/2021 1:00,1644,1734,1868,3398,3393,3390,1754,1659,1522
18/4/2021 1:30,1632,1786,1776,3312,3308,3300,1680,1522,1524
18/4/2021 2:00,1612,1747,1776,3240,3238,3244,1628,1491,1468
18/4/2021 2:30,1582,1674,1739,3178,3175,3207,1596,1501,1468
18/4/2021 3:00,1552,1627,1673,3126,3124,3145,1574,1497,1472
18/4/2021 3:30,1521,1521,1554,3100,3099,3111,1579,1578,1557
18/4/2021 4:00,1491,1490,1438,3100,3098,3091,1609,1608,1653
18/4/2021 4:30,1460,1467,1356,3101,3097,3089,1641,1630,1733
18/4/2021 5:00,1426,1451,1245,3100,3095,3092,1674,1644,1847
18/4/2021 5:30,1390,1460,1231,3102,3097,3115,1712,1637,1884
18/4/2021 6:00,1355,1440,1201,3116,3114,3167,1761,1674,1966
18/4/2021 6:30,1321,1425,1166,3168,3152,3167,1847,1727,2001
18/4/2021 7:00,1292,1399,1192,3264,3223,3263,1972,1824,2071
18/4/2021 7:30,1269,1242,1181,3400,3351,3413,2131,2109,2232
18/4/2021 8:00,1246,1224,1071,3566,3532,3585,2320,2308,2514
18/4/2021 8:30,1223,1122,1004,3732,3723,3755,2509,2601,2751
18/4/2021 9:00,1215,1122,960,3889,3909,3914,2674,2787,2954
18/4/2021 9:30,1222,1099,925,4033,4075,4077,2811,2976,3152
18/4/2021 10:00,1226,1092,909,4161,4214,4255,2935,3122,3346
18/4/2021 10:30,1227,1048,895,4265,4322,4405,3038,3274,3510
18/4/2021 11:00,1223,1021,861,4346,4404,4488,3123,3383,3627
18/4/2021 11:30,1215,985,889,4416,4471,4575,3201,3486,3686
18/4/2021 12:00,1208,969,887,4471,4529,4677,3263,3560,3790
18/4/2021 12:30,1201,887,892,4493,4536,4732,3292,3649,3840
18/4/2021 13:00,1187,879,857,4477,4486,4732,3290,3607,3875
18/4/2021 13:30,1165,809,836,4427,4417,4668,3262,3608,3832
18/4/2021 14:00,1142,809,779,4356,4342,4559,3214,3533,3780
18/4/2021 14:30,1118,788,814,4312,4286,4484,3194,3498,3670
18/4/2021 15:00,1092,789,825,4303,4256,4443,3211,3467,3618
18/4/2021 15:30,1064,769,823,4316,4263,4423,3252,3494,3600
18/4/2021 16:00,1025,761,868,4352,4307,4485,3327,3546,3617
18/4/2021 16:30,975,720,862,4425,4401,4561,3450,3681,3699
18/4/2021 17:00,932,718,851,4527,4524,4707,3595,3806,3856
18/4/2021 17:30,895,769,834,4607,4609,4829,3712,3840,3995
18/4/2021 18:00,859,775,816,4647,4632,4854,3788,3857,4038
18/4/2021 18:30,822,777,798,4625,4607,4804,3803,3830,4006
18/4/2021 19:00,804,803,777,4550,4543,4738,3746,3740,3961
18/4/2021 19:30,805,879,724,4478,4485,4668,3673,3606,3944
18/4/2021 20:00,818,911,692,4428,4443,4611,3610,3532,3919
18/4/2021 20:30,843,945,674,4413,4420,4610,3570,3475,3936
18/4/2021 21:00,877,992,697,4410,4392,4569,3533,3400,3872
18/4/2021 21:30,919,946,717,4307,4280,4371,3388,3334,3654
18/4/2021 22:00,968,1001,756,4102,4077,4144,3134,3076,3388
18/4/2021 22:30,1026,1017,802,3901,3877,3932,2875,2860,3130
18/4/2021 23:00,1093,1067,868,3680,3687,3707,2587,2620,2839
18/4/2021 23:30,1116,1040,923,3537,3549,3518,2421,2509,2595
19/4/2021 0:00,1147,1096,997,3434,3447,3467,2287,2351,2470
19/4/2021 0:30,1185,1127,1021,3348,3366,3413,2163,2239,2392
19/4/2021 1:00,1218,1182,1057,3274,3296,3345,2056,2114,2288
19/4/2021 1:30,1245,1178,1125,3213,3237,3274,1968,2059,2149
19/4/2021 2:00,1254,1215,1121,3165,3185,3239,1911,1970,2118
19/4/2021 2:30,1245,1080,1094,3129,3148,3208,1884,2068,2114
19/4/2021 3:00,1239,1092,1069,3105,3125,3172,1866,2033,2103
19/4/2021 3:30,1236,1078,1055,3091,3111,3151,1855,2033,2096
19/4/2021 4:00,1234,1069,1056,3088,3110,3161,1854,2041,2105
19/4/2021 4:30,1234,1039,1073,3099,3122,3175,1865,2083,2102
19/4/2021 5:00,1218,1029,1083,3138,3163,3227,1920,2134,2144
19/4/2021 5:30,1185,1046,1129,3251,3263,3308,2066,2217,2179
19/4/2021 6:00,1168,1045,1151,3448,3453,3498,2280,2408,2347
19/4/2021 6:30,1168,978,1147,3726,3726,3715,2558,2748,2568
19/4/2021 7:00,1177,987,1141,4066,4064,4157,2889,3077,3016
19/4/2021 7:30,1193,984,1126,4385,4389,4569,3192,3405,3443
19/4/2021 8:00,1209,1001,1138,4652,4669,4856,3443,3668,3718
19/4/2021 8:30,1222,1038,1130,4827,4847,4945,3605,3809,3815
19/4/2021 9:00,1249,1072,1117,4909,4925,4974,3660,3853,3857
19/4/2021 9:30,1291,1153,1123,4946,4964,5002,3655,3811,3879
19/4/2021 10:00,1327,1187,1125,4954,4980,4976,3627,3793,3851
19/4/2021 10:30,1356,1200,1121,4950,4985,4948,3594,3785,3827
19/4/2021 11:00,1393,1224,1111,4944,4983,4952,3551,3759,3841
19/4/2021 11:30,1437,1247,1159,4955,4988,4936,3518,3741,3777
19/4/2021 12:00,1472,1277,1127,4975,5006,4953,3503,3729,3826
19/4/2021 12:30,1497,1316,1071,4956,5008,5011,3459,3692,3940
19/4/2021 13:00,1507,1321,1009,4894,4980,5003,3387,3659,3994
19/4/2021 13:30,1502,1247,933,4833,4933,4893,3331,3686,3960
19/4/2021 14:00,1468,1210,949,4786,4874,4862,3318,3664,3913
19/4/2021 14:30,1407,1113,943,4763,4839,4850,3356,3726,3907
19/4/2021 15:00,1347,1036,915,4767,4838,4886,3420,3802,3971
19/4/2021 15:30,1290,847,855,4797,4877,4914,3507,4030,4059
19/4/2021 16:00,1212,795,836,4859,4956,5002,3647,4161,4166
19/4/2021 16:30,1113,664,788,4976,5069,5149,3863,4405,4361
19/4/2021 17:00,1029,611,749,5123,5196,5297,4094,4585,4548
19/4/2021 17:30,961,505,721,5181,5255,5399,4220,4750,4678
19/4/2021 18:00,895,457,632,5135,5232,5346,4240,4775,4714
19/4/2021 18:30,832,503,550,5050,5146,5205,4218,4643,4655
19/4/2021 19:00,789,483,489,4951,5023,5094,4162,4540,4605
19/4/2021 19:30,765,471,477,4882,4943,4978,4117,4472,4501
19/4/2021 20:00,747,471,465,4848,4913,4909,4101,4442,4444
19/4/2021 20:30,734,465,451,4828,4886,4911,4094,4421,4460
19/4/2021 21:00,722,464,439,4792,4831,4924,4070,4367,4485
19/4/2021 21:30,713,453,445,4653,4676,4736,3940,4223,4291
19/4/2021 22:00,700,431,436,4409,4424,4503,3709,3993,4067
19/4/2021 22:30,683,371,411,4157,4171,4237,3474,3800,3826
19/4/2021 23:00,543,342,358,3941,3941,3992,3398,3599,3634
19/4/2021 23:30,503,318,317,3745,3745,3815,3242,3427,3498
20/4/2021 0:00,471,298,263,3585,3583,3728,3114,3285,3465
20/4/2021 0:30,447,266,236,3469,3465,3682,3022,3199,3446
20/4/2021 1:00,416,253,203,3391,3387,3605,2975,3134,3402
20/4/2021 1:30,379,258,181,3328,3325,3539,2949,3067,3358
20/4/2021 2:00,338,234,157,3275,3273,3497,2937,3039,3340
20/4/2021 2:30,293,187,134,3239,3237,3456,2946,3050,3322
20/4/2021 3:00,255,170,121,3220,3218,3426,2965,3048,3305
20/4/2021 3:30,223,134,99,3220,3216,3400,2997,3082,3301
20/4/2021 4:00,197,125,88,3237,3232,3391,3040,3107,3303
20/4/2021 4:30,175,116,78,3261,3258,3392,3086,3142,3314
20/4/2021 5:00,159,110,61,3303,3305,3436,3144,3195,3375
20/4/2021 5:30,148,74,49,3418,3415,3503,3270,3341,3454
20/4/2021 6:00,139,73,0,3618,3611,3688,3479,3538,3688
20/4/2021 6:30,130,56,0,3901,3907,3904,3771,3851,3904
20/4/2021 7:00,125,58,0,4244,4277,4332,4119,4219,4332
20/4/2021 7:30,122,49,43,4558,4602,4738,4436,4553,4695
20/4/2021 8:00,122,51,45,4815,4847,5027,4693,4796,4982
20/4/2021 8:30,124,50,45,4982,4996,5123,4858,4946,5078
20/4/2021 9:00,134,56,48,5062,5053,5162,4928,4997,5114
20/4/2021 9:30,153,65,63,5094,5066,5167,4941,5001,5104
20/4/2021 10:00,187,96,104,5093,5051,5126,4906,4955,5022
20/4/2021 10:30,238,137,199,5082,5032,5093,4844,4895,4894
20/4/2021 11:00,286,201,257,5071,5015,5081,4785,4814,4824
20/4/2021 11:30,330,277,314,5076,5042,5067,4746,4765,4753
20/4/2021 12:00,378,347,388,5092,5062,5092,4714,4715,4704
20/4/2021 12:30,428,400,437,5088,5059,5142,4660,4659,4705
20/4/2021 13:00,468,456,491,5055,5022,5117,4587,4566,4626
20/4/2021 13:30,497,497,550,5002,4970,5013,4505,4473,4463
20/4/2021 14:00,528,547,584,4937,4912,4958,4409,4365,4374
20/4/2021 14:30,562,625,611,4896,4886,4922,4334,4261,4311
20/4/2021 15:00,598,663,669,4886,4896,4944,4288,4233,4275
20/4/2021 15:30,636,680,723,4905,4929,4949,4269,4249,4226
20/4/2021 16:00,677,730,730,4953,4986,5002,4276,4256,4272
20/4/2021 16:30,719,785,769,5036,5091,5138,4317,4306,4369
20/4/2021 17:00,757,835,795,5135,5223,5271,4378,4388,4476
20/4/2021 17:30,790,882,830,5175,5266,5359,4385,4384,4529
20/4/2021 18:00,821,902,824,5140,5207,5294,4319,4305,4470
20/4/2021 18:30,849,912,835,5050,5106,5140,4201,4194,4305
20/4/2021 19:00,864,902,828,4925,4985,4980,4061,4083,4152
20/4/2021 19:30,865,878,824,4829,4883,4892,3964,4005,4068
20/4/2021 20:00,894,881,818,4781,4817,4837,3887,3936,4019
20/4/2021 20:30,950,872,826,4793,4821,4830,3843,3949,4004
20/4/2021 21:00,1002,875,859,4825,4854,4872,3823,3979,4013
20/4/2021 21:30,1050,845,914,4710,4736,4725,3660,3891,3811
20/4/2021 22:00,1091,838,933,4444,4464,4485,3353,3626,3552
20/4/2021 22:30,1124,866,925,4182,4199,4235,3058,3333,3310
20/4/2021 23:00,923,858,917,3981,3981,3979,3058,3123,3062
20/4/2021 23:30,925,840,956,3813,3809,3781,2888,2969,2825
21/4/2021 0:00,920,838,966,3688,3690,3698,2768,2852,2732
21/4/2021 0:30,909,867,964,3587,3593,3633,2678,2726,2669
21/4/2021 1:00,904,864,980,3505,3509,3567,2601,2645,2587
21/4/2021 1:30,906,876,926,3438,3443,3480,2532,2567,2554
21/4/2021 2:00,901,854,864,3384,3392,3451,2483,2538,2587
21/4/2021 2:30,890,763,839,3340,3348,3409,2450,2585,2570
21/4/2021 3:00,878,732,792,3305,3315,3349,2427,2583,2557
21/4/2021 3:30,865,735,754,3288,3297,3330,2423,2562,2576
21/4/2021 4:00,856,718,748,3290,3300,3339,2434,2582,2591
21/4/2021 4:30,853,692,740,3302,3312,3355,2449,2620,2615
21/4/2021 5:00,855,681,709,3334,3347,3412,2479,2666,2703
21/4/2021 5:30,865,669,698,3433,3444,3477,2568,2775,2779
21/4/2021 6:00,869,676,708,3617,3626,3640,2748,2950,2932
21/4/2021 6:30,868,728,729,3902,3916,3865,3034,3188,3136
21/4/2021 7:00,844,725,756,4263,4288,4306,3419,3563,3550
21/4/2021 7:30,797,707,759,4582,4611,4707,3785,3904,3948
21/4/2021 8:00,745,683,713,4822,4847,4960,4077,4164,4247
21/4/2021 8:30,686,661,652,4959,4976,5040,4273,4315,4388
21/4/2021 9:00,695,698,658,4997,5007,5059,4302,4309,4401
21/4/2021 9:30,770,779,723,4981,4990,5037,4211,4211,4314
21/4/2021 10:00,855,871,801,4931,4946,4969,4076,4075,4168
21/4/2021 10:30,950,975,830,4883,4899,4928,3933,3924,4098
21/4/2021 11:00,1049,1042,892,4850,4861,4906,3801,3819,4014
21/4/2021 11:30,1152,1094,940,4846,4853,4863,3694,3759,3923
21/4/2021 12:00,1242,1143,1071,4863,4875,4851,3621,3732,3780
21/4/2021 12:30,1318,1180,1151,4853,4870,4849,3535,3690,3698
21/4/2021 13:00,1376,1218,1176,4811,4824,4814,3435,3606,3638
21/4/2021 13:30,1416,1224,1191,4755,4761,4688,3339,3537,3497
21/4/2021 14:00,1427,1245,1239,4697,4695,4626,3270,3450,3387
21/4/2021 14:30,1410,1167,1235,4675,4669,4601,3265,3502,3366
21/4/2021 15:00,1390,1165,1263,4692,4687,4583,3302,3522,3320
21/4/2021 15:30,1365,1183,1303,4724,4724,4620,3359,3541,3317
21/4/2021 16:00,1334,1161,1281,4773,4781,4685,3439,3620,3404
21/4/2021 16:30,1297,1177,1267,4874,4886,4801,3577,3709,3534
21/4/2021 17:00,1261,1152,1220,5006,5018,4951,3745,3866,3731
21/4/2021 17:30,1227,1129,1221,5057,5065,5046,3830,3936,3825
21/4/2021 18:00,1192,1095,1126,5014,5015,5022,3822,3920,3896
21/4/2021 18:30,1157,1035,1030,4933,4929,4928,3776,3894,3898
21/4/2021 19:00,1149,1012,943,4834,4827,4836,3685,3815,3893
21/4/2021 19:30,1169,1002,863,4733,4727,4762,3564,3725,3899
21/4/2021 20:00,1225,1039,906,4657,4657,4730,3432,3618,3824
21/4/2021 20:30,1319,1159,1043,4693,4682,4724,3374,3523,3681
21/4/2021 21:00,1395,1236,1181,4797,4764,4832,3402,3528,3651
21/4/2021 21:30,1455,1311,1248,4719,4678,4703,3264,3367,3455
21/4/2021 22:00,1483,1354,1338,4445,4413,4462,2962,3059,3124
21/4/2021 22:30,1481,1350,1364,4180,4146,4192,2699,2796,2828
21/4/2021 23:00,1335,1367,1407,3927,3924,3937,2592,2557,2530
21/4/2021 23:30,1375,1317,1401,3757,3755,3722,2382,2438,2321
22/4/2021 0:00,1388,1331,1397,3635,3634,3639,2247,2303,2242
22/4/2021 0:30,1374,1385,1378,3539,3541,3572,2165,2156,2194
22/4/2021 1:00,1369,1390,1396,3461,3464,3490,2092,2074,2094
22/4/2021 1:30,1371,1395,1375,3396,3401,3426,2025,2006,2051
22/4/2021 2:00,1370,1377,1356,3342,3346,3401,1972,1969,2045
22/4/2021 2:30,1366,1333,1300,3290,3293,3362,1924,1960,2062
22/4/2021 3:00,1343,1287,1242,3246,3248,3318,1903,1961,2076
22/4/2021 3:30,1300,1217,1173,3227,3228,3293,1927,2011,2120
22/4/2021 4:00,1281,1177,1053,3236,3238,3288,1955,2061,2235
22/4/2021 4:30,1286,1121,991,3256,3260,3300,1970,2139,2309
22/4/2021 5:00,1286,1110,967,3294,3304,3382,2008,2194,2415
22/4/2021 5:30,1280,1104,955,3394,3400,3438,2114,2296,2483
22/4/2021 6:00,1280,1133,1015,3574,3575,3603,2294,2442,2588
22/4/2021 6:30,1288,1208,1043,3857,3866,3852,2569,2658,2809
22/4/2021 7:00,1275,1233,1046,4218,4245,4271,2943,3012,3225
22/4/2021 7:30,1243,1170,1048,4533,4569,4673,3290,3399,3625
22/4/2021 8:00,1212,1174,1022,4764,4799,4929,3552,3625,3907
22/4/2021 8:30,1184,1168,1059,4899,4925,5001,3715,3757,3942
22/4/2021 9:00,1171,1177,1077,4943,4957,5017,3772,3780,3940
22/4/2021 9:30,1173,1132,1152,4936,4946,5007,3763,3814,3855
22/4/2021 10:00,1182,1151,1213,4895,4911,4953,3713,3760,3740
22/4/2021 10:30,1197,1135,1192,4850,4873,4920,3653,3738,3728
22/4/2021 11:00,1237,1170,1270,4813,4838,4891,3576,3668,3621
22/4/2021 11:30,1304,1209,1377,4809,4821,4853,3505,3612,3476
22/4/2021 12:00,1351,1245,1465,4830,4819,4851,3479,3574,3386
22/4/2021 12:30,1378,1278,1507,4824,4794,4873,3446,3516,3366
22/4/2021 13:00,1379,1293,1528,4782,4740,4838,3403,3447,3310
22/4/2021 13:30,1355,1319,1498,4719,4672,4698,3364,3353,3200
22/4/2021 14:00,1329,1313,1532,4651,4601,4656,3322,3288,3124
22/4/2021 14:30,1302,1298,1501,4617,4563,4639,3315,3265,3138
22/4/2021 15:00,1280,1294,1470,4624,4561,4625,3344,3267,3155
22/4/2021 15:30,1264,1307,1444,4648,4588,4663,3384,3281,3219
22/4/2021 16:00,1248,1297,1371,4689,4642,4704,3441,3345,3333
22/4/2021 16:30,1235,1340,1339,4780,4747,4814,3545,3407,3475
22/4/2021 17:00,1225,1345,1347,4904,4879,4933,3679,3534,3586
22/4/2021 17:30,1220,1363,1397,4958,4940,5023,3738,3577,3626
22/4/2021 18:00,1207,1380,1435,4928,4913,4994,3721,3533,3559
22/4/2021 18:30,1186,1448,1407,4858,4848,4911,3672,3400,3504
22/4/2021 19:00,1202,1488,1379,4764,4761,4807,3562,3273,3428
22/4/2021 19:30,1256,1513,1310,4666,4675,4743,3410,3162,3433
22/4/2021 20:00,1337,1583,1291,4593,4615,4720,3256,3032,3429
22/4/2021 20:30,1444,1650,1380,4637,4657,4726,3193,3007,3346
22/4/2021 21:00,1526,1701,1514,4755,4759,4817,3229,3058,3303
22/4/2021 21:30,1582,1710,1642,4689,4684,4752,3107,2974,3110
22/4/2021 22:00,1614,1726,1685,4424,4420,4521,2810,2694,2836
22/4/2021 22:30,1620,1700,1722,4161,4148,4253,2541,2448,2531
22/4/2021 23:00,1819,1701,1766,3923,3920,4006,2104,2219,2240
22/4/2021 23:30,1817,1670,1753,3763,3757,3783,1946,2087,2030
23/4/2021 0:00,1819,1666,1701,3661,3660,3681,1842,1994,1980
23/4/2021 0:30,1824,1664,1651,3571,3575,3601,1747,1911,1950
23/4/2021 1:00,1819,1657,1654,3485,3490,3525,1666,1833,1871
23/4/2021 1:30,1803,1619,1687,3417,3424,3466,1614,1805,1779
23/4/2021 2:00,1778,1605,1754,3368,3378,3425,1590,1773,1671
23/4/2021 2:30,1745,1665,1774,3322,3334,3386,1577,1669,1612
23/4/2021 3:00,1724,1651,1765,3278,3293,3352,1554,1642,1587
23/4/2021 3:30,1714,1666,1779,3258,3272,3341,1544,1606,1562
23/4/2021 4:00,1727,1673,1786,3263,3275,3340,1536,1602,1554
23/4/2021 4:30,1761,1658,1778,3272,3293,3354,1511,1635,1576
23/4/2021 5:00,1795,1680,1747,3292,3334,3411,1497,1654,1664
23/4/2021 5:30,1827,1706,1766,3372,3417,3489,1545,1711,1723
23/4/2021 6:00,1859,1735,1853,3534,3568,3626,1675,1833,1773
23/4/2021 6:30,1890,1800,1855,3812,3847,3869,1922,2047,2014
23/4/2021 7:00,1901,1784,1832,4180,4228,4318,2279,2444,2486
23/4/2021 7:30,1892,1791,1800,4500,4550,4692,2608,2759,2892
23/4/2021 8:00,1836,1723,1733,4732,4772,4912,2896,3049,3179
23/4/2021 8:30,1734,1620,1631,4862,4892,4974,3128,3272,3343
23/4/2021 9:00,1685,1571,1522,4897,4923,4988,3212,3352,3466
23/4/2021 9:30,1688,1547,1498,4889,4915,4979,3201,3368,3481
23/4/2021 10:00,1714,1560,1528,4855,4887,4872,3141,3327,3344
23/4/2021 10:30,1764,1597,1557,4820,4857,4832,3056,3260,3275
23/4/2021 11:00,1821,1641,1642,4789,4829,4796,2968,3188,3154
23/4/2021 11:30,1886,1703,1832,4769,4807,4777,2883,3104,2945
23/4/2021 12:00,1933,1753,1974,4755,4795,4796,2822,3042,2822
23/4/2021 12:30,1963,1788,1986,4723,4766,4822,2760,2978,2836
23/4/2021 13:00,1974,1801,1966,4668,4708,4760,2694,2907,2794
23/4/2021 13:30,1964,1771,1888,4584,4630,4642,2620,2859,2754
23/4/2021 14:00,1955,1766,1873,4486,4543,4590,2531,2777,2717
23/4/2021 14:30,1948,1783,1908,4426,4492,4545,2478,2709,2637
23/4/2021 15:00,1934,1802,1921,4413,4483,4525,2479,2681,2604
23/4/2021 15:30,1913,1955,1946,4421,4498,4512,2508,2543,2566
23/4/2021 16:00,1897,1962,1922,4452,4537,4537,2555,2575,2615
23/4/2021 16:30,1886,1901,1887,4536,4623,4617,2650,2722,2730
23/4/2021 17:00,1874,1896,1889,4659,4738,4741,2785,2842,2852
23/4/2021 17:30,1861,1889,1825,4723,4790,4841,2862,2901,3016
23/4/2021 18:00,1834,1864,1821,4715,4769,4845,2881,2905,3024
23/4/2021 18:30,1792,1847,1775,4674,4722,4795,2882,2875,3020
23/4/2021 19:00,1781,1848,1779,4613,4659,4726,2832,2811,2947
23/4/2021 19:30,1803,1954,1804,4539,4583,4646,2736,2629,2842
23/4/2021 20:00,1847,2000,1784,4477,4516,4565,2630,2516,2781
23/4/2021 20:30,1913,2013,1917,4514,4543,4535,2601,2530,2618
23/4/2021 21:00,1964,2061,2008,4615,4630,4617,2651,2569,2609
23/4/2021 21:30,2000,2068,2087,4549,4559,4542,2549,2491,2455
23/4/2021 22:00,2003,2080,2101,4306,4319,4376,2303,2239,2275
23/4/2021 22:30,1973,2050,2134,4068,4084,4166,2095,2034,2032
23/4/2021 23:00,1975,2015,2105,3894,3895,3968,1919,1880,1863
23/4/2021 23:30,1955,1915,2065,3750,3756,3796,1795,1841,1731
24/4/2021 0:00,1931,1871,2034,3640,3650,3697,1709,1779,1663
24/4/2021 0:30,1905,1859,1972,3538,3552,3589,1633,1693,1617
24/4/2021 1:00,1893,1823,1900,3440,3454,3485,1547,1631,1585
24/4/2021 1:30,1893,1796,1874,3360,3375,3396,1467,1579,1522
24/4/2021 2:00,1881,1781,1914,3297,3314,3358,1416,1533,1444
24/4/2021 2:30,1856,1836,1949,3239,3257,3321,1383,1421,1372
24/4/2021 3:00,1830,1837,1949,3186,3206,3286,1356,1369,1337
24/4/2021 3:30,1803,1863,1881,3158,3177,3252,1355,1314,1371
24/4/2021 4:00,1796,1868,1822,3153,3173,3222,1357,1305,1400
24/4/2021 4:30,1807,1844,1761,3151,3172,3195,1344,1328,1434
24/4/2021 5:00,1818,1847,1761,3153,3179,3240,1335,1332,1479
24/4/2021 5:30,1830,1879,1781,3189,3210,3243,1359,1331,1462
24/4/2021 6:00,1836,1873,1804,3267,3285,3271,1431,1412,1467
24/4/2021 6:30,1836,1894,1828,3387,3418,3356,1551,1524,1528
24/4/2021 7:00,1815,1849,1872,3546,3602,3533,1731,1753,1661
24/4/2021 7:30,1773,1712,1841,3736,3797,3740,1963,2085,1899
24/4/2021 8:00,1691,1601,1721,3941,3985,3952,2250,2384,2231
24/4/2021 8:30,1568,1413,1544,4104,4133,4154,2536,2720,2610
24/4/2021 9:00,1478,1313,1459,4215,4232,4281,2737,2919,2822
24/4/2021 9:30,1420,1263,1473,4288,4287,4361,2868,3024,2888
24/4/2021 10:00,1392,1236,1436,4329,4304,4413,2937,3068,2977
24/4/2021 10:30,1391,1276,1437,4339,4303,4415,2948,3027,2978
24/4/2021 11:00,1400,1286,1452,4325,4293,4392,2925,3007,2940
24/4/2021 11:30,1417,1311,1455,4314,4292,4360,2897,2981,2905
24/4/2021 12:00,1435,1340,1489,4308,4304,4340,2873,2964,2851
24/4/2021 12:30,1455,1424,1582,4278,4282,4297,2823,2858,2715
24/4/2021 13:00,1480,1448,1668,4219,4219,4217,2739,2771,2549
24/4/2021 13:30,1511,1512,1735,4138,4142,4117,2627,2630,2382
24/4/2021 14:00,1533,1531,1768,4049,4061,4021,2516,2530,2253
24/4/2021 14:30,1546,1589,1726,3991,4006,3951,2445,2417,2225
24/4/2021 15:00,1544,1580,1630,3972,3980,3893,2428,2400,2263
24/4/2021 15:30,1529,1480,1608,3976,3979,3865,2447,2499,2257
24/4/2021 16:00,1510,1456,1646,4003,4004,3897,2493,2548,2251
24/4/2021 16:30,1490,1465,1648,4080,4086,3989,2590,2621,2341
24/4/2021 17:00,1470,1460,1621,4195,4213,4133,2725,2753,2512
24/4/2021 17:30,1452,1552,1638,4282,4316,4277,2830,2764,2639
24/4/2021 18:00,1415,1542,1593,4322,4371,4345,2907,2829,2752
24/4/2021 18:30,1359,1534,1600,4314,4367,4340,2955,2833,2740
24/4/2021 19:00,1337,1526,1509,4260,4304,4307,2923,2778,2798
24/4/2021 19:30,1347,1557,1332,4180,4210,4263,2833,2653,2931
24/4/2021 20:00,1383,1584,1294,4106,4125,4218,2723,2541,2924
24/4/2021 20:30,1444,1634,1284,4148,4164,4182,2704,2530,2898
24/4/2021 21:00,1494,1678,1474,4275,4295,4286,2781,2617,2812
24/4/2021 21:30,1533,1587,1566,4244,4266,4274,2711,2679,2708
24/4/2021 22:00,1555,1598,1632,4040,4062,4116,2485,2464,2484
24/4/2021 22:30,1562,1572,1620,3832,3863,3924,2270,2291,2304
24/4/2021 23:00,1696,1561,1697,3708,3712,3749,2012,2151,2052
24/4/2021 23:30,1717,1445,1673,3602,3610,3595,1885,2165,1922
25/4/2021 0:00,1730,1451,1645,3529,3533,3502,1799,2082,1857
25/4/2021 0:30,1734,1498,1629,3435,3435,3415,1701,1937,1786
25/4/2021 1:00,1741,1506,1660,3319,3315,3331,1578,1809,1671
25/4/2021 1:30,1752,1594,1687,3236,3233,3246,1484,1639,1559
25/4/2021 2:00,1743,1591,1711,3189,3190,3204,1446,1599,1493
25/4/2021 2:30,1716,1575,1732,3137,3141,3159,1421,1566,1427
25/4/2021 3:00,1690,1531,1740,3077,3085,3118,1387,1554,1378
25/4/2021 3:30,1666,1491,1722,3040,3047,3066,1374,1556,1344
25/4/2021 4:00,1649,1475,1687,3028,3032,3062,1379,1557,1375
25/4/2021 4:30,1640,1458,1559,3022,3023,3054,1382,1565,1495
25/4/2021 5:00,1637,1450,1503,3021,3022,3087,1384,1572,1584
25/4/2021 5:30,1641,1486,1466,3036,3040,3094,1395,1554,1628
25/4/2021 6:00,1642,1489,1460,3067,3074,3094,1425,1585,1634
25/4/2021 6:30,1638,1617,1481,3110,3116,3143,1472,1499,1662
25/4/2021 7:00,1594,1583,1466,3177,3182,3273,1583,1599,1807
25/4/2021 7:30,1509,1521,1401,3324,3337,3396,1815,1816,1995
25/4/2021 8:00,1405,1404,1290,3541,3569,3579,2136,2165,2289
25/4/2021 8:30,1282,1174,1174,3724,3753,3767,2442,2579,2593
25/4/2021 9:00,1214,1085,1101,3856,3873,3945,2642,2788,2844
25/4/2021 9:30,1200,1037,1179,3965,3991,4109,2765,2954,2930
25/4/2021 10:00,1205,1062,1209,4057,4112,4244,2852,3050,3035
25/4/2021 10:30,1229,1099,1301,4129,4199,4328,2900,3100,3027
25/4/2021 11:00,1268,1167,1449,4186,4251,4356,2918,3084,2907
25/4/2021 11:30,1322,1224,1571,4254,4302,4379,2932,3078,2808
25/4/2021 12:00,1358,1262,1583,4327,4356,4394,2969,3094,2811
25/4/2021 12:30,1377,1329,1608,4353,4374,4398,2976,3045,2790
25/4/2021 13:00,1370,1299,1532,4321,4339,4339,2951,3040,2807
25/4/2021 13:30,1340,1307,1501,4239,4251,4227,2899,2944,2726
25/4/2021 14:00,1300,1242,1445,4125,4121,4111,2825,2879,2666
25/4/2021 14:30,1253,1244,1339,4056,4037,4004,2803,2793,2665
25/4/2021 15:00,1199,1164,1279,4039,4009,3964,2840,2845,2685
25/4/2021 15:30,1138,1098,1220,4039,4012,3945,2901,2914,2725
25/4/2021 16:00,1081,1002,1104,4058,4045,3983,2977,3043,2879
25/4/2021 16:30,1028,919,1009,4139,4145,4070,3111,3226,3061
25/4/2021 17:00,980,838,917,4268,4290,4204,3288,3452,3287
25/4/2021 17:30,939,796,830,4354,4375,4349,3415,3579,3519
25/4/2021 18:00,891,744,794,4379,4382,4423,3488,3638,3629
25/4/2021 18:30,837,747,764,4367,4360,4460,3530,3613,3696
25/4/2021 19:00,796,722,673,4324,4321,4444,3528,3599,3771
25/4/2021 19:30,769,709,633,4259,4272,4410,3490,3563,3777
25/4/2021 20:00,778,732,645,4196,4233,4402,3418,3501,3757
25/4/2021 20:30,825,780,706,4236,4260,4362,3411,3480,3656
25/4/2021 21:00,852,804,787,4346,4325,4408,3494,3521,3621
25/4/2021 21:30,860,769,816,4294,4256,4342,3434,3487,3526
25/4/2021 22:00,855,760,819,4069,4047,4136,3214,3287,3317
25/4/2021 22:30,836,734,839,3857,3840,3909,3021,3106,3070
25/4/2021 23:00,616,711,818,3666,3668,3695,3050,2957,2877
25/4/2021 23:30,598,657,763,3513,3514,3515,2915,2857,2752
26/4/2021 0:00,579,626,765,3381,3379,3451,2802,2753,2686
26/4/2021 0:30,561,581,736,3287,3285,3378,2726,2704,2642
26/4/2021 1:00,534,535,679,3228,3227,3290,2694,2692,2611
26/4/2021 1:30,496,534,621,3178,3180,3238,2682,2646,2617
26/4/2021 2:00,466,485,577,3132,3133,3217,2666,2648,2640
26/4/2021 2:30,443,473,519,3097,3099,3183,2654,2626,2664
26/4/2021 3:00,416,436,502,3075,3077,3160,2659,2641,2658
26/4/2021 3:30,385,402,432,3063,3068,3151,2678,2666,2719
26/4/2021 4:00,354,380,375,3064,3073,3151,2710,2693,2776
26/4/2021 4:30,323,369,349,3079,3087,3170,2756,2718,2821
26/4/2021 5:00,296,359,346,3118,3137,3240,2822,2778,2894
26/4/2021 5:30,272,377,360,3223,3238,3317,2951,2861,2957
26/4/2021 6:00,256,363,323,3407,3409,3465,3151,3046,3142
26/4/2021 6:30,245,386,303,3684,3684,3711,3439,3298,3408
26/4/2021 7:00,231,370,286,4033,4045,4177,3802,3675,3891
26/4/2021 7:30,213,302,255,4356,4368,4581,4143,4066,4326
26/4/2021 8:00,189,269,186,4617,4619,4852,4428,4350,4666
26/4/2021 8:30,158,208,118,4777,4774,4950,4619,4566,4832
26/4/2021 9:00,142,178,90,4837,4837,4978,4695,4659,4888
26/4/2021 9:30,140,150,89,4842,4840,4974,4702,4690,4885
26/4/2021 10:00,145,145,79,4812,4801,4913,4667,4656,4834
26/4/2021 10:30,155,133,101,4783,4773,4882,4628,4640,4781
26/4/2021 11:00,174,143,112,4764,4760,4849,4590,4617,4737
26/4/2021 11:30,200,128,131,4762,4753,4830,4562,4625,4699
26/4/2021 12:00,241,159,170,4769,4737,4814,4528,4578,4644
26/4/2021 12:30,298,181,260,4746,4698,4829,4448,4517,4569
26/4/2021 13:00,355,231,323,4691,4632,4800,4336,4401,4477
26/4/2021 13:30,412,286,389,4631,4583,4661,4219,4297,4272
26/4/2021 14:00,485,354,442,4580,4553,4646,4095,4199,4204
26/4/2021 14:30,576,420,624,4554,4535,4638,3978,4115,4014
26/4/2021 15:00,650,499,792,4557,4527,4641,3907,4028,3849
26/4/2021 15:30,708,604,927,4585,4552,4671,3877,3948,3744
26/4/2021 16:00,774,706,1020,4643,4610,4735,3869,3904,3715
26/4/2021 16:30,847,827,1049,4746,4706,4814,3899,3879,3765
26/4/2021 17:00,887,885,1133,4872,4818,4954,3985,3933,3821
26/4/2021 17:30,893,922,1184,4922,4874,5019,4029,3952,3835
26/4/2021 18:00,912,925,1159,4882,4858,4949,3970,3933,3790
26/4/2021 18:30,942,1101,1074,4801,4802,4846,3859,3701,3772
26/4/2021 19:00,987,1101,1055,4697,4718,4747,3710,3617,3692
26/4/2021 19:30,1049,1165,1098,4608,4634,4683,3559,3469,3585
26/4/2021 20:00,1077,1194,1175,4551,4568,4643,3474,3374,3468
26/4/2021 20:30,1074,1189,1206,4572,4584,4621,3498,3395,3415
26/4/2021 21:00,1059,1201,1175,4635,4646,4656,3576,3445,3481
26/4/2021 21:30,1033,1218,1200,4553,4566,4569,3520,3348,3369
26/4/2021 22:00,1008,1186,1103,4315,4328,4335,3307,3142,3232
26/4/2021 22:30,984,1083,1111,4066,4077,4091,3082,2994,2980
26/4/2021 23:00,1108,1074,1076,3843,3847,3862,2735,2773,2786
26/4/2021 23:30,1123,1102,1154,3644,3651,3669,2521,2549,2515
27/4/2021 0:00,1127,1110,1133,3478,3484,3563,2351,2374,2430
27/4/2021 0:30,1121,1084,1057,3360,3367,3488,2239,2283,2431
27/4/2021 1:00,1104,1093,1017,3285,3294,3407,2181,2201,2390
27/4/2021 1:30,1076,1109,1009,3228,3238,3347,2152,2129,2338
27/4/2021 2:00,1068,1107,1006,3182,3192,3311,2114,2085,2305
27/4/2021 2:30,1079,1025,977,3150,3159,3281,2071,2134,2304
27/4/2021 3:00,1076,1007,983,3133,3142,3255,2057,2135,2272
27/4/2021 3:30,1057,1003,956,3132,3141,3235,2075,2138,2279
27/4/2021 4:00,1042,978,928,3147,3158,3235,2105,2180,2307
27/4/2021 4:30,1033,934,960,3171,3183,3247,2138,2249,2287
27/4/2021 5:00,1039,940,929,3213,3232,3298,2174,2292,2369
27/4/2021 5:30,1061,945,928,3319,3334,3351,2258,2389,2423
27/4/2021 6:00,1079,982,963,3502,3512,3504,2423,2530,2541
27/4/2021 6:30,1094,1030,953,3774,3743,3725,2680,2713,2772
27/4/2021 7:00,1174,1102,970,4114,4137,4141,2940,3035,3171
27/4/2021 7:30,1321,1210,1081,4424,4467,4530,3103,3257,3449
27/4/2021 8:00,1461,1320,1128,4671,4694,4800,3210,3374,3672
27/4/2021 8:30,1596,1415,1204,4821,4823,4880,3225,3408,3676
27/4/2021 9:00,1684,1496,1261,4877,4867,4914,3193,3371,3653
27/4/2021 9:30,1724,1453,1368,4886,4877,4927,3162,3424,3559
27/4/2021 10:00,1756,1474,1416,4867,4870,4871,3111,3396,3455
27/4/2021 10:30,1779,1471,1505,4854,4869,4865,3075,3398,3360
27/4/2021 11:00,1789,1480,1586,4851,4875,4841,3062,3395,3255
27/4/2021 11:30,1784,1493,1534,4852,4880,4841,3068,3387,3307
27/4/2021 12:00,1790,1528,1559,4847,4886,4887,3057,3358,3328
27/4/2021 12:30,1807,1499,1632,4811,4862,4924,3004,3363,3292
27/4/2021 13:00,1806,1552,1729,4746,4802,4879,2940,3250,3150
27/4/2021 13:30,1787,1686,1892,4689,4736,4786,2902,3050,2894
27/4/2021 14:00,1805,1727,1867,4646,4676,4705,2841,2949,2838
27/4/2021 14:30,1862,1809,1898,4617,4652,4678,2755,2843,2780
27/4/2021 15:00,1915,1867,1910,4605,4665,4722,2690,2798,2812
27/4/2021 15:30,1966,1940,1843,4625,4700,4753,2659,2760,2910
27/4/2021 16:00,2048,2000,1943,4683,4757,4804,2635,2757,2861
27/4/2021 16:30,2161,2073,1911,4778,4859,4951,2617,2786,3040
27/4/2021 17:00,2230,2103,1961,4891,4980,5065,2661,2877,3104
27/4/2021 17:30,2255,2221,2057,4937,5006,5153,2682,2785,3096
27/4/2021 18:00,2264,2232,2002,4908,4930,5082,2644,2698,3080
27/4/2021 18:30,2257,2181,1990,4849,4841,4996,2592,2660,3006
27/4/2021 19:00,2243,2172,1827,4773,4759,4864,2530,2587,3037
27/4/2021 19:30,2221,2114,1807,4686,4669,4769,2465,2555,2962
27/4/2021 20:00,2181,2111,1832,4608,4589,4688,2427,2478,2856
27/4/2021 20:30,2121,2000,1915,4622,4595,4662,2501,2595,2747
27/4/2021 21:00,2095,1982,1931,4695,4652,4685,2600,2670,2754
27/4/2021 21:30,2105,1861,1844,4617,4563,4572,2512,2702,2728
27/4/2021 22:00,2097,1902,1852,4374,4317,4339,2277,2415,2487
27/4/2021 22:30,2073,1947,1807,4121,4071,4054,2048,2124,2247
27/4/2021 23:00,2039,1951,1618,3861,3863,3799,1822,1912,2181
27/4/2021 23:30,2031,1926,1652,3688,3695,3609,1657,1769,1957
28/4/2021 0:00,2005,1905,1723,3548,3557,3489,1543,1652,1766
28/4/2021 0:30,1958,1994,1832,3448,3458,3422,1490,1464,1590
28/4/2021 1:00,1920,1965,1833,3382,3390,3339,1462,1425,1506
28/4/2021 1:30,1890,1837,1788,3327,3334,3298,1437,1497,1510
28/4/2021 2:00,1873,1815,1847,3278,3286,3287,1405,1471,1440
28/4/2021 2:30,1870,1532,1870,3237,3245,3251,1367,1713,1381
28/4/2021 3:00,1870,1540,1893,3206,3215,3202,1336,1675,1309
28/4/2021 3:30,1876,1600,1906,3190,3198,3188,1314,1598,1282
28/4/2021 4:00,1901,1617,1907,3188,3199,3201,1287,1582,1294
28/4/2021 4:30,1945,1654,1851,3205,3219,3228,1260,1565,1377
28/4/2021 5:00,1959,1659,1836,3248,3268,3282,1289,1609,1446
28/4/2021 5:30,1942,1660,1803,3352,3369,3337,1410,1709,1534
28/4/2021 6:00,1922,1647,1842,3534,3545,3474,1612,1898,1632
28/4/2021 6:30,1898,1713,1777,3824,3847,3709,1926,2134,1932
28/4/2021 7:00,1889,1690,1671,4195,4247,4146,2306,2557,2475
28/4/2021 7:30,1894,1756,1572,4512,4571,4541,2618,2815,2969
28/4/2021 8:00,1962,1806,1503,4741,4784,4819,2779,2978,3316
28/4/2021 8:30,2092,1885,1546,4879,4904,4906,2787,3019,3360
28/4/2021 9:00,2160,1935,1545,4934,4946,4920,2774,3011,3375
28/4/2021 9:30,2167,1976,1573,4938,4944,4931,2771,2968,3358
28/4/2021 10:00,2160,1956,1558,4909,4914,4897,2749,2958,3339
28/4/2021 10:30,2139,1882,1510,4888,4880,4879,2749,2998,3369
28/4/2021 11:00,2118,1850,1542,4885,4854,4899,2767,3004,3357
28/4/2021 11:30,2097,1703,1598,4894,4866,4884,2797,3163,3286
28/4/2021 12:00,2083,1701,1639,4905,4906,4881,2822,3205,3242
28/4/2021 12:30,2078,1610,1686,4885,4908,4928,2807,3298,3242
28/4/2021 13:00,2052,1601,1593,4831,4861,4928,2779,3260,3335
28/4/2021 13:30,2006,1549,1508,4768,4796,4830,2762,3247,3322
28/4/2021 14:00,1957,1489,1479,4709,4725,4806,2752,3236,3327
28/4/2021 14:30,1904,1396,1391,4684,4690,4784,2780,3294,3393
28/4/2021 15:00,1863,1344,1379,4696,4696,4816,2833,3352,3437
28/4/2021 15:30,1832,1386,1254,4727,4725,4827,2895,3339,3573
28/4/2021 16:00,1786,1337,1192,4777,4776,4881,2991,3439,3689
28/4/2021 16:30,1725,1259,1177,4873,4875,5008,3148,3616,3831
28/4/2021 17:00,1667,1238,1153,4993,4998,5144,3326,3760,3991
28/4/2021 17:30,1614,1242,1088,5027,5041,5198,3413,3799,4110
28/4/2021 18:00,1533,1240,1002,4966,4991,5134,3433,3751,4132
28/4/2021 18:30,1427,1220,924,4885,4906,5023,3458,3686,4099
28/4/2021 19:00,1282,1145,841,4801,4806,4931,3519,3661,4090
28/4/2021 19:30,1100,930,761,4704,4709,4873,3604,3779,4112
28/4/2021 20:00,973,855,701,4616,4635,4806,3643,3780,4105
28/4/2021 20:30,899,832,656,4630,4652,4779,3731,3820,4123
28/4/2021 21:00,860,809,621,4713,4721,4828,3853,3912,4207
28/4/2021 21:30,855,732,640,4638,4633,4717,3783,3901,4077
28/4/2021 22:00,826,703,694,4391,4376,4504,3565,3673,3810
28/4/2021 22:30,774,637,623,4146,4116,4234,3372,3479,3611
28/4/2021 23:00,747,601,559,3893,3894,3969,3146,3293,3410
28/4/2021 23:30,698,574,524,3718,3715,3755,3020,3141,3231
29/4/2021 0:00,654,532,484,3589,3587,3653,2935,3055,3169
29/4/2021 0:30,615,491,431,3491,3491,3588,2876,3000,3157
29/4/2021 1:00,562,449,397,3419,3417,3507,2857,2968,3110
29/4/2021 1:30,495,407,368,3367,3366,3451,2872,2959,3083
29/4/2021 2:00,453,378,335,3330,3330,3411,2877,2952,3076
29/4/2021 2:30,438,396,332,3295,3298,3374,2857,2902,3042
29/4/2021 3:00,425,365,285,3265,3272,3341,2840,2907,3056
29/4/2021 3:30,415,304,250,3256,3264,3327,2841,2960,3077
29/4/2021 4:00,406,287,238,3269,3277,3330,2863,2990,3092
29/4/2021 4:30,396,274,258,3293,3300,3347,2897,3026,3089
29/4/2021 5:00,399,267,250,3333,3340,3408,2934,3073,3158
29/4/2021 5:30,413,239,273,3417,3420,3451,3004,3181,3178
29/4/2021 6:00,413,245,254,3570,3569,3600,3157,3324,3346
29/4/2021 6:30,399,264,243,3862,3874,3846,3463,3610,3603
29/4/2021 7:00,356,249,264,4268,4305,4283,3912,4056,4019
29/4/2021 7:30,284,198,250,4607,4656,4690,4323,4458,4440
29/4/2021 8:00,249,180,203,4838,4878,4955,4589,4698,4752
29/4/2021 8:30,252,202,160,4976,4993,5031,4724,4791,4871
29/4/2021 9:00,259,206,160,5033,5020,5048,4774,4814,4888
29/4/2021 9:30,272,193,176,5041,5020,5039,4769,4827,4863
29/4/2021 10:00,283,197,193,5014,5008,4998,4731,4811,4805
29/4/2021 10:30,293,202,231,4978,4998,4998,4685,4796,4767
29/4/2021 11:00,291,193,266,4947,4989,4991,4656,4796,4725
29/4/2021 11:30,276,188,237,4950,4979,4968,4674,4791,4731
29/4/2021 12:00,264,182,245,4980,4983,4986,4716,4801,4741
29/4/2021 12:30,254,146,288,4976,4977,5023,4722,4831,4735
29/4/2021 13:00,253,146,293,4928,4949,4982,4675,4803,4689
29/4/2021 13:30,262,142,316,4859,4890,4858,4597,4748,4542
29/4/2021 14:00,277,162,291,4785,4810,4817,4508,4648,4526
29/4/2021 14:30,297,286,351,4750,4769,4788,4453,4483,4437
29/4/2021 15:00,350,323,420,4759,4776,4815,4409,4453,4395
29/4/2021 15:30,436,343,376,4787,4807,4838,4351,4464,4462
29/4/2021 16:00,484,375,437,4835,4862,4899,4351,4487,4462
29/4/2021 16:30,494,444,425,4936,4964,4991,4442,4520,4566
29/4/2021 17:00,504,475,441,5068,5092,5104,4564,4617,4663
29/4/2021 17:30,513,503,378,5121,5140,5191,4608,4637,4813
29/4/2021 18:00,512,514,296,5081,5097,5137,4569,4583,4841
29/4/2021 18:30,500,552,311,5006,5021,5049,4506,4469,4738
29/4/2021 19:00,462,515,298,4915,4928,4945,4453,4413,4647
29/4/2021 19:30,396,442,246,4821,4833,4878,4425,4391,4632
29/4/2021 20:00,357,399,193,4745,4758,4806,4388,4359,4613
29/4/2021 20:30,343,315,187,4760,4777,4782,4417,4462,4595
29/4/2021 21:00,327,286,170,4829,4853,4828,4502,4567,4658
29/4/2021 21:30,308,202,172,4732,4772,4775,4424,4570,4603
29/4/2021 22:00,284,199,186,4460,4519,4572,4176,4320,4386
29/4/2021 22:30,255,222,192,4187,4247,4307,3932,4025,4115
29/4/2021 23:00,198,210,150,4003,4004,4043,3805,3794,3893
29/4/2021 23:30,189,148,131,3838,3840,3824,3649,3692,3693
30/4/2021 0:00,194,145,119,3745,3748,3711,3551,3603,3592
30/4/2021 0:30,211,148,115,3661,3664,3642,3450,3516,3527
30/4/2021 1:00,222,147,116,3574,3577,3557,3352,3430,3441
30/4/2021 1:30,228,147,106,3503,3507,3478,3275,3360,3372
30/4/2021 2:00,230,146,103,3449,3454,3431,3219,3308,3328
30/4/2021 2:30,230,149,101,3399,3404,3398,3169,3255,3297
30/4/2021 3:00,226,150,105,3355,3361,3360,3129,3211,3255
30/4/2021 3:30,219,129,115,3334,3339,3343,3115,3210,3228
30/4/2021 4:00,218,135,119,3340,3344,3334,3122,3209,3215
30/4/2021 4:30,221,143,117,3363,3368,3356,3142,3225,3239
30/4/2021 5:00,224,151,103,3403,3415,3417,3179,3264,3314
30/4/2021 5:30,227,153,104,3480,3490,3447,3253,3337,3343
30/4/2021 6:00,229,157,117,3617,3625,3592,3388,3468,3475
30/4/2021 6:30,229,136,129,3896,3915,3840,3667,3779,3711
30/4/2021 7:00,218,135,127,4293,4336,4246,4075,4201,4119
30/4/2021 7:30,196,137,103,4625,4675,4633,4429,4538,4530
30/4/2021 8:00,180,131,91,4849,4888,4903,4669,4757,4812
30/4/2021 8:30,169,106,85,4974,4994,5001,4805,4888,4916
30/4/2021 9:00,173,109,43,5013,5013,5043,4840,4904,5000
30/4/2021 9:30,189,103,0,5007,5002,5022,4818,4899,5022
30/4/2021 10:00,206,115,80,4974,4980,4999,4768,4865,4919
30/4/2021 10:30,222,127,107,4950,4961,4956,4728,4834,4849
30/4/2021 11:00,229,152,131,4941,4947,4946,4712,4795,4815
30/4/2021 11:30,227,171,180,4943,4947,4949,4716,4776,4769
30/4/2021 12:00,224,190,174,4947,4963,4975,4723,4773,4801
30/4/2021 12:30,220,186,190,4938,4950,4988,4718,4764,4798
30/4/2021 13:00,219,200,208,4908,4896,4951,4689,4696,4743
30/4/2021 13:30,222,217,196,4838,4817,4848,4616,4600,4652
30/4/2021 14:00,222,224,198,4741,4730,4780,4519,4506,4582
30/4/2021 14:30,220,183,219,4684,4690,4732,4464,4507,4513
30/4/2021 15:00,224,198,250,4676,4701,4707,4452,4503,4457
30/4/2021 15:30,235,244,227,4688,4724,4699,4453,4480,4472
30/4/2021 16:00,258,257,192,4721,4758,4723,4463,4501,4531
30/4/2021 16:30,294,258,175,4804,4839,4814,4510,4581,4639
30/4/2021 17:00,305,265,178,4921,4948,4906,4616,4683,4728
30/4/2021 17:30,291,258,187,4971,4983,4973,4680,4725,4786
30/4/2021 18:00,283,273,210,4940,4934,4937,4657,4661,4727
30/4/2021 18:30,280,315,211,4881,4862,4873,4601,4547,4662
30/4/2021 19:00,273,329,161,4806,4783,4791,4533,4454,4630
30/4/2021 19:30,263,290,143,4712,4700,4708,4449,4410,4565
30/4/2021 20:00,269,310,125,4623,4631,4621,4354,4321,4496
30/4/2021 20:30,294,315,126,4643,4651,4592,4349,4336,4466
30/4/2021 21:00,307,319,145,4738,4725,4623,4431,4406,4478
30/4/2021 21:30,308,307,158,4672,4658,4616,4364,4351,4458
30/4/2021 22:00,287,288,155,4430,4436,4470,4143,4148,4315
30/4/2021 22:30,244,206,159,4192,4208,4261,3948,4002,4102
30/4/2021 23:00,220,187,148,4013,4015,4059,3793,3828,3911
30/4/2021 23:30,186,126,126,3871,3878,3870,3685,3752,3744
1/5/2021 0:00,162,118,110,3773,3778,3758,3611,3660,3648
1/5/2021 0:30,148,94,101,3676,3681,3655,3528,3587,3554
1/5/2021 1:00,140,90,92,3574,3578,3568,3434,3488,3476
1/5/2021 1:30,136,75,69,3485,3490,3474,3349,3415,3405
1/5/2021 2:00,127,66,51,3411,3417,3419,3284,3351,3368
1/5/2021 2:30,113,69,0,3351,3357,3367,3238,3288,3367
1/5/2021 3:00,104,68,44,3305,3311,3328,3201,3243,3284
1/5/2021 3:30,99,55,0,3281,3287,3298,3182,3232,3298
1/5/2021 4:00,98,55,0,3277,3283,3289,3179,3228,3289
1/5/2021 4:30,100,53,0,3275,3285,3293,3175,3232,3293
1/5/2021 5:00,100,55,0,3275,3286,3315,3175,3231,3315
1/5/2021 5:30,96,48,0,3299,3310,3307,3203,3262,3307
1/5/2021 6:00,97,54,0,3359,3371,3353,3262,3317,3353
1/5/2021 6:30,101,53,0,3477,3491,3463,3376,3438,3463
1/5/2021 7:00,103,57,0,3652,3671,3622,3549,3614,3622
1/5/2021 7:30,102,55,0,3863,3881,3818,3761,3826,3818
1/5/2021 8:00,97,54,0,4085,4101,4037,3988,4047,4037
1/5/2021 8:30,89,53,0,4256,4266,4229,4167,4213,4229
1/5/2021 9:00,84,54,0,4366,4370,4373,4282,4316,4373
1/5/2021 9:30,82,60,0,4444,4447,4461,4362,4387,4461
1/5/2021 10:00,81,63,0,4498,4504,4505,4417,4441,4505
1/5/2021 10:30,82,65,0,4524,4529,4537,4442,4464,4537
1/5/2021 11:00,82,67,0,4528,4527,4545,4446,4460,4545
1/5/2021 11:30,84,67,0,4534,4528,4565,4450,4461,4565
1/5/2021 12:00,84,68,0,4541,4543,4567,4457,4475,4567
1/5/2021 12:30,85,69,28,4518,4524,4581,4433,4455,4553
1/5/2021 13:00,85,87,52,4462,4462,4557,4377,4375,4505
1/5/2021 13:30,87,134,34,4383,4385,4474,4296,4251,4440
1/5/2021 14:00,99,145,74,4294,4302,4388,4195,4157,4314
1/5/2021 14:30,124,138,84,4242,4237,4319,4118,4099,4235
1/5/2021 15:00,138,136,121,4231,4196,4280,4093,4060,4159
1/5/2021 15:30,141,154,161,4240,4184,4234,4099,4030,4073
1/5/2021 16:00,163,164,200,4270,4208,4259,4107,4044,4059
1/5/2021 16:30,205,154,242,4351,4287,4315,4146,4133,4073
1/5/2021 17:00,226,176,256,4469,4407,4445,4243,4231,4189
1/5/2021 17:30,227,176,236,4545,4494,4586,4318,4318,4350
1/5/2021 18:00,226,198,196,4562,4531,4635,4336,4333,4439
1/5/2021 18:30,224,226,171,4540,4527,4623,4316,4301,4452
1/5/2021 19:00,218,227,165,4483,4481,4568,4265,4254,4403
1/5/2021 19:30,209,233,192,4393,4384,4475,4184,4151,4283
1/5/2021 20:00,216,227,175,4299,4268,4389,4083,4041,4214
1/5/2021 20:30,239,237,158,4316,4286,4316,4077,4049,4158
1/5/2021 21:00,242,237,175,4419,4407,4317,4177,4170,4142
1/5/2021 21:30,222,221,176,4389,4389,4329,4167,4168,4153
1/5/2021 22:00,207,226,206,4205,4204,4205,3998,3978,3999
1/5/2021 22:30,194,215,210,4001,4009,4011,3807,3794,3801
1/5/2021 23:00,167,200,215,3838,3844,3845,3671,3644,3630
1/5/2021 23:30,156,195,198,3727,3738,3678,3571,3543,3480
2/5/2021 0:00,152,177,190,3660,3670,3608,3508,3493,3418
2/5/2021 0:30,154,148,198,3575,3584,3517,3421,3436,3319
2/5/2021 1:00,150,138,186,3466,3474,3412,3316,3336,3226
2/5/2021 1:30,141,110,172,3375,3383,3328,3234,3273,3156
2/5/2021 2:00,129,103,170,3308,3316,3268,3179,3213,3098
2/5/2021 2:30,115,109,163,3253,3259,3230,3138,3150,3067
2/5/2021 3:00,104,98,148,3208,3212,3189,3104,3114,3041
2/5/2021 3:30,95,101,152,3180,3184,3165,3085,3083,3013
2/5/2021 4:00,90,95,141,3169,3175,3156,3079,3080,3015
2/5/2021 4:30,87,92,125,3170,3186,3167,3083,3094,3042
2/5/2021 5:00,86,86,117,3177,3194,3190,3091,3108,3073
2/5/2021 5:30,86,86,93,3173,3191,3153,3087,3105,3060
2/5/2021 6:00,86,84,87,3165,3187,3163,3079,3103,3076
2/5/2021 6:30,87,80,68,3201,3217,3212,3114,3137,3144
2/5/2021 7:00,87,82,71,3294,3299,3333,3207,3217,3262
2/5/2021 7:30,87,91,61,3452,3451,3458,3365,3360,3397
2/5/2021 8:00,86,92,0,3662,3661,3628,3576,3569,3628
2/5/2021 8:30,85,94,0,3853,3854,3805,3768,3760,3805
2/5/2021 9:00,87,93,0,4010,4012,3963,3923,3919,3963
2/5/2021 9:30,93,77,0,4133,4135,4090,4040,4058,4090
2/5/2021 10:00,96,82,0,4229,4230,4224,4133,4148,4224
2/5/2021 10:30,97,71,32,4317,4319,4311,4220,4248,4279
2/5/2021 11:00,101,82,86,4399,4405,4372,4298,4323,4286
2/5/2021 11:30,106,82,104,4462,4465,4412,4356,4383,4308
2/5/2021 12:00,113,100,99,4501,4501,4470,4388,4401,4371
2/5/2021 12:30,122,121,103,4504,4511,4500,4382,4390,4397
2/5/2021 13:00,141,151,129,4468,4486,4469,4327,4335,4340
2/5/2021 13:30,171,188,172,4397,4412,4372,4226,4224,4200
2/5/2021 14:00,216,238,221,4304,4302,4282,4088,4064,4061
2/5/2021 14:30,276,288,257,4234,4230,4200,3958,3942,3943
2/5/2021 15:00,332,335,286,4198,4208,4147,3866,3873,3861
2/5/2021 15:30,385,367,325,4194,4212,4107,3809,3845,3782
2/5/2021 16:00,418,403,405,4227,4247,4163,3809,3844,3758
2/5/2021 16:30,430,422,395,4317,4345,4235,3887,3923,3840
2/5/2021 17:00,453,458,448,4448,4493,4360,3995,4035,3912
2/5/2021 17:30,485,501,460,4534,4587,4436,4049,4086,3976
2/5/2021 18:00,487,520,439,4559,4610,4439,4072,4090,4000
2/5/2021 18:30,459,489,409,4545,4584,4397,4086,4095,3988
2/5/2021 19:00,428,461,403,4501,4525,4348,4073,4064,3945
2/5/2021 19:30,396,423,352,4444,4465,4271,4048,4042,3919
2/5/2021 20:00,365,395,313,4391,4419,4209,4026,4024,3896
2/5/2021 20:30,333,360,327,4395,4409,4161,4062,4049,3834
2/5/2021 21:00,315,363,338,4433,4413,4183,4118,4050,3845
2/5/2021 21:30,310,337,380,4356,4322,4160,4046,3985,3780
2/5/2021 22:00,327,378,459,4157,4130,4039,3830,3752,3580
2/5/2021 22:30,364,429,573,3945,3921,3882,3581,3492,3309
2/5/2021 23:00,547,519,654,3725,3726,3697,3178,3207,3043
2/5/2021 23:30,673,640,775,3587,3584,3543,2914,2944,2768
3/5/2021 0:00,809,788,899,3504,3502,3459,2695,2714,2560
3/5/2021 0:30,955,978,1096,3425,3422,3379,2470,2444,2283
3/5/2021 1:00,1145,1184,1276,3341,3339,3298,2196,2155,2022
3/5/2021 1:30,1378,1452,1466,3272,3269,3203,1894,1817,1737
3/5/2021 2:00,1615,1691,1665,3218,3215,3151,1603,1524,1486
3/5/2021 2:30,1857,1973,1900,3170,3165,3096,1313,1192,1196
3/5/2021 3:00,2075,2207,2110,3127,3122,3055,1052,915,945
3/5/2021 3:30,2267,2422,2319,3100,3093,3036,833,671,717
3/5/2021 4:00,2457,2611,2522,3090,3082,3008,633,471,486
3/5/2021 4:30,2645,2760,2562,3095,3087,3018,450,327,456
3/5/2021 5:00,2792,2885,2745,3111,3103,3076,319,218,331
3/5/2021 5:30,2899,2995,2756,3130,3118,3087,231,123,331
3/5/2021 6:00,2992,3078,2867,3161,3148,3149,169,70,282
3/5/2021 6:30,3069,3164,2761,3257,3253,3185,188,89,424
3/5/2021 7:00,3183,3270,2625,3415,3428,3304,232,158,679
3/5/2021 7:30,3332,3352,2787,3578,3587,3465,246,235,678
3/5/2021 8:00,3463,3480,2934,3737,3724,3666,274,244,732
3/5/2021 8:30,3576,3539,3115,3920,3890,3842,344,351,727
3/5/2021 9:00,3659,3626,3302,4121,4091,4018,462,465,716
3/5/2021 9:30,3712,3640,3472,4290,4277,4194,578,637,722
3/5/2021 10:00,3729,3666,3624,4425,4438,4348,696,772,724
3/5/2021 10:30,3710,3466,3706,4564,4571,4459,854,1105,753
3/5/2021 11:00,3628,3414,3602,4702,4674,4554,1074,1260,952
3/5/2021 11:30,3484,3261,3470,4790,4753,4615,1306,1492,1145
3/5/2021 12:00,3351,3215,3289,4821,4793,4689,1470,1578,1400
3/5/2021 12:30,3227,3269,3350,4822,4793,4748,1595,1524,1398
3/5/2021 13:00,3130,3261,3319,4793,4751,4726,1663,1490,1407
3/5/2021 13:30,3058,3266,3381,4720,4670,4606,1662,1404,1225
3/5/2021 14:00,2992,3200,3525,4608,4553,4531,1616,1353,1006
3/5/2021 14:30,2931,3180,3357,4502,4424,4372,1571,1244,1015
3/5/2021 15:00,2858,3075,3303,4420,4305,4338,1562,1230,1035
3/5/2021 15:30,2772,2972,3114,4392,4269,4304,1620,1297,1190
3/5/2021 16:00,2764,2900,2909,4435,4333,4393,1671,1433,1484
3/5/2021 16:30,2835,2833,2836,4583,4498,4547,1748,1665,1711
3/5/2021 17:00,2956,2823,2916,4806,4727,4767,1850,1904,1851
3/5/2021 17:30,3128,3021,2856,4937,4867,4926,1809,1846,2070
3/5/2021 18:00,3290,3074,2855,4951,4893,4933,1661,1819,2078
3/5/2021 18:30,3445,3097,2878,4897,4844,4876,1452,1747,1998
3/5/2021 19:00,3564,3220,3010,4800,4744,4785,1236,1524,1775
3/5/2021 19:30,3647,3339,3109,4702,4636,4702,1055,1297,1593
3/5/2021 20:00,3695,3471,3323,4619,4543,4644,924,1072,1321
3/5/2021 20:30,3710,3635,3385,4574,4513,4551,864,878,1166
3/5/2021 21:00,3712,3730,3573,4552,4518,4499,840,788,926
3/5/2021 21:30,3702,3772,3672,4465,4434,4429,763,662,757
3/5/2021 22:00,3665,3773,3436,4297,4239,4199,632,466,763
3/5/2021 22:30,3601,3759,3329,4065,3996,3949,464,237,620
3/5/2021 23:00,3558,3701,3323,3742,3744,3725,184,43,402
3/5/2021 23:30,3507,3655,3151,3594,3592,3526,87,-63,375
4/5/2021 0:00,3355,3501,3036,3544,3545,3428,189,44,392
4/5/2021 0:30,3104,3112,2928,3469,3470,3334,365,358,406
4/5/2021 1:00,2967,2977,2716,3355,3352,3228,388,375,512
4/5/2021 1:30,2945,2860,2695,3269,3266,3165,324,406,470
4/5/2021 2:00,2909,2835,2511,3221,3220,3099,312,385,588
4/5/2021 2:30,2860,2792,2423,3182,3180,3044,322,388,621
4/5/2021 3:00,2807,2761,2299,3147,3145,3016,340,384,717
4/5/2021 3:30,2751,2629,2288,3132,3130,3017,381,501,729
4/5/2021 4:00,2679,2614,2332,3139,3138,3021,460,524,689
4/5/2021 4:30,2589,2601,2361,3164,3165,3053,575,564,692
4/5/2021 5:00,2483,2573,2504,3211,3211,3120,728,638,616
4/5/2021 5:30,2360,2472,2533,3305,3313,3157,945,841,624
4/5/2021 6:00,2242,2452,2339,3467,3487,3322,1225,1035,983
4/5/2021 6:30,2129,2335,2451,3755,3707,3566,1626,1372,1115
4/5/2021 7:00,2097,2382,2674,4139,4056,4009,2042,1674,1335
4/5/2021 7:30,2148,2490,2676,4452,4373,4362,2304,1883,1686
4/5/2021 8:00,2292,2609,2659,4658,4620,4649,2366,2011,1990
4/5/2021 8:30,2529,2820,2790,4789,4760,4825,2260,1940,2035
4/5/2021 9:00,2685,2898,2953,4858,4801,4915,2173,1903,1962
4/5/2021 9:30,2760,2937,2908,4892,4812,4954,2132,1875,2046
4/5/2021 10:00,2820,2962,3033,4899,4815,4937,2079,1853,1904
4/5/2021 10:30,2866,3100,3084,4882,4821,4951,2016,1721,1867
4/5/2021 11:00,2869,3133,3120,4854,4834,4922,1985,1701,1802
4/5/2021 11:30,2829,3077,3305,4860,4865,4940,2031,1788,1635
4/5/2021 12:00,2840,3070,3342,4896,4886,5032,2056,1816,1690
4/5/2021 12:30,2900,3031,3293,4895,4875,5067,1995,1844,1774
4/5/2021 13:00,2924,3007,3317,4849,4827,5029,1925,1820,1712
4/5/2021 13:30,2912,3002,3364,4794,4761,4942,1882,1759,1578
4/5/2021 14:00,2927,3017,3378,4742,4694,4906,1815,1677,1528
4/5/2021 14:30,2969,3085,3278,4709,4677,4842,1740,1592,1564
4/5/2021 15:00,2983,3080,3255,4700,4716,4837,1717,1636,1582
4/5/2021 15:30,2969,3250,3269,4723,4776,4854,1754,1526,1585
4/5/2021 16:00,2943,3226,3190,4783,4853,4926,1840,1627,1736
4/5/2021 16:30,2904,3170,3166,4897,4965,5088,1993,1795,1922
4/5/2021 17:00,2878,3122,3091,5039,5091,5208,2161,1969,2117
4/5/2021 17:30,2866,3103,3067,5097,5132,5285,2231,2029,2218
4/5/2021 18:00,2866,3035,3072,5055,5080,5235,2189,2045,2163
4/5/2021 18:30,2877,2934,2974,4975,4995,5108,2098,2061,2134
4/5/2021 19:00,2809,2859,2849,4873,4893,4998,2064,2034,2149
4/5/2021 19:30,2661,2783,2787,4750,4784,4928,2089,2001,2141
4/5/2021 20:00,2535,2708,2636,4635,4688,4861,2100,1980,2225
4/5/2021 20:30,2429,2609,2421,4655,4686,4766,2226,2077,2345
4/5/2021 21:00,2308,2550,2242,4772,4743,4754,2464,2193,2512
4/5/2021 21:30,2171,2528,2212,4709,4653,4716,2538,2125,2504
4/5/2021 22:00,2029,2489,2108,4448,4404,4499,2419,1915,2391
4/5/2021 22:30,1881,2385,2018,4192,4160,4233,2311,1775,2215
4/5/2021 23:00,2107,2303,1992,3948,3955,3984,1841,1652,1992
4/5/2021 23:30,1934,2159,1852,3770,3785,3759,1836,1626,1907
5/5/2021 0:00,1817,2042,1890,3618,3635,3675,1801,1593,1785
5/5/2021 0:30,1756,1833,1792,3507,3526,3559,1751,1693,1767
5/5/2021 1:00,1673,1726,1663,3433,3450,3487,1760,1724,1824
5/5/2021 1:30,1569,1581,1544,3367,3383,3432,1798,1802,1888
5/5/2021 2:00,1452,1478,1484,3304,3321,3392,1852,1843,1908
5/5/2021 2:30,1322,1252,1371,3260,3276,3352,1938,2024,1981
5/5/2021 3:00,1208,1145,1200,3235,3250,3306,2027,2105,2106
5/5/2021 3:30,1109,1036,1069,3228,3242,3305,2119,2206,2236
5/5/2021 4:00,1027,966,963,3238,3253,3306,2211,2287,2343
5/5/2021 4:30,961,837,804,3272,3282,3325,2311,2445,2521
5/5/2021 5:00,912,783,775,3334,3344,3382,2422,2561,2607
5/5/2021 5:30,879,836,651,3435,3446,3409,2556,2610,2758
5/5/2021 6:00,840,779,650,3596,3610,3580,2756,2831,2930
5/5/2021 6:30,794,681,621,3886,3901,3827,3092,3220,3206
5/5/2021 7:00,757,641,580,4282,4295,4263,3525,3654,3683
5/5/2021 7:30,729,657,481,4620,4670,4663,3891,4013,4182
5/5/2021 8:00,722,641,454,4858,4898,4933,4136,4257,4479
5/5/2021 8:30,736,521,394,4982,5017,5040,4246,4496,4646
5/5/2021 9:00,756,522,458,5005,5042,5082,4249,4520,4624
5/5/2021 9:30,781,483,519,4996,5033,5095,4215,4550,4576
5/5/2021 10:00,802,481,640,4978,5008,5061,4176,4527,4421
5/5/2021 10:30,817,490,663,4964,4989,5066,4147,4499,4403
5/5/2021 11:00,841,509,648,4958,4979,5070,4117,4470,4422
5/5/2021 11:30,873,527,669,4968,5054,5034,4095,4527,4365
5/5/2021 12:00,918,552,760,4983,5080,5035,4065,4528,4275
5/5/2021 12:30,974,536,826,4967,5073,5091,3993,4537,4265
5/5/2021 13:00,1000,568,882,4912,5021,5062,3912,4453,4180
5/5/2021 13:30,996,720,864,4842,4954,4942,3846,4234,4078
5/5/2021 14:00,999,740,883,4771,4882,4908,3772,4142,4025
5/5/2021 14:30,1008,771,943,4750,4838,4880,3742,4067,3937
5/5/2021 15:00,1011,773,985,4782,4832,4917,3771,4059,3932
5/5/2021 15:30,1008,868,945,4841,4877,4910,3833,4009,3965
5/5/2021 16:00,1013,858,988,4920,4969,4955,3907,4111,3967
5/5/2021 16:30,1028,811,991,5021,5092,5080,3993,4281,4089
5/5/2021 17:00,1011,765,979,5128,5221,5217,4117,4456,4238
5/5/2021 17:30,962,803,913,5168,5269,5296,4206,4466,4383
5/5/2021 18:00,904,766,862,5130,5230,5245,4226,4464,4383
5/5/2021 18:30,835,784,814,5047,5151,5097,4212,4367,4283
5/5/2021 19:00,751,737,722,4938,5052,4997,4187,4315,4275
5/5/2021 19:30,652,623,694,4839,4953,4940,4187,4330,4246
5/5/2021 20:00,575,571,609,4770,4869,4857,4195,4298,4248
5/5/2021 20:30,519,588,486,4767,4851,4789,4248,4263,4303
5/5/2021 21:00,486,542,409,4800,4847,4790,4314,4305,4381
5/5/2021 21:30,477,571,439,4711,4754,4778,4234,4183,4339
5/5/2021 22:00,476,594,488,4492,4561,4624,4016,3967,4136
5/5/2021 22:30,481,609,495,4276,4339,4342,3795,3730,3847
5/5/2021 23:00,495,619,535,4102,4115,4060,3607,3496,3525
5/5/2021 23:30,517,596,559,3916,3936,3848,3399,3340,3289
6/5/2021 0:00,554,598,569,3773,3783,3734,3219,3185,3165
6/5/2021 0:30,606,563,632,3667,3672,3656,3061,3109,3024
6/5/2021 1:00,644,587,677,3592,3596,3576,2948,3009,2899
6/5/2021 1:30,668,620,742,3532,3537,3518,2864,2917,2776
6/5/2021 2:00,677,643,740,3483,3488,3483,2806,2845,2743
6/5/2021 2:30,669,740,720,3439,3444,3457,2770,2704,2737
6/5/2021 3:00,669,750,753,3401,3409,3416,2732,2659,2663
6/5/2021 3:30,677,752,716,3384,3393,3402,2707,2641,2686
6/5/2021 4:00,695,752,674,3390,3400,3402,2695,2648,2728
6/5/2021 4:30,722,779,684,3408,3419,3416,2686,2640,2732
6/5/2021 5:00,729,782,708,3444,3458,3466,2715,2676,2758
6/5/2021 5:30,718,795,674,3526,3537,3470,2808,2742,2796
6/5/2021 6:00,709,786,677,3683,3688,3643,2974,2902,2966
6/5/2021 6:30,702,739,690,3995,3994,3909,3293,3255,3219
6/5/2021 7:00,655,672,676,4430,4426,4346,3775,3754,3670
6/5/2021 7:30,569,549,585,4767,4774,4725,4198,4225,4140
6/5/2021 8:00,570,530,481,4964,4991,4989,4394,4461,4508
6/5/2021 8:30,658,590,501,5069,5099,5068,4411,4509,4567
6/5/2021 9:00,788,678,601,5103,5118,5094,4315,4440,4493
6/5/2021 9:30,958,739,797,5101,5110,5062,4143,4371,4265
6/5/2021 10:00,1072,806,833,5075,5089,4996,4003,4283,4163
6/5/2021 10:30,1130,810,896,5042,5058,4961,3912,4248,4065
6/5/2021 11:00,1183,821,1006,5014,5022,4946,3831,4201,3940
6/5/2021 11:30,1231,826,885,5017,5039,4912,3786,4213,4027
6/5/2021 12:00,1259,827,921,5044,5040,4911,3785,4213,3990
6/5/2021 12:30,1266,814,988,5037,5022,4899,3771,4208,3911
6/5/2021 13:00,1281,802,895,4987,4977,4861,3706,4175,3966
6/5/2021 13:30,1303,804,897,4917,4913,4756,3614,4109,3859
6/5/2021 14:00,1335,827,927,4841,4842,4706,3506,4015,3779
6/5/2021 14:30,1377,995,969,4790,4804,4678,3413,3809,3709
6/5/2021 15:00,1430,1022,885,4775,4806,4677,3345,3784,3792
6/5/2021 15:30,1494,1002,928,4811,4829,4689,3317,3827,3761
6/5/2021 16:00,1518,1054,1025,4894,4877,4769,3376,3823,3744
6/5/2021 16:30,1504,1154,1144,5004,4969,4880,3500,3815,3736
6/5/2021 17:00,1521,1212,1193,5119,5086,5002,3598,3874,3809
6/5/2021 17:30,1569,1274,1311,5164,5126,5062,3595,3852,3751
6/5/2021 18:00,1574,1299,1335,5130,5081,5009,3556,3782,3674
6/5/2021 18:30,1537,1222,1348,5052,5000,4897,3515,3778,3549
6/5/2021 19:00,1434,1180,1270,4948,4904,4807,3514,3724,3537
6/5/2021 19:30,1267,1107,1220,4847,4812,4740,3580,3705,3520
6/5/2021 20:00,1137,1034,1033,4768,4742,4690,3631,3708,3657
6/5/2021 20:30,1046,1012,954,4751,4739,4656,3705,3727,3702
6/5/2021 21:00,973,942,822,4771,4775,4665,3798,3833,3843
6/5/2021 21:30,920,827,784,4690,4701,4701,3770,3874,3917
6/5/2021 22:00,852,766,758,4496,4501,4574,3644,3735,3816
6/5/2021 22:30,771,711,708,4273,4259,4320,3502,3548,3612
6/5/2021 23:00,618,657,675,4019,4015,4046,3401,3358,3371
6/5/2021 23:30,570,566,631,3844,3843,3810,3274,3277,3179
7/5/2021 0:00,532,521,555,3741,3741,3707,3209,3220,3152
7/5/2021 0:30,505,465,508,3657,3656,3636,3152,3191,3128
7/5/2021 1:00,482,425,447,3579,3578,3562,3097,3153,3115
7/5/2021 1:30,463,433,449,3514,3514,3498,3051,3081,3049
7/5/2021 2:00,435,392,413,3463,3464,3450,3028,3072,3037
7/5/2021 2:30,400,416,411,3424,3423,3416,3024,3007,3005
7/5/2021 3:00,372,379,356,3396,3396,3384,3024,3017,3028
7/5/2021 3:30,352,325,305,3383,3383,3371,3031,3058,3066
7/5/2021 4:00,326,304,293,3386,3386,3374,3060,3082,3081
7/5/2021 4:30,293,283,268,3402,3397,3404,3109,3114,3136
7/5/2021 5:00,264,262,251,3437,3433,3454,3173,3171,3203
7/5/2021 5:30,239,225,254,3507,3502,3486,3268,3277,3232
7/5/2021 6:00,219,209,234,3641,3637,3666,3422,3428,3432
7/5/2021 6:30,202,200,225,3940,3936,3921,3738,3736,3696
7/5/2021 7:00,182,192,236,4371,4368,4345,4189,4176,4109
7/5/2021 7:30,159,177,195,4708,4702,4711,4549,4525,4516
7/5/2021 8:00,146,174,150,4909,4896,4970,4763,4722,4820
7/5/2021 8:30,143,168,142,5026,5002,5062,4883,4834,4920
7/5/2021 9:00,148,175,157,5077,5038,5078,4929,4863,4921
7/5/2021 9:30,160,192,198,5078,5024,5065,4918,4832,4867
7/5/2021 10:00,167,217,226,5043,4974,5027,4876,4757,4801
7/5/2021 10:30,169,266,298,5008,4933,4997,4839,4667,4699
7/5/2021 11:00,180,311,313,4984,4908,4988,4804,4597,4675
7/5/2021 11:30,200,337,370,4983,4905,4946,4783,4568,4576
7/5/2021 12:00,229,412,459,4998,4924,4959,4769,4512,4500
7/5/2021 12:30,265,504,561,4989,4917,4980,4724,4413,4419
7/5/2021 13:00,328,611,689,4947,4869,4953,4619,4258,4264
7/5/2021 13:30,417,733,841,4877,4792,4848,4460,4059,4007
7/5/2021 14:00,498,836,972,4793,4697,4814,4295,3861,3842
7/5/2021 14:30,573,929,1108,4743,4645,4786,4170,3716,3678
7/5/2021 15:00,658,1022,1220,4735,4641,4761,4077,3619,3541
7/5/2021 15:30,754,1110,1341,4745,4661,4732,3991,3551,3391
7/5/2021 16:00,866,1228,1470,4776,4701,4738,3910,3473,3268
7/5/2021 16:30,993,1381,1641,4856,4786,4830,3863,3405,3189
7/5/2021 17:00,1114,1508,1761,4969,4897,4943,3855,3389,3182
7/5/2021 17:30,1228,1681,1849,5009,4945,5035,3781,3264,3186
7/5/2021 18:00,1328,1779,1958,4964,4917,5008,3636,3138,3050
7/5/2021 18:30,1416,1951,2038,4897,4856,4929,3481,2905,2891
7/5/2021 19:00,1522,2041,2154,4823,4776,4836,3301,2735,2682
7/5/2021 19:30,1645,2195,2274,4743,4694,4782,3098,2499,2508
7/5/2021 20:00,1794,2337,2337,4669,4620,4693,2875,2283,2356
7/5/2021 20:30,1968,2544,2319,4639,4598,4639,2671,2054,2320
7/5/2021 21:00,2157,2697,2357,4638,4606,4626,2481,1909,2269
7/5/2021 21:30,2360,2850,2413,4557,4544,4611,2197,1694,2198
7/5/2021 22:00,2515,2939,2470,4385,4395,4451,1870,1456,1981
7/5/2021 22:30,2622,3020,2372,4185,4202,4231,1563,1182,1859
7/5/2021 23:00,2882,3076,2424,3990,3992,4031,1108,916,1607
7/5/2021 23:30,2928,3121,2576,3840,3852,3853,912,731,1277
8/5/2021 0:00,2937,3128,2631,3752,3761,3737,815,633,1106
8/5/2021 0:30,2910,2916,2651,3659,3667,3605,749,751,954
8/5/2021 1:00,2927,2925,2749,3552,3562,3514,625,637,765
8/5/2021 1:30,2989,2890,2697,3457,3468,3437,468,578,740
8/5/2021 2:00,3028,2905,2823,3380,3386,3372,352,481,549
8/5/2021 2:30,3045,2664,2846,3313,3312,3314,268,648,468
8/5/2021 3:00,3028,2609,2901,3260,3248,3264,232,639,363
8/5/2021 3:30,2977,2544,2922,3228,3212,3212,251,668,290
8/5/2021 4:00,2911,2509,2964,3216,3202,3212,305,693,248
8/5/2021 4:30,2829,2543,3000,3206,3193,3234,377,650,234
8/5/2021 5:00,2776,2510,3029,3200,3191,3254,424,681,225
8/5/2021 5:30,2753,2469,2983,3224,3216,3231,471,747,248
8/5/2021 6:00,2693,2380,2846,3286,3279,3309,593,899,463
8/5/2021 6:30,2598,2275,2662,3393,3384,3383,795,1109,721
8/5/2021 7:00,2538,2263,2604,3545,3539,3549,1007,1276,945
8/5/2021 7:30,2511,2526,2526,3740,3744,3733,1229,1218,1207
8/5/2021 8:00,2519,2599,2480,3968,3987,3939,1449,1388,1459
8/5/2021 8:30,2562,2742,2496,4186,4204,4160,1624,1462,1664
8/5/2021 9:00,2560,2746,2631,4375,4378,4356,1815,1632,1725
8/5/2021 9:30,2516,2747,2633,4494,4508,4488,1978,1761,1855
8/5/2021 10:00,2485,2696,2684,4547,4592,4584,2062,1896,1900
8/5/2021 10:30,2467,2683,2641,4576,4632,4650,2109,1949,2009
8/5/2021 11:00,2427,2642,2563,4595,4637,4681,2168,1995,2118
8/5/2021 11:30,2364,2424,2512,4613,4653,4696,2249,2229,2184
8/5/2021 12:00,2302,2402,2446,4626,4656,4723,2324,2254,2277
8/5/2021 12:30,2242,2353,2433,4604,4638,4739,2362,2285,2306
8/5/2021 13:00,2214,2350,2272,4543,4591,4671,2329,2241,2399
8/5/2021 13:30,2220,2492,2271,4451,4521,4526,2231,2029,2255
8/5/2021 14:00,2238,2493,2311,4343,4433,4399,2105,1940,2088
8/5/2021 14:30,2269,2544,2190,4267,4358,4295,1998,1814,2105
8/5/2021 15:00,2296,2563,2195,4235,4302,4238,1939,1739,2043
8/5/2021 15:30,2320,2523,2413,4235,4281,4213,1915,1758,1800
8/5/2021 16:00,2326,2504,2555,4269,4300,4247,1943,1796,1692
8/5/2021 16:30,2315,2388,2445,4353,4381,4339,2038,1993,1894
8/5/2021 17:00,2292,2358,2299,4475,4510,4470,2183,2152,2171
8/5/2021 17:30,2257,2302,2357,4565,4607,4609,2308,2305,2252
8/5/2021 18:00,2211,2253,2290,4600,4647,4623,2389,2394,2333
8/5/2021 18:30,2155,2098,2298,4571,4615,4583,2416,2517,2285
8/5/2021 19:00,2138,2067,2306,4485,4520,4521,2347,2453,2215
8/5/2021 19:30,2161,2235,2121,4387,4405,4443,2226,2170,2322
8/5/2021 20:00,2202,2253,1976,4298,4300,4306,2096,2047,2330
8/5/2021 20:30,2263,2219,1983,4264,4270,4228,2001,2051,2245
8/5/2021 21:00,2347,2282,1928,4273,4297,4179,1926,2015,2251
8/5/2021 21:30,2454,2374,1998,4237,4246,4237,1783,1872,2239
8/5/2021 22:00,2571,2463,2212,4134,4099,4158,1563,1636,1946
8/5/2021 22:30,2699,2568,2333,3966,3929,3967,1267,1361,1634
8/5/2021 23:00,2708,2661,2435,3759,3761,3791,1051,1100,1356
8/5/2021 23:30,2804,2742,2510,3631,3643,3650,827,901,1140
9/5/2021 0:00,2836,2791,2472,3542,3549,3565,706,758,1093
9/5/2021 0:30,2803,2629,2542,3442,3448,3475,639,819,933
9/5/2021 1:00,2797,2663,2616,3327,3336,3413,530,673,797
9/5/2021 1:30,2818,2712,2597,3233,3243,3312,415,531,715
9/5/2021 2:00,2836,2743,2586,3162,3172,3251,326,429,665
9/5/2021 2:30,2852,2731,2559,3100,3110,3217,248,379,658
9/5/2021 3:00,2868,2758,2567,3050,3058,3162,182,300,595
9/5/2021 3:30,2885,2716,2536,3025,3031,3117,140,315,581
9/5/2021 4:00,2898,2746,2545,3026,3027,3102,128,281,557
9/5/2021 4:30,2906,2758,2597,3033,3025,3094,127,267,497
9/5/2021 5:00,2925,2773,2574,3036,3031,3081,111,258,507
9/5/2021 5:30,2955,2785,2568,3014,3009,3030,59,224,462
9/5/2021 6:00,2983,2809,2561,2983,2980,3066,0,171,505
9/5/2021 6:30,3011,2799,2472,3032,3041,3114,21,242,642
9/5/2021 7:00,3070,2869,2553,3168,3198,3223,98,329,670
9/5/2021 7:30,3159,2935,2632,3344,3374,3337,185,439,705
9/5/2021 8:00,3233,3021,2762,3539,3546,3484,306,525,722
9/5/2021 8:30,3292,3062,2890,3722,3709,3654,430,647,764
9/5/2021 9:00,3343,3114,2942,3888,3861,3825,545,747,883
9/5/2021 9:30,3386,3143,3071,4042,4014,4000,656,871,929
9/5/2021 10:00,3407,3187,3114,4180,4163,4165,773,976,1051
9/5/2021 10:30,3408,3126,3147,4280,4275,4289,872,1149,1142
9/5/2021 11:00,3413,3166,3198,4345,4350,4385,932,1184,1187
9/5/2021 11:30,3425,3224,3324,4405,4416,4474,980,1192,1150
9/5/2021 12:00,3441,3244,3353,4460,4489,4550,1019,1245,1197
9/5/2021 12:30,3463,3223,3364,4474,4510,4594,1011,1287,1230
9/5/2021 13:00,3471,3234,3384,4441,4465,4570,970,1231,1186
9/5/2021 13:30,3466,3295,3389,4378,4374,4474,912,1079,1085
9/5/2021 14:00,3460,3304,3420,4296,4253,4362,836,949,942
9/5/2021 14:30,3450,3285,3414,4227,4172,4296,777,887,882
9/5/2021 15:00,3441,3279,3369,4181,4143,4244,740,864,875
9/5/2021 15:30,3431,3305,3387,4165,4146,4224,734,841,837
9/5/2021 16:00,3405,3267,3370,4187,4181,4287,782,914,917
9/5/2021 16:30,3364,3199,3361,4265,4268,4375,901,1069,1014
9/5/2021 17:00,3304,3153,3258,4383,4386,4458,1079,1233,1200
9/5/2021 17:30,3227,3147,3267,4453,4446,4557,1226,1299,1290
9/5/2021 18:00,3154,3091,3161,4458,4436,4540,1304,1345,1379
9/5/2021 18:30,3087,3003,3079,4422,4401,4487,1335,1398,1408
9/5/2021 19:00,3005,2900,2949,4355,4349,4439,1350,1449,1490
9/5/2021 19:30,2909,2811,2813,4266,4270,4394,1357,1459,1581
9/5/2021 20:00,2780,2703,2700,4176,4178,4328,1396,1475,1628
9/5/2021 20:30,2618,2560,2583,4152,4147,4249,1534,1587,1666
9/5/2021 21:00,2486,2455,2474,4176,4161,4190,1690,1706,1716
9/5/2021 21:30,2384,2372,2250,4111,4103,4189,1727,1731,1939
9/5/2021 22:00,2280,2253,2097,3943,3952,4045,1663,1699,1948
9/5/2021 22:30,2173,2110,1885,3756,3771,3831,1583,1661,1946
9/5/2021 23:00,2065,1990,1726,3578,3583,3606,1513,1593,1880
9/5/2021 23:30,1966,1830,1758,3426,3438,3428,1460,1608,1670
10/5/2021 0:00,1872,1723,1855,3316,3328,3374,1444,1605,1519
10/5/2021 0:30,1782,1640,1723,3235,3246,3294,1453,1606,1571
10/5/2021 1:00,1708,1565,1619,3175,3184,3226,1467,1619,1607
10/5/2021 1:30,1652,1466,1525,3125,3135,3160,1473,1669,1635
10/5/2021 2:00,1588,1438,1450,3084,3092,3124,1496,1654,1674
10/5/2021 2:30,1514,1333,1379,3045,3052,3085,1531,1719,1706
10/5/2021 3:00,1456,1294,1320,3011,3017,3051,1555,1723,1731
10/5/2021 3:30,1413,1369,1282,2994,2999,3031,1581,1630,1749
10/5/2021 4:00,1399,1308,1188,2996,3002,3024,1597,1694,1836
10/5/2021 4:30,1413,1225,1160,3010,3024,3051,1597,1799,1891
10/5/2021 5:00,1405,1185,1120,3045,3061,3109,1640,1876,1989
10/5/2021 5:30,1375,1135,1110,3132,3145,3122,1757,2010,2012
10/5/2021 6:00,1378,1132,1088,3298,3308,3305,1920,2176,2217
10/5/2021 6:30,1414,1100,1073,3610,3624,3574,2196,2524,2501
10/5/2021 7:00,1426,1099,1085,4035,4061,4019,2609,2962,2934
10/5/2021 7:30,1414,1067,1104,4379,4399,4416,2965,3332,3312
10/5/2021 8:00,1381,1036,1090,4601,4601,4691,3220,3565,3601
10/5/2021 8:30,1326,1001,1071,4738,4724,4813,3412,3723,3742
10/5/2021 9:00,1293,965,1105,4805,4788,4864,3512,3823,3759
10/5/2021 9:30,1282,923,1131,4825,4814,4894,3543,3891,3763
10/5/2021 10:00,1298,914,1150,4812,4815,4862,3514,3901,3712
10/5/2021 10:30,1342,913,1192,4802,4817,4862,3460,3904,3670
10/5/2021 11:00,1426,955,1240,4808,4824,4873,3382,3869,3633
10/5/2021 11:30,1552,1019,1329,4835,4850,4873,3283,3831,3544
10/5/2021 12:00,1649,1116,1409,4871,4875,4870,3222,3759,3461
10/5/2021 12:30,1715,1324,1553,4865,4868,4923,3150,3544,3370
10/5/2021 13:00,1813,1446,1765,4813,4823,4902,3000,3377,3137
10/5/2021 13:30,1943,1648,1949,4752,4772,4810,2809,3124,2861
10/5/2021 14:00,2015,1762,1878,4697,4725,4767,2682,2963,2889
10/5/2021 14:30,2028,1915,2150,4680,4710,4758,2652,2795,2608
10/5/2021 15:00,2069,2059,2105,4704,4731,4766,2635,2672,2661
10/5/2021 15:30,2138,2221,2211,4747,4774,4822,2609,2553,2611
10/5/2021 16:00,2184,2327,2318,4812,4840,4933,2628,2513,2615
10/5/2021 16:30,2205,2494,2452,4926,4953,5085,2721,2459,2633
10/5/2021 17:00,2225,2555,2374,5065,5088,5239,2840,2533,2865
10/5/2021 17:30,2242,2564,2413,5102,5134,5316,2860,2570,2903
10/5/2021 18:00,2250,2578,2444,5025,5076,5220,2775,2498,2776
10/5/2021 18:30,2251,2574,2375,4913,4976,5077,2662,2402,2702
10/5/2021 19:00,2261,2589,2478,4789,4858,4958,2528,2269,2480
10/5/2021 19:30,2281,2668,2489,4671,4756,4867,2390,2088,2378
10/5/2021 20:00,2283,2680,2588,4572,4678,4787,2289,1998,2199
10/5/2021 20:30,2267,2657,2575,4527,4627,4683,2260,1970,2108
10/5/2021 21:00,2263,2671,2649,4518,4583,4603,2255,1912,1954
10/5/2021 21:30,2271,2628,2537,4441,4483,4548,2170,1855,2011
10/5/2021 22:00,2274,2664,2627,4276,4312,4367,2002,1648,1740
10/5/2021 22:30,2273,2679,2523,4052,4084,4089,1779,1405,1566
10/5/2021 23:00,2553,2690,2506,3819,3821,3827,1266,1131,1321
10/5/2021 23:30,2563,2679,2605,3608,3608,3624,1045,929,1019
11/5/2021 0:00,2538,2635,2560,3461,3458,3530,923,823,970
11/5/2021 0:30,2477,2594,2530,3346,3343,3439,869,749,909
11/5/2021 1:00,2448,2549,2461,3255,3253,3358,807,704,897
11/5/2021 1:30,2450,2508,2531,3187,3190,3299,737,682,768
11/5/2021 2:00,2427,2491,2591,3141,3145,3266,714,654,675
11/5/2021 2:30,2378,2272,2612,3105,3111,3211,727,839,599
11/5/2021 3:00,2350,2235,2617,3080,3085,3193,730,850,576
11/5/2021 3:30,2343,2238,2604,3073,3078,3160,730,840,556
11/5/2021 4:00,2331,2206,2507,3083,3090,3183,752,884,676
11/5/2021 4:30,2315,2199,2394,3109,3119,3190,794,920,796
11/5/2021 5:00,2295,2172,2373,3155,3167,3235,860,995,862
11/5/2021 5:30,2271,2235,2211,3243,3258,3232,972,1023,1021
11/5/2021 6:00,2244,2175,2189,3397,3416,3399,1153,1241,1210
11/5/2021 6:30,2216,2186,2157,3700,3723,3671,1484,1537,1514
11/5/2021 7:00,2183,2119,2145,4121,4149,4070,1938,2030,1925
11/5/2021 7:30,2146,2130,2061,4460,4514,4445,2314,2384,2384
11/5/2021 8:00,2216,2229,2041,4675,4727,4703,2459,2498,2662
11/5/2021 8:30,2393,2410,2220,4793,4833,4791,2400,2423,2571
11/5/2021 9:00,2477,2527,2392,4829,4854,4828,2352,2327,2436
11/5/2021 9:30,2467,2543,2463,4819,4837,4826,2352,2294,2363
11/5/2021 10:00,2437,2533,2469,4782,4801,4759,2345,2268,2290
11/5/2021 10:30,2387,2483,2415,4762,4775,4764,2375,2292,2349
11/5/2021 11:00,2345,2443,2353,4768,4764,4737,2423,2321,2384
11/5/2021 11:30,2311,2399,2353,4791,4755,4716,2480,2356,2363
11/5/2021 12:00,2271,2338,2352,4818,4776,4720,2547,2438,2368
11/5/2021 12:30,2225,2201,2323,4812,4773,4770,2587,2572,2447
11/5/2021 13:00,2180,2106,2200,4769,4737,4716,2589,2631,2516
11/5/2021 13:30,2135,2003,2081,4718,4690,4604,2583,2687,2523
11/5/2021 14:00,2049,1873,1950,4669,4642,4576,2620,2769,2626
11/5/2021 14:30,1919,1730,1804,4648,4619,4569,2729,2889,2765
11/5/2021 15:00,1801,1608,1711,4658,4629,4594,2857,3021,2883
11/5/2021 15:30,1693,1470,1542,4691,4667,4612,2998,3197,3070
11/5/2021 16:00,1570,1362,1457,4751,4736,4675,3181,3374,3218
11/5/2021 16:30,1433,1270,1366,4856,4846,4812,3423,3576,3446
11/5/2021 17:00,1321,1178,1181,4984,4974,4942,3663,3796,3761
11/5/2021 17:30,1236,1098,1058,5030,5024,5037,3794,3926,3979
11/5/2021 18:00,1141,987,964,4981,4983,4981,3840,3996,4017
11/5/2021 18:30,1037,882,817,4895,4894,4858,3858,4012,4041
11/5/2021 19:00,958,799,810,4795,4784,4783,3837,3985,3973
11/5/2021 19:30,903,772,763,4713,4697,4690,3810,3925,3927
11/5/2021 20:00,866,751,691,4656,4645,4639,3790,3894,3948
11/5/2021 20:30,845,684,639,4619,4614,4605,3774,3930,3966
11/5/2021 21:00,828,654,647,4587,4584,4584,3759,3930,3937
11/5/2021 21:30,814,694,658,4506,4500,4599,3692,3806,3941
11/5/2021 22:00,799,669,621,4361,4350,4459,3562,3681,3838
11/5/2021 22:30,780,632,557,4154,4142,4209,3374,3510,3652
11/5/2021 23:00,643,578,524,3898,3898,3957,3255,3320,3433
11/5/2021 23:30,599,516,486,3697,3703,3723,3098,3187,3237
12/5/2021 0:00,554,466,418,3554,3564,3622,3000,3098,3204
12/5/2021 0:30,508,382,388,3453,3464,3548,2945,3082,3160
12/5/2021 1:00,472,355,389,3385,3392,3472,2913,3037,3083
12/5/2021 1:30,446,341,359,3334,3338,3389,2888,2997,3030
12/5/2021 2:00,417,301,348,3293,3296,3347,2876,2995,2999
12/5/2021 2:30,385,262,318,3259,3260,3317,2874,2998,2999
12/5/2021 3:00,363,241,282,3230,3232,3285,2867,2991,3003
12/5/2021 3:30,350,236,254,3218,3219,3255,2868,2983,3001
12/5/2021 4:00,333,231,217,3224,3225,3253,2891,2994,3036
12/5/2021 4:30,310,231,193,3240,3241,3275,2930,3010,3082
12/5/2021 5:00,293,237,182,3273,3275,3319,2980,3038,3137
12/5/2021 5:30,281,238,183,3351,3359,3333,3070,3121,3150
12/5/2021 6:00,263,228,170,3502,3518,3514,3239,3290,3344
12/5/2021 6:30,239,221,169,3801,3815,3776,3562,3594,3607
12/5/2021 7:00,217,198,152,4222,4221,4215,4005,4023,4063
12/5/2021 7:30,199,155,131,4568,4556,4602,4369,4401,4471
12/5/2021 8:00,195,133,136,4796,4778,4879,4601,4645,4743
12/5/2021 8:30,205,87,99,4924,4903,4971,4719,4816,4872
12/5/2021 9:00,208,82,92,4968,4946,5007,4760,4864,4915
12/5/2021 9:30,205,93,87,4963,4953,5000,4758,4860,4913
12/5/2021 10:00,211,93,104,4928,4941,4946,4717,4848,4842
12/5/2021 10:30,228,86,104,4906,4924,4917,4678,4838,4813
12/5/2021 11:00,246,86,130,4904,4907,4924,4658,4821,4794
12/5/2021 11:30,265,89,146,4919,4897,4918,4654,4808,4772
12/5/2021 12:00,268,94,141,4941,4914,4927,4673,4820,4786
12/5/2021 12:30,256,97,149,4937,4902,4965,4681,4805,4816
12/5/2021 13:00,242,108,108,4904,4852,4939,4662,4744,4831
12/5/2021 13:30,227,119,134,4858,4795,4847,4631,4676,4713
12/5/2021 14:00,214,125,154,4810,4743,4817,4596,4618,4663
12/5/2021 14:30,204,181,164,4788,4729,4810,4584,4548,4646
12/5/2021 15:00,203,170,167,4796,4753,4846,4593,4583,4679
12/5/2021 15:30,211,157,182,4831,4799,4888,4620,4642,4706
12/5/2021 16:00,207,164,179,4894,4865,4968,4687,4701,4789
12/5/2021 16:30,193,155,158,4994,4970,5112,4801,4815,4954
12/5/2021 17:00,210,173,165,5110,5091,5241,4900,4918,5076
12/5/2021 17:30,257,177,217,5145,5119,5312,4888,4942,5095
12/5/2021 18:00,287,193,215,5087,5045,5237,4800,4852,5022
12/5/2021 18:30,300,253,229,4986,4944,5111,4686,4691,4882
12/5/2021 19:00,303,266,195,4865,4838,4963,4562,4572,4768
12/5/2021 19:30,296,287,215,4764,4743,4857,4468,4456,4642
12/5/2021 20:00,286,282,250,4691,4668,4764,4405,4386,4514
12/5/2021 20:30,272,241,283,4644,4630,4693,4372,4389,4410
12/5/2021 21:00,265,237,264,4607,4612,4667,4342,4375,4403
12/5/2021 21:30,264,296,256,4521,4539,4651,4257,4243,4395
12/5/2021 22:00,261,287,217,4373,4393,4526,4112,4106,4309
12/5/2021 22:30,255,243,178,4165,4185,4285,3910,3942,4107
12/5/2021 23:00,216,233,161,3934,3936,4025,3718,3703,3864
12/5/2021 23:30,207,248,174,3723,3730,3802,3516,3482,3628
13/5/2021 0:00,204,239,166,3568,3582,3674,3364,3343,3508
13/5/2021 0:30,206,221,154,3459,3476,3594,3253,3255,3440
13/5/2021 1:00,203,223,145,3386,3401,3508,3183,3178,3363
13/5/2021 1:30,194,199,141,3332,3346,3434,3138,3147,3293
13/5/2021 2:00,193,211,141,3288,3301,3380,3095,3090,3239
13/5/2021 2:30,201,235,145,3248,3260,3349,3047,3025,3204
13/5/2021 3:00,214,244,144,3213,3225,3314,2999,2981,3170
13/5/2021 3:30,230,247,141,3198,3209,3285,2968,2962,3144
13/5/2021 4:00,243,249,168,3203,3215,3293,2960,2966,3125
13/5/2021 4:30,254,252,170,3214,3227,3312,2960,2975,3142
13/5/2021 5:00,261,248,192,3240,3255,3353,2979,3007,3161
13/5/2021 5:30,265,196,164,3324,3336,3357,3059,3140,3193
13/5/2021 6:00,267,194,184,3489,3497,3553,3222,3303,3369
13/5/2021 6:30,266,200,186,3791,3810,3810,3525,3610,3624
13/5/2021 7:00,266,194,165,4199,4242,4240,3933,4048,4075
13/5/2021 7:30,266,165,133,4539,4591,4619,4273,4426,4486
13/5/2021 8:00,270,162,119,4770,4811,4884,4500,4649,4765
13/5/2021 8:30,278,169,124,4904,4933,4959,4626,4764,4835
13/5/2021 9:00,290,178,134,4953,4971,4986,4663,4793,4852
13/5/2021 9:30,306,152,166,4952,4962,4979,4646,4810,4813
13/5/2021 10:00,319,162,177,4919,4925,4919,4600,4763,4742
13/5/2021 10:30,329,184,173,4888,4896,4888,4559,4712,4715
13/5/2021 11:00,344,201,197,4872,4885,4888,4528,4684,4691
13/5/2021 11:30,364,222,232,4876,4891,4881,4512,4669,4649
13/5/2021 12:00,383,257,260,4892,4908,4877,4509,4651,4617
13/5/2021 12:30,403,289,320,4878,4899,4906,4475,4610,4586
13/5/2021 13:00,427,333,378,4828,4854,4871,4401,4521,4493
13/5/2021 13:30,456,378,446,4772,4806,4761,4316,4428,4315
13/5/2021 14:00,524,423,496,4724,4764,4721,4200,4341,4225
13/5/2021 14:30,629,501,502,4709,4751,4705,4080,4250,4203
13/5/2021 15:00,707,569,585,4730,4769,4725,4023,4200,4140
13/5/2021 15:30,758,622,632,4768,4807,4728,4010,4185,4096
13/5/2021 16:00,815,680,671,4824,4866,4786,4009,4186,4115
13/5/2021 16:30,879,736,716,4923,4969,4895,4044,4233,4179
13/5/2021 17:00,913,776,790,5044,5093,5022,4131,4317,4232
13/5/2021 17:30,917,838,767,5078,5128,5095,4161,4290,4328
13/5/2021 18:00,914,834,720,5015,5065,5006,4101,4231,4286
13/5/2021 18:30,902,819,747,4918,4965,4905,4016,4146,4158
13/5/2021 19:00,877,771,757,4811,4854,4792,3934,4083,4035
13/5/2021 19:30,840,689,701,4718,4753,4711,3878,4064,4010
13/5/2021 20:00,804,640,671,4647,4672,4649,3843,4032,3978
13/5/2021 20:30,769,616,658,4605,4620,4562,3836,4004,3904
13/5/2021 21:00,732,602,637,4579,4587,4544,3847,3985,3907
13/5/2021 21:30,694,586,675,4516,4520,4535,3822,3934,3860
13/5/2021 22:00,660,570,654,4395,4402,4428,3735,3832,3774
13/5/2021 22:30,628,537,609,4198,4207,4212,3570,3670,3603
13/5/2021 23:00,519,501,532,3956,3956,3962,3437,3455,3430
13/5/2021 23:30,478,454,481,3761,3762,3752,3283,3308,3271
14/5/2021 0:00,436,407,434,3638,3640,3636,3202,3233,3202
14/5/2021 0:30,393,392,330,3541,3544,3547,3148,3152,3217
14/5/2021 1:00,352,342,295,3459,3463,3457,3107,3121,3162
14/5/2021 1:30,311,321,270,3395,3398,3377,3084,3077,3107
14/5/2021 2:00,271,270,264,3346,3347,3321,3075,3077,3057
14/5/2021 2:30,229,208,263,3303,3303,3288,3074,3095,3025
14/5/2021 3:00,199,176,241,3267,3270,3248,3068,3094,3007
14/5/2021 3:30,180,172,208,3250,3254,3236,3070,3082,3028
14/5/2021 4:00,167,172,203,3254,3259,3246,3087,3087,3043
14/5/2021 4:30,159,182,185,3270,3273,3269,3111,3091,3084
14/5/2021 5:00,150,177,181,3302,3304,3298,3152,3127,3117
14/5/2021 5:30,142,155,161,3369,3370,3317,3227,3215,3156
14/5/2021 6:00,130,138,158,3499,3503,3504,3369,3365,3346
14/5/2021 6:30,114,155,156,3782,3793,3773,3668,3638,3617
14/5/2021 7:00,103,137,132,4193,4216,4187,4090,4079,4055
14/5/2021 7:30,97,88,96,4542,4564,4588,4445,4476,4492
14/5/2021 8:00,94,83,42,4784,4792,4847,4690,4709,4805
14/5/2021 8:30,95,70,0,4924,4917,4945,4829,4847,4945
14/5/2021 9:00,100,73,0,4970,4954,4987,4870,4881,4987
14/5/2021 9:30,109,81,0,4962,4945,4990,4853,4864,4990
14/5/2021 10:00,122,94,60,4920,4908,4943,4798,4814,4883
14/5/2021 10:30,136,126,154,4886,4879,4923,4750,4753,4769
14/5/2021 11:00,171,159,234,4872,4864,4905,4701,4705,4671
14/5/2021 11:30,224,195,294,4874,4879,4871,4650,4684,4577
14/5/2021 12:00,297,270,386,4884,4883,4860,4587,4613,4474
14/5/2021 12:30,390,371,466,4869,4866,4860,4479,4495,4394
14/5/2021 13:00,492,464,559,4822,4818,4800,4330,4354,4241
14/5/2021 13:30,603,554,691,4756,4753,4690,4153,4199,3999
14/5/2021 14:00,708,652,766,4685,4680,4653,3977,4028,3887
14/5/2021 14:30,806,857,870,4644,4641,4624,3838,3784,3754
14/5/2021 15:00,904,915,1033,4639,4640,4621,3735,3725,3588
14/5/2021 15:30,1004,1038,1092,4662,4662,4593,3658,3624,3501
14/5/2021 16:00,1091,1073,1204,4715,4708,4614,3624,3635,3410
14/5/2021 16:30,1164,1080,1211,4809,4792,4686,3645,3712,3475
14/5/2021 17:00,1247,1118,1231,4923,4895,4820,3676,3777,3589
14/5/2021 17:30,1341,1176,1207,4969,4929,4917,3628,3753,3710
14/5/2021 18:00,1447,1252,1227,4936,4885,4882,3489,3633,3655
14/5/2021 18:30,1567,1402,1241,4866,4812,4787,3299,3410,3546
14/5/2021 19:00,1636,1454,1274,4776,4729,4705,3140,3275,3431
14/5/2021 19:30,1656,1515,1439,4693,4644,4625,3037,3129,3186
14/5/2021 20:00,1672,1554,1645,4622,4567,4550,2950,3013,2905
14/5/2021 20:30,1685,1583,1691,4562,4518,4479,2877,2935,2788
14/5/2021 21:00,1671,1626,1766,4504,4485,4439,2833,2859,2673
14/5/2021 21:30,1630,1640,1802,4414,4403,4444,2784,2763,2642
14/5/2021 22:00,1608,1643,1794,4282,4262,4321,2674,2619,2527
14/5/2021 22:30,1604,1560,1723,4104,4083,4102,2500,2523,2379
14/5/2021 23:00,1411,1510,1706,3886,3885,3906,2475,2375,2200
14/5/2021 23:30,1332,1572,1590,3738,3741,3701,2406,2169,2111
15/5/2021 0:00,1267,1471,1392,3641,3644,3582,2374,2173,2190
15/5/2021 0:30,1218,1377,1206,3536,3538,3474,2318,2161,2268
15/5/2021 1:00,1154,1289,1123,3416,3417,3389,2262,2128,2266
15/5/2021 1:30,1078,1222,1050,3320,3322,3314,2242,2100,2264
15/5/2021 2:00,1002,1153,962,3254,3258,3252,2252,2105,2290
15/5/2021 2:30,927,1019,902,3197,3201,3204,2270,2182,2302
15/5/2021 3:00,858,965,891,3148,3151,3155,2290,2186,2264
15/5/2021 3:30,796,892,862,3126,3128,3113,2330,2236,2251
15/5/2021 4:00,746,866,905,3129,3131,3101,2383,2265,2196
15/5/2021 4:30,707,871,881,3137,3136,3104,2430,2265,2223
15/5/2021 5:00,676,836,882,3142,3144,3120,2466,2308,2238
15/5/2021 5:30,651,755,841,3138,3138,3085,2487,2383,2244
15/5/2021 6:00,624,727,762,3147,3146,3168,2523,2419,2406
15/5/2021 6:30,593,683,704,3266,3272,3297,2673,2589,2593
15/5/2021 7:00,561,663,676,3495,3517,3488,2934,2854,2812
15/5/2021 7:30,527,665,656,3735,3757,3685,3208,3092,3029
15/5/2021 8:00,511,674,674,3959,3966,3893,3448,3292,3219
15/5/2021 8:30,514,717,681,4155,4147,4109,3641,3430,3428
15/5/2021 9:00,506,747,702,4317,4301,4267,3811,3554,3565
15/5/2021 9:30,488,851,791,4426,4418,4365,3938,3567,3574
15/5/2021 10:00,482,840,882,4486,4498,4447,4004,3658,3565
15/5/2021 10:30,490,760,889,4525,4543,4506,4035,3783,3617
15/5/2021 11:00,498,726,917,4550,4559,4531,4052,3833,3614
15/5/2021 11:30,505,706,964,4568,4536,4543,4063,3830,3579
15/5/2021 12:00,511,706,1029,4576,4543,4570,4065,3837,3541
15/5/2021 12:30,517,686,1035,4555,4514,4574,4038,3828,3539
15/5/2021 13:00,530,715,1101,4501,4442,4530,3971,3727,3429
15/5/2021 13:30,553,788,1176,4423,4359,4433,3870,3571,3257
15/5/2021 14:00,574,825,1280,4331,4276,4365,3757,3451,3085
15/5/2021 14:30,592,980,1256,4263,4215,4276,3671,3235,3020
15/5/2021 15:00,606,1000,1279,4228,4178,4240,3622,3178,2961
15/5/2021 15:30,616,1090,1346,4220,4157,4229,3604,3067,2883
15/5/2021 16:00,626,1067,1347,4245,4160,4263,3619,3093,2916
15/5/2021 16:30,635,1029,1289,4326,4237,4358,3691,3208,3069
15/5/2021 17:00,620,982,1196,4447,4373,4509,3827,3391,3313
15/5/2021 17:30,580,1049,1131,4518,4460,4616,3938,3411,3485
15/5/2021 18:00,550,1011,1008,4522,4475,4628,3972,3464,3620
15/5/2021 18:30,531,1008,910,4485,4440,4558,3954,3432,3648
15/5/2021 19:00,499,945,787,4416,4363,4467,3917,3418,3680
15/5/2021 19:30,456,914,642,4331,4273,4370,3875,3359,3728
15/5/2021 20:00,411,825,573,4243,4184,4258,3832,3359,3685
15/5/2021 20:30,367,723,532,4186,4134,4164,3819,3411,3632
15/5/2021 21:00,338,676,486,4158,4116,4117,3820,3440,3631
15/5/2021 21:30,323,577,475,4124,4090,4129,3801,3513,3654
15/5/2021 22:00,307,564,503,4061,4031,4073,3754,3467,3570
15/5/2021 22:30,289,475,498,3929,3905,3908,3640,3430,3410
15/5/2021 23:00,439,464,469,3719,3723,3747,3280,3259,3278
15/5/2021 23:30,416,374,462,3579,3582,3592,3163,3208,3130
16/5/2021 0:00,396,342,437,3490,3490,3505,3094,3148,3068
16/5/2021 0:30,379,349,381,3401,3401,3412,3022,3052,3031
16/5/2021 1:00,367,315,343,3306,3305,3319,2939,2990,2976
16/5/2021 1:30,361,305,287,3227,3227,3233,2866,2922,2946
16/5/2021 2:00,347,283,246,3167,3168,3176,2820,2885,2930
16/5/2021 2:30,326,251,228,3111,3114,3136,2785,2863,2908
16/5/2021 3:00,305,232,213,3061,3065,3087,2756,2833,2874
16/5/2021 3:30,285,247,179,3031,3035,3061,2746,2788,2882
16/5/2021 4:00,268,242,168,3022,3025,3044,2754,2783,2876
16/5/2021 4:30,254,241,162,3024,3029,3052,2770,2788,2890
16/5/2021 5:00,245,239,155,3027,3032,3035,2782,2793,2880
16/5/2021 5:30,242,187,169,3002,3008,2979,2760,2821,2810
16/5/2021 6:00,232,189,204,2968,2977,3017,2736,2788,2813
16/5/2021 6:30,217,200,210,3034,3041,3089,2817,2841,2879
16/5/2021 7:00,204,202,227,3204,3207,3213,3000,3005,2986
16/5/2021 7:30,195,190,239,3398,3395,3365,3203,3205,3126
16/5/2021 8:00,193,192,236,3592,3582,3543,3399,3390,3307
16/5/2021 8:30,200,175,255,3774,3751,3740,3574,3576,3485
16/5/2021 9:00,198,174,266,3939,3902,3899,3741,3728,3633
16/5/2021 9:30,190,200,282,4078,4040,4057,3888,3840,3775
16/5/2021 10:00,186,192,277,4189,4166,4187,4003,3974,3910
16/5/2021 10:30,187,177,285,4272,4259,4290,4085,4082,4005
16/5/2021 11:00,197,169,303,4330,4323,4354,4133,4154,4051
16/5/2021 11:30,216,159,346,4382,4389,4398,4166,4230,4052
16/5/2021 12:00,248,186,405,4423,4441,4466,4175,4255,4061
16/5/2021 12:30,293,261,411,4418,4454,4511,4125,4193,4100
16/5/2021 13:00,334,310,421,4364,4417,4476,4030,4107,4055
16/5/2021 13:30,371,368,540,4283,4341,4371,3912,3973,3831
16/5/2021 14:00,413,458,667,4190,4236,4250,3777,3778,3583
16/5/2021 14:30,461,607,758,4125,4159,4176,3664,3552,3418
16/5/2021 15:00,553,724,809,4094,4122,4125,3541,3398,3316
16/5/2021 15:30,690,884,989,4083,4128,4129,3393,3244,3140
16/5/2021 16:00,782,982,1084,4097,4175,4132,3315,3193,3048
16/5/2021 16:30,831,1032,1064,4166,4258,4226,3335,3226,3162
16/5/2021 17:00,886,1099,1077,4276,4360,4342,3390,3261,3265
16/5/2021 17:30,946,1222,1117,4348,4421,4450,3402,3199,3333
16/5/2021 18:00,990,1247,1125,4364,4430,4447,3374,3183,3322
16/5/2021 18:30,1016,1314,1201,4340,4393,4417,3324,3079,3216
16/5/2021 19:00,1014,1288,1178,4282,4323,4399,3268,3035,3221
16/5/2021 19:30,985,1204,1173,4215,4246,4320,3230,3042,3147
16/5/2021 20:00,953,1151,1097,4149,4176,4283,3196,3025,3186
16/5/2021 20:30,920,1066,962,4106,4129,4182,3186,3063,3220
16/5/2021 21:00,903,1042,891,4083,4097,4152,3180,3055,3261
16/5/2021 21:30,900,1000,840,4041,4045,4121,3141,3045,3281
16/5/2021 22:00,893,947,810,3965,3956,4060,3072,3009,3250
16/5/2021 22:30,882,880,784,3825,3809,3880,2943,2929,3096
16/5/2021 23:00,886,809,715,3613,3617,3667,2727,2808,2952
16/5/2021 23:30,827,804,707,3455,3462,3472,2628,2658,2765
17/5/2021 0:00,778,752,662,3343,3350,3374,2565,2598,2712
17/5/2021 0:30,736,592,636,3257,3264,3289,2521,2672,2653
17/5/2021 1:00,698,576,604,3189,3196,3210,2491,2620,2606
17/5/2021 1:30,662,543,531,3138,3147,3143,2476,2604,2612
17/5/2021 2:00,638,539,467,3102,3112,3104,2464,2573,2637
17/5/2021 2:30,624,494,424,3071,3082,3077,2447,2588,2653
17/5/2021 3:00,614,469,414,3047,3056,3044,2433,2587,2630
17/5/2021 3:30,608,456,441,3040,3047,3034,2432,2591,2593
17/5/2021 4:00,589,440,423,3047,3055,3044,2458,2615,2621
17/5/2021 4:30,559,425,423,3049,3053,3067,2490,2628,2644
17/5/2021 5:00,530,405,381,3061,3065,3092,2531,2660,2711
17/5/2021 5:30,504,348,352,3159,3164,3128,2655,2816,2776
17/5/2021 6:00,468,318,319,3365,3375,3335,2897,3057,3016
17/5/2021 6:30,420,265,285,3691,3696,3600,3271,3431,3315
17/5/2021 7:00,389,228,261,4099,4097,4054,3710,3869,3793
17/5/2021 7:30,375,208,189,4435,4430,4467,4060,4222,4278
17/5/2021 8:00,389,204,156,4664,4662,4761,4275,4458,4605
17/5/2021 8:30,433,230,187,4799,4794,4877,4366,4564,4690
17/5/2021 9:00,470,254,222,4851,4840,4911,4381,4586,4689
17/5/2021 9:30,503,271,261,4854,4842,4929,4351,4571,4668
17/5/2021 10:00,534,304,291,4826,4820,4897,4292,4516,4606
17/5/2021 10:30,566,341,345,4810,4806,4906,4244,4465,4561
17/5/2021 11:00,622,381,351,4817,4808,4889,4195,4427,4538
17/5/2021 11:30,702,398,453,4837,4845,4895,4135,4447,4442
17/5/2021 12:00,771,468,524,4860,4873,4920,4089,4405,4396
17/5/2021 12:30,828,556,584,4853,4867,4962,4025,4311,4378
17/5/2021 13:00,893,655,685,4815,4819,4923,3922,4164,4238
17/5/2021 13:30,965,757,783,4764,4765,4825,3799,4008,4042
17/5/2021 14:00,1039,863,863,4715,4716,4798,3676,3853,3935
17/5/2021 14:30,1114,1075,901,4694,4704,4809,3580,3629,3908
17/5/2021 15:00,1187,1186,998,4706,4728,4823,3519,3542,3825
17/5/2021 15:30,1256,1265,1087,4744,4768,4854,3488,3503,3767
17/5/2021 16:00,1290,1295,1195,4808,4827,4904,3518,3532,3709
17/5/2021 16:30,1288,1336,1191,4915,4939,5057,3627,3603,3866
17/5/2021 17:00,1280,1316,1172,5042,5080,5169,3762,3764,3997
17/5/2021 17:30,1264,1222,1153,5082,5119,5216,3818,3897,4063
17/5/2021 18:00,1207,1157,1129,5020,5042,5144,3813,3885,4015
17/5/2021 18:30,1108,995,972,4907,4933,5008,3799,3938,4036
17/5/2021 19:00,985,890,950,4768,4818,4860,3783,3928,3910
17/5/2021 19:30,837,752,778,4655,4722,4757,3818,3970,3979
17/5/2021 20:00,705,629,673,4578,4650,4684,3873,4021,4011
17/5/2021 20:30,590,500,502,4531,4592,4621,3941,4092,4119
17/5/2021 21:00,514,432,426,4500,4536,4572,3986,4104,4146
17/5/2021 21:30,478,464,411,4433,4465,4546,3955,4001,4135
17/5/2021 22:00,444,429,365,4311,4356,4463,3867,3927,4098
17/5/2021 22:30,412,423,327,4116,4161,4240,3704,3738,3913
17/5/2021 23:00,367,396,295,3892,3895,3994,3525,3499,3699
17/5/2021 23:30,373,356,292,3678,3692,3760,3305,3336,3468
18/5/2021 0:00,373,349,264,3536,3547,3627,3163,3198,3363
18/5/2021 0:30,368,298,237,3423,3435,3540,3055,3137,3303
18/5/2021 1:00,367,298,230,3330,3344,3463,2963,3046,3233
18/5/2021 1:30,369,298,245,3262,3277,3400,2893,2979,3155
18/5/2021 2:00,364,277,221,3216,3227,3354,2852,2950,3133
18/5/2021 2:30,351,220,200,3176,3187,3317,2825,2967,3117
18/5/2021 3:00,325,217,191,3145,3158,3279,2820,2941,3088
18/5/2021 3:30,286,220,180,3138,3151,3264,2852,2931,3084
18/5/2021 4:00,261,208,177,3155,3165,3270,2894,2957,3093
18/5/2021 4:30,251,183,168,3178,3186,3278,2927,3003,3110
18/5/2021 5:00,236,174,167,3214,3224,3283,2978,3050,3116
18/5/2021 5:30,217,172,151,3312,3321,3306,3095,3149,3155
18/5/2021 6:00,198,169,155,3496,3502,3508,3298,3333,3353
18/5/2021 6:30,179,135,136,3813,3831,3769,3634,3696,3633
18/5/2021 7:00,158,121,111,4231,4274,4195,4073,4153,4084
18/5/2021 7:30,135,91,75,4576,4631,4613,4441,4540,4538
18/5/2021 8:00,126,86,66,4808,4857,4884,4682,4771,4818
18/5/2021 8:30,131,102,22,4935,4942,4965,4804,4840,4943
18/5/2021 9:00,136,104,70,4971,4975,4996,4835,4871,4926
18/5/2021 9:30,142,99,104,4959,4971,4979,4817,4872,4875
18/5/2021 10:00,145,103,96,4919,4945,4937,4774,4842,4841
18/5/2021 10:30,146,91,164,4891,4925,4930,4745,4834,4766
18/5/2021 11:00,156,106,207,4884,4916,4940,4728,4810,4733
18/5/2021 11:30,173,114,234,4900,4933,4930,4727,4819,4696
18/5/2021 12:00,201,153,255,4929,4955,4948,4728,4802,4693
18/5/2021 12:30,241,204,352,4927,4949,4970,4686,4745,4618
18/5/2021 13:00,292,268,442,4889,4906,4948,4597,4638,4506
18/5/2021 13:30,356,347,481,4841,4855,4840,4485,4508,4359
18/5/2021 14:00,448,421,567,4796,4805,4801,4348,4384,4234
18/5/2021 14:30,568,616,564,4784,4784,4777,4216,4168,4213
18/5/2021 15:00,666,677,702,4806,4796,4788,4140,4119,4086
18/5/2021 15:30,745,711,754,4839,4836,4805,4094,4125,4051
18/5/2021 16:00,833,745,818,4887,4907,4878,4054,4162,4060
18/5/2021 16:30,933,795,895,4989,5019,5020,4056,4224,4125
18/5/2021 17:00,977,786,987,5123,5147,5154,4146,4361,4167
18/5/2021 17:30,966,745,1166,5162,5179,5238,4196,4434,4072
18/5/2021 18:00,947,725,1192,5091,5104,5173,4144,4379,3981
18/5/2021 18:30,920,713,1132,4988,4997,5026,4068,4284,3894
18/5/2021 19:00,884,696,1067,4877,4884,4903,3993,4188,3836
18/5/2021 19:30,838,673,1010,4780,4797,4774,3942,4124,3764
18/5/2021 20:00,789,641,927,4701,4735,4722,3912,4094,3795
18/5/2021 20:30,737,599,812,4633,4657,4652,3896,4058,3840
18/5/2021 21:00,703,570,702,4570,4561,4587,3867,3991,3885
18/5/2021 21:30,685,553,632,4499,4480,4551,3814,3927,3919
18/5/2021 22:00,670,547,619,4401,4399,4454,3731,3852,3835
18/5/2021 22:30,657,550,628,4213,4220,4241,3556,3670,3613
18/5/2021 23:00,511,560,608,3954,3954,3973,3443,3394,3365
18/5/2021 23:30,523,577,612,3745,3745,3747,3222,3168,3135
19/5/2021 0:00,534,598,664,3616,3616,3626,3082,3018,2962
19/5/2021 0:30,545,622,675,3518,3519,3526,2973,2897,2851
19/5/2021 1:00,564,630,695,3438,3439,3432,2874,2809,2737
19/5/2021 1:30,592,621,642,3375,3377,3361,2783,2756,2719
19/5/2021 2:00,601,616,639,3326,3328,3323,2725,2712,2684
19/5/2021 2:30,590,614,639,3284,3287,3269,2694,2673,2630
19/5/2021 3:00,579,604,610,3250,3253,3229,2671,2649,2619
19/5/2021 3:30,566,586,593,3235,3238,3216,2669,2652,2623
19/5/2021 4:00,559,570,568,3237,3240,3223,2678,2670,2655
19/5/2021 4:30,557,556,572,3240,3242,3233,2683,2686,2661
19/5/2021 5:00,553,536,560,3253,3255,3249,2700,2719,2689
19/5/2021 5:30,549,511,545,3338,3340,3275,2789,2829,2730
19/5/2021 6:00,529,483,521,3518,3520,3492,2989,3037,2971
19/5/2021 6:30,492,450,461,3831,3836,3750,3339,3386,3289
19/5/2021 7:00,451,412,409,4243,4254,4188,3792,3842,3779
19/5/2021 7:30,406,368,319,4584,4597,4603,4178,4229,4284
19/5/2021 8:00,396,360,274,4812,4823,4885,4416,4463,4611
19/5/2021 8:30,419,388,321,4938,4938,4970,4519,4550,4649
19/5/2021 9:00,449,417,384,4975,4959,4986,4526,4542,4602
19/5/2021 9:30,483,444,441,4967,4943,4979,4484,4499,4538
19/5/2021 10:00,510,486,509,4933,4915,4940,4423,4429,4431
19/5/2021 10:30,529,492,455,4906,4897,4925,4377,4405,4470
19/5/2021 11:00,553,528,513,4896,4893,4918,4343,4365,4405
19/5/2021 11:30,583,542,551,4903,4909,4895,4320,4367,4344
19/5/2021 12:00,619,579,636,4919,4922,4925,4300,4343,4289
19/5/2021 12:30,660,657,707,4905,4907,4954,4245,4250,4247
19/5/2021 13:00,681,679,651,4859,4858,4910,4178,4179,4259
19/5/2021 13:30,680,689,623,4801,4800,4824,4121,4111,4201
19/5/2021 14:00,692,682,677,4745,4743,4772,4053,4061,4095
19/5/2021 14:30,716,546,652,4718,4712,4756,4002,4166,4104
19/5/2021 15:00,708,552,628,4725,4712,4777,4017,4160,4149
19/5/2021 15:30,667,583,586,4757,4747,4815,4090,4164,4229
19/5/2021 16:00,627,562,517,4815,4819,4872,4188,4257,4355
19/5/2021 16:30,589,521,534,4920,4930,4984,4331,4409,4450
19/5/2021 17:00,542,476,528,5048,5054,5106,4506,4578,4578
19/5/2021 17:30,486,470,510,5086,5086,5205,4600,4616,4695
19/5/2021 18:00,438,431,430,5022,5015,5147,4584,4584,4717
19/5/2021 18:30,400,415,314,4921,4907,5035,4521,4492,4721
19/5/2021 19:00,356,387,275,4809,4789,4916,4453,4402,4641
19/5/2021 19:30,306,295,238,4724,4698,4831,4418,4403,4593
19/5/2021 20:00,279,290,231,4667,4638,4760,4388,4348,4529
19/5/2021 20:30,274,354,339,4601,4587,4686,4327,4233,4347
19/5/2021 21:00,283,384,311,4525,4534,4621,4242,4150,4310
19/5/2021 21:30,306,482,380,4461,4473,4559,4155,3991,4179
19/5/2021 22:00,345,571,568,4391,4385,4489,4046,3814,3921
19/5/2021 22:30,400,641,752,4223,4205,4268,3823,3564,3516
19/5/2021 23:00,684,829,900,3946,3946,3987,3262,3117,3087
19/5/2021 23:30,864,1058,1129,3729,3727,3772,2865,2669,2643
20/5/2021 0:00,1093,1307,1425,3577,3574,3633,2484,2267,2208
20/5/2021 0:30,1371,1572,1746,3457,3458,3534,2086,1886,1788
20/5/2021 1:00,1644,1815,1949,3362,3365,3444,1718,1550,1495
20/5/2021 1:30,1914,2148,2130,3290,3295,3370,1376,1147,1240
20/5/2021 2:00,2143,2330,2315,3237,3240,3311,1094,910,996
20/5/2021 2:30,2330,2476,2417,3189,3193,3280,859,717,863
20/5/2021 3:00,2481,2574,2485,3148,3158,3245,667,584,760
20/5/2021 3:30,2595,2637,2522,3135,3150,3218,540,513,696
20/5/2021 4:00,2693,2723,2610,3149,3167,3206,456,444,596
20/5/2021 4:30,2774,2808,2683,3163,3180,3208,389,372,525
20/5/2021 5:00,2840,2875,2771,3185,3199,3233,345,324,462
20/5/2021 5:30,2891,2942,2867,3273,3284,3263,382,342,396
20/5/2021 6:00,2936,2989,2974,3451,3463,3453,515,474,479
20/5/2021 6:30,2974,3022,2998,3758,3779,3686,784,757,688
20/5/2021 7:00,3057,3118,3046,4165,4201,4060,1108,1083,1014
20/5/2021 7:30,3186,3210,3320,4513,4552,4491,1327,1342,1171
20/5/2021 8:00,3319,3345,3387,4763,4791,4793,1444,1446,1406
20/5/2021 8:30,3455,3451,3394,4919,4934,4941,1464,1483,1547
20/5/2021 9:00,3554,3539,3458,4990,4997,5037,1436,1458,1579
20/5/2021 9:30,3615,3641,3404,5022,5032,5119,1407,1391,1715
20/5/2021 10:00,3661,3671,3408,5031,5056,5101,1370,1385,1693
20/5/2021 10:30,3692,3681,3352,5045,5077,5118,1353,1396,1766
20/5/2021 11:00,3703,3675,3296,5070,5098,5133,1367,1423,1837
20/5/2021 11:30,3692,3707,3293,5095,5139,5132,1403,1432,1839
20/5/2021 12:00,3680,3691,3206,5112,5171,5161,1432,1480,1955
20/5/2021 12:30,3664,3602,3199,5097,5171,5207,1433,1569,2008
20/5/2021 13:00,3638,3587,3384,5051,5132,5225,1413,1545,1841
20/5/2021 13:30,3601,3469,3404,5005,5085,5148,1404,1616,1744
20/5/2021 14:00,3556,3424,3373,4967,5038,5131,1411,1614,1758
20/5/2021 14:30,3502,3270,3372,4951,5019,5098,1449,1749,1726
20/5/2021 15:00,3448,3218,3353,4961,5029,5109,1513,1811,1756
20/5/2021 15:30,3395,3112,3352,4998,5056,5108,1603,1944,1756
20/5/2021 16:00,3331,3062,3260,5067,5103,5172,1736,2041,1912
20/5/2021 16:30,3256,3072,3297,5175,5198,5298,1919,2126,2001
20/5/2021 17:00,3188,3010,3197,5297,5322,5385,2109,2312,2188
20/5/2021 17:30,3127,2979,3170,5326,5358,5435,2199,2379,2265
20/5/2021 18:00,3064,2957,3161,5252,5293,5365,2188,2336,2204
20/5/2021 18:30,3000,3045,3183,5138,5185,5237,2138,2140,2054
20/5/2021 19:00,2956,3061,3216,5009,5061,5100,2053,2000,1884
20/5/2021 19:30,2933,3128,3223,4905,4962,4992,1972,1834,1769
20/5/2021 20:00,2903,3156,3189,4829,4889,4872,1926,1733,1683
20/5/2021 20:30,2866,3225,3177,4756,4810,4782,1890,1585,1605
20/5/2021 21:00,2835,3264,3286,4676,4711,4717,1841,1447,1431
20/5/2021 21:30,2808,3326,3175,4564,4584,4631,1756,1258,1456
20/5/2021 22:00,2779,3343,3178,4413,4422,4468,1634,1079,1290
20/5/2021 22:30,2747,3388,2934,4206,4211,4222,1459,823,1288
20/5/2021 23:00,3270,3381,2820,3961,3965,3965,691,584,1145
20/5/2021 23:30,3256,3337,2929,3765,3757,3780,509,420,851
21/5/2021 0:00,3174,3245,3000,3629,3626,3663,455,381,663
21/5/2021 0:30,3022,3082,2914,3519,3519,3578,497,437,664
21/5/2021 1:00,2938,2981,2661,3427,3426,3463,489,445,802
21/5/2021 1:30,2922,2866,2615,3353,3351,3402,431,485,787
21/5/2021 2:00,2890,2846,2574,3295,3292,3341,405,446,767
21/5/2021 2:30,2842,2588,2398,3242,3239,3254,400,651,856
21/5/2021 3:00,2811,2582,2370,3197,3194,3220,386,612,850
21/5/2021 3:30,2798,2669,2306,3175,3172,3194,377,503,888
21/5/2021 4:00,2785,2662,2280,3175,3175,3191,390,513,911
21/5/2021 4:30,2773,2662,2270,3182,3180,3205,409,518,935
21/5/2021 5:00,2764,2652,2452,3201,3198,3231,437,546,779
21/5/2021 5:30,2758,2605,2504,3265,3260,3246,507,655,742
21/5/2021 6:00,2760,2608,2491,3401,3395,3425,641,787,934
21/5/2021 6:30,2768,2487,2596,3677,3672,3693,909,1185,1097
21/5/2021 7:00,2794,2541,2790,4069,4069,4118,1275,1528,1328
21/5/2021 7:30,2837,2568,2817,4408,4416,4508,1571,1848,1691
21/5/2021 8:00,2873,2643,2871,4654,4670,4801,1781,2027,1930
21/5/2021 8:30,2901,2744,2872,4809,4825,4929,1908,2081,2057
21/5/2021 9:00,2931,2794,2949,4883,4891,5011,1952,2097,2062
21/5/2021 9:30,2965,2836,2956,4914,4922,5044,1949,2086,2088
21/5/2021 10:00,2965,2862,2936,4918,4932,5026,1953,2070,2090
21/5/2021 10:30,2931,3005,2921,4919,4935,5041,1988,1930,2120
21/5/2021 11:00,2893,3001,2893,4925,4936,5057,2032,1935,2164
21/5/2021 11:30,2851,2965,2785,4944,4944,5057,2093,1979,2272
21/5/2021 12:00,2821,2962,2784,4967,4968,5074,2146,2006,2290
21/5/2021 12:30,2803,2978,2747,4958,4960,5102,2155,1982,2355
21/5/2021 13:00,2802,2995,2712,4912,4912,5073,2110,1917,2361
21/5/2021 13:30,2819,3019,2673,4844,4855,4958,2025,1836,2285
21/5/2021 14:00,2843,3023,2716,4768,4797,4908,1925,1774,2192
21/5/2021 14:30,2874,2973,2713,4726,4758,4874,1852,1785,2161
21/5/2021 15:00,2903,2998,2728,4722,4742,4866,1819,1744,2138
21/5/2021 15:30,2929,2785,2712,4732,4756,4843,1803,1971,2131
21/5/2021 16:00,2956,2804,2678,4757,4801,4869,1801,1997,2191
21/5/2021 16:30,2983,2827,2793,4832,4884,4950,1849,2057,2157
21/5/2021 17:00,2997,2851,2815,4938,4983,5020,1941,2132,2205
21/5/2021 17:30,2999,2862,2837,4974,5011,5101,1975,2149,2264
21/5/2021 18:00,3006,2895,2856,4926,4956,5058,1920,2061,2202
21/5/2021 18:30,3016,2946,2852,4835,4865,4974,1819,1919,2122
21/5/2021 19:00,3013,2954,2926,4724,4755,4880,1711,1801,1954
21/5/2021 19:30,2998,2876,2814,4628,4653,4758,1630,1777,1944
21/5/2021 20:00,2967,2853,2802,4551,4563,4646,1584,1710,1844
21/5/2021 20:30,2919,2868,2606,4470,4481,4524,1551,1613,1918
21/5/2021 21:00,2852,2827,2797,4384,4400,4450,1532,1573,1653
21/5/2021 21:30,2768,2706,2697,4307,4318,4391,1539,1612,1694
21/5/2021 22:00,2679,2614,2597,4225,4219,4305,1546,1605,1708
21/5/2021 22:30,2586,2500,2343,4073,4060,4140,1487,1560,1797
21/5/2021 23:00,2635,2387,2083,3846,3852,3948,1211,1465,1865
21/5/2021 23:30,2553,2265,2019,3688,3711,3771,1135,1446,1752
22/5/2021 0:00,2430,2145,1880,3592,3618,3644,1162,1473,1764
22/5/2021 0:30,2268,2013,1657,3493,3521,3523,1225,1508,1866
22/5/2021 1:00,2123,1892,1504,3383,3411,3420,1260,1519,1916
22/5/2021 1:30,1994,1783,1489,3299,3326,3334,1305,1543,1845
22/5/2021 2:00,1880,1692,1355,3244,3269,3266,1364,1577,1911
22/5/2021 2:30,1781,1397,1282,3194,3217,3226,1413,1820,1944
22/5/2021 3:00,1677,1324,1278,3149,3170,3190,1472,1846,1912
22/5/2021 3:30,1567,1242,1234,3121,3140,3175,1554,1898,1941
22/5/2021 4:00,1456,1156,1148,3115,3134,3177,1659,1978,2029
22/5/2021 4:30,1344,1069,1020,3129,3149,3168,1785,2080,2148
22/5/2021 5:00,1221,980,1015,3152,3177,3139,1931,2197,2124
22/5/2021 5:30,1086,875,956,3144,3169,3118,2058,2294,2162
22/5/2021 6:00,967,790,867,3132,3152,3225,2165,2362,2358
22/5/2021 6:30,865,728,824,3256,3280,3372,2391,2552,2548
22/5/2021 7:00,801,668,651,3516,3553,3561,2715,2885,2910
22/5/2021 7:30,776,620,580,3764,3803,3752,2988,3183,3172
22/5/2021 8:00,791,620,580,3966,3995,3951,3175,3375,3371
22/5/2021 8:30,846,659,688,4136,4158,4151,3290,3499,3463
22/5/2021 9:00,855,663,761,4276,4296,4328,3421,3633,3567
22/5/2021 9:30,818,684,817,4377,4399,4406,3559,3715,3589
22/5/2021 10:00,794,644,781,4438,4466,4439,3644,3822,3658
22/5/2021 10:30,782,593,721,4468,4503,4487,3686,3910,3766
22/5/2021 11:00,776,554,743,4475,4516,4509,3699,3962,3766
22/5/2021 11:30,776,497,668,4491,4541,4522,3715,4044,3854
22/5/2021 12:00,792,502,671,4513,4557,4516,3721,4055,3845
22/5/2021 12:30,823,553,641,4499,4543,4541,3676,3990,3900
22/5/2021 13:00,848,584,621,4444,4488,4500,3596,3904,3879
22/5/2021 13:30,868,678,743,4364,4401,4417,3496,3723,3674
22/5/2021 14:00,864,712,694,4274,4295,4312,3410,3583,3618
22/5/2021 14:30,836,753,683,4205,4220,4231,3369,3467,3548
22/5/2021 15:00,824,758,646,4168,4185,4189,3344,3427,3543
22/5/2021 15:30,829,779,679,4167,4183,4171,3338,3404,3492
22/5/2021 16:00,836,809,758,4208,4218,4200,3372,3409,3442
22/5/2021 16:30,845,806,810,4294,4301,4269,3449,3495,3459
22/5/2021 17:00,845,820,855,4409,4418,4397,3564,3598,3542
22/5/2021 17:30,835,793,865,4479,4492,4534,3644,3699,3669
22/5/2021 18:00,811,786,907,4489,4508,4585,3678,3722,3678
22/5/2021 18:30,774,781,848,4448,4473,4553,3674,3692,3705
22/5/2021 19:00,716,754,801,4369,4397,4508,3653,3643,3707
22/5/2021 19:30,638,715,666,4285,4311,4382,3647,3596,3716
22/5/2021 20:00,572,643,632,4208,4227,4288,3636,3584,3656
22/5/2021 20:30,518,596,603,4144,4156,4222,3626,3560,3619
22/5/2021 21:00,495,551,599,4096,4101,4167,3601,3550,3568
22/5/2021 21:30,502,578,574,4074,4079,4146,3572,3501,3572
22/5/2021 22:00,536,616,658,4054,4065,4119,3518,3449,3461
22/5/2021 22:30,597,659,768,3942,3954,3969,3345,3295,3201
22/5/2021 23:00,794,771,985,3754,3757,3803,2960,2986,2818
22/5/2021 23:30,943,885,1098,3622,3627,3624,2679,2742,2526
23/5/2021 0:00,1121,1064,1252,3566,3572,3559,2445,2508,2307
23/5/2021 0:30,1328,1339,1504,3484,3488,3443,2156,2149,1939
23/5/2021 1:00,1533,1548,1658,3361,3365,3338,1828,1817,1680
23/5/2021 1:30,1738,1781,1751,3258,3263,3227,1520,1482,1476
23/5/2021 2:00,1938,1989,2002,3186,3189,3189,1248,1200,1187
23/5/2021 2:30,2134,2251,2139,3131,3134,3110,997,883,971
23/5/2021 3:00,2296,2418,2252,3092,3095,3042,796,677,790
23/5/2021 3:30,2425,2590,2293,3072,3078,3000,647,488,707
23/5/2021 4:00,2535,2698,2340,3068,3075,2985,533,377,645
23/5/2021 4:30,2627,2765,2339,3060,3071,2971,433,306,632
23/5/2021 5:00,2664,2789,2399,3044,3055,2964,380,266,565
23/5/2021 5:30,2645,2741,2509,3021,3028,2963,376,287,454
23/5/2021 6:00,2612,2654,2489,3009,3013,3013,397,359,524
23/5/2021 6:30,2565,2406,2405,3074,3079,3068,509,673,663
23/5/2021 7:00,2503,2321,2252,3220,3230,3178,717,909,926
23/5/2021 7:30,2426,2164,2037,3392,3397,3317,966,1233,1280
23/5/2021 8:00,2320,2027,1812,3575,3567,3482,1255,1540,1670
23/5/2021 8:30,2185,1757,1492,3756,3743,3638,1571,1986,2146
23/5/2021 9:00,2052,1597,1332,3930,3924,3799,1878,2327,2467
23/5/2021 9:30,1920,1462,1184,4092,4086,3977,2172,2624,2793
23/5/2021 10:00,1759,1290,1112,4237,4226,4160,2478,2936,3048
23/5/2021 10:30,1568,1189,1037,4353,4339,4298,2785,3150,3261
23/5/2021 11:00,1384,1066,1012,4441,4430,4443,3057,3364,3431
23/5/2021 11:30,1206,841,1003,4522,4513,4527,3316,3672,3524
23/5/2021 12:00,1094,791,1011,4592,4580,4654,3498,3789,3643
23/5/2021 12:30,1049,708,1123,4613,4605,4694,3564,3897,3571
23/5/2021 13:00,1023,757,1223,4581,4579,4676,3558,3822,3453
23/5/2021 13:30,1017,821,1342,4508,4504,4592,3491,3683,3250
23/5/2021 14:00,1023,863,1463,4409,4393,4440,3386,3530,2977
23/5/2021 14:30,1042,1007,1573,4330,4309,4360,3288,3302,2787
23/5/2021 15:00,1054,1024,1496,4282,4264,4310,3228,3240,2814
23/5/2021 15:30,1059,1119,1295,4268,4252,4315,3209,3133,3020
23/5/2021 16:00,1041,1038,1308,4291,4273,4353,3250,3235,3045
23/5/2021 16:30,998,1047,1270,4359,4342,4434,3361,3295,3164
23/5/2021 17:00,950,998,1247,4458,4445,4612,3508,3447,3365
23/5/2021 17:30,897,1118,1041,4522,4517,4683,3625,3399,3642
23/5/2021 18:00,853,1067,913,4536,4542,4707,3683,3475,3794
23/5/2021 18:30,819,961,866,4515,4527,4690,3696,3566,3824
23/5/2021 19:00,776,914,755,4468,4481,4626,3692,3567,3871
23/5/2021 19:30,724,888,620,4412,4429,4565,3688,3541,3945
23/5/2021 20:00,658,793,640,4351,4376,4478,3693,3583,3838
23/5/2021 20:30,575,741,473,4282,4314,4366,3707,3573,3893
23/5/2021 21:00,507,642,339,4208,4244,4279,3701,3602,3940
23/5/2021 21:30,452,454,236,4156,4185,4212,3704,3731,3976
23/5/2021 22:00,401,403,248,4108,4120,4181,3707,3717,3933
23/5/2021 22:30,353,310,185,3976,3984,4020,3623,3674,3835
23/5/2021 23:00,273,273,181,3776,3781,3810,3503,3508,3629
23/5/2021 23:30,234,243,162,3606,3616,3610,3372,3373,3448
24/5/2021 0:00,208,220,129,3487,3497,3516,3279,3277,3387
24/5/2021 0:30,195,156,103,3393,3402,3413,3198,3246,3310
24/5/2021 1:00,194,188,137,3317,3323,3319,3123,3135,3182
24/5/2021 1:30,206,239,174,3258,3262,3254,3052,3023,3080
24/5/2021 2:00,248,309,259,3213,3213,3204,2965,2904,2945
24/5/2021 2:30,320,431,351,3173,3169,3168,2853,2738,2817
24/5/2021 3:00,406,569,463,3138,3130,3115,2732,2561,2652
24/5/2021 3:30,506,704,582,3116,3107,3099,2610,2403,2517
24/5/2021 4:00,620,851,822,3111,3101,3093,2491,2250,2271
24/5/2021 4:30,747,940,986,3117,3113,3091,2370,2173,2105
24/5/2021 5:00,856,1043,1173,3148,3147,3114,2292,2104,1941
24/5/2021 5:30,946,1147,1199,3253,3249,3130,2307,2102,1931
24/5/2021 6:00,989,1201,1347,3456,3443,3354,2467,2242,2007
24/5/2021 6:30,984,1236,1496,3790,3775,3645,2806,2539,2149
24/5/2021 7:00,977,1245,1428,4221,4208,4057,3244,2963,2629
24/5/2021 7:30,967,1204,1295,4567,4551,4423,3600,3347,3128
24/5/2021 8:00,1038,1243,1371,4791,4762,4736,3753,3519,3365
24/5/2021 8:30,1191,1427,1652,4912,4872,4855,3721,3445,3203
24/5/2021 9:00,1355,1537,1802,4947,4903,4888,3592,3366,3086
24/5/2021 9:30,1530,1607,1913,4938,4909,4894,3408,3302,2981
24/5/2021 10:00,1652,1717,2106,4904,4909,4875,3252,3192,2769
24/5/2021 10:30,1720,1913,2111,4881,4906,4838,3161,2993,2727
24/5/2021 11:00,1842,2004,2200,4876,4905,4859,3034,2901,2659
24/5/2021 11:30,2018,2127,2303,4886,4917,4844,2868,2790,2541
24/5/2021 12:00,2163,2203,2466,4903,4934,4870,2740,2731,2404
24/5/2021 12:30,2277,2365,2473,4900,4920,4877,2623,2555,2404
24/5/2021 13:00,2377,2442,2561,4871,4871,4860,2494,2429,2299
24/5/2021 13:30,2465,2589,2546,4827,4803,4727,2362,2214,2181
24/5/2021 14:00,2513,2667,2672,4779,4734,4704,2266,2067,2032
24/5/2021 14:30,2523,2716,2664,4765,4710,4688,2242,1994,2024
24/5/2021 15:00,2536,2758,2597,4791,4738,4708,2255,1980,2111
24/5/2021 15:30,2553,2858,2475,4844,4792,4699,2291,1934,2224
24/5/2021 16:00,2610,2860,2650,4925,4872,4773,2315,2012,2123
24/5/2021 16:30,2706,2849,2813,5048,4990,4937,2342,2141,2124
24/5/2021 17:00,2806,2855,2692,5190,5124,5019,2384,2269,2327
24/5/2021 17:30,2910,2867,2748,5243,5169,5108,2333,2302,2360
24/5/2021 18:00,3002,2889,2811,5194,5113,5026,2192,2224,2215
24/5/2021 18:30,3084,2755,2928,5098,5018,4899,2014,2263,1971
24/5/2021 19:00,3140,2780,2921,4975,4906,4764,1835,2126,1843
24/5/2021 19:30,3172,2769,2802,4867,4808,4678,1695,2039,1876
24/5/2021 20:00,3173,2763,2792,4777,4726,4570,1604,1963,1778
24/5/2021 20:30,3142,2747,2786,4685,4633,4558,1543,1886,1772
24/5/2021 21:00,3079,2707,2748,4590,4531,4499,1511,1824,1751
24/5/2021 21:30,2984,2617,2821,4497,4452,4423,1513,1835,1602
24/5/2021 22:00,2878,2540,2754,4391,4376,4375,1513,1836,1621
24/5/2021 22:30,2760,2438,2622,4195,4186,4155,1435,1748,1533
24/5/2021 23:00,2421,2370,2575,3898,3897,3897,1477,1527,1322
24/5/2021 23:30,2337,2310,2457,3678,3685,3698,1341,1375,1241
25/5/2021 0:00,2238,2229,2317,3552,3558,3559,1314,1329,1242
25/5/2021 0:30,2124,2126,2283,3448,3453,3479,1324,1327,1196
25/5/2021 1:00,2043,2045,2139,3351,3356,3362,1308,1311,1223
25/5/2021 1:30,1997,1985,2039,3275,3281,3285,1278,1296,1246
25/5/2021 2:00,1941,1918,1937,3221,3227,3252,1280,1309,1315
25/5/2021 2:30,1877,1805,1823,3178,3184,3210,1301,1379,1387
25/5/2021 3:00,1815,1725,1648,3148,3153,3176,1333,1428,1528
25/5/2021 3:30,1757,1614,1424,3137,3142,3158,1380,1528,1734
25/5/2021 4:00,1676,1497,1228,3145,3150,3148,1469,1653,1920
25/5/2021 4:30,1573,1319,1151,3159,3164,3153,1586,1845,2002
25/5/2021 5:00,1469,1184,1132,3188,3194,3180,1719,2010,2048
25/5/2021 5:30,1364,1071,1038,3270,3278,3212,1906,2207,2174
25/5/2021 6:00,1238,954,885,3432,3444,3426,2194,2490,2541
25/5/2021 6:30,1089,846,722,3746,3754,3689,2657,2908,2967
25/5/2021 7:00,988,759,601,4176,4176,4104,3188,3417,3503
25/5/2021 7:30,934,684,529,4518,4520,4501,3584,3836,3972
25/5/2021 8:00,889,651,543,4731,4744,4803,3842,4093,4260
25/5/2021 8:30,852,634,532,4856,4874,4916,4004,4240,4384
25/5/2021 9:00,819,613,511,4913,4926,4983,4094,4313,4472
25/5/2021 9:30,788,520,551,4934,4941,5008,4146,4421,4457
25/5/2021 10:00,763,515,553,4934,4934,4986,4171,4419,4433
25/5/2021 10:30,746,510,556,4930,4923,4981,4184,4413,4425
25/5/2021 11:00,729,511,545,4930,4913,4969,4201,4402,4424
25/5/2021 11:30,713,517,553,4947,4906,4958,4234,4389,4405
25/5/2021 12:00,702,531,535,4973,4926,4955,4271,4395,4420
25/5/2021 12:30,694,554,572,4969,4923,4989,4275,4369,4417
25/5/2021 13:00,693,585,587,4931,4890,4962,4238,4305,4375
25/5/2021 13:30,699,656,530,4872,4835,4856,4173,4179,4326
25/5/2021 14:00,707,716,566,4809,4774,4797,4102,4058,4231
25/5/2021 14:30,716,830,621,4787,4751,4770,4071,3921,4149
25/5/2021 15:00,728,920,647,4811,4774,4784,4083,3854,4137
25/5/2021 15:30,744,1043,790,4857,4821,4787,4113,3778,3997
25/5/2021 16:00,761,1137,976,4925,4892,4848,4164,3755,3872
25/5/2021 16:30,781,1247,1111,5029,5000,4972,4248,3753,3861
25/5/2021 17:00,796,1306,1197,5147,5124,5105,4351,3818,3908
25/5/2021 17:30,806,1331,1232,5186,5161,5141,4380,3830,3909
25/5/2021 18:00,815,1350,1284,5132,5102,5064,4317,3752,3780
25/5/2021 18:30,820,1371,1301,5037,5002,4919,4217,3631,3618
25/5/2021 19:00,802,1351,1289,4923,4887,4790,4121,3536,3501
25/5/2021 19:30,759,1299,1233,4832,4793,4691,4073,3494,3458
25/5/2021 20:00,723,1223,1195,4765,4721,4631,4042,3498,3436
25/5/2021 20:30,694,1133,1061,4689,4639,4561,3995,3506,3500
25/5/2021 21:00,662,1060,938,4603,4547,4506,3941,3487,3568
25/5/2021 21:30,628,1030,890,4532,4479,4432,3904,3449,3542
25/5/2021 22:00,592,970,872,4457,4414,4381,3865,3444,3509
25/5/2021 22:30,554,912,869,4275,4238,4196,3721,3326,3327
25/5/2021 23:00,763,854,802,3962,3962,3962,3199,3108,3160
25/5/2021 23:30,721,794,714,3743,3758,3736,3022,2964,3022
26/5/2021 0:00,682,737,655,3610,3623,3612,2928,2886,2957
26/5/2021 0:30,644,680,616,3507,3520,3538,2863,2840,2922
26/5/2021 1:00,604,631,589,3423,3435,3460,2819,2804,2871
26/5/2021 1:30,561,588,513,3356,3368,3393,2795,2780,2880
26/5/2021 2:00,514,557,458,3306,3319,3354,2792,2762,2896
26/5/2021 2:30,462,492,446,3268,3280,3306,2806,2788,2860
26/5/2021 3:00,417,469,404,3243,3253,3265,2826,2784,2861
26/5/2021 3:30,378,418,378,3237,3244,3247,2859,2826,2869
26/5/2021 4:00,344,405,358,3247,3252,3256,2903,2847,2898
26/5/2021 4:30,317,373,370,3263,3267,3257,2946,2894,2887
26/5/2021 5:00,292,357,361,3292,3295,3261,3000,2938,2900
26/5/2021 5:30,269,337,362,3378,3357,3298,3109,3020,2936
26/5/2021 6:00,239,309,315,3548,3533,3496,3309,3224,3181
26/5/2021 6:30,202,273,292,3863,3840,3760,3661,3567,3468
26/5/2021 7:00,176,233,248,4289,4248,4195,4113,4015,3947
26/5/2021 7:30,159,223,223,4627,4587,4596,4468,4364,4373
26/5/2021 8:00,143,188,225,4836,4815,4869,4693,4627,4644
26/5/2021 8:30,127,164,189,4949,4933,4945,4822,4769,4756
26/5/2021 9:00,115,146,173,4985,4956,4972,4870,4810,4799
26/5/2021 9:30,105,136,143,4984,4947,4974,4879,4811,4831
26/5/2021 10:00,98,125,64,4961,4923,4932,4863,4798,4868
26/5/2021 10:30,91,117,63,4936,4906,4916,4845,4789,4853
26/5/2021 11:00,86,111,0,4917,4898,4917,4831,4787,4917
26/5/2021 11:30,82,105,0,4922,4908,4891,4840,4803,4891
26/5/2021 12:00,79,100,0,4945,4933,4896,4866,4833,4896
26/5/2021 12:30,79,97,0,4948,4935,4912,4869,4838,4912
26/5/2021 13:00,79,97,0,4922,4909,4876,4843,4812,4876
26/5/2021 13:30,82,99,0,4875,4864,4769,4793,4765,4769
26/5/2021 14:00,87,103,0,4818,4813,4738,4731,4710,4738
26/5/2021 14:30,95,96,0,4796,4790,4719,4701,4694,4719
26/5/2021 15:00,99,100,86,4815,4802,4729,4716,4702,4643
26/5/2021 15:30,99,103,105,4856,4836,4759,4757,4733,4654
26/5/2021 16:00,102,111,99,4916,4893,4812,4814,4782,4713
26/5/2021 16:30,109,117,108,5016,4986,4921,4907,4869,4813
26/5/2021 17:00,119,128,122,5134,5096,5030,5015,4968,4908
26/5/2021 17:30,131,142,148,5168,5129,5089,5037,4987,4941
26/5/2021 18:00,144,159,176,5106,5075,5027,4962,4916,4851
26/5/2021 18:30,157,179,205,5006,4981,4896,4849,4802,4691
26/5/2021 19:00,166,190,226,4891,4868,4788,4725,4678,4562
26/5/2021 19:30,171,189,249,4801,4777,4699,4630,4588,4450
26/5/2021 20:00,184,190,236,4734,4708,4626,4550,4518,4390
26/5/2021 20:30,203,192,195,4652,4632,4554,4449,4440,4359
26/5/2021 21:00,223,209,185,4558,4549,4488,4335,4340,4303
26/5/2021 21:30,243,255,220,4502,4496,4402,4259,4241,4182
26/5/2021 22:00,262,287,248,4463,4452,4394,4201,4165,4146
26/5/2021 22:30,280,322,289,4305,4295,4225,4025,3973,3936
26/5/2021 23:00,222,345,331,4030,4030,4022,3808,3685,3691
26/5/2021 23:30,235,360,376,3801,3797,3800,3566,3437,3424
27/5/2021 0:00,257,392,396,3636,3633,3639,3379,3241,3243
27/5/2021 0:30,288,441,435,3509,3506,3538,3221,3065,3103
27/5/2021 1:00,325,498,507,3411,3408,3431,3086,2910,2924
27/5/2021 1:30,366,562,558,3334,3332,3352,2968,2770,2794
27/5/2021 2:00,420,624,629,3275,3274,3291,2855,2650,2662
27/5/2021 2:30,487,689,690,3227,3227,3253,2740,2538,2563
27/5/2021 3:00,553,752,769,3191,3192,3217,2638,2440,2448
27/5/2021 3:30,617,822,820,3178,3177,3196,2561,2355,2376
27/5/2021 4:00,683,900,866,3185,3182,3199,2502,2282,2333
27/5/2021 4:30,752,984,911,3196,3193,3202,2444,2209,2291
27/5/2021 5:00,831,1059,953,3219,3218,3181,2388,2159,2228
27/5/2021 5:30,920,1121,998,3304,3302,3222,2384,2181,2224
27/5/2021 6:00,985,1181,1069,3473,3470,3424,2488,2289,2355
27/5/2021 6:30,1026,1231,1134,3771,3770,3677,2745,2539,2543
27/5/2021 7:00,1056,1272,1157,4168,4172,4073,3112,2900,2916
27/5/2021 7:30,1075,1249,1203,4502,4509,4431,3427,3260,3228
27/5/2021 8:00,1104,1294,1252,4733,4739,4717,3629,3445,3465
27/5/2021 8:30,1145,1339,1355,4858,4866,4832,3713,3527,3477
27/5/2021 9:00,1215,1409,1418,4892,4902,4856,3677,3493,3438
27/5/2021 9:30,1314,1484,1488,4891,4903,4853,3577,3419,3365
27/5/2021 10:00,1421,1590,1598,4873,4887,4789,3452,3297,3191
27/5/2021 10:30,1537,1698,1694,4855,4869,4773,3318,3171,3079
27/5/2021 11:00,1622,1805,1817,4845,4858,4781,3223,3053,2964
27/5/2021 11:30,1677,1903,1975,4855,4855,4776,3178,2952,2801
27/5/2021 12:00,1712,1968,1936,4879,4874,4798,3167,2906,2862
27/5/2021 12:30,1730,2000,1893,4879,4870,4822,3149,2870,2929
27/5/2021 13:00,1712,1973,1803,4850,4839,4791,3138,2866,2988
27/5/2021 13:30,1661,1884,1735,4807,4790,4698,3146,2906,2963
27/5/2021 14:00,1599,1797,1688,4761,4738,4684,3162,2941,2996
27/5/2021 14:30,1528,1754,1597,4742,4720,4681,3214,2966,3084
27/5/2021 15:00,1466,1662,1461,4758,4744,4725,3292,3082,3264
27/5/2021 15:30,1412,1593,1367,4803,4799,4776,3391,3206,3409
27/5/2021 16:00,1344,1481,1279,4877,4886,4862,3533,3405,3583
27/5/2021 16:30,1262,1299,1174,4991,4978,4997,3729,3679,3823
27/5/2021 17:00,1193,1206,1025,5124,5110,5119,3931,3904,4094
27/5/2021 17:30,1137,1104,964,5176,5150,5226,4039,4046,4262
27/5/2021 18:00,1079,1061,946,5137,5104,5172,4058,4043,4226
27/5/2021 18:30,1021,976,901,5055,5020,5084,4034,4044,4183
27/5/2021 19:00,964,944,807,4953,4923,4978,3989,3979,4171
27/5/2021 19:30,910,882,744,4874,4840,4867,3964,3958,4123
27/5/2021 20:00,847,828,678,4818,4773,4788,3971,3945,4110
27/5/2021 20:30,777,739,674,4749,4702,4696,3972,3963,4022
27/5/2021 21:00,729,682,649,4659,4616,4588,3930,3934,3939
27/5/2021 21:30,704,650,676,4558,4515,4498,3854,3865,3822
27/5/2021 22:00,683,612,668,4437,4387,4402,3754,3775,3734
27/5/2021 22:30,667,562,657,4250,4205,4192,3583,3643,3535
27/5/2021 23:00,595,533,636,4011,3982,3970,3416,3449,3334
27/5/2021 23:30,564,471,617,3811,3817,3783,3247,3346,3166
28/5/2021 0:00,536,447,594,3670,3688,3653,3134,3241,3059
28/5/2021 0:30,510,428,539,3553,3575,3580,3043,3147,3041
28/5/2021 1:00,487,397,514,3451,3474,3493,2964,3077,2979
28/5/2021 1:30,466,407,474,3371,3398,3416,2905,2991,2942
28/5/2021 2:00,441,377,438,3311,3347,3369,2870,2970,2931
28/5/2021 2:30,411,399,406,3262,3300,3322,2851,2901,2916
28/5/2021 3:00,387,383,384,3225,3259,3285,2838,2876,2901
28/5/2021 3:30,368,402,360,3210,3242,3277,2842,2840,2917
28/5/2021 4:00,355,392,332,3217,3247,3274,2862,2855,2942
28/5/2021 4:30,347,386,320,3223,3243,3281,2876,2857,2961
28/5/2021 5:00,336,369,315,3239,3241,3301,2903,2872,2986
28/5/2021 5:30,321,347,318,3320,3314,3329,2999,2967,3011
28/5/2021 6:00,301,324,312,3486,3485,3517,3185,3161,3205
28/5/2021 6:30,275,282,315,3762,3766,3757,3487,3484,3442
28/5/2021 7:00,247,257,288,4125,4130,4147,3878,3873,3859
28/5/2021 7:30,218,219,240,4454,4455,4534,4236,4236,4294
28/5/2021 8:00,197,203,199,4713,4703,4837,4516,4500,4638
28/5/2021 8:30,184,181,156,4876,4862,4981,4692,4681,4825
28/5/2021 9:00,169,174,125,4948,4936,5034,4779,4762,4909
28/5/2021 9:30,152,175,109,4977,4967,5067,4825,4792,4958
28/5/2021 10:00,138,169,91,4982,4970,5049,4844,4801,4958
28/5/2021 10:30,128,164,81,4984,4977,5037,4856,4813,4956
28/5/2021 11:00,119,157,72,4992,4992,5049,4873,4835,4977
28/5/2021 11:30,113,138,83,5008,5028,5062,4895,4890,4979
28/5/2021 12:00,108,136,90,5028,5051,5062,4920,4915,4972
28/5/2021 12:30,106,112,110,5025,5042,5098,4919,4930,4988
28/5/2021 13:00,105,121,124,4992,4994,5067,4887,4873,4943
28/5/2021 13:30,105,113,131,4931,4926,4960,4826,4813,4829
28/5/2021 14:00,106,125,138,4854,4850,4908,4748,4725,4770
28/5/2021 14:30,108,140,144,4806,4810,4874,4698,4670,4730
28/5/2021 15:00,112,154,159,4794,4808,4858,4682,4654,4699
28/5/2021 15:30,120,158,187,4802,4818,4841,4682,4660,4654
28/5/2021 16:00,128,170,205,4831,4838,4854,4703,4668,4649
28/5/2021 16:30,137,186,208,4897,4896,4919,4760,4710,4711
28/5/2021 17:00,144,202,212,4983,4976,4994,4839,4774,4782
28/5/2021 17:30,148,213,234,5008,5000,5048,4860,4787,4814
28/5/2021 18:00,160,232,270,4962,4954,5009,4802,4722,4739
28/5/2021 18:30,180,243,317,4872,4867,4911,4692,4624,4594
28/5/2021 19:00,198,269,341,4757,4754,4803,4559,4485,4462
28/5/2021 19:30,215,309,305,4651,4642,4707,4436,4333,4402
28/5/2021 20:00,236,339,293,4560,4539,4587,4324,4200,4294
28/5/2021 20:30,261,361,298,4465,4447,4516,4204,4086,4218
28/5/2021 21:00,287,388,325,4372,4364,4415,4085,3976,4090
28/5/2021 21:30,314,422,330,4311,4294,4349,3997,3872,4019
28/5/2021 22:00,342,430,331,4264,4224,4308,3922,3794,3977
28/5/2021 22:30,372,444,303,4134,4088,4165,3762,3644,3862
28/5/2021 23:00,337,428,295,3889,3890,3974,3552,3462,3679
28/5/2021 23:30,320,356,289,3719,3708,3785,3399,3352,3496
29/5/2021 0:00,300,338,285,3592,3583,3655,3292,3245,3370
29/5/2021 0:30,279,306,279,3478,3471,3528,3199,3165,3249
29/5/2021 1:00,256,289,303,3372,3365,3423,3116,3076,3120
29/5/2021 1:30,233,250,287,3277,3272,3334,3044,3022,3047
29/5/2021 2:00,212,228,237,3194,3193,3269,2982,2965,3032
29/5/2021 2:30,191,200,210,3135,3135,3212,2944,2935,3002
29/5/2021 3:00,172,171,181,3099,3099,3168,2927,2928,2987
29/5/2021 3:30,154,150,164,3080,3081,3138,2926,2931,2974
29/5/2021 4:00,141,134,161,3073,3077,3136,2932,2943,2975
29/5/2021 4:30,132,126,158,3070,3076,3136,2938,2950,2978
29/5/2021 5:00,125,118,142,3070,3078,3097,2945,2960,2955
29/5/2021 5:30,119,101,68,3083,3087,3083,2964,2986,3015
29/5/2021 6:00,110,94,0,3124,3123,3187,3014,3029,3187
29/5/2021 6:30,99,87,0,3245,3253,3316,3146,3166,3316
29/5/2021 7:00,91,80,0,3446,3477,3511,3355,3397,3511
29/5/2021 7:30,87,68,0,3671,3716,3717,3584,3648,3717
29/5/2021 8:00,84,64,0,3897,3942,3954,3813,3878,3954
29/5/2021 8:30,82,60,0,4091,4128,4190,4009,4068,4190
29/5/2021 9:00,81,58,0,4241,4267,4357,4160,4209,4357
29/5/2021 9:30,79,53,0,4331,4359,4451,4252,4306,4451
29/5/2021 10:00,77,54,0,4369,4410,4494,4292,4356,4494
29/5/2021 10:30,76,46,0,4396,4440,4517,4320,4394,4517
29/5/2021 11:00,76,49,0,4421,4456,4518,4345,4407,4518
29/5/2021 11:30,75,49,0,4440,4470,4510,4365,4421,4510
29/5/2021 12:00,75,52,51,4448,4473,4484,4373,4421,4433
29/5/2021 12:30,76,55,75,4430,4455,4466,4354,4400,4391
29/5/2021 13:00,75,58,82,4382,4408,4412,4307,4350,4330
29/5/2021 13:30,74,74,82,4302,4334,4321,4228,4260,4239
29/5/2021 14:00,72,73,61,4205,4240,4239,4133,4167,4178
29/5/2021 14:30,70,70,62,4147,4176,4175,4077,4106,4113
29/5/2021 15:00,69,70,67,4134,4146,4132,4065,4076,4065
29/5/2021 15:30,68,52,78,4135,4138,4113,4067,4086,4035
29/5/2021 16:00,69,57,83,4152,4155,4122,4083,4098,4039
29/5/2021 16:30,71,72,91,4215,4223,4174,4144,4151,4083
29/5/2021 17:00,76,78,106,4316,4329,4281,4240,4251,4175
29/5/2021 17:30,85,75,111,4383,4401,4382,4298,4326,4271
29/5/2021 18:00,92,82,105,4396,4422,4415,4304,4340,4310
29/5/2021 18:30,97,91,116,4353,4382,4373,4256,4291,4257
29/5/2021 19:00,101,100,125,4261,4294,4321,4160,4194,4196
29/5/2021 19:30,103,116,131,4162,4200,4241,4059,4084,4110
29/5/2021 20:00,111,136,121,4064,4111,4133,3953,3975,4012
29/5/2021 20:30,125,167,116,3967,4020,4034,3842,3853,3918
29/5/2021 21:00,147,197,114,3885,3940,3992,3738,3743,3878
29/5/2021 21:30,176,163,127,3878,3932,3901,3702,3769,3774
29/5/2021 22:00,192,171,127,3920,3972,3938,3728,3801,3811
29/5/2021 22:30,195,168,112,3850,3901,3942,3655,3733,3830
29/5/2021 23:00,190,173,114,3714,3717,3793,3524,3544,3679
29/5/2021 23:30,194,176,123,3562,3565,3607,3368,3389,3484
30/5/2021 0:00,195,181,145,3465,3469,3483,3270,3288,3338
30/5/2021 0:30,194,163,161,3362,3366,3376,3168,3203,3215
30/5/2021 1:00,194,168,151,3245,3250,3273,3051,3082,3122
30/5/2021 1:30,195,161,135,3149,3153,3178,2954,2992,3043
30/5/2021 2:00,198,164,125,3077,3081,3118,2879,2917,2993
30/5/2021 2:30,202,145,142,3018,3021,3064,2816,2876,2922
30/5/2021 3:00,214,170,182,2970,2971,3015,2756,2801,2833
30/5/2021 3:30,234,187,226,2941,2941,2980,2707,2754,2754
30/5/2021 4:00,274,238,292,2930,2931,2971,2656,2693,2679
30/5/2021 4:30,335,295,381,2923,2927,2938,2588,2632,2557
30/5/2021 5:00,404,374,480,2913,2917,2888,2509,2543,2408
30/5/2021 5:30,482,447,507,2883,2887,2870,2401,2440,2363
30/5/2021 6:00,528,504,517,2853,2859,2922,2325,2355,2405
30/5/2021 6:30,541,547,507,2922,2928,2989,2381,2381,2482
30/5/2021 7:00,509,506,476,3095,3098,3121,2586,2592,2645
30/5/2021 7:30,434,410,418,3291,3293,3285,2857,2883,2867
30/5/2021 8:00,367,331,349,3487,3488,3486,3120,3157,3137
30/5/2021 8:30,310,319,307,3671,3667,3686,3361,3348,3379
30/5/2021 9:00,294,307,333,3836,3825,3869,3542,3518,3536
30/5/2021 9:30,319,286,384,3975,3965,4015,3656,3679,3631
30/5/2021 10:00,366,332,466,4083,4085,4121,3717,3753,3655
30/5/2021 10:30,435,369,534,4151,4164,4168,3716,3795,3634
30/5/2021 11:00,499,437,607,4187,4208,4190,3688,3771,3583
30/5/2021 11:30,560,542,715,4228,4253,4176,3668,3711,3461
30/5/2021 12:00,623,617,788,4274,4290,4175,3651,3673,3387
30/5/2021 12:30,689,716,828,4281,4290,4191,3592,3574,3363
30/5/2021 13:00,742,775,898,4240,4244,4136,3498,3469,3238
30/5/2021 13:30,782,852,926,4162,4166,4038,3380,3314,3112
30/5/2021 14:00,802,892,1027,4061,4065,3952,3259,3173,2925
30/5/2021 14:30,801,972,1051,3989,3992,3877,3188,3020,2826
30/5/2021 15:00,806,991,994,3954,3954,3817,3148,2963,2823
30/5/2021 15:30,816,978,966,3947,3945,3802,3131,2967,2836
30/5/2021 16:00,811,975,923,3969,3966,3833,3158,2991,2910
30/5/2021 16:30,789,959,865,4033,4026,3900,3244,3067,3035
30/5/2021 17:00,770,939,814,4128,4115,3999,3358,3176,3185
30/5/2021 17:30,752,967,771,4192,4168,4105,3440,3201,3334
30/5/2021 18:00,721,929,766,4213,4181,4150,3492,3252,3384
30/5/2021 18:30,675,881,720,4199,4168,4126,3524,3287,3406
30/5/2021 19:00,645,842,713,4157,4141,4105,3512,3299,3392
30/5/2021 19:30,630,788,688,4104,4103,4080,3474,3315,3392
30/5/2021 20:00,633,780,619,4043,4057,4051,3410,3277,3432
30/5/2021 20:30,653,733,596,3975,3988,3996,3322,3255,3400
30/5/2021 21:00,692,754,600,3910,3911,3946,3218,3157,3346
30/5/2021 21:30,749,720,633,3889,3881,3869,3140,3161,3236
30/5/2021 22:00,801,743,676,3892,3884,3871,3091,3141,3195
30/5/2021 22:30,850,786,672,3800,3790,3775,2950,3004,3103
30/5/2021 23:00,890,813,694,3600,3595,3588,2710,2782,2894
30/5/2021 23:30,917,809,726,3412,3420,3404,2495,2611,2678
31/5/2021 0:00,942,821,733,3260,3268,3297,2318,2447,2564
31/5/2021 0:30,965,775,693,3146,3153,3205,2181,2378,2512
31/5/2021 1:00,1002,787,725,3067,3072,3122,2065,2285,2397
31/5/2021 1:30,1053,804,762,3003,3008,3054,1950,2204,2292
31/5/2021 2:00,1089,834,853,2951,2955,3013,1862,2121,2160
31/5/2021 2:30,1108,826,920,2911,2914,2992,1803,2088,2072
31/5/2021 3:00,1130,879,922,2884,2888,2977,1754,2009,2055
31/5/2021 3:30,1152,914,914,2873,2877,2953,1721,1963,2039
31/5/2021 4:00,1166,987,983,2871,2877,2950,1705,1890,1967
31/5/2021 4:30,1171,1044,1044,2856,2864,2933,1685,1820,1889
31/5/2021 5:00,1174,1121,1133,2845,2854,2940,1671,1733,1807
31/5/2021 5:30,1174,1247,1176,2939,2945,2996,1765,1698,1820
31/5/2021 6:00,1157,1283,1215,3150,3155,3178,1993,1872,1963
31/5/2021 6:30,1124,1325,1170,3436,3445,3398,2312,2120,2228
31/5/2021 7:00,1058,1265,1178,3770,3789,3737,2712,2524,2559
31/5/2021 7:30,957,1091,1168,4087,4110,4080,3130,3019,2912
31/5/2021 8:00,894,1019,1182,4362,4378,4385,3468,3359,3203
31/5/2021 8:30,869,983,1116,4547,4554,4556,3678,3571,3440
31/5/2021 9:00,900,1007,1164,4641,4639,4640,3741,3632,3476
31/5/2021 9:30,987,1128,1306,4684,4681,4690,3697,3553,3384
31/5/2021 10:00,1104,1261,1483,4693,4692,4657,3589,3431,3174
31/5/2021 10:30,1252,1397,1753,4697,4685,4673,3445,3288,2920
31/5/2021 11:00,1412,1560,2034,4702,4666,4686,3290,3106,2652
31/5/2021 11:30,1583,1826,2248,4713,4660,4687,3130,2834,2439
31/5/2021 12:00,1708,1980,2430,4722,4672,4691,3014,2692,2261
31/5/2021 12:30,1786,2150,2577,4708,4664,4699,2922,2514,2122
31/5/2021 13:00,1845,2255,2649,4670,4626,4678,2825,2371,2029
31/5/2021 13:30,1886,2369,2723,4630,4582,4571,2744,2213,1848
31/5/2021 14:00,1916,2404,2717,4597,4537,4542,2681,2133,1825
31/5/2021 14:30,1935,2625,2593,4579,4515,4500,2644,1890,1907
31/5/2021 15:00,1943,2607,2630,4580,4518,4509,2637,1911,1879
31/5/2021 15:30,1940,2638,2573,4603,4543,4509,2663,1905,1936
31/5/2021 16:00,1920,2584,2565,4652,4591,4526,2732,2007,1961
31/5/2021 16:30,1883,2525,2508,4744,4682,4615,2861,2157,2107
31/5/2021 17:00,1839,2460,2429,4857,4794,4729,3018,2334,2300
31/5/2021 17:30,1787,2432,2293,4889,4825,4802,3102,2393,2509
31/5/2021 18:00,1724,2348,2237,4830,4765,4772,3106,2417,2535
31/5/2021 18:30,1651,2168,2148,4737,4672,4687,3086,2504,2539
31/5/2021 19:00,1608,2088,2051,4631,4566,4594,3023,2478,2543
31/5/2021 19:30,1595,2008,1971,4536,4475,4523,2941,2467,2552
31/5/2021 20:00,1598,1959,1875,4454,4402,4444,2856,2443,2569
31/5/2021 20:30,1617,1966,1816,4376,4334,4380,2759,2368,2564
31/5/2021 21:00,1638,1929,1812,4302,4268,4316,2664,2339,2504
31/5/2021 21:30,1662,1870,1811,4243,4210,4252,2581,2340,2441
31/5/2021 22:00,1668,1814,1734,4180,4144,4177,2512,2330,2443
31/5/2021 22:30,1659,1757,1654,4032,4001,4019,2373,2244,2365
31/5/2021 23:00,1606,1676,1575,3782,3782,3787,2176,2106,2212
31/5/2021 23:30,1509,1553,1525,3560,3557,3586,2051,2004,2061
1/6/2021 0:00,1402,1446,1458,3363,3357,3453,1961,1911,1995
1/6/2021 0:30,1284,1303,1347,3225,3218,3360,1941,1915,2013
1/6/2021 1:00,1177,1192,1193,3146,3138,3269,1969,1946,2076
1/6/2021 1:30,1079,1081,1083,3086,3077,3194,2007,1996,2111
1/6/2021 2:00,982,978,1006,3039,3026,3178,2057,2048,2172
1/6/2021 2:30,885,810,914,3006,2993,3145,2121,2183,2231
1/6/2021 3:00,789,700,789,2991,2977,3115,2202,2277,2326
1/6/2021 3:30,691,615,684,2993,2980,3107,2302,2365,2423
1/6/2021 4:00,606,518,610,3010,2998,3123,2404,2480,2513
1/6/2021 4:30,533,413,528,3022,3013,3128,2489,2600,2600
1/6/2021 5:00,460,341,417,3041,3037,3134,2581,2696,2717
1/6/2021 5:30,387,306,319,3132,3130,3175,2745,2824,2856
1/6/2021 6:00,323,262,261,3314,3311,3365,2991,3049,3104
1/6/2021 6:30,269,239,183,3594,3565,3604,3325,3326,3421
1/6/2021 7:00,227,215,118,3950,3920,3978,3723,3705,3860
1/6/2021 7:30,200,196,87,4282,4256,4350,4082,4060,4263
1/6/2021 8:00,180,191,79,4554,4536,4660,4374,4345,4581
1/6/2021 8:30,167,196,65,4732,4711,4816,4565,4515,4751
1/6/2021 9:00,164,199,66,4817,4786,4882,4653,4587,4816
1/6/2021 9:30,170,164,69,4855,4824,4900,4685,4660,4831
1/6/2021 10:00,176,176,85,4861,4842,4867,4685,4666,4782
1/6/2021 10:30,182,169,103,4847,4848,4864,4665,4679,4761
1/6/2021 11:00,191,190,121,4824,4848,4871,4633,4658,4750
1/6/2021 11:30,201,202,145,4821,4872,4867,4620,4670,4722
1/6/2021 12:00,216,233,178,4835,4895,4878,4619,4662,4700
1/6/2021 12:30,234,240,182,4827,4891,4895,4593,4651,4713
1/6/2021 13:00,256,268,204,4790,4852,4869,4534,4584,4665
1/6/2021 13:30,283,282,208,4741,4803,4771,4458,4521,4563
1/6/2021 14:00,316,315,204,4691,4752,4733,4375,4437,4529
1/6/2021 14:30,356,353,284,4670,4733,4736,4314,4380,4452
1/6/2021 15:00,402,395,347,4680,4740,4740,4278,4345,4393
1/6/2021 15:30,453,486,420,4705,4760,4756,4252,4274,4336
1/6/2021 16:00,506,526,504,4746,4799,4798,4240,4273,4294
1/6/2021 16:30,563,556,597,4830,4878,4901,4267,4322,4304
1/6/2021 17:00,603,590,717,4937,4978,5005,4334,4388,4288
1/6/2021 17:30,629,596,797,4965,4998,5049,4336,4402,4252
1/6/2021 18:00,634,652,859,4900,4930,4974,4266,4278,4115
1/6/2021 18:30,619,718,946,4796,4830,4854,4177,4112,3908
1/6/2021 19:00,618,753,984,4676,4717,4719,4058,3964,3735
1/6/2021 19:30,631,810,975,4575,4612,4641,3944,3802,3666
1/6/2021 20:00,644,833,973,4497,4517,4557,3853,3684,3584
1/6/2021 20:30,657,932,986,4423,4427,4497,3766,3495,3511
1/6/2021 21:00,671,950,1006,4351,4345,4421,3680,3395,3415
1/6/2021 21:30,686,1023,1019,4295,4288,4335,3609,3265,3316
1/6/2021 22:00,685,1012,1023,4239,4234,4296,3554,3222,3273
1/6/2021 22:30,669,1014,994,4105,4096,4164,3436,3082,3170
1/6/2021 23:00,928,968,961,3877,3870,3946,2949,2902,2985
1/6/2021 23:30,870,915,917,3653,3647,3724,2783,2732,2807
2/6/2021 0:00,810,875,836,3455,3459,3566,2645,2584,2730
2/6/2021 0:30,748,820,773,3317,3325,3458,2569,2505,2685
2/6/2021 1:00,697,772,757,3237,3241,3366,2540,2469,2609
2/6/2021 1:30,656,696,766,3174,3178,3289,2518,2482,2523
2/6/2021 2:00,629,655,748,3120,3125,3237,2491,2470,2489
2/6/2021 2:30,614,627,748,3077,3082,3190,2463,2455,2442
2/6/2021 3:00,598,606,728,3047,3051,3150,2449,2445,2422
2/6/2021 3:30,582,559,684,3036,3038,3141,2454,2479,2457
2/6/2021 4:00,576,554,668,3041,3044,3155,2465,2490,2487
2/6/2021 4:30,582,539,673,3044,3051,3125,2462,2512,2452
2/6/2021 5:00,592,542,697,3057,3066,3123,2465,2524,2426
2/6/2021 5:30,605,608,684,3138,3150,3148,2533,2542,2464
2/6/2021 6:00,615,599,666,3306,3322,3331,2691,2723,2665
2/6/2021 6:30,623,618,658,3580,3600,3559,2957,2982,2901
2/6/2021 7:00,622,601,640,3939,3960,3938,3317,3359,3298
2/6/2021 7:30,612,576,616,4274,4291,4314,3662,3715,3698
2/6/2021 8:00,588,560,583,4547,4558,4616,3959,3998,4033
2/6/2021 8:30,552,578,552,4722,4721,4766,4170,4143,4214
2/6/2021 9:00,552,590,485,4802,4786,4821,4250,4196,4336
2/6/2021 9:30,589,576,459,4835,4811,4851,4246,4235,4392
2/6/2021 10:00,639,602,519,4837,4813,4831,4198,4211,4312
2/6/2021 10:30,702,639,525,4825,4810,4827,4123,4171,4302
2/6/2021 11:00,773,672,542,4807,4808,4838,4034,4136,4296
2/6/2021 11:30,850,711,616,4813,4806,4832,3963,4095,4216
2/6/2021 12:00,901,752,706,4838,4832,4852,3937,4080,4146
2/6/2021 12:30,927,767,719,4836,4831,4900,3909,4064,4181
2/6/2021 13:00,956,777,717,4803,4797,4883,3847,4020,4166
2/6/2021 13:30,989,737,703,4759,4761,4805,3770,4024,4102
2/6/2021 14:00,1008,713,724,4716,4728,4788,3708,4015,4064
2/6/2021 14:30,1013,701,681,4700,4718,4771,3687,4017,4090
2/6/2021 15:00,1025,684,645,4716,4732,4829,3691,4048,4184
2/6/2021 15:30,1042,680,601,4749,4774,4890,3707,4094,4289
2/6/2021 16:00,1050,656,554,4800,4842,4946,3750,4186,4392
2/6/2021 16:30,1049,613,471,4893,4942,5069,3844,4329,4598
2/6/2021 17:00,1022,585,458,5009,5051,5192,3987,4466,4734
2/6/2021 17:30,968,538,432,5044,5072,5256,4076,4534,4824
2/6/2021 18:00,931,512,413,4985,4998,5184,4054,4486,4771
2/6/2021 18:30,911,443,356,4889,4892,5047,3978,4449,4691
2/6/2021 19:00,889,435,363,4774,4776,4910,3885,4341,4547
2/6/2021 19:30,868,419,379,4669,4674,4801,3801,4255,4422
2/6/2021 20:00,878,440,404,4579,4591,4705,3701,4151,4301
2/6/2021 20:30,920,456,427,4493,4515,4633,3573,4059,4206
2/6/2021 21:00,974,498,430,4411,4439,4556,3437,3941,4126
2/6/2021 21:30,1040,559,427,4338,4367,4472,3298,3808,4045
2/6/2021 22:00,1102,589,458,4259,4284,4391,3157,3695,3933
2/6/2021 22:30,1159,579,491,4110,4129,4200,2951,3550,3709
2/6/2021 23:00,827,595,484,3898,3902,3987,3071,3307,3503
2/6/2021 23:30,871,615,500,3676,3702,3763,2805,3087,3263
3/6/2021 0:00,901,630,537,3483,3510,3606,2582,2880,3069
3/6/2021 0:30,915,615,547,3345,3373,3496,2430,2758,2949
3/6/2021 1:00,932,639,580,3259,3287,3399,2327,2648,2819
3/6/2021 1:30,953,644,600,3191,3221,3328,2238,2577,2728
3/6/2021 2:00,971,679,633,3134,3163,3278,2163,2484,2645
3/6/2021 2:30,986,717,695,3089,3116,3237,2103,2399,2542
3/6/2021 3:00,1005,745,707,3058,3081,3205,2053,2336,2498
3/6/2021 3:30,1027,738,728,3046,3064,3173,2019,2326,2445
3/6/2021 4:00,1032,750,773,3050,3065,3187,2018,2315,2414
3/6/2021 4:30,1020,740,807,3052,3066,3189,2032,2326,2382
3/6/2021 5:00,1036,763,848,3061,3073,3181,2025,2310,2333
3/6/2021 5:30,1080,781,887,3141,3152,3208,2061,2371,2321
3/6/2021 6:00,1133,836,936,3310,3320,3390,2177,2484,2454
3/6/2021 6:30,1194,909,922,3581,3592,3642,2387,2683,2720
3/6/2021 7:00,1260,982,954,3933,3945,4021,2673,2963,3067
3/6/2021 7:30,1333,1051,989,4264,4275,4396,2931,3224,3407
3/6/2021 8:00,1439,1118,1041,4539,4545,4686,3100,3427,3645
3/6/2021 8:30,1578,1195,1154,4718,4714,4800,3140,3519,3646
3/6/2021 9:00,1709,1269,1226,4803,4784,4853,3094,3515,3627
3/6/2021 9:30,1831,1421,1382,4832,4807,4880,3001,3386,3498
3/6/2021 10:00,1961,1516,1526,4822,4801,4840,2861,3285,3314
3/6/2021 10:30,2099,1587,1617,4797,4791,4794,2698,3204,3177
3/6/2021 11:00,2229,1717,1812,4770,4786,4776,2541,3069,2964
3/6/2021 11:30,2352,1860,2005,4766,4804,4757,2414,2944,2752
3/6/2021 12:00,2446,2002,2096,4778,4819,4791,2332,2817,2695
3/6/2021 12:30,2512,2108,2300,4765,4810,4801,2253,2702,2501
3/6/2021 13:00,2562,2218,2506,4720,4771,4769,2158,2553,2263
3/6/2021 13:30,2597,2361,2581,4667,4725,4697,2070,2364,2116
3/6/2021 14:00,2622,2468,2722,4616,4678,4644,1994,2210,1922
3/6/2021 14:30,2639,2623,2834,4589,4654,4667,1950,2031,1833
3/6/2021 15:00,2643,2693,2860,4590,4656,4664,1947,1963,1804
3/6/2021 15:30,2635,2717,2962,4618,4688,4662,1983,1971,1700
3/6/2021 16:00,2621,2715,2966,4673,4748,4706,2052,2033,1740
3/6/2021 16:30,2601,2758,2935,4760,4838,4804,2159,2080,1869
3/6/2021 17:00,2574,2700,2918,4859,4935,4894,2285,2235,1976
3/6/2021 17:30,2542,2674,2871,4879,4955,5000,2337,2281,2129
3/6/2021 18:00,2482,2584,2762,4812,4889,4921,2330,2305,2159
3/6/2021 18:30,2395,2511,2611,4715,4784,4812,2320,2273,2201
3/6/2021 19:00,2278,2413,2387,4608,4662,4697,2330,2249,2310
3/6/2021 19:30,2131,2309,2289,4514,4558,4618,2383,2249,2329
3/6/2021 20:00,1994,2197,2141,4434,4475,4536,2440,2278,2395
3/6/2021 20:30,1868,2127,2025,4356,4394,4483,2488,2267,2458
3/6/2021 21:00,1767,2014,1884,4283,4314,4405,2516,2300,2521
3/6/2021 21:30,1692,1932,1897,4229,4253,4330,2537,2321,2433
3/6/2021 22:00,1630,1847,1858,4176,4194,4279,2546,2347,2421
3/6/2021 22:30,1581,1726,1833,4037,4049,4159,2456,2323,2326
3/6/2021 23:00,1743,1677,1731,3819,3821,3943,2076,2144,2212
3/6/2021 23:30,1716,1580,1746,3614,3620,3742,1898,2040,1996
4/6/2021 0:00,1663,1527,1763,3454,3461,3579,1791,1934,1816
4/6/2021 0:30,1584,1457,1695,3335,3341,3433,1751,1884,1738
4/6/2021 1:00,1524,1433,1652,3250,3254,3342,1726,1821,1690
4/6/2021 1:30,1485,1513,1596,3183,3187,3266,1698,1674,1670
4/6/2021 2:00,1458,1508,1614,3129,3133,3213,1671,1625,1599
4/6/2021 2:30,1445,1474,1554,3084,3087,3169,1639,1613,1615
4/6/2021 3:00,1430,1479,1477,3050,3052,3118,1620,1573,1641
4/6/2021 3:30,1414,1553,1434,3036,3038,3089,1622,1485,1655
4/6/2021 4:00,1383,1530,1383,3041,3044,3100,1658,1514,1717
4/6/2021 4:30,1338,1508,1378,3042,3043,3078,1704,1535,1700
4/6/2021 5:00,1308,1478,1333,3050,3052,3084,1742,1574,1751
4/6/2021 5:30,1292,1457,1293,3127,3130,3125,1835,1673,1832
4/6/2021 6:00,1281,1431,1258,3295,3301,3330,2014,1870,2072
4/6/2021 6:30,1274,1382,1200,3576,3580,3561,2302,2198,2361
4/6/2021 7:00,1305,1387,1182,3943,3945,3916,2638,2558,2734
4/6/2021 7:30,1374,1361,1121,4276,4277,4271,2902,2916,3150
4/6/2021 8:00,1421,1397,1165,4537,4538,4601,3116,3141,3436
4/6/2021 8:30,1446,1436,1220,4699,4695,4735,3253,3259,3515
4/6/2021 9:00,1471,1494,1219,4767,4752,4797,3296,3258,3578
4/6/2021 9:30,1497,1499,1275,4790,4765,4817,3293,3266,3542
4/6/2021 10:00,1530,1530,1399,4783,4751,4784,3253,3221,3385
4/6/2021 10:30,1570,1520,1515,4766,4735,4759,3196,3215,3244
4/6/2021 11:00,1602,1551,1616,4749,4728,4774,3147,3177,3158
4/6/2021 11:30,1626,1537,1641,4758,4724,4749,3132,3187,3108
4/6/2021 12:00,1640,1569,1756,4786,4763,4768,3146,3194,3012
4/6/2021 12:30,1643,1562,1760,4785,4766,4779,3142,3204,3019
4/6/2021 13:00,1642,1584,1806,4748,4722,4730,3106,3138,2924
4/6/2021 13:30,1635,1604,1843,4692,4669,4630,3057,3065,2787
4/6/2021 14:00,1616,1587,1837,4629,4614,4581,3013,3027,2744
4/6/2021 14:30,1585,1620,1768,4591,4581,4551,3006,2961,2783
4/6/2021 15:00,1537,1560,1804,4586,4573,4545,3049,3013,2741
4/6/2021 15:30,1471,1506,1730,4605,4589,4536,3134,3083,2806
4/6/2021 16:00,1403,1429,1708,4649,4629,4543,3246,3200,2835
4/6/2021 16:30,1333,1407,1636,4726,4702,4612,3393,3295,2976
4/6/2021 17:00,1259,1333,1568,4817,4791,4707,3558,3458,3139
4/6/2021 17:30,1180,1310,1511,4845,4817,4759,3665,3507,3248
4/6/2021 18:00,1097,1217,1372,4797,4771,4730,3700,3554,3358
4/6/2021 18:30,1010,1159,1301,4707,4683,4662,3697,3524,3361
4/6/2021 19:00,931,1060,1189,4593,4573,4571,3662,3513,3382
4/6/2021 19:30,861,1003,1106,4491,4480,4488,3630,3477,3382
4/6/2021 20:00,806,932,960,4407,4410,4390,3601,3478,3430
4/6/2021 20:30,766,892,852,4330,4345,4314,3564,3453,3462
4/6/2021 21:00,742,854,742,4258,4280,4228,3516,3426,3486
4/6/2021 21:30,735,801,728,4205,4220,4158,3470,3419,3430
4/6/2021 22:00,742,783,708,4156,4156,4126,3414,3373,3418
4/6/2021 22:30,761,764,696,4038,4032,4046,3277,3268,3350
4/6/2021 23:00,687,741,662,3850,3850,3869,3163,3109,3207
4/6/2021 23:30,665,696,615,3674,3668,3692,3009,2972,3077
5/6/2021 0:00,645,668,598,3518,3517,3539,2873,2849,2941
5/6/2021 0:30,627,610,609,3386,3389,3416,2759,2779,2807
5/6/2021 1:00,604,591,595,3276,3282,3303,2672,2691,2708
5/6/2021 1:30,575,571,569,3190,3197,3221,2615,2626,2652
5/6/2021 2:00,536,543,559,3124,3134,3170,2588,2591,2611
5/6/2021 2:30,488,481,511,3069,3081,3126,2581,2600,2615
5/6/2021 3:00,449,444,498,3026,3040,3074,2577,2596,2576
5/6/2021 3:30,420,401,459,3009,3023,3050,2589,2622,2591
5/6/2021 4:00,396,372,421,3015,3029,3045,2619,2657,2624
5/6/2021 4:30,376,338,407,3012,3023,3027,2636,2685,2620
5/6/2021 5:00,354,312,377,3000,3008,3010,2646,2696,2633
5/6/2021 5:30,328,297,343,3015,3020,3006,2687,2723,2663
5/6/2021 6:00,314,273,288,3074,3077,3106,2760,2804,2818
5/6/2021 6:30,311,262,254,3198,3204,3232,2887,2942,2978
5/6/2021 7:00,303,243,212,3386,3399,3425,3083,3156,3213
5/6/2021 7:30,289,227,180,3611,3622,3621,3322,3395,3441
5/6/2021 8:00,282,222,175,3853,3854,3846,3571,3632,3671
5/6/2021 8:30,283,216,171,4067,4052,4067,3784,3836,3896
5/6/2021 9:00,292,221,169,4238,4207,4254,3946,3986,4085
5/6/2021 9:30,308,216,176,4347,4310,4358,4039,4094,4182
5/6/2021 10:00,328,235,233,4395,4366,4408,4067,4131,4175
5/6/2021 10:30,352,239,307,4405,4402,4440,4053,4163,4133
5/6/2021 11:00,374,250,334,4392,4425,4438,4018,4175,4104
5/6/2021 11:30,395,253,370,4401,4447,4434,4006,4194,4064
5/6/2021 12:00,410,268,406,4429,4458,4430,4019,4190,4024
5/6/2021 12:30,421,275,411,4422,4437,4433,4001,4162,4022
5/6/2021 13:00,440,302,408,4372,4375,4409,3932,4073,4001
5/6/2021 13:30,467,335,435,4298,4300,4338,3831,3965,3903
5/6/2021 14:00,489,365,469,4215,4218,4271,3726,3853,3802
5/6/2021 14:30,506,386,462,4154,4161,4216,3648,3775,3754
5/6/2021 15:00,524,404,431,4122,4130,4181,3598,3726,3750
5/6/2021 15:30,544,435,443,4117,4117,4164,3573,3682,3721
5/6/2021 16:00,565,441,448,4142,4126,4178,3577,3685,3730
5/6/2021 16:30,589,424,470,4212,4189,4233,3623,3765,3763
5/6/2021 17:00,602,437,488,4313,4294,4351,3711,3857,3863
5/6/2021 17:30,602,482,492,4374,4361,4454,3772,3879,3962
5/6/2021 18:00,602,486,513,4378,4374,4473,3776,3888,3960
5/6/2021 18:30,602,462,452,4327,4334,4427,3725,3872,3975
5/6/2021 19:00,587,446,388,4232,4251,4352,3645,3805,3964
5/6/2021 19:30,560,418,334,4139,4155,4245,3579,3737,3911
5/6/2021 20:00,529,404,271,4056,4055,4154,3527,3651,3883
5/6/2021 20:30,495,418,226,3965,3955,4035,3470,3537,3809
5/6/2021 21:00,466,412,213,3881,3870,3971,3415,3458,3758
5/6/2021 21:30,441,374,234,3867,3864,3901,3426,3490,3667
5/6/2021 22:00,417,374,255,3902,3911,3888,3485,3537,3633
5/6/2021 22:30,394,326,269,3836,3859,3842,3442,3533,3573
5/6/2021 23:00,346,316,259,3688,3694,3719,3342,3378,3460
5/6/2021 23:30,335,252,258,3531,3533,3574,3196,3281,3316
6/6/2021 0:00,321,229,250,3404,3404,3458,3083,3175,3208
6/6/2021 0:30,305,192,207,3290,3289,3347,2985,3097,3140
6/6/2021 1:00,297,189,199,3184,3185,3241,2887,2996,3042
6/6/2021 1:30,297,204,191,3097,3101,3141,2800,2897,2950
6/6/2021 2:00,297,209,187,3031,3034,3092,2734,2825,2905
6/6/2021 2:30,296,218,181,2974,2978,3038,2678,2760,2857
6/6/2021 3:00,283,212,199,2926,2931,3009,2643,2719,2810
6/6/2021 3:30,257,198,204,2895,2899,2987,2638,2701,2783
6/6/2021 4:00,234,184,191,2880,2884,2972,2646,2700,2781
6/6/2021 4:30,215,165,195,2866,2872,2940,2651,2707,2745
6/6/2021 5:00,200,148,188,2851,2863,2902,2651,2715,2714
6/6/2021 5:30,189,98,193,2839,2849,2886,2650,2751,2693
6/6/2021 6:00,171,82,160,2845,2845,2946,2674,2763,2786
6/6/2021 6:30,146,81,112,2914,2921,3017,2768,2840,2905
6/6/2021 7:00,125,75,69,3053,3079,3146,2928,3004,3077
6/6/2021 7:30,106,85,0,3230,3260,3284,3124,3175,3284
6/6/2021 8:00,94,83,0,3431,3446,3472,3337,3363,3472
6/6/2021 8:30,89,86,0,3628,3629,3652,3539,3543,3652
6/6/2021 9:00,84,83,0,3809,3803,3823,3725,3720,3823
6/6/2021 9:30,78,77,0,3954,3950,3985,3876,3873,3985
6/6/2021 10:00,73,73,0,4062,4067,4112,3989,3994,4112
6/6/2021 10:30,70,49,0,4146,4150,4176,4076,4101,4176
6/6/2021 11:00,66,50,0,4210,4203,4209,4144,4153,4209
6/6/2021 11:30,62,41,0,4268,4251,4231,4206,4210,4231
6/6/2021 12:00,60,44,26,4314,4299,4268,4254,4255,4242
6/6/2021 12:30,60,47,54,4311,4305,4304,4251,4258,4250
6/6/2021 13:00,60,51,59,4258,4260,4265,4198,4209,4206
6/6/2021 13:30,61,54,82,4178,4186,4188,4117,4132,4106
6/6/2021 14:00,63,61,96,4086,4092,4084,4023,4031,3988
6/6/2021 14:30,67,91,142,4020,4027,4012,3953,3936,3870
6/6/2021 15:00,74,105,167,3987,3997,3967,3913,3892,3800
6/6/2021 15:30,83,106,160,3978,3997,3951,3895,3891,3791
6/6/2021 16:00,95,114,194,3997,4027,3980,3902,3913,3786
6/6/2021 16:30,110,114,188,4062,4104,4055,3952,3990,3867
6/6/2021 17:00,121,123,141,4160,4214,4157,4039,4091,4016
6/6/2021 17:30,129,146,139,4223,4277,4230,4094,4131,4091
6/6/2021 18:00,131,159,155,4237,4284,4226,4106,4125,4071
6/6/2021 18:30,130,187,194,4219,4258,4186,4089,4071,3992
6/6/2021 19:00,128,190,201,4175,4212,4135,4047,4022,3934
6/6/2021 19:30,127,186,166,4117,4153,4062,3990,3967,3896
6/6/2021 20:00,131,176,121,4048,4087,4007,3917,3911,3886
6/6/2021 20:30,141,136,109,3969,4016,3954,3828,3880,3845
6/6/2021 21:00,155,130,121,3891,3945,3913,3736,3815,3792
6/6/2021 21:30,174,159,124,3866,3900,3839,3692,3741,3715
6/6/2021 22:00,185,149,122,3875,3865,3835,3690,3716,3713
6/6/2021 22:30,189,138,130,3786,3757,3782,3597,3619,3652
6/6/2021 23:00,165,130,145,3578,3578,3628,3413,3448,3483
6/6/2021 23:30,169,96,142,3432,3439,3467,3263,3343,3325
7/6/2021 0:00,179,112,145,3332,3342,3350,3153,3230,3205
7/6/2021 0:30,197,126,160,3235,3246,3246,3038,3120,3086
7/6/2021 1:00,219,156,182,3137,3147,3147,2918,2991,2965
7/6/2021 1:30,246,185,214,3070,3079,3069,2824,2894,2855
7/6/2021 2:00,274,226,259,3033,3043,3019,2759,2817,2760
7/6/2021 2:30,303,319,287,2998,3006,2973,2695,2687,2686
7/6/2021 3:00,343,371,315,2961,2971,2931,2618,2600,2616
7/6/2021 3:30,394,408,365,2946,2955,2915,2552,2547,2550
7/6/2021 4:00,443,465,406,2944,2955,2910,2501,2490,2504
7/6/2021 4:30,489,515,405,2906,2911,2886,2417,2396,2481
7/6/2021 5:00,531,570,434,2848,2856,2869,2317,2286,2435
7/6/2021 5:30,567,618,439,2891,2901,2880,2324,2283,2441
7/6/2021 6:00,595,634,428,3044,3057,3005,2449,2423,2577
7/6/2021 6:30,614,609,461,3221,3236,3145,2607,2627,2684
7/6/2021 7:00,620,608,477,3399,3418,3368,2779,2810,2891
7/6/2021 7:30,613,599,506,3573,3594,3585,2960,2995,3079
7/6/2021 8:00,647,642,577,3743,3763,3796,3096,3121,3219
7/6/2021 8:30,721,679,744,3908,3917,3944,3187,3238,3200
7/6/2021 9:00,805,768,845,4062,4056,4075,3257,3288,3230
7/6/2021 9:30,900,869,992,4181,4163,4177,3281,3294,3185
7/6/2021 10:00,994,951,1104,4262,4240,4235,3268,3289,3131
7/6/2021 10:30,1087,1035,1266,4307,4288,4275,3220,3253,3009
7/6/2021 11:00,1167,1111,1433,4326,4314,4303,3159,3203,2870
7/6/2021 11:30,1235,1202,1522,4345,4339,4278,3110,3137,2756
7/6/2021 12:00,1292,1268,1610,4366,4350,4301,3074,3082,2691
7/6/2021 12:30,1339,1339,1678,4363,4336,4302,3024,2997,2624
7/6/2021 13:00,1385,1394,1681,4331,4288,4253,2946,2894,2572
7/6/2021 13:30,1429,1500,1734,4275,4219,4195,2846,2719,2461
7/6/2021 14:00,1484,1554,1811,4205,4134,4133,2721,2580,2322
7/6/2021 14:30,1548,1780,1845,4148,4069,4090,2600,2289,2245
7/6/2021 15:00,1606,1827,1904,4115,4035,4068,2509,2208,2164
7/6/2021 15:30,1658,1849,1963,4125,4047,4079,2467,2198,2116
7/6/2021 16:00,1694,1854,2025,4185,4107,4135,2491,2253,2110
7/6/2021 16:30,1712,1851,2058,4299,4217,4249,2587,2366,2191
7/6/2021 17:00,1729,1838,2080,4446,4356,4408,2717,2518,2328
7/6/2021 17:30,1743,1850,2040,4532,4441,4507,2789,2591,2467
7/6/2021 18:00,1731,1810,2079,4541,4455,4504,2810,2645,2425
7/6/2021 18:30,1693,1760,2001,4494,4409,4426,2801,2649,2425
7/6/2021 19:00,1660,1698,1940,4409,4321,4364,2749,2623,2424
7/6/2021 19:30,1631,1712,1922,4331,4244,4291,2700,2532,2369
7/6/2021 20:00,1617,1677,1787,4267,4184,4223,2650,2507,2436
7/6/2021 20:30,1617,1718,1695,4193,4117,4178,2576,2399,2483
7/6/2021 21:00,1623,1703,1612,4113,4039,4106,2490,2336,2494
7/6/2021 21:30,1635,1799,1554,4050,3988,4015,2415,2189,2461
7/6/2021 22:00,1654,1770,1564,3990,3948,3971,2336,2178,2407
7/6/2021 22:30,1681,1699,1587,3855,3835,3840,2174,2136,2253
7/6/2021 23:00,1563,1676,1630,3650,3652,3656,2087,1976,2026
7/6/2021 23:30,1529,1644,1525,3505,3510,3459,1976,1866,1934
8/6/2021 0:00,1487,1604,1460,3409,3414,3323,1922,1810,1863
8/6/2021 0:30,1435,1468,1449,3312,3317,3210,1877,1849,1761
8/6/2021 1:00,1377,1404,1508,3208,3214,3138,1831,1810,1630
8/6/2021 1:30,1314,1320,1494,3129,3136,3068,1815,1816,1574
8/6/2021 2:00,1249,1254,1429,3078,3086,3008,1829,1832,1579
8/6/2021 2:30,1181,1222,1425,3039,3047,3000,1858,1825,1575
8/6/2021 3:00,1127,1152,1365,3011,3019,2974,1884,1867,1609
8/6/2021 3:30,1087,1017,1260,3002,3009,2965,1915,1992,1705
8/6/2021 4:00,1059,973,1218,3011,3017,2979,1952,2044,1761
8/6/2021 4:30,1044,923,1113,3028,3035,2968,1984,2112,1855
8/6/2021 5:00,1035,908,1066,3059,3067,2974,2024,2159,1908
8/6/2021 5:30,1032,1010,1059,3144,3148,3016,2112,2138,1957
8/6/2021 6:00,1039,1024,1013,3300,3301,3212,2261,2277,2199
8/6/2021 6:30,1055,1117,984,3569,3581,3445,2514,2464,2461
8/6/2021 7:00,1106,1177,981,3930,3969,3816,2824,2792,2835
8/6/2021 7:30,1190,1253,1070,4269,4322,4171,3079,3069,3101
8/6/2021 8:00,1277,1348,1169,4549,4597,4492,3272,3249,3323
8/6/2021 8:30,1366,1432,1293,4728,4758,4671,3362,3326,3378
8/6/2021 9:00,1444,1508,1318,4808,4815,4765,3364,3307,3447
8/6/2021 9:30,1509,1509,1403,4842,4839,4793,3333,3330,3390
8/6/2021 10:00,1581,1573,1501,4849,4852,4770,3268,3279,3269
8/6/2021 10:30,1660,1567,1641,4845,4849,4778,3185,3282,3137
8/6/2021 11:00,1743,1643,1760,4840,4837,4808,3097,3194,3048
8/6/2021 11:30,1831,1720,1887,4854,4849,4827,3023,3129,2940
8/6/2021 12:00,1907,1785,2009,4881,4877,4867,2974,3092,2858
8/6/2021 12:30,1972,1839,2078,4881,4879,4902,2909,3040,2824
8/6/2021 13:00,2020,1889,2108,4848,4848,4899,2828,2959,2791
8/6/2021 13:30,2052,1951,2090,4806,4814,4788,2754,2863,2698
8/6/2021 14:00,2085,1964,2103,4764,4785,4783,2679,2821,2680
8/6/2021 14:30,2119,2016,2098,4746,4776,4778,2627,2760,2680
8/6/2021 15:00,2112,2028,2127,4757,4791,4769,2645,2763,2642
8/6/2021 15:30,2064,2115,2156,4787,4826,4791,2723,2711,2635
8/6/2021 16:00,2031,2106,2045,4839,4884,4846,2808,2778,2801
8/6/2021 16:30,2013,2118,2078,4927,4976,4968,2914,2858,2890
8/6/2021 17:00,1982,2068,2051,5029,5078,5092,3047,3010,3041
8/6/2021 17:30,1938,1973,2027,5048,5086,5159,3110,3113,3132
8/6/2021 18:00,1899,1909,1935,4974,4993,5045,3075,3084,3110
8/6/2021 18:30,1864,1927,1868,4860,4875,4900,2996,2948,3032
8/6/2021 19:00,1822,1881,1815,4730,4758,4770,2908,2877,2955
8/6/2021 19:30,1772,1767,1822,4623,4659,4675,2851,2892,2853
8/6/2021 20:00,1748,1751,1799,4542,4578,4575,2794,2827,2776
8/6/2021 20:30,1752,1761,1808,4463,4506,4467,2711,2745,2659
8/6/2021 21:00,1761,1757,1850,4385,4435,4414,2624,2678,2564
8/6/2021 21:30,1777,1752,1838,4319,4360,4309,2542,2608,2471
8/6/2021 22:00,1785,1748,1808,4252,4266,4228,2467,2518,2420
8/6/2021 22:30,1786,1687,1881,4122,4110,4105,2336,2423,2224
8/6/2021 23:00,1826,1696,1936,3891,3891,3875,2065,2195,1939
8/6/2021 23:30,1829,1741,2063,3660,3661,3663,1831,1920,1600
9/6/2021 0:00,1813,1731,2024,3443,3444,3505,1630,1713,1481
9/6/2021 0:30,1778,1745,1971,3297,3298,3382,1519,1553,1411
9/6/2021 1:00,1760,1724,1911,3221,3223,3259,1461,1499,1348
9/6/2021 1:30,1760,1714,1854,3160,3163,3186,1400,1449,1332
9/6/2021 2:00,1742,1710,1901,3103,3106,3142,1361,1396,1241
9/6/2021 2:30,1707,1811,1846,3058,3062,3124,1351,1251,1278
9/6/2021 3:00,1687,1807,1847,3030,3033,3084,1343,1226,1237
9/6/2021 3:30,1681,1859,1914,3019,3021,3079,1338,1162,1165
9/6/2021 4:00,1678,1847,2023,3023,3023,3081,1345,1176,1058
9/6/2021 4:30,1679,1827,2026,3022,3018,3074,1343,1191,1048
9/6/2021 5:00,1691,1823,2039,3029,3023,3099,1338,1200,1060
9/6/2021 5:30,1715,1816,2008,3107,3101,3135,1392,1285,1127
9/6/2021 6:00,1742,1834,1946,3277,3270,3319,1535,1436,1373
9/6/2021 6:30,1774,1839,1938,3545,3544,3564,1771,1705,1626
9/6/2021 7:00,1806,1864,1917,3893,3899,3936,2087,2035,2019
9/6/2021 7:30,1838,1967,1969,4234,4234,4301,2396,2267,2332
9/6/2021 8:00,1885,1999,1933,4532,4511,4638,2647,2512,2705
9/6/2021 8:30,1947,2092,1817,4727,4694,4759,2780,2602,2942
9/6/2021 9:00,1992,2108,1769,4819,4784,4834,2827,2676,3065
9/6/2021 9:30,2018,1976,1736,4866,4825,4870,2848,2849,3134
9/6/2021 10:00,2045,1983,1736,4886,4833,4847,2841,2850,3111
9/6/2021 10:30,2074,1953,1718,4885,4845,4868,2811,2892,3150
9/6/2021 11:00,2091,1956,1672,4874,4867,4889,2783,2911,3217
9/6/2021 11:30,2096,1988,1634,4883,4908,4861,2787,2920,3227
9/6/2021 12:00,2079,1969,1720,4911,4941,4931,2832,2972,3211
9/6/2021 12:30,2042,1847,1768,4912,4945,4961,2870,3098,3193
9/6/2021 13:00,1998,1810,1668,4882,4911,4957,2884,3101,3289
9/6/2021 13:30,1948,1678,1644,4846,4870,4882,2898,3192,3238
9/6/2021 14:00,1910,1635,1563,4816,4829,4847,2906,3194,3284
9/6/2021 14:30,1885,1589,1519,4809,4811,4841,2924,3222,3322
9/6/2021 15:00,1878,1557,1499,4826,4819,4847,2948,3262,3348
9/6/2021 15:30,1888,1601,1666,4858,4849,4862,2970,3248,3196
9/6/2021 16:00,1870,1580,1725,4906,4902,4903,3036,3322,3178
9/6/2021 16:30,1824,1498,1770,4988,4995,5012,3164,3497,3242
9/6/2021 17:00,1788,1482,1875,5083,5102,5129,3295,3620,3254
9/6/2021 17:30,1764,1495,2009,5090,5113,5179,3326,3618,3170
9/6/2021 18:00,1710,1486,2019,5002,5018,5073,3292,3532,3054
9/6/2021 18:30,1627,1432,2026,4883,4893,4927,3256,3461,2901
9/6/2021 19:00,1547,1392,1967,4757,4763,4814,3210,3371,2847
9/6/2021 19:30,1469,1450,1851,4649,4646,4718,3180,3196,2867
9/6/2021 20:00,1428,1397,1649,4560,4547,4634,3132,3150,2985
9/6/2021 20:30,1424,1446,1398,4476,4454,4565,3052,3008,3167
9/6/2021 21:00,1431,1412,1276,4397,4368,4502,2966,2956,3226
9/6/2021 21:30,1449,1496,1163,4339,4315,4425,2890,2819,3262
9/6/2021 22:00,1477,1495,1244,4286,4275,4350,2809,2780,3106
9/6/2021 22:30,1516,1563,1442,4152,4146,4228,2636,2583,2786
9/6/2021 23:00,1555,1593,1594,3922,3924,4011,2367,2331,2417
9/6/2021 23:30,1626,1608,1749,3711,3712,3785,2085,2104,2036
10/6/2021 0:00,1685,1642,1833,3535,3538,3611,1850,1896,1778
10/6/2021 0:30,1731,1570,1775,3393,3397,3498,1662,1827,1723
10/6/2021 1:00,1764,1609,1816,3285,3289,3398,1521,1680,1582
10/6/2021 1:30,1783,1609,1791,3204,3210,3327,1421,1601,1536
10/6/2021 2:00,1788,1639,1767,3149,3154,3236,1361,1515,1469
10/6/2021 2:30,1778,1774,1762,3110,3116,3197,1332,1342,1435
10/6/2021 3:00,1771,1765,1775,3084,3091,3164,1313,1326,1389
10/6/2021 3:30,1768,1813,1820,3073,3080,3156,1305,1267,1336
10/6/2021 4:00,1774,1800,1785,3073,3081,3137,1299,1281,1352
10/6/2021 4:30,1790,1781,1829,3069,3078,3135,1279,1297,1306
10/6/2021 5:00,1803,1777,1870,3072,3084,3163,1269,1307,1293
10/6/2021 5:30,1811,1718,1865,3154,3162,3228,1343,1444,1363
10/6/2021 6:00,1840,1754,1873,3329,3333,3425,1489,1579,1552
10/6/2021 6:30,1890,1847,1934,3594,3613,3640,1704,1766,1706
10/6/2021 7:00,1941,1929,1924,3928,3976,3992,1987,2047,2068
10/6/2021 7:30,1994,2036,2037,4247,4310,4373,2253,2274,2336
10/6/2021 8:00,2051,2125,2082,4518,4576,4654,2467,2451,2572
10/6/2021 8:30,2114,2265,2175,4698,4741,4832,2584,2476,2657
10/6/2021 9:00,2187,2335,2214,4786,4811,4897,2599,2476,2683
10/6/2021 9:30,2270,2425,2209,4821,4843,4929,2551,2418,2720
10/6/2021 10:00,2349,2493,2398,4820,4854,4947,2471,2361,2549
10/6/2021 10:30,2425,2537,2475,4824,4859,4965,2399,2322,2490
10/6/2021 11:00,2488,2589,2571,4841,4864,4988,2353,2275,2417
10/6/2021 11:30,2538,2621,2488,4871,4887,4952,2333,2266,2464
10/6/2021 12:00,2566,2656,2614,4905,4924,4939,2339,2268,2325
10/6/2021 12:30,2572,2669,2829,4907,4930,4990,2335,2261,2161
10/6/2021 13:00,2577,2707,2861,4875,4897,4974,2298,2190,2113
10/6/2021 13:30,2580,2739,2878,4829,4850,4876,2249,2111,1998
10/6/2021 14:00,2595,2765,2957,4781,4798,4866,2186,2033,1909
10/6/2021 14:30,2621,2853,2998,4755,4774,4842,2134,1921,1844
10/6/2021 15:00,2630,2843,3054,4755,4777,4881,2125,1934,1827
10/6/2021 15:30,2623,2782,3032,4779,4797,4873,2156,2015,1841
10/6/2021 16:00,2630,2778,3104,4828,4836,4900,2198,2058,1796
10/6/2021 16:30,2652,2879,3052,4914,4915,4966,2262,2036,1914
10/6/2021 17:00,2670,2873,3002,5016,5013,5037,2346,2140,2035
10/6/2021 17:30,2684,2877,3075,5025,5021,5110,2341,2144,2035
10/6/2021 18:00,2677,2876,3121,4935,4932,5058,2258,2056,1937
10/6/2021 18:30,2650,2954,3065,4819,4819,4958,2169,1865,1893
10/6/2021 19:00,2624,2928,3040,4699,4705,4834,2075,1777,1794
10/6/2021 19:30,2600,2908,2970,4590,4606,4756,1990,1698,1786
10/6/2021 20:00,2580,2867,3014,4493,4523,4676,1913,1656,1662
10/6/2021 20:30,2564,2806,3007,4404,4440,4580,1840,1634,1573
10/6/2021 21:00,2541,2749,3026,4326,4358,4506,1785,1609,1480
10/6/2021 21:30,2509,2769,2907,4276,4301,4420,1767,1532,1513
10/6/2021 22:00,2479,2697,2865,4234,4250,4317,1755,1553,1452
10/6/2021 22:30,2451,2626,2814,4105,4114,4199,1654,1488,1385
10/6/2021 23:00,2502,2568,2693,3923,3894,3947,1421,1326,1254
10/6/2021 23:30,2456,2506,2643,3723,3686,3726,1267,1180,1083
11/6/2021 0:00,2369,2400,2566,3560,3519,3571,1191,1119,1005
11/6/2021 0:30,2240,2275,2582,3433,3387,3449,1193,1112,867
11/6/2021 1:00,2143,2151,2474,3337,3287,3348,1194,1136,874
11/6/2021 1:30,2077,2087,2406,3253,3212,3261,1176,1125,855
11/6/2021 2:00,2022,2007,2430,3181,3154,3204,1159,1147,774
11/6/2021 2:30,1978,1932,2297,3130,3108,3165,1152,1176,868
11/6/2021 3:00,1949,1888,2214,3101,3073,3125,1152,1185,911
11/6/2021 3:30,1937,1879,2272,3087,3058,3135,1150,1179,863
11/6/2021 4:00,1925,1851,2225,3083,3060,3126,1158,1209,901
11/6/2021 4:30,1915,1797,2205,3080,3054,3116,1165,1257,911
11/6/2021 5:00,1888,1752,2187,3088,3057,3112,1200,1305,925
11/6/2021 5:30,1843,1877,2248,3163,3130,3174,1320,1253,926
11/6/2021 6:00,1810,1795,2327,3325,3292,3368,1515,1497,1041
11/6/2021 6:30,1791,1697,2268,3586,3561,3607,1795,1864,1339
11/6/2021 7:00,1801,1646,2104,3928,3912,3969,2127,2266,1865
11/6/2021 7:30,1842,1682,1925,4248,4231,4297,2406,2549,2372
11/6/2021 8:00,1870,1666,1688,4515,4484,4605,2645,2818,2917
11/6/2021 8:30,1884,1683,1623,4689,4653,4752,2805,2970,3129
11/6/2021 9:00,1870,1637,1585,4772,4740,4816,2902,3103,3231
11/6/2021 9:30,1828,1694,1593,4803,4778,4879,2975,3084,3286
11/6/2021 10:00,1791,1632,1643,4796,4780,4831,3005,3148,3188
11/6/2021 10:30,1759,1617,1717,4776,4781,4796,3017,3164,3079
11/6/2021 11:00,1725,1570,1701,4758,4786,4803,3033,3216,3102
11/6/2021 11:30,1688,1425,1699,4767,4810,4786,3079,3385,3087
11/6/2021 12:00,1616,1388,1581,4798,4828,4790,3182,3440,3209
11/6/2021 12:30,1508,1305,1522,4798,4825,4817,3290,3520,3295
11/6/2021 13:00,1435,1296,1433,4759,4787,4785,3324,3491,3352
11/6/2021 13:30,1397,1380,1367,4696,4727,4699,3299,3347,3332
11/6/2021 14:00,1371,1380,1285,4622,4653,4662,3251,3273,3377
11/6/2021 14:30,1355,1466,1272,4577,4612,4616,3222,3146,3344
11/6/2021 15:00,1339,1437,1316,4564,4605,4608,3225,3168,3292
11/6/2021 15:30,1324,1399,1345,4568,4613,4595,3244,3214,3250
11/6/2021 16:00,1307,1377,1477,4590,4633,4596,3283,3256,3119
11/6/2021 16:30,1289,1343,1518,4655,4690,4654,3366,3347,3136
11/6/2021 17:00,1246,1313,1418,4746,4772,4751,3500,3459,3333
11/6/2021 17:30,1180,1179,1305,4771,4794,4795,3591,3615,3490
11/6/2021 18:00,1115,1117,1150,4718,4749,4765,3603,3632,3615
11/6/2021 18:30,1052,1044,1074,4633,4665,4661,3581,3621,3587
11/6/2021 19:00,982,978,1016,4533,4558,4565,3551,3580,3549
11/6/2021 19:30,905,1008,943,4441,4458,4470,3536,3450,3527
11/6/2021 20:00,823,927,899,4358,4368,4375,3535,3441,3476
11/6/2021 20:30,735,892,767,4273,4279,4307,3538,3387,3540
11/6/2021 21:00,663,816,732,4190,4194,4242,3527,3378,3510
11/6/2021 21:30,606,710,651,4150,4149,4145,3544,3439,3494
11/6/2021 22:00,561,654,568,4136,4128,4129,3575,3474,3561
11/6/2021 22:30,528,591,545,4047,4035,4101,3519,3444,3556
11/6/2021 23:00,576,547,541,3864,3865,3950,3288,3318,3409
11/6/2021 23:30,567,504,530,3690,3691,3758,3123,3187,3228
12/6/2021 0:00,559,492,500,3532,3535,3593,2973,3043,3093
12/6/2021 0:30,550,484,473,3396,3399,3461,2846,2915,2988
12/6/2021 1:00,539,479,475,3283,3286,3346,2744,2807,2871
12/6/2021 1:30,526,440,456,3191,3195,3253,2665,2755,2797
12/6/2021 2:00,512,422,423,3119,3123,3181,2607,2701,2758
12/6/2021 2:30,498,438,452,3061,3066,3137,2563,2628,2685
12/6/2021 3:00,489,408,496,3018,3024,3086,2529,2616,2590
12/6/2021 3:30,486,364,543,2996,3002,3050,2510,2638,2507
12/6/2021 4:00,485,363,507,2989,2996,3040,2504,2633,2533
12/6/2021 4:30,488,381,487,2968,2973,3019,2480,2592,2532
12/6/2021 5:00,474,394,459,2938,2943,2994,2464,2549,2535
12/6/2021 5:30,444,379,435,2953,2959,3002,2509,2580,2567
12/6/2021 6:00,420,374,418,3024,3035,3086,2604,2661,2668
12/6/2021 6:30,402,412,389,3151,3170,3231,2749,2758,2842
12/6/2021 7:00,399,403,418,3332,3359,3412,2933,2956,2994
12/6/2021 7:30,410,442,482,3551,3582,3616,3141,3140,3134
12/6/2021 8:00,418,443,534,3793,3821,3861,3375,3378,3327
12/6/2021 8:30,423,418,552,4005,4024,4079,3582,3606,3527
12/6/2021 9:00,421,417,552,4171,4179,4251,3750,3762,3699
12/6/2021 9:30,412,383,547,4275,4283,4345,3863,3900,3798
12/6/2021 10:00,403,377,542,4324,4341,4382,3921,3964,3840
12/6/2021 10:30,394,380,527,4355,4372,4410,3961,3992,3883
12/6/2021 11:00,385,369,491,4378,4382,4422,3993,4013,3931
12/6/2021 11:30,377,415,480,4393,4397,4425,4016,3982,3945
12/6/2021 12:00,361,400,473,4396,4401,4434,4035,4001,3961
12/6/2021 12:30,340,399,469,4381,4385,4435,4041,3986,3966
12/6/2021 13:00,327,392,465,4343,4342,4403,4016,3950,3938
12/6/2021 13:30,324,414,487,4273,4273,4330,3949,3859,3843
12/6/2021 14:00,324,414,518,4182,4183,4258,3858,3769,3740
12/6/2021 14:30,326,452,541,4122,4120,4195,3796,3668,3654
12/6/2021 15:00,335,455,581,4101,4087,4153,3766,3632,3572
12/6/2021 15:30,350,460,581,4100,4073,4134,3750,3613,3553
12/6/2021 16:00,363,465,604,4121,4081,4165,3758,3616,3561
12/6/2021 16:30,373,497,637,4188,4146,4218,3815,3649,3581
12/6/2021 17:00,381,517,653,4290,4257,4329,3909,3740,3676
12/6/2021 17:30,387,567,687,4357,4331,4411,3970,3764,3724
12/6/2021 18:00,380,587,688,4369,4349,4422,3989,3762,3734
12/6/2021 18:30,362,630,671,4325,4309,4380,3963,3679,3709
12/6/2021 19:00,340,624,670,4234,4223,4326,3894,3599,3656
12/6/2021 19:30,315,619,631,4136,4132,4244,3821,3513,3613
12/6/2021 20:00,308,614,595,4043,4046,4152,3735,3432,3557
12/6/2021 20:30,318,644,552,3953,3964,4086,3635,3320,3534
12/6/2021 21:00,332,657,537,3878,3892,4024,3546,3235,3487
12/6/2021 21:30,349,628,523,3866,3882,3944,3517,3254,3421
12/6/2021 22:00,368,639,515,3897,3911,3921,3529,3272,3406
12/6/2021 22:30,389,636,526,3837,3851,3875,3448,3215,3349
12/6/2021 23:00,562,619,529,3688,3695,3736,3126,3076,3207
12/6/2021 23:30,540,584,501,3543,3543,3604,3003,2959,3103
13/6/2021 0:00,517,557,490,3431,3429,3486,2914,2872,2996
13/6/2021 0:30,493,505,455,3319,3318,3362,2826,2813,2907
13/6/2021 1:00,480,486,409,3207,3206,3256,2727,2720,2847
13/6/2021 1:30,478,453,364,3116,3117,3178,2638,2664,2814
13/6/2021 2:00,466,436,352,3049,3050,3119,2583,2614,2767
13/6/2021 2:30,444,418,311,2996,2996,3069,2552,2578,2758
13/6/2021 3:00,429,407,313,2954,2953,3029,2525,2546,2716
13/6/2021 3:30,421,425,339,2931,2929,3004,2510,2504,2665
13/6/2021 4:00,416,435,375,2921,2919,2985,2505,2484,2610
13/6/2021 4:30,414,449,386,2898,2888,2934,2484,2439,2548
13/6/2021 5:00,427,467,517,2864,2854,2895,2437,2387,2378
13/6/2021 5:30,454,441,567,2849,2844,2902,2395,2403,2335
13/6/2021 6:00,473,466,573,2865,2869,2962,2392,2403,2389
13/6/2021 6:30,484,499,522,2936,2942,3034,2452,2443,2512
13/6/2021 7:00,490,511,506,3063,3064,3167,2573,2553,2661
13/6/2021 7:30,489,562,504,3232,3226,3315,2743,2664,2811
13/6/2021 8:00,507,570,529,3431,3416,3507,2924,2846,2978
13/6/2021 8:30,544,625,561,3629,3602,3701,3085,2977,3140
13/6/2021 9:00,600,656,596,3813,3775,3887,3213,3119,3291
13/6/2021 9:30,675,709,663,3964,3918,4027,3289,3209,3364
13/6/2021 10:00,753,766,772,4074,4031,4126,3321,3265,3354
13/6/2021 10:30,832,783,828,4138,4107,4201,3306,3324,3373
13/6/2021 11:00,896,838,858,4165,4153,4221,3269,3315,3363
13/6/2021 11:30,942,887,884,4196,4223,4223,3254,3336,3339
13/6/2021 12:00,984,942,873,4230,4270,4255,3246,3328,3382
13/6/2021 12:30,1022,1016,985,4232,4277,4262,3210,3261,3277
13/6/2021 13:00,1063,1058,994,4193,4233,4240,3130,3175,3246
13/6/2021 13:30,1108,1103,1046,4117,4156,4204,3009,3053,3158
13/6/2021 14:00,1136,1124,990,4020,4054,4124,2884,2930,3134
13/6/2021 14:30,1147,1207,993,3949,3982,4071,2802,2775,3078
13/6/2021 15:00,1149,1205,886,3915,3948,4039,2766,2743,3153
13/6/2021 15:30,1142,1154,923,3904,3952,4045,2762,2798,3122
13/6/2021 16:00,1128,1116,943,3919,3993,4105,2791,2877,3162
13/6/2021 16:30,1107,1050,980,3981,4071,4184,2874,3021,3204
13/6/2021 17:00,1089,1003,967,4078,4169,4286,2989,3166,3319
13/6/2021 17:30,1075,911,903,4144,4226,4368,3069,3315,3465
13/6/2021 18:00,1048,914,851,4165,4232,4363,3117,3318,3512
13/6/2021 18:30,1008,907,805,4146,4208,4345,3138,3301,3540
13/6/2021 19:00,963,917,806,4096,4163,4311,3133,3246,3505
13/6/2021 19:30,914,898,834,4040,4109,4254,3126,3211,3420
13/6/2021 20:00,869,846,809,3984,4048,4200,3115,3202,3391
13/6/2021 20:30,829,812,753,3920,3980,4133,3091,3168,3380
13/6/2021 21:00,807,777,792,3858,3911,4061,3051,3134,3269
13/6/2021 21:30,802,785,885,3840,3882,3962,3038,3097,3077
13/6/2021 22:00,816,802,898,3849,3874,3911,3033,3072,3013
13/6/2021 22:30,849,746,918,3767,3785,3809,2918,3039,2891
13/6/2021 23:00,788,765,988,3604,3612,3629,2816,2847,2641
13/6/2021 23:30,819,830,1053,3443,3445,3469,2624,2615,2416
14/6/2021 0:00,862,881,1103,3316,3318,3315,2454,2437,2212
14/6/2021 0:30,915,993,1186,3209,3213,3206,2294,2220,2020
14/6/2021 1:00,946,1035,1132,3118,3124,3117,2172,2089,1985
14/6/2021 1:30,954,1121,1102,3046,3055,3030,2092,1934,1928
14/6/2021 2:00,950,1099,1075,2992,3001,2985,2042,1902,1910
14/6/2021 2:30,932,1157,1038,2951,2959,2966,2019,1802,1928
14/6/2021 3:00,927,1129,999,2922,2929,2939,1995,1800,1940
14/6/2021 3:30,936,1108,943,2909,2915,2916,1973,1807,1973
14/6/2021 4:00,956,1100,938,2905,2913,2932,1949,1813,1994
14/6/2021 4:30,988,1067,881,2891,2900,2915,1903,1833,2034
14/6/2021 5:00,1018,1044,988,2881,2893,2917,1863,1849,1929
14/6/2021 5:30,1047,989,1075,2964,2977,2975,1917,1988,1900
14/6/2021 6:00,1066,984,1080,3157,3174,3184,2091,2190,2104
14/6/2021 6:30,1074,1022,1083,3443,3469,3407,2369,2447,2324
14/6/2021 7:00,1136,1058,1133,3796,3837,3791,2660,2779,2658
14/6/2021 7:30,1250,1091,1134,4127,4170,4161,2877,3079,3027
14/6/2021 8:00,1323,1148,1120,4404,4438,4451,3081,3290,3331
14/6/2021 8:30,1355,1172,1271,4586,4604,4610,3231,3432,3339
14/6/2021 9:00,1377,1204,1297,4674,4677,4641,3297,3473,3344
14/6/2021 9:30,1388,1284,1268,4709,4712,4676,3321,3428,3408
14/6/2021 10:00,1389,1275,1357,4711,4728,4656,3322,3453,3299
14/6/2021 10:30,1382,1278,1393,4718,4741,4697,3336,3463,3304
14/6/2021 11:00,1374,1290,1351,4737,4755,4706,3363,3465,3355
14/6/2021 11:30,1365,1264,1276,4768,4792,4704,3403,3528,3428
14/6/2021 12:00,1361,1282,1290,4802,4814,4754,3441,3532,3464
14/6/2021 12:30,1361,1316,1337,4802,4819,4781,3441,3503,3444
14/6/2021 13:00,1359,1330,1411,4768,4799,4745,3409,3469,3334
14/6/2021 13:30,1355,1378,1383,4731,4770,4652,3376,3392,3269
14/6/2021 14:00,1338,1403,1389,4702,4735,4628,3364,3332,3239
14/6/2021 14:30,1309,1443,1363,4688,4719,4619,3379,3276,3256
14/6/2021 15:00,1262,1397,1362,4691,4726,4629,3429,3329,3267
14/6/2021 15:30,1196,1246,1349,4718,4757,4655,3522,3511,3306
14/6/2021 16:00,1115,1163,1329,4774,4815,4727,3659,3652,3398
14/6/2021 16:30,1019,1102,1211,4866,4907,4830,3847,3805,3619
14/6/2021 17:00,930,1007,1091,4973,5013,4949,4043,4006,3858
14/6/2021 17:30,847,890,968,4991,5032,5008,4144,4142,4040
14/6/2021 18:00,759,785,795,4912,4956,4936,4153,4171,4141
14/6/2021 18:30,666,661,652,4798,4837,4795,4132,4176,4143
14/6/2021 19:00,572,562,522,4673,4703,4687,4101,4141,4165
14/6/2021 19:30,476,535,383,4569,4589,4603,4093,4054,4220
14/6/2021 20:00,378,435,267,4487,4504,4522,4109,4069,4255
14/6/2021 20:30,277,328,208,4399,4415,4428,4122,4087,4220
14/6/2021 21:00,212,257,178,4308,4325,4387,4096,4068,4209
14/6/2021 21:30,183,179,152,4254,4268,4281,4071,4089,4129
14/6/2021 22:00,164,160,129,4217,4226,4211,4053,4066,4082
14/6/2021 22:30,153,139,109,4087,4094,4133,3934,3955,4024
14/6/2021 23:00,149,131,97,3873,3871,3931,3724,3740,3834
14/6/2021 23:30,138,87,35,3656,3655,3728,3518,3568,3693
15/6/2021 0:00,129,84,0,3471,3470,3563,3342,3386,3563
15/6/2021 0:30,121,97,0,3334,3332,3436,3213,3235,3436
15/6/2021 1:00,121,96,29,3241,3240,3331,3120,3144,3302
15/6/2021 1:30,129,87,92,3170,3170,3252,3041,3083,3160
15/6/2021 2:00,136,90,149,3115,3114,3203,2979,3024,3054
15/6/2021 2:30,142,80,184,3072,3071,3163,2930,2991,2979
15/6/2021 3:00,162,102,222,3043,3043,3129,2881,2941,2907
15/6/2021 3:30,196,125,258,3035,3034,3105,2839,2909,2847
15/6/2021 4:00,251,174,279,3042,3043,3106,2791,2869,2827
15/6/2021 4:30,325,240,360,3038,3044,3078,2713,2804,2718
15/6/2021 5:00,417,321,431,3040,3048,3075,2623,2727,2644
15/6/2021 5:30,524,452,504,3135,3141,3118,2611,2689,2614
15/6/2021 6:00,629,540,601,3339,3339,3292,2710,2799,2691
15/6/2021 6:30,729,630,667,3624,3633,3522,2895,3003,2855
15/6/2021 7:00,822,697,714,3965,3995,3898,3143,3298,3184
15/6/2021 7:30,908,767,785,4292,4326,4239,3384,3559,3454
15/6/2021 8:00,1017,893,909,4572,4590,4526,3555,3697,3617
15/6/2021 8:30,1149,1106,1075,4749,4738,4659,3600,3632,3584
15/6/2021 9:00,1293,1283,1201,4821,4778,4695,3528,3495,3494
15/6/2021 9:30,1448,1377,1380,4839,4781,4736,3391,3404,3356
15/6/2021 10:00,1584,1529,1656,4825,4771,4735,3241,3242,3079
15/6/2021 10:30,1699,1646,1753,4818,4765,4726,3119,3119,2973
15/6/2021 11:00,1807,1776,1844,4826,4768,4753,3019,2992,2909
15/6/2021 11:30,1906,1925,2037,4843,4799,4755,2937,2874,2718
15/6/2021 12:00,2000,2055,2201,4863,4828,4778,2863,2773,2577
15/6/2021 12:30,2090,2209,2262,4867,4825,4807,2777,2616,2545
15/6/2021 13:00,2178,2313,2291,4850,4783,4732,2672,2470,2441
15/6/2021 13:30,2266,2442,2378,4819,4739,4697,2553,2297,2319
15/6/2021 14:00,2328,2486,2460,4781,4702,4643,2453,2216,2183
15/6/2021 14:30,2365,2522,2496,4766,4689,4675,2401,2167,2179
15/6/2021 15:00,2377,2540,2439,4782,4702,4695,2405,2162,2256
15/6/2021 15:30,2364,2607,2279,4821,4739,4723,2457,2132,2444
15/6/2021 16:00,2338,2603,2273,4885,4803,4793,2547,2200,2520
15/6/2021 16:30,2297,2499,2369,4981,4903,4913,2684,2404,2544
15/6/2021 17:00,2252,2485,2364,5088,5016,5035,2836,2531,2671
15/6/2021 17:30,2202,2492,2260,5115,5045,5055,2913,2553,2795
15/6/2021 18:00,2154,2440,2146,5049,4981,4998,2895,2541,2852
15/6/2021 18:30,2106,2363,2206,4941,4881,4861,2835,2518,2655
15/6/2021 19:00,2054,2279,2128,4812,4770,4777,2758,2491,2649
15/6/2021 19:30,1999,2082,2074,4703,4672,4688,2704,2590,2614
15/6/2021 20:00,1947,1992,2018,4619,4594,4567,2672,2602,2549
15/6/2021 20:30,1900,1929,1953,4536,4519,4463,2636,2590,2510
15/6/2021 21:00,1856,1826,1889,4452,4441,4390,2596,2615,2501
15/6/2021 21:30,1814,1709,1806,4379,4365,4258,2565,2656,2452
15/6/2021 22:00,1766,1618,1727,4302,4277,4208,2536,2659,2481
15/6/2021 22:30,1711,1525,1714,4151,4123,4089,2440,2598,2375
15/6/2021 23:00,1478,1455,1855,3911,3909,3894,2433,2454,2039
15/6/2021 23:30,1447,1351,1845,3704,3700,3681,2257,2349,1836
16/6/2021 0:00,1403,1286,1814,3526,3525,3533,2123,2239,1719
16/6/2021 0:30,1346,1283,1783,3393,3394,3403,2047,2111,1620
16/6/2021 1:00,1301,1251,1607,3303,3306,3304,2002,2055,1697
16/6/2021 1:30,1269,1277,1444,3237,3239,3251,1968,1962,1807
16/6/2021 2:00,1252,1259,1434,3186,3188,3208,1934,1929,1774
16/6/2021 2:30,1252,1390,1451,3146,3146,3170,1894,1756,1719
16/6/2021 3:00,1249,1354,1414,3115,3116,3133,1866,1762,1719
16/6/2021 3:30,1241,1421,1415,3097,3096,3110,1856,1675,1695
16/6/2021 4:00,1227,1385,1404,3090,3088,3102,1863,1703,1698
16/6/2021 4:30,1207,1333,1357,3078,3076,3093,1871,1743,1736
16/6/2021 5:00,1181,1280,1222,3073,3075,3109,1892,1795,1887
16/6/2021 5:30,1148,1170,1240,3143,3143,3130,1995,1973,1890
16/6/2021 6:00,1109,1106,1218,3305,3303,3316,2196,2197,2098
16/6/2021 6:30,1065,1080,1107,3576,3584,3535,2511,2504,2428
16/6/2021 7:00,1083,1064,1080,3930,3956,3904,2847,2892,2824
16/6/2021 7:30,1166,1143,1094,4259,4272,4270,3093,3129,3176
16/6/2021 8:00,1232,1178,1119,4526,4498,4580,3294,3320,3461
16/6/2021 8:30,1284,1167,1045,4699,4645,4727,3415,3478,3682
16/6/2021 9:00,1312,1181,1039,4779,4722,4762,3467,3541,3723
16/6/2021 9:30,1317,1142,1112,4806,4760,4809,3489,3618,3697
16/6/2021 10:00,1318,1134,1094,4798,4772,4791,3480,3638,3697
16/6/2021 10:30,1315,1135,1031,4793,4785,4793,3478,3650,3762
16/6/2021 11:00,1323,1148,1004,4800,4800,4806,3477,3652,3802
16/6/2021 11:30,1340,1182,993,4821,4823,4794,3481,3641,3801
16/6/2021 12:00,1365,1189,936,4849,4843,4813,3484,3654,3877
16/6/2021 12:30,1398,1102,964,4842,4839,4835,3444,3737,3871
16/6/2021 13:00,1423,1119,969,4800,4804,4825,3377,3685,3856
16/6/2021 13:30,1439,1208,955,4753,4757,4716,3314,3549,3761
16/6/2021 14:00,1440,1233,1025,4712,4706,4705,3272,3473,3680
16/6/2021 14:30,1425,1092,960,4693,4684,4691,3268,3592,3731
16/6/2021 15:00,1393,1086,968,4699,4697,4701,3306,3611,3733
16/6/2021 15:30,1343,1030,985,4729,4738,4712,3386,3708,3727
16/6/2021 16:00,1284,1006,1036,4784,4804,4770,3500,3798,3734
16/6/2021 16:30,1215,918,983,4876,4895,4871,3661,3977,3888
16/6/2021 17:00,1135,883,975,4983,4989,4976,3848,4106,4001
16/6/2021 17:30,1045,868,899,5009,4999,5026,3964,4131,4127
16/6/2021 18:00,962,831,865,4942,4920,4958,3980,4089,4093
16/6/2021 18:30,887,800,799,4841,4824,4824,3954,4024,4025
16/6/2021 19:00,806,769,754,4727,4717,4700,3921,3948,3946
16/6/2021 19:30,718,780,702,4628,4613,4616,3910,3833,3914
16/6/2021 20:00,637,725,646,4544,4513,4524,3907,3788,3878
16/6/2021 20:30,563,648,556,4459,4412,4441,3896,3764,3885
16/6/2021 21:00,517,576,525,4374,4314,4387,3857,3738,3862
16/6/2021 21:30,499,503,480,4318,4258,4274,3819,3755,3794
16/6/2021 22:00,493,455,459,4277,4229,4204,3784,3774,3745
16/6/2021 22:30,501,387,462,4157,4119,4125,3656,3732,3663
16/6/2021 23:00,416,378,446,3916,3921,3925,3500,3543,3479
16/6/2021 23:30,424,408,444,3710,3720,3712,3286,3312,3268
17/6/2021 0:00,437,425,441,3527,3534,3539,3090,3109,3098
17/6/2021 0:30,454,435,409,3391,3397,3412,2937,2962,3003
17/6/2021 1:00,466,451,422,3303,3308,3288,2837,2857,2866
17/6/2021 1:30,473,472,409,3236,3241,3222,2763,2769,2813
17/6/2021 2:00,473,478,417,3181,3186,3169,2708,2708,2752
17/6/2021 2:30,466,521,426,3135,3140,3125,2669,2619,2699
17/6/2021 3:00,459,511,438,3099,3106,3104,2640,2595,2666
17/6/2021 3:30,452,466,432,3081,3088,3085,2629,2622,2653
17/6/2021 4:00,447,448,429,3079,3087,3081,2632,2639,2652
17/6/2021 4:30,443,432,441,3074,3079,3061,2631,2647,2620
17/6/2021 5:00,436,420,444,3080,3081,3059,2644,2661,2615
17/6/2021 5:30,426,370,402,3166,3168,3122,2740,2798,2720
17/6/2021 6:00,404,349,332,3351,3360,3323,2947,3011,2991
17/6/2021 6:30,370,331,285,3638,3651,3568,3268,3320,3283
17/6/2021 7:00,359,329,240,4001,4016,3962,3642,3687,3722
17/6/2021 7:30,373,387,226,4327,4350,4330,3954,3963,4104
17/6/2021 8:00,394,417,258,4581,4619,4628,4187,4202,4370
17/6/2021 8:30,422,463,343,4740,4772,4751,4318,4309,4408
17/6/2021 9:00,453,485,383,4807,4818,4788,4354,4333,4405
17/6/2021 9:30,486,443,439,4819,4825,4796,4333,4382,4357
17/6/2021 10:00,526,487,508,4797,4816,4776,4271,4329,4268
17/6/2021 10:30,572,538,585,4786,4805,4771,4214,4267,4186
17/6/2021 11:00,627,603,654,4795,4798,4766,4168,4195,4112
17/6/2021 11:30,691,632,710,4811,4784,4761,4120,4152,4051
17/6/2021 12:00,755,705,847,4826,4808,4782,4071,4103,3935
17/6/2021 12:30,818,810,850,4818,4805,4801,4000,3995,3951
17/6/2021 13:00,898,889,912,4784,4768,4770,3886,3879,3858
17/6/2021 13:30,995,995,1007,4736,4727,4688,3741,3732,3681
17/6/2021 14:00,1087,1080,1089,4684,4689,4651,3597,3609,3562
17/6/2021 14:30,1172,1207,1153,4659,4669,4631,3487,3462,3478
17/6/2021 15:00,1260,1319,1255,4667,4670,4663,3407,3351,3408
17/6/2021 15:30,1351,1501,1394,4701,4696,4679,3350,3195,3285
17/6/2021 16:00,1423,1573,1524,4758,4749,4730,3335,3176,3206
17/6/2021 16:30,1477,1595,1534,4845,4836,4834,3368,3241,3300
17/6/2021 17:00,1516,1609,1513,4941,4936,4920,3425,3327,3407
17/6/2021 17:30,1538,1578,1474,4959,4954,4969,3421,3376,3495
17/6/2021 18:00,1535,1548,1418,4892,4882,4905,3357,3334,3487
17/6/2021 18:30,1506,1487,1360,4797,4776,4780,3291,3289,3420
17/6/2021 19:00,1463,1450,1266,4691,4659,4660,3228,3209,3394
17/6/2021 19:30,1406,1432,1230,4590,4558,4579,3184,3126,3349
17/6/2021 20:00,1333,1359,1108,4492,4475,4501,3159,3116,3393
17/6/2021 20:30,1244,1223,991,4388,4388,4436,3144,3165,3445
17/6/2021 21:00,1172,1155,880,4286,4298,4372,3114,3143,3492
17/6/2021 21:30,1117,1031,893,4233,4239,4261,3116,3208,3368
17/6/2021 22:00,1078,1011,919,4213,4197,4161,3135,3186,3242
17/6/2021 22:30,1056,980,970,4106,4072,4102,3050,3092,3132
17/6/2021 23:00,1035,982,1016,3870,3865,3907,2835,2883,2891
17/6/2021 23:30,1017,970,1043,3675,3672,3696,2658,2702,2653
18/6/2021 0:00,989,960,959,3515,3512,3548,2526,2552,2589
18/6/2021 0:30,954,886,898,3385,3382,3414,2431,2496,2516
18/6/2021 1:00,908,848,879,3284,3280,3310,2376,2432,2431
18/6/2021 1:30,851,807,813,3208,3204,3241,2357,2397,2428
18/6/2021 2:00,786,732,777,3154,3152,3193,2368,2420,2416
18/6/2021 2:30,711,696,718,3116,3116,3155,2405,2420,2437
18/6/2021 3:00,653,622,649,3091,3096,3110,2438,2474,2461
18/6/2021 3:30,611,542,607,3081,3086,3102,2470,2544,2495
18/6/2021 4:00,577,498,532,3082,3087,3097,2505,2589,2565
18/6/2021 4:30,550,475,481,3079,3083,3069,2529,2608,2588
18/6/2021 5:00,520,443,425,3089,3093,3064,2569,2650,2639
18/6/2021 5:30,486,386,361,3180,3185,3130,2694,2799,2769
18/6/2021 6:00,433,340,295,3373,3380,3343,2940,3040,3048
18/6/2021 6:30,360,312,237,3672,3681,3579,3312,3369,3342
18/6/2021 7:00,304,268,182,4049,4059,3951,3745,3791,3769
18/6/2021 7:30,265,248,138,4381,4384,4311,4116,4136,4173
18/6/2021 8:00,248,233,122,4633,4620,4618,4385,4387,4496
18/6/2021 8:30,252,212,121,4791,4755,4756,4539,4543,4635
18/6/2021 9:00,233,199,122,4861,4799,4829,4628,4600,4707
18/6/2021 9:30,190,158,126,4879,4810,4846,4689,4652,4720
18/6/2021 10:00,155,130,113,4862,4807,4852,4707,4677,4739
18/6/2021 10:30,128,97,107,4835,4802,4850,4707,4705,4743
18/6/2021 11:00,108,78,102,4812,4800,4832,4704,4722,4730
18/6/2021 11:30,95,59,106,4814,4799,4826,4719,4740,4720
18/6/2021 12:00,88,57,111,4835,4819,4822,4747,4762,4711
18/6/2021 12:30,86,49,126,4829,4809,4845,4743,4760,4719
18/6/2021 13:00,83,51,119,4787,4761,4798,4704,4710,4679
18/6/2021 13:30,80,46,124,4722,4696,4720,4642,4650,4596
18/6/2021 14:00,79,50,125,4647,4624,4634,4568,4574,4509
18/6/2021 14:30,79,69,125,4602,4580,4604,4523,4511,4479
18/6/2021 15:00,83,79,130,4590,4566,4593,4507,4487,4463
18/6/2021 15:30,90,99,145,4596,4577,4583,4506,4478,4438
18/6/2021 16:00,97,109,141,4619,4608,4593,4522,4499,4452
18/6/2021 16:30,105,133,196,4685,4674,4694,4580,4541,4498
18/6/2021 17:00,117,155,174,4777,4756,4734,4660,4601,4560
18/6/2021 17:30,133,186,179,4807,4778,4790,4674,4592,4611
18/6/2021 18:00,150,231,216,4763,4731,4752,4613,4500,4536
18/6/2021 18:30,170,326,260,4685,4652,4680,4515,4326,4420
18/6/2021 19:00,189,361,264,4588,4559,4588,4399,4198,4324
18/6/2021 19:30,208,363,252,4498,4480,4516,4290,4117,4264
18/6/2021 20:00,218,350,238,4418,4415,4409,4200,4065,4171
18/6/2021 20:30,218,318,223,4336,4342,4328,4118,4024,4105
18/6/2021 21:00,218,305,217,4255,4260,4258,4037,3955,4041
18/6/2021 21:30,217,291,212,4206,4198,4128,3989,3907,3916
18/6/2021 22:00,215,274,199,4175,4145,4101,3960,3871,3902
18/6/2021 22:30,210,228,183,4071,4038,4073,3861,3810,3890
18/6/2021 23:00,257,197,155,3876,3877,3907,3619,3680,3752
18/6/2021 23:30,205,140,140,3724,3727,3720,3519,3587,3580
19/6/2021 0:00,166,115,135,3594,3595,3562,3428,3480,3427
19/6/2021 0:30,139,87,123,3474,3476,3426,3335,3389,3303
19/6/2021 1:00,119,78,100,3362,3366,3315,3243,3288,3215
19/6/2021 1:30,106,63,94,3270,3274,3228,3164,3211,3134
19/6/2021 2:00,96,61,89,3196,3200,3168,3100,3139,3079
19/6/2021 2:30,90,57,89,3137,3140,3121,3047,3083,3032
19/6/2021 3:00,90,66,96,3090,3094,3079,3000,3028,2983
19/6/2021 3:30,96,93,123,3062,3064,3056,2966,2971,2933
19/6/2021 4:00,109,117,178,3046,3047,3037,2937,2930,2859
19/6/2021 4:30,131,145,222,3022,3024,2997,2891,2879,2775
19/6/2021 5:00,152,161,258,2998,2999,2956,2846,2838,2698
19/6/2021 5:30,175,162,339,3025,3027,2951,2850,2865,2612
19/6/2021 6:00,194,168,402,3112,3121,3053,2918,2953,2651
19/6/2021 6:30,208,178,395,3258,3268,3181,3050,3090,2786
19/6/2021 7:00,207,180,364,3457,3464,3368,3250,3284,3004
19/6/2021 7:30,190,196,295,3686,3693,3568,3496,3497,3273
19/6/2021 8:00,216,249,273,3928,3938,3815,3712,3689,3542
19/6/2021 8:30,283,377,327,4132,4139,4045,3849,3762,3718
19/6/2021 9:00,376,494,411,4285,4285,4215,3909,3791,3804
19/6/2021 9:30,492,732,568,4376,4383,4308,3884,3651,3740
19/6/2021 10:00,618,878,720,4411,4437,4333,3793,3559,3613
19/6/2021 10:30,754,1041,872,4415,4455,4331,3661,3414,3459
19/6/2021 11:00,873,1136,1032,4400,4445,4314,3527,3309,3282
19/6/2021 11:30,975,1147,1122,4393,4418,4309,3418,3271,3187
19/6/2021 12:00,1045,1201,1127,4393,4400,4288,3348,3199,3161
19/6/2021 12:30,1082,1211,1151,4374,4371,4288,3292,3160,3137
19/6/2021 13:00,1129,1239,1268,4330,4323,4251,3201,3084,2983
19/6/2021 13:30,1185,1226,1272,4261,4250,4164,3076,3024,2892
19/6/2021 14:00,1237,1237,1311,4177,4160,4086,2940,2923,2775
19/6/2021 14:30,1287,1238,1303,4116,4100,4040,2829,2862,2737
19/6/2021 15:00,1316,1286,1334,4086,4079,4009,2770,2793,2675
19/6/2021 15:30,1325,1428,1377,4082,4078,3986,2757,2650,2609
19/6/2021 16:00,1331,1463,1411,4108,4102,4020,2777,2639,2609
19/6/2021 16:30,1335,1529,1358,4178,4164,4100,2843,2635,2742
19/6/2021 17:00,1311,1523,1340,4278,4258,4222,2967,2735,2882
19/6/2021 17:30,1260,1524,1234,4342,4325,4315,3082,2801,3081
19/6/2021 18:00,1212,1478,1192,4353,4352,4350,3141,2874,3158
19/6/2021 18:30,1165,1353,1141,4316,4326,4302,3151,2973,3161
19/6/2021 19:00,1112,1258,1089,4241,4259,4252,3129,3001,3163
19/6/2021 19:30,1054,1092,966,4169,4177,4183,3115,3085,3217
19/6/2021 20:00,1004,995,851,4105,4092,4076,3101,3097,3225
19/6/2021 20:30,964,881,736,4038,4002,3992,3074,3121,3256
19/6/2021 21:00,944,843,677,3971,3921,3933,3027,3078,3256
19/6/2021 21:30,945,807,667,3933,3900,3847,2988,3093,3180
19/6/2021 22:00,939,790,683,3912,3920,3826,2973,3130,3143
19/6/2021 22:30,926,770,658,3830,3859,3802,2904,3089,3144
19/6/2021 23:00,747,737,673,3712,3709,3674,2965,2972,3001
19/6/2021 23:30,741,687,742,3564,3564,3537,2823,2877,2795
20/6/2021 0:00,723,675,769,3439,3436,3409,2716,2761,2640
20/6/2021 0:30,691,640,824,3322,3318,3310,2631,2678,2486
20/6/2021 1:00,682,634,774,3214,3212,3200,2532,2578,2426
20/6/2021 1:30,695,598,705,3131,3130,3107,2436,2532,2402
20/6/2021 2:00,685,576,600,3072,3073,3052,2387,2497,2452
20/6/2021 2:30,653,471,505,3028,3031,3008,2375,2560,2503
20/6/2021 3:00,632,460,432,2994,2998,2955,2362,2538,2523
20/6/2021 3:30,624,529,383,2965,2969,2927,2341,2440,2544
20/6/2021 4:00,621,526,385,2938,2941,2928,2317,2415,2543
20/6/2021 4:30,625,514,402,2908,2913,2908,2283,2399,2506
20/6/2021 5:00,629,508,374,2879,2878,2889,2250,2370,2515
20/6/2021 5:30,635,514,393,2876,2873,2860,2241,2359,2467
20/6/2021 6:00,635,504,406,2905,2908,2912,2270,2404,2506
20/6/2021 6:30,630,444,398,2968,2978,2978,2338,2534,2580
20/6/2021 7:00,616,432,386,3070,3086,3093,2454,2654,2707
20/6/2021 7:30,595,349,391,3230,3242,3242,2635,2893,2851
20/6/2021 8:00,572,338,416,3440,3441,3426,2868,3103,3010
20/6/2021 8:30,548,326,413,3652,3637,3636,3104,3311,3223
20/6/2021 9:00,555,331,417,3849,3819,3823,3294,3488,3406
20/6/2021 9:30,593,345,408,4018,3973,3987,3425,3628,3579
20/6/2021 10:00,633,354,385,4152,4096,4119,3519,3742,3734
20/6/2021 10:30,676,338,392,4241,4178,4187,3565,3840,3795
20/6/2021 11:00,728,358,411,4289,4226,4224,3561,3868,3813
20/6/2021 11:30,791,419,428,4329,4282,4253,3538,3863,3825
20/6/2021 12:00,836,438,464,4364,4318,4302,3528,3880,3838
20/6/2021 12:30,863,482,487,4365,4323,4325,3502,3841,3838
20/6/2021 13:00,881,537,508,4327,4286,4314,3446,3749,3806
20/6/2021 13:30,890,619,527,4253,4215,4226,3363,3596,3699
20/6/2021 14:00,898,704,613,4156,4116,4133,3258,3412,3520
20/6/2021 14:30,905,817,737,4089,4044,4055,3184,3227,3318
20/6/2021 15:00,921,888,817,4064,4010,3998,3143,3122,3181
20/6/2021 15:30,946,898,900,4071,4020,3961,3125,3122,3061
20/6/2021 16:00,992,970,1011,4108,4071,4014,3116,3101,3003
20/6/2021 16:30,1058,1026,1103,4174,4157,4081,3116,3131,2978
20/6/2021 17:00,1130,1107,1145,4259,4258,4155,3129,3151,3010
20/6/2021 17:30,1207,1152,1211,4313,4310,4240,3106,3158,3029
20/6/2021 18:00,1275,1222,1275,4323,4304,4272,3048,3082,2997
20/6/2021 18:30,1333,1331,1312,4295,4265,4217,2962,2934,2905
20/6/2021 19:00,1396,1379,1367,4234,4206,4191,2838,2827,2824
20/6/2021 19:30,1464,1448,1362,4169,4144,4115,2705,2696,2753
20/6/2021 20:00,1527,1492,1423,4101,4083,4070,2574,2591,2647
20/6/2021 20:30,1586,1540,1443,4022,4013,3980,2436,2473,2537
20/6/2021 21:00,1626,1584,1473,3939,3938,3897,2313,2354,2424
20/6/2021 21:30,1645,1616,1494,3898,3892,3806,2253,2276,2312
20/6/2021 22:00,1660,1646,1520,3883,3860,3745,2223,2214,2225
20/6/2021 22:30,1669,1628,1560,3787,3754,3689,2118,2126,2129
20/6/2021 23:00,1742,1667,1575,3577,3574,3543,1835,1907,1968
20/6/2021 23:30,1779,1686,1626,3404,3401,3363,1625,1715,1737
21/6/2021 0:00,1818,1722,1672,3259,3256,3226,1441,1534,1554
21/6/2021 0:30,1857,1761,1730,3142,3141,3115,1285,1380,1385
21/6/2021 1:00,1889,1791,1819,3054,3054,3031,1165,1263,1212
21/6/2021 1:30,1913,1821,1843,2987,2989,2960,1074,1168,1117
21/6/2021 2:00,1935,1854,1874,2938,2939,2927,1003,1085,1053
21/6/2021 2:30,1953,1887,1906,2897,2897,2875,944,1010,969
21/6/2021 3:00,1981,1928,1869,2866,2865,2849,885,937,980
21/6/2021 3:30,2019,1943,1811,2855,2852,2825,836,909,1014
21/6/2021 4:00,2062,1980,1832,2861,2861,2826,799,881,994
21/6/2021 4:30,2111,2035,1926,2862,2852,2821,751,817,895
21/6/2021 5:00,2137,2051,1932,2869,2867,2848,732,816,916
21/6/2021 5:30,2138,2063,1975,2962,2960,2897,824,897,922
21/6/2021 6:00,2125,2038,2001,3159,3154,3113,1034,1116,1112
21/6/2021 6:30,2099,1986,1941,3455,3457,3357,1356,1471,1416
21/6/2021 7:00,2158,2039,1947,3824,3845,3693,1666,1806,1746
21/6/2021 7:30,2300,2097,2112,4158,4170,4036,1858,2073,1924
21/6/2021 8:00,2390,2207,2211,4424,4438,4325,2034,2231,2114
21/6/2021 8:30,2427,2271,2281,4591,4598,4490,2164,2327,2209
21/6/2021 9:00,2437,2300,2332,4662,4658,4529,2225,2358,2197
21/6/2021 9:30,2419,2367,2333,4684,4672,4573,2265,2305,2240
21/6/2021 10:00,2394,2339,2324,4677,4663,4569,2283,2324,2245
21/6/2021 10:30,2360,2292,2270,4672,4656,4572,2312,2364,2302
21/6/2021 11:00,2323,2228,2158,4678,4659,4585,2355,2431,2427
21/6/2021 11:30,2282,2145,2056,4695,4682,4560,2413,2537,2504
21/6/2021 12:00,2248,2075,2046,4716,4718,4602,2468,2643,2556
21/6/2021 12:30,2221,1983,2083,4707,4722,4638,2486,2739,2555
21/6/2021 13:00,2196,1961,2093,4667,4686,4622,2471,2725,2529
21/6/2021 13:30,2172,1980,2197,4621,4646,4553,2449,2666,2356
21/6/2021 14:00,2159,1980,2193,4580,4611,4515,2421,2631,2322
21/6/2021 14:30,2157,2065,2202,4560,4594,4501,2403,2529,2299
21/6/2021 15:00,2148,2063,2256,4565,4599,4525,2417,2536,2269
21/6/2021 15:30,2133,2019,2323,4598,4624,4568,2465,2605,2245
21/6/2021 16:00,2107,1997,2260,4662,4676,4601,2555,2679,2341
21/6/2021 16:30,2071,2032,2230,4766,4782,4716,2695,2750,2486
21/6/2021 17:00,2043,2005,2106,4885,4915,4830,2842,2910,2724
21/6/2021 17:30,2023,2018,2020,4912,4942,4883,2889,2924,2863
21/6/2021 18:00,1985,1963,1965,4839,4853,4826,2854,2890,2861
21/6/2021 18:30,1930,1881,1803,4730,4738,4672,2800,2857,2869
21/6/2021 19:00,1862,1797,1681,4611,4626,4536,2749,2829,2855
21/6/2021 19:30,1782,1727,1594,4510,4524,4460,2728,2797,2866
21/6/2021 20:00,1693,1621,1462,4427,4433,4387,2734,2812,2925
21/6/2021 20:30,1597,1480,1320,4343,4331,4324,2746,2851,3004
21/6/2021 21:00,1525,1406,1162,4260,4221,4272,2735,2815,3110
21/6/2021 21:30,1478,1277,1023,4205,4157,4138,2727,2880,3115
21/6/2021 22:00,1422,1242,1016,4159,4123,4079,2737,2881,3063
21/6/2021 22:30,1358,1175,1001,4023,4001,4045,2665,2826,3044
21/6/2021 23:00,1170,1120,949,3792,3787,3854,2622,2667,2905
21/6/2021 23:30,1087,1056,955,3581,3568,3637,2494,2512,2682
22/6/2021 0:00,1003,994,965,3404,3393,3477,2401,2399,2512
22/6/2021 0:30,918,914,894,3276,3265,3377,2358,2351,2483
22/6/2021 1:00,839,860,755,3195,3184,3297,2356,2324,2542
22/6/2021 1:30,767,738,698,3133,3122,3207,2366,2384,2509
22/6/2021 2:00,695,675,636,3084,3073,3155,2389,2398,2519
22/6/2021 2:30,623,564,587,3049,3037,3134,2426,2473,2547
22/6/2021 3:00,560,517,522,3027,3015,3097,2467,2498,2575
22/6/2021 3:30,506,549,430,3023,3009,3066,2517,2460,2636
22/6/2021 4:00,459,505,379,3034,3018,3081,2575,2513,2702
22/6/2021 4:30,420,464,319,3038,3021,3062,2618,2557,2743
22/6/2021 5:00,380,422,273,3049,3033,3066,2669,2611,2793
22/6/2021 5:30,341,331,239,3146,3133,3129,2805,2802,2890
22/6/2021 6:00,292,283,214,3347,3338,3337,3055,3055,3123
22/6/2021 6:30,232,228,187,3650,3640,3564,3418,3412,3377
22/6/2021 7:00,182,177,153,4026,4011,3927,3844,3834,3774
22/6/2021 7:30,144,103,107,4364,4347,4292,4220,4244,4185
22/6/2021 8:00,124,90,82,4627,4610,4598,4503,4520,4516
22/6/2021 8:30,123,82,75,4778,4758,4757,4655,4676,4682
22/6/2021 9:00,124,89,85,4822,4796,4804,4698,4707,4719
22/6/2021 9:30,128,118,115,4821,4795,4813,4693,4677,4698
22/6/2021 10:00,131,119,170,4795,4775,4782,4664,4656,4612
22/6/2021 10:30,132,100,214,4777,4757,4785,4645,4657,4571
22/6/2021 11:00,131,100,252,4775,4746,4790,4644,4646,4538
22/6/2021 11:30,128,88,243,4795,4762,4780,4667,4674,4537
22/6/2021 12:00,134,100,242,4826,4790,4803,4692,4690,4561
22/6/2021 12:30,148,110,243,4823,4782,4838,4675,4672,4595
22/6/2021 13:00,167,135,269,4781,4734,4802,4614,4599,4533
22/6/2021 13:30,192,185,278,4730,4673,4721,4538,4488,4443
22/6/2021 14:00,225,220,325,4680,4630,4713,4455,4410,4388
22/6/2021 14:30,268,336,377,4655,4614,4712,4387,4278,4335
22/6/2021 15:00,314,368,447,4657,4628,4737,4343,4260,4290
22/6/2021 15:30,364,405,511,4681,4666,4753,4317,4261,4242
22/6/2021 16:00,408,431,566,4732,4728,4814,4324,4297,4248
22/6/2021 16:30,446,438,590,4835,4834,4945,4389,4396,4355
22/6/2021 17:00,479,443,581,4966,4961,5081,4487,4518,4500
22/6/2021 17:30,507,441,616,5002,4999,5167,4495,4558,4551
22/6/2021 18:00,528,432,603,4932,4937,5087,4404,4505,4484
22/6/2021 18:30,542,450,552,4837,4837,4972,4295,4387,4420
22/6/2021 19:00,554,445,538,4738,4727,4844,4184,4282,4306
22/6/2021 19:30,564,477,534,4647,4643,4753,4083,4166,4219
22/6/2021 20:00,567,484,552,4564,4588,4646,3997,4104,4094
22/6/2021 20:30,563,500,535,4484,4537,4526,3921,4037,3991
22/6/2021 21:00,557,504,531,4406,4474,4464,3849,3970,3933
22/6/2021 21:30,550,548,527,4333,4387,4335,3783,3839,3808
22/6/2021 22:00,549,556,547,4253,4265,4271,3704,3709,3724
22/6/2021 22:30,554,547,575,4109,4106,4139,3555,3559,3564
22/6/2021 23:00,531,557,616,3916,3916,3922,3385,3359,3306
22/6/2021 23:30,538,570,606,3720,3729,3707,3182,3159,3101
23/6/2021 0:00,540,569,641,3539,3553,3540,2999,2984,2899
23/6/2021 0:30,539,557,683,3405,3424,3418,2866,2867,2735
23/6/2021 1:00,538,557,702,3321,3339,3319,2783,2782,2617
23/6/2021 1:30,536,553,701,3256,3273,3258,2720,2720,2557
23/6/2021 2:00,526,540,659,3200,3219,3217,2674,2679,2558
23/6/2021 2:30,506,524,622,3155,3174,3178,2649,2650,2556
23/6/2021 3:00,486,493,606,3120,3142,3140,2634,2649,2534
23/6/2021 3:30,464,474,598,3104,3124,3126,2640,2650,2528
23/6/2021 4:00,443,450,604,3106,3122,3129,2663,2672,2525
23/6/2021 4:30,423,431,585,3105,3125,3132,2682,2694,2547
23/6/2021 5:00,405,412,614,3115,3146,3150,2710,2734,2536
23/6/2021 5:30,390,434,633,3202,3214,3198,2812,2780,2565
23/6/2021 6:00,377,410,581,3382,3398,3381,3005,2988,2800
23/6/2021 6:30,366,395,543,3657,3666,3618,3291,3271,3075
23/6/2021 7:00,362,371,519,4004,3998,3997,3642,3627,3478
23/6/2021 7:30,363,411,497,4334,4321,4353,3971,3910,3856
23/6/2021 8:00,357,382,472,4614,4603,4671,4257,4221,4199
23/6/2021 8:30,344,375,431,4802,4787,4840,4458,4412,4409
23/6/2021 9:00,326,345,408,4899,4874,4908,4573,4529,4500
23/6/2021 9:30,303,316,382,4942,4920,4958,4639,4604,4576
23/6/2021 10:00,285,302,357,4950,4943,4943,4665,4641,4586
23/6/2021 10:30,272,289,366,4950,4968,4965,4678,4679,4599
23/6/2021 11:00,264,282,381,4952,5001,4984,4688,4719,4603
23/6/2021 11:30,262,288,387,4976,5054,4987,4714,4766,4600
23/6/2021 12:00,259,279,407,5014,5090,5020,4755,4811,4613
23/6/2021 12:30,257,284,432,5017,5095,5073,4760,4811,4641
23/6/2021 13:00,262,282,435,4980,5065,5071,4718,4783,4636
23/6/2021 13:30,276,290,437,4942,5031,4978,4666,4741,4541
23/6/2021 14:00,289,297,394,4915,4997,4966,4626,4700,4572
23/6/2021 14:30,300,323,380,4906,4981,4954,4606,4658,4574
23/6/2021 15:00,301,320,381,4919,4987,4972,4618,4667,4591
23/6/2021 15:30,290,356,375,4947,5021,4992,4657,4665,4617
23/6/2021 16:00,277,342,387,4996,5085,5037,4719,4743,4650
23/6/2021 16:30,261,338,385,5082,5182,5132,4821,4844,4747
23/6/2021 17:00,246,316,379,5184,5287,5247,4938,4971,4868
23/6/2021 17:30,230,302,354,5201,5297,5281,4971,4995,4927
23/6/2021 18:00,217,294,345,5120,5206,5183,4903,4912,4838
23/6/2021 18:30,205,285,348,4999,5083,5037,4794,4798,4689
23/6/2021 19:00,197,277,339,4863,4953,4909,4666,4676,4570
23/6/2021 19:30,191,276,326,4755,4825,4816,4564,4549,4490
23/6/2021 20:00,189,275,309,4678,4704,4681,4489,4429,4372
23/6/2021 20:30,191,304,305,4599,4590,4563,4408,4286,4258
23/6/2021 21:00,200,316,324,4513,4487,4503,4313,4171,4179
23/6/2021 21:30,216,336,328,4432,4412,4360,4216,4076,4032
23/6/2021 22:00,231,338,339,4349,4348,4312,4118,4010,3973
23/6/2021 22:30,245,348,343,4210,4209,4240,3965,3861,3897
23/6/2021 23:00,315,345,341,3995,3994,4028,3680,3649,3687
23/6/2021 23:30,313,328,366,3790,3786,3819,3477,3458,3453
24/6/2021 0:00,312,325,367,3618,3615,3636,3306,3290,3269
24/6/2021 0:30,312,320,389,3482,3480,3511,3170,3160,3122
24/6/2021 1:00,310,313,402,3381,3378,3404,3071,3065,3002
24/6/2021 1:30,308,304,405,3309,3305,3303,3001,3001,2898
24/6/2021 2:00,298,291,422,3260,3255,3255,2962,2964,2833
24/6/2021 2:30,282,292,436,3217,3213,3209,2935,2921,2773
24/6/2021 3:00,280,286,472,3179,3178,3166,2899,2892,2694
24/6/2021 3:30,295,310,517,3159,3157,3148,2864,2847,2631
24/6/2021 4:00,307,313,557,3155,3152,3133,2848,2839,2576
24/6/2021 4:30,317,333,600,3149,3145,3126,2832,2812,2526
24/6/2021 5:00,329,360,555,3152,3151,3118,2823,2791,2563
24/6/2021 5:30,341,414,587,3224,3220,3169,2883,2806,2582
24/6/2021 6:00,339,431,589,3386,3375,3362,3047,2944,2773
24/6/2021 6:30,322,455,554,3672,3657,3602,3350,3202,3048
24/6/2021 7:00,316,455,530,4054,4041,3953,3738,3586,3423
24/6/2021 7:30,323,502,502,4394,4385,4307,4071,3883,3805
24/6/2021 8:00,352,510,498,4654,4649,4625,4302,4139,4127
24/6/2021 8:30,401,544,519,4826,4811,4771,4425,4267,4252
24/6/2021 9:00,455,580,561,4914,4879,4840,4459,4299,4279
24/6/2021 9:30,512,665,613,4942,4897,4890,4430,4232,4277
24/6/2021 10:00,589,744,710,4925,4883,4872,4336,4139,4162
24/6/2021 10:30,687,853,783,4901,4863,4880,4214,4010,4097
24/6/2021 11:00,791,947,856,4885,4850,4915,4094,3903,4059
24/6/2021 11:30,903,1030,1011,4899,4880,4917,3996,3850,3906
24/6/2021 12:00,1012,1149,1172,4936,4928,4965,3924,3779,3793
24/6/2021 12:30,1120,1290,1280,4944,4943,5039,3824,3653,3759
24/6/2021 13:00,1201,1401,1428,4916,4920,5017,3715,3519,3589
24/6/2021 13:30,1255,1492,1614,4883,4900,4964,3628,3408,3350
24/6/2021 14:00,1298,1554,1709,4855,4890,4922,3557,3336,3213
24/6/2021 14:30,1328,1559,1827,4848,4893,4891,3520,3334,3064
24/6/2021 15:00,1349,1584,1914,4863,4908,4911,3514,3324,2997
24/6/2021 15:30,1358,1682,1888,4901,4943,4943,3543,3261,3055
24/6/2021 16:00,1358,1667,1808,4964,5000,5004,3606,3333,3196
24/6/2021 16:30,1347,1681,1811,5059,5088,5128,3712,3407,3317
24/6/2021 17:00,1332,1665,1968,5166,5183,5220,3834,3518,3252
24/6/2021 17:30,1314,1676,1957,5186,5189,5279,3872,3513,3322
24/6/2021 18:00,1303,1693,1998,5111,5100,5186,3808,3407,3188
24/6/2021 18:30,1297,1760,2042,5002,4982,5077,3705,3222,3035
24/6/2021 19:00,1308,1790,2044,4879,4856,4933,3571,3066,2889
24/6/2021 19:30,1335,1824,2090,4759,4742,4813,3424,2918,2723
24/6/2021 20:00,1376,1889,2053,4647,4641,4691,3271,2752,2638
24/6/2021 20:30,1430,2081,2061,4543,4542,4595,3113,2461,2534
24/6/2021 21:00,1476,2109,2023,4448,4441,4472,2972,2332,2449
24/6/2021 21:30,1515,2081,2067,4370,4351,4338,2855,2270,2271
24/6/2021 22:00,1522,2061,2045,4291,4257,4224,2769,2196,2179
24/6/2021 22:30,1498,2050,1965,4143,4101,4113,2645,2051,2148
24/6/2021 23:00,1859,2035,1937,3883,3884,3885,2024,1849,1948
24/6/2021 23:30,1855,2040,2110,3686,3678,3695,1831,1638,1585
25/6/2021 0:00,1816,1994,2175,3526,3517,3526,1710,1523,1351
25/6/2021 0:30,1742,1839,2093,3389,3380,3393,1647,1541,1300
25/6/2021 1:00,1691,1789,2146,3275,3263,3289,1584,1474,1143
25/6/2021 1:30,1661,1805,2159,3186,3174,3213,1525,1369,1054
25/6/2021 2:00,1646,1799,2079,3122,3111,3142,1476,1312,1063
25/6/2021 2:30,1645,1798,2070,3074,3062,3084,1429,1264,1014
25/6/2021 3:00,1654,1815,2067,3039,3028,3080,1385,1213,1013
25/6/2021 3:30,1674,1957,2153,3020,3009,3064,1346,1052,911
25/6/2021 4:00,1698,1993,2232,3013,3004,3088,1315,1011,856
25/6/2021 4:30,1727,2044,2347,3006,2997,3087,1279,953,740
25/6/2021 5:00,1748,2085,2420,3011,3005,3086,1263,920,666
25/6/2021 5:30,1760,2154,2428,3098,3097,3123,1338,943,695
25/6/2021 6:00,1765,2156,2330,3282,3290,3305,1517,1134,975
25/6/2021 6:30,1762,2157,2276,3561,3569,3528,1799,1412,1252
25/6/2021 7:00,1856,2206,2288,3910,3910,3916,2054,1704,1628
25/6/2021 7:30,2044,2367,2238,4232,4226,4254,2188,1859,2016
25/6/2021 8:00,2167,2430,2190,4495,4485,4557,2328,2055,2367
25/6/2021 8:30,2225,2533,2139,4677,4655,4718,2452,2122,2579
25/6/2021 9:00,2254,2512,2121,4775,4740,4780,2521,2228,2659
25/6/2021 9:30,2254,2450,2289,4814,4787,4844,2560,2337,2555
25/6/2021 10:00,2250,2384,2411,4808,4806,4814,2558,2422,2403
25/6/2021 10:30,2243,2293,2396,4792,4810,4799,2549,2517,2403
25/6/2021 11:00,2225,2230,2379,4781,4805,4836,2556,2575,2457
25/6/2021 11:30,2197,2073,2355,4798,4814,4811,2601,2741,2456
25/6/2021 12:00,2168,2016,2310,4835,4843,4818,2667,2827,2508
25/6/2021 12:30,2138,2007,2293,4835,4844,4843,2697,2837,2550
25/6/2021 13:00,2114,1953,2218,4791,4804,4830,2677,2851,2612
25/6/2021 13:30,2096,1946,2138,4737,4737,4728,2641,2791,2590
25/6/2021 14:00,2075,1942,2094,4686,4653,4676,2611,2711,2582
25/6/2021 14:30,2050,2011,2028,4656,4605,4644,2606,2594,2616
25/6/2021 15:00,2040,2031,1971,4650,4601,4634,2610,2570,2663
25/6/2021 15:30,2044,2017,1854,4660,4619,4614,2616,2602,2760
25/6/2021 16:00,2030,2025,1800,4689,4658,4640,2659,2633,2840
25/6/2021 16:30,1999,2049,1777,4756,4729,4725,2757,2680,2948
25/6/2021 17:00,1953,2039,1747,4842,4815,4818,2889,2776,3071
25/6/2021 17:30,1892,2009,1739,4858,4832,4874,2966,2823,3135
25/6/2021 18:00,1828,1969,1802,4794,4773,4844,2966,2804,3042
25/6/2021 18:30,1763,1911,1808,4704,4682,4725,2941,2771,2917
25/6/2021 19:00,1665,1865,1738,4604,4580,4637,2939,2715,2899
25/6/2021 19:30,1536,1737,1601,4506,4490,4537,2970,2753,2936
25/6/2021 20:00,1429,1678,1495,4412,4410,4433,2983,2732,2938
25/6/2021 20:30,1344,1549,1356,4319,4305,4340,2975,2756,2984
25/6/2021 21:00,1282,1480,1199,4231,4180,4258,2949,2700,3059
25/6/2021 21:30,1243,1361,1150,4169,4108,4171,2926,2747,3021
25/6/2021 22:00,1215,1295,1115,4121,4080,4090,2906,2785,2975
25/6/2021 22:30,1198,1204,1081,4019,3993,4028,2821,2789,2947
25/6/2021 23:00,1281,1164,1094,3834,3834,3883,2553,2670,2789
25/6/2021 23:30,1252,1112,1024,3658,3668,3698,2406,2556,2674
26/6/2021 0:00,1217,1105,1011,3489,3499,3534,2272,2394,2523
26/6/2021 0:30,1177,1036,1054,3360,3372,3400,2183,2336,2346
26/6/2021 1:00,1144,1018,999,3273,3285,3289,2129,2267,2290
26/6/2021 1:30,1119,979,999,3195,3208,3204,2076,2229,2205
26/6/2021 2:00,1095,945,957,3122,3137,3156,2027,2192,2199
26/6/2021 2:30,1071,973,962,3070,3086,3104,1999,2113,2142
26/6/2021 3:00,1051,974,913,3040,3057,3062,1989,2083,2149
26/6/2021 3:30,1037,934,922,3021,3037,3019,1984,2103,2097
26/6/2021 4:00,1016,954,971,3006,3022,3017,1990,2068,2046
26/6/2021 4:30,990,947,977,2980,2993,2997,1990,2046,2020
26/6/2021 5:00,970,962,920,2954,2967,2960,1984,2005,2040
26/6/2021 5:30,956,1015,864,2979,2984,2969,2023,1969,2105
26/6/2021 6:00,922,996,847,3068,3063,3085,2146,2067,2238
26/6/2021 6:30,868,957,834,3210,3213,3210,2342,2256,2376
26/6/2021 7:00,825,915,769,3399,3428,3402,2574,2513,2633
26/6/2021 7:30,794,883,740,3624,3662,3600,2830,2779,2860
26/6/2021 8:00,801,894,735,3869,3897,3843,3068,3003,3108
26/6/2021 8:30,846,893,845,4087,4099,4069,3241,3206,3224
26/6/2021 9:00,903,976,912,4260,4257,4229,3357,3281,3317
26/6/2021 9:30,973,1031,958,4357,4348,4315,3384,3317,3357
26/6/2021 10:00,1052,1158,1108,4387,4378,4373,3335,3220,3265
26/6/2021 10:30,1140,1287,1280,4401,4396,4419,3261,3109,3139
26/6/2021 11:00,1202,1354,1332,4415,4411,4409,3213,3057,3077
26/6/2021 11:30,1240,1365,1326,4428,4429,4397,3188,3064,3071
26/6/2021 12:00,1253,1373,1401,4437,4418,4404,3184,3045,3003
26/6/2021 12:30,1241,1398,1442,4423,4393,4417,3182,2995,2975
26/6/2021 13:00,1227,1397,1436,4382,4345,4353,3155,2948,2917
26/6/2021 13:30,1211,1359,1401,4306,4267,4283,3095,2908,2882
26/6/2021 14:00,1198,1367,1360,4205,4164,4216,3007,2797,2856
26/6/2021 14:30,1187,1397,1338,4133,4088,4142,2946,2691,2804
26/6/2021 15:00,1192,1402,1323,4100,4051,4105,2908,2649,2782
26/6/2021 15:30,1211,1412,1305,4099,4046,4101,2888,2634,2796
26/6/2021 16:00,1211,1420,1361,4132,4077,4146,2921,2657,2785
26/6/2021 16:30,1192,1426,1327,4216,4166,4215,3024,2740,2888
26/6/2021 17:00,1178,1427,1295,4333,4296,4326,3155,2869,3031
26/6/2021 17:30,1169,1424,1353,4398,4375,4433,3229,2951,3080
26/6/2021 18:00,1158,1421,1236,4397,4386,4433,3239,2965,3197
26/6/2021 18:30,1145,1420,1159,4354,4355,4358,3209,2935,3199
26/6/2021 19:00,1127,1381,1174,4282,4290,4293,3155,2909,3119
26/6/2021 19:30,1106,1305,1139,4204,4203,4174,3098,2898,3035
26/6/2021 20:00,1097,1262,1117,4120,4102,4073,3023,2840,2956
26/6/2021 20:30,1099,1253,1088,4012,3997,3996,2913,2744,2908
26/6/2021 21:00,1118,1255,1113,3895,3903,3924,2777,2648,2811
26/6/2021 21:30,1153,1268,1095,3844,3872,3850,2691,2604,2755
26/6/2021 22:00,1189,1272,1096,3848,3889,3792,2659,2617,2696
26/6/2021 22:30,1227,1267,1133,3795,3836,3801,2568,2569,2668
26/6/2021 23:00,1294,1274,1131,3700,3700,3693,2406,2426,2562
26/6/2021 23:30,1313,1294,1138,3550,3549,3537,2237,2255,2399
27/6/2021 0:00,1317,1299,1091,3405,3404,3421,2088,2105,2330
27/6/2021 0:30,1307,1289,1065,3278,3278,3305,1971,1989,2240
27/6/2021 1:00,1283,1256,1106,3173,3173,3191,1890,1917,2085
27/6/2021 1:30,1245,1199,1112,3092,3092,3103,1847,1893,1991
27/6/2021 2:00,1210,1160,1054,3033,3033,3045,1823,1873,1991
27/6/2021 2:30,1180,962,1032,2983,2984,3005,1803,2022,1973
27/6/2021 3:00,1162,957,1033,2942,2942,2973,1780,1985,1940
27/6/2021 3:30,1157,952,1020,2914,2913,2950,1757,1961,1930
27/6/2021 4:00,1143,954,974,2896,2896,2943,1753,1942,1969
27/6/2021 4:30,1119,941,917,2873,2877,2900,1754,1936,1983
27/6/2021 5:00,1097,933,950,2847,2850,2867,1750,1917,1917
27/6/2021 5:30,1077,954,931,2852,2853,2871,1775,1899,1940
27/6/2021 6:00,1035,920,887,2895,2894,2932,1860,1974,2045
27/6/2021 6:30,971,891,849,2983,2978,3000,2012,2087,2151
27/6/2021 7:00,886,808,822,3114,3107,3106,2228,2299,2284
27/6/2021 7:30,779,681,770,3286,3277,3262,2507,2596,2492
27/6/2021 8:00,719,631,696,3488,3478,3462,2769,2847,2766
27/6/2021 8:30,704,587,654,3695,3668,3663,2991,3081,3009
27/6/2021 9:00,706,617,679,3889,3837,3838,3183,3220,3159
27/6/2021 9:30,725,681,699,4031,3982,3966,3306,3301,3267
27/6/2021 10:00,756,730,719,4119,4102,4083,3363,3372,3364
27/6/2021 10:30,802,781,770,4180,4178,4164,3378,3397,3394
27/6/2021 11:00,831,832,782,4224,4214,4187,3393,3382,3405
27/6/2021 11:30,844,927,812,4259,4241,4219,3415,3314,3407
27/6/2021 12:00,845,942,836,4286,4281,4260,3441,3339,3424
27/6/2021 12:30,833,909,867,4289,4286,4285,3456,3377,3418
27/6/2021 13:00,817,899,920,4262,4247,4241,3445,3348,3321
27/6/2021 13:30,798,868,922,4187,4173,4162,3389,3305,3240
27/6/2021 14:00,785,874,893,4074,4071,4066,3289,3197,3173
27/6/2021 14:30,780,790,925,3988,3992,4000,3208,3202,3075
27/6/2021 15:00,782,794,931,3942,3950,3959,3160,3156,3028
27/6/2021 15:30,793,825,918,3940,3949,3945,3147,3124,3027
27/6/2021 16:00,809,830,943,3982,3990,3966,3173,3160,3023
27/6/2021 16:30,830,832,961,4066,4071,4033,3236,3239,3072
27/6/2021 17:00,853,843,983,4176,4173,4143,3323,3330,3160
27/6/2021 17:30,879,854,1023,4239,4225,4211,3360,3371,3188
27/6/2021 18:00,894,869,1051,4243,4218,4249,3349,3349,3198
27/6/2021 18:30,899,935,1038,4216,4177,4196,3317,3242,3158
27/6/2021 19:00,889,926,1001,4167,4118,4154,3278,3192,3153
27/6/2021 19:30,864,906,923,4106,4057,4134,3242,3151,3211
27/6/2021 20:00,853,883,846,4034,3997,4082,3181,3114,3236
27/6/2021 20:30,858,895,808,3948,3928,4014,3090,3033,3206
27/6/2021 21:00,882,877,757,3860,3853,3983,2978,2976,3226
27/6/2021 21:30,926,852,788,3829,3817,3873,2903,2965,3085
27/6/2021 22:00,951,847,782,3838,3803,3839,2887,2956,3057
27/6/2021 22:30,956,832,805,3758,3716,3809,2802,2884,3004
27/6/2021 23:00,837,824,812,3557,3557,3666,2720,2733,2854
27/6/2021 23:30,830,769,790,3431,3429,3489,2601,2660,2699
28/6/2021 0:00,813,751,783,3348,3348,3354,2535,2597,2571
28/6/2021 0:30,788,720,767,3246,3248,3231,2458,2528,2464
28/6/2021 1:00,761,696,701,3125,3126,3121,2364,2430,2420
28/6/2021 1:30,734,671,686,3037,3040,3030,2303,2369,2344
28/6/2021 2:00,707,642,647,2992,2994,2997,2285,2352,2350
28/6/2021 2:30,679,615,641,2959,2962,2975,2280,2347,2334
28/6/2021 3:00,667,576,639,2935,2938,2935,2268,2362,2296
28/6/2021 3:30,670,534,638,2924,2927,2922,2254,2393,2284
28/6/2021 4:00,667,515,627,2924,2927,2922,2257,2412,2295
28/6/2021 4:30,659,495,645,2923,2926,2920,2264,2431,2275
28/6/2021 5:00,646,490,620,2935,2937,2927,2289,2447,2307
28/6/2021 5:30,628,464,606,3026,3021,2974,2398,2557,2368
28/6/2021 6:00,604,463,567,3215,3200,3166,2611,2737,2599
28/6/2021 6:30,577,494,587,3507,3488,3423,2930,2994,2836
28/6/2021 7:00,540,470,555,3876,3863,3773,3336,3393,3218
28/6/2021 7:30,496,456,498,4216,4206,4101,3720,3750,3603
28/6/2021 8:00,464,418,457,4492,4484,4408,4028,4066,3951
28/6/2021 8:30,445,406,420,4679,4659,4613,4234,4253,4193
28/6/2021 9:00,436,378,412,4776,4736,4739,4340,4358,4327
28/6/2021 9:30,438,383,384,4817,4765,4780,4379,4382,4396
28/6/2021 10:00,448,370,409,4818,4766,4796,4370,4396,4387
28/6/2021 10:30,466,360,393,4814,4774,4795,4348,4414,4402
28/6/2021 11:00,479,373,438,4817,4797,4815,4338,4424,4377
28/6/2021 11:30,486,398,494,4838,4828,4789,4352,4430,4295
28/6/2021 12:00,482,425,540,4870,4854,4781,4388,4429,4241
28/6/2021 12:30,469,444,539,4867,4844,4811,4398,4400,4272
28/6/2021 13:00,454,456,611,4827,4796,4781,4373,4340,4170
28/6/2021 13:30,439,481,618,4776,4746,4686,4337,4265,4068
28/6/2021 14:00,434,486,618,4727,4704,4650,4293,4218,4032
28/6/2021 14:30,441,490,573,4705,4693,4654,4264,4203,4081
28/6/2021 15:00,444,481,552,4713,4712,4663,4269,4231,4111
28/6/2021 15:30,443,461,563,4744,4744,4669,4301,4283,4106
28/6/2021 16:00,462,463,551,4799,4792,4716,4337,4329,4165
28/6/2021 16:30,501,490,505,4897,4883,4835,4396,4393,4330
28/6/2021 17:00,540,510,495,5012,4996,4961,4472,4486,4466
28/6/2021 17:30,580,561,502,5029,5018,5024,4449,4457,4522
28/6/2021 18:00,604,606,568,4940,4941,4959,4336,4335,4391
28/6/2021 18:30,613,654,606,4820,4832,4805,4207,4178,4199
28/6/2021 19:00,625,700,660,4694,4717,4668,4069,4017,4008
28/6/2021 19:30,639,752,700,4583,4617,4561,3944,3865,3861
28/6/2021 20:00,669,784,746,4487,4533,4473,3818,3749,3727
28/6/2021 20:30,714,782,724,4389,4439,4387,3675,3657,3663
28/6/2021 21:00,763,824,754,4293,4338,4322,3530,3514,3568
28/6/2021 21:30,815,862,902,4232,4273,4185,3417,3411,3283
28/6/2021 22:00,849,898,971,4189,4230,4118,3340,3332,3147
28/6/2021 22:30,867,882,924,4061,4100,4050,3194,3218,3126
28/6/2021 23:00,957,876,944,3886,3883,3947,2929,3007,3003
28/6/2021 23:30,945,821,908,3687,3684,3713,2742,2863,2805
29/6/2021 0:00,934,812,895,3526,3525,3530,2592,2713,2635
29/6/2021 0:30,922,820,891,3387,3387,3401,2465,2567,2510
29/6/2021 1:00,907,822,888,3270,3270,3292,2363,2448,2404
29/6/2021 1:30,889,885,948,3182,3180,3216,2293,2295,2268
29/6/2021 2:00,859,844,934,3121,3121,3177,2262,2277,2243
29/6/2021 2:30,817,819,924,3077,3077,3149,2260,2258,2225
29/6/2021 3:00,792,779,832,3047,3048,3119,2255,2269,2287
29/6/2021 3:30,782,771,763,3036,3036,3091,2254,2265,2328
29/6/2021 4:00,782,755,782,3040,3039,3108,2258,2284,2326
29/6/2021 4:30,789,756,797,3038,3034,3093,2249,2278,2296
29/6/2021 5:00,794,760,789,3043,3041,3104,2249,2281,2315
29/6/2021 5:30,798,767,848,3139,3137,3135,2341,2370,2287
29/6/2021 6:00,777,740,846,3338,3337,3316,2561,2597,2470
29/6/2021 6:30,734,711,816,3612,3612,3536,2878,2901,2720
29/6/2021 7:00,698,654,791,3938,3939,3883,3240,3285,3092
29/6/2021 7:30,670,608,754,4258,4254,4210,3588,3646,3456
29/6/2021 8:00,643,562,727,4542,4531,4511,3899,3969,3784
29/6/2021 8:30,618,512,705,4737,4721,4697,4119,4209,3992
29/6/2021 9:00,589,474,670,4836,4821,4802,4247,4347,4132
29/6/2021 9:30,557,450,621,4874,4853,4842,4317,4403,4221
29/6/2021 10:00,520,418,576,4867,4853,4816,4347,4435,4240
29/6/2021 10:30,476,428,521,4850,4841,4826,4374,4413,4305
29/6/2021 11:00,445,391,472,4837,4828,4858,4392,4437,4386
29/6/2021 11:30,425,390,414,4851,4841,4864,4426,4451,4450
29/6/2021 12:00,409,355,347,4885,4857,4879,4476,4502,4532
29/6/2021 12:30,397,352,304,4881,4848,4922,4484,4496,4618
29/6/2021 13:00,391,343,316,4833,4804,4888,4442,4461,4572
29/6/2021 13:30,392,356,349,4783,4757,4785,4391,4401,4436
29/6/2021 14:00,398,383,384,4743,4714,4763,4345,4331,4379
29/6/2021 14:30,407,417,430,4731,4695,4749,4324,4278,4319
29/6/2021 15:00,416,440,450,4745,4702,4734,4329,4262,4284
29/6/2021 15:30,424,387,520,4773,4730,4752,4349,4343,4232
29/6/2021 16:00,438,403,566,4817,4780,4791,4379,4377,4225
29/6/2021 16:30,457,396,546,4907,4874,4897,4450,4478,4351
29/6/2021 17:00,474,405,531,5023,4988,5006,4549,4583,4475
29/6/2021 17:30,486,442,525,5051,5017,5053,4565,4575,4528
29/6/2021 18:00,500,441,491,4980,4949,5003,4480,4508,4512
29/6/2021 18:30,514,459,462,4880,4842,4834,4366,4383,4372
29/6/2021 19:00,525,457,486,4771,4720,4762,4246,4263,4276
29/6/2021 19:30,532,455,509,4676,4620,4670,4144,4165,4161
29/6/2021 20:00,544,466,533,4594,4543,4576,4050,4077,4043
29/6/2021 20:30,559,498,561,4501,4453,4499,3942,3955,3938
29/6/2021 21:00,582,524,569,4404,4350,4419,3822,3826,3850
29/6/2021 21:30,612,569,548,4347,4283,4298,3735,3714,3750
29/6/2021 22:00,619,582,532,4314,4241,4236,3695,3659,3704
29/6/2021 22:30,602,576,507,4194,4139,4169,3592,3563,3662
29/6/2021 23:00,545,553,487,3965,3966,3986,3420,3413,3499
29/6/2021 23:30,496,521,455,3770,3770,3769,3274,3249,3314
30/6/2021 0:00,453,475,413,3575,3578,3605,3122,3103,3192
30/6/2021 0:30,415,431,382,3424,3429,3481,3009,2998,3099
30/6/2021 1:00,372,378,354,3324,3329,3369,2952,2951,3015
30/6/2021 1:30,324,289,327,3257,3262,3290,2933,2973,2963
30/6/2021 2:00,278,243,322,3213,3219,3243,2935,2976,2921
30/6/2021 2:30,233,193,299,3174,3180,3210,2941,2987,2911
30/6/2021 3:00,203,163,274,3139,3143,3180,2936,2980,2906
30/6/2021 3:30,188,140,236,3124,3126,3167,2936,2986,2931
30/6/2021 4:00,173,125,198,3128,3129,3175,2955,3004,2977
30/6/2021 4:30,161,113,174,3125,3123,3170,2964,3010,2996
30/6/2021 5:00,150,104,146,3128,3127,3163,2978,3023,3017
30/6/2021 5:30,141,116,135,3207,3210,3202,3066,3094,3067
30/6/2021 6:00,127,106,110,3381,3390,3392,3254,3284,3282
30/6/2021 6:30,106,109,100,3660,3667,3621,3554,3558,3521
30/6/2021 7:00,91,99,91,4019,4017,3950,3928,3918,3859
30/6/2021 7:30,82,84,96,4345,4341,4278,4263,4257,4182
30/6/2021 8:00,73,78,81,4607,4608,4582,4534,4530,4501
30/6/2021 8:30,66,62,84,4788,4785,4778,4722,4723,4694
30/6/2021 9:00,59,57,79,4890,4875,4898,4831,4818,4819
30/6/2021 9:30,52,40,59,4930,4911,4957,4878,4871,4898
30/6/2021 10:00,48,38,50,4921,4909,4936,4873,4871,4886
30/6/2021 10:30,48,34,47,4907,4902,4936,4859,4868,4889
30/6/2021 11:00,47,36,41,4899,4901,4954,4852,4865,4913
30/6/2021 11:30,47,37,36,4907,4913,4940,4860,4876,4904
30/6/2021 12:00,48,38,33,4924,4947,4934,4876,4909,4901
30/6/2021 12:30,50,48,33,4911,4947,4981,4861,4899,4948
30/6/2021 13:00,52,50,41,4865,4905,4969,4813,4855,4928
30/6/2021 13:30,53,45,49,4815,4856,4876,4762,4811,4827
30/6/2021 14:00,54,48,53,4771,4809,4826,4717,4761,4773
30/6/2021 14:30,55,48,60,4752,4782,4801,4697,4734,4741
30/6/2021 15:00,58,51,77,4762,4780,4774,4704,4729,4697
30/6/2021 15:30,63,54,99,4792,4803,4771,4729,4749,4672
30/6/2021 16:00,66,59,116,4845,4856,4793,4779,4797,4677
30/6/2021 16:30,69,64,127,4936,4948,4884,4867,4884,4757
30/6/2021 17:00,70,71,96,5046,5055,4935,4976,4984,4839
30/6/2021 17:30,70,79,140,5069,5071,5022,4999,4992,4882
30/6/2021 18:00,72,86,136,4994,4988,4985,4922,4902,4849
30/6/2021 18:30,77,97,126,4880,4883,4881,4803,4786,4755
30/6/2021 19:00,84,101,121,4749,4776,4755,4665,4675,4634
30/6/2021 19:30,93,103,115,4643,4677,4661,4550,4574,4546
30/6/2021 20:00,103,108,117,4562,4586,4586,4459,4478,4469
30/6/2021 20:30,114,113,115,4468,4487,4535,4354,4374,4420
30/6/2021 21:00,125,120,93,4366,4387,4468,4241,4267,4375
30/6/2021 21:30,136,129,76,4302,4325,4379,4166,4196,4303
30/6/2021 22:00,137,130,54,4268,4287,4304,4131,4157,4250
30/6/2021 22:30,129,107,46,4173,4176,4274,4044,4069,4228
30/6/2021 23:00,114,99,40,3986,3986,4081,3872,3887,4041
30/6/2021 23:30,104,90,34,3793,3789,3871,3689,3699,3837
